361.587234   2.215640
364.417716   2.418750
367.248254   2.570564
370.078848   1.927031
372.909498   1.714969
375.740205   1.724867
378.570968   1.900963
381.401787   1.610213
384.232662   1.400328
387.063594   1.562512
389.894582   1.714036
392.725626   1.513665
395.556726   1.531818
398.387882   1.921058
401.219095   2.277132
404.050364   2.316778
406.881689   2.266064
409.713071   2.312421
412.544509   2.395192
415.376003   2.409512
418.207553   2.350713
421.039159   2.366776
423.870822   2.329113
426.702541   2.279303
429.534316   2.061998
432.366147   2.178913
435.198035   2.390998
438.029979   2.409447
440.861979   2.505281
443.694035   2.640811
446.526148   2.647811
449.358317   2.812744
452.190542   2.828755
455.022823   2.807168
457.855161   2.843161
460.687555   2.865258
463.520005   2.891777
466.352511   2.837687
469.185073   2.829431
472.017692   2.856953
474.850367   2.905478
477.683099   2.943339
480.515886   2.994554
483.348730   2.967761
486.181630   2.740016
489.014586   2.852646
491.847598   2.920105
494.680667   2.992230
497.513792   2.995382
500.346973   2.920071
503.180210   2.903807
506.013504   2.986113
508.846854   3.004438
511.680260   3.028804
514.513722   2.964219
517.347241   2.800612
520.180816   2.924615
523.014447   3.045199
525.848134   3.065621
528.681878   3.089877
531.515678   3.188865
534.349534   3.186956
537.183446   3.226019
540.017414   3.165040
542.851439   3.185964
545.685520   3.247198
548.519657   3.250507
551.353851   3.281164
554.188101   3.298868
557.022407   3.272771
559.856769   3.221831
562.691187   3.273281
565.525662   3.265863
568.360193   3.239707
571.194780   3.211758
574.029423   3.249712
576.864123   3.223466
579.698879   3.226071
582.533691   3.294238
585.368559   3.253145
588.203484   3.070162
591.038465   2.980829
593.873502   2.996910
596.708595   2.935574
599.543745   2.866450
602.378951   2.807201
605.214213   2.816811
608.049531   2.772737
610.884905   2.655456
613.720336   2.596125
616.555823   2.561838
619.391367   2.632565
622.226966   2.624399
625.062622   2.548400
627.898334   2.497420
630.734102   2.471341
633.569926   2.495280
636.405807   2.520979
639.241744   2.523075
642.077737   2.484812
644.913786   2.468880
647.749892   2.357161
650.586054   2.335861
653.422272   2.343531
656.258546   2.138408
659.094877   2.222224
661.931264   2.267750
664.767707   2.248433
667.604206   2.229422
670.440762   2.205397
673.277374   2.183240
676.114042   2.160800
678.950766   2.141318
681.787546   2.122777
684.624383   2.042403
687.461276   1.700092
690.298225   1.720187
693.135231   1.775671
695.972293   1.788991
698.809411   1.753314
701.646585   1.653907
704.483815   1.625899
707.321102   1.580217
710.158445   1.514743
712.995844   1.424315
715.833299   1.235880
718.670811   0.937193
721.508379   0.920782
724.346003   0.837177
727.183683   0.774486
730.021420   0.712452
732.859213   0.711931
735.697062   0.697297
738.534967   0.673270
741.372929   0.671029
744.210947   0.676799
747.049021   0.673877
749.887151   0.662300
752.725338   0.651541
755.563580   0.651289
758.401879   0.532455
761.240235   0.248348
764.078646   0.295386
766.917114   0.479577
769.755638   0.590033
772.594218   0.599744
775.432854   0.613509
778.271547   0.609442
781.110296   0.613420
783.949101   0.610715
786.787962   0.599738
789.626880   0.588813
792.465854   0.592651
795.304884   0.592419
798.143970   0.595119
800.983113   0.584896
803.822312   0.590261
806.661567   0.603742
809.500878   0.580392
812.340246   0.536444
815.179670   0.452826
818.019150   0.425876
820.858686   0.467080
823.698279   0.421825
826.537927   0.430928
829.377632   0.383498
832.217393   0.367123
835.057211   0.366389
837.897085   0.368070
840.737015   0.367946
843.577001   0.362012
846.417043   0.361547
849.257142   0.345837
852.097297   0.330368
854.937508   0.312063
857.777775   0.328541
860.618099   0.322715
863.458479   0.321498
866.298915   0.292686
869.139407   0.299260
871.979956   0.294090
874.820561   0.287814
877.661222   0.284834
880.501939   0.275166
883.342713   0.266631
886.183543   0.260453
889.024429   0.256991
891.865371   0.243960
894.706369   0.207021
897.547424   0.175597
900.388535   0.160664
903.229703   0.185951
906.070926   0.179920
908.912206   0.150150
911.753542   0.154504
914.594934   0.146107
917.436382   0.146688
920.277887   0.155400
923.119448   0.152454
925.961065   0.137407
928.802738   0.113991
931.644468   0.080891
934.486254   0.058462
937.328096   0.058949
940.169994   0.075571
943.011949   0.066592
945.853960   0.060976
948.696027   0.071556
951.538150   0.067784
954.380330   0.070112
957.222566   0.077897
960.064858   0.078532
962.907206   0.084373
965.749611   0.084153
968.592071   0.099333
971.434588   0.100960
974.277161   0.094215
977.119791   0.094410
979.962477   0.095354
982.805219   0.101745
985.648017   0.105933
988.490871   0.106692
991.333782   0.102336
994.176749   0.102760
997.019772   0.107439
999.862851   0.102127
1002.705987   0.100596
1005.549179   0.097861
1008.392427   0.098744
1011.235731   0.097377
1014.079092   0.096757
1016.922509   0.095839
1019.765982   0.094645
1022.609511   0.094684
1025.453097   0.094687
1028.296739   0.093847
1031.140437   0.093295
1033.984191   0.091352
1036.828002   0.090332
1039.671868   0.089823
1042.515791   0.089366
1045.359770   0.088264
