3.615872339999999796e-01 1.266589283943176270e+00
3.644177160000000026e-01 1.517482995986938477e+00
3.672482539999999962e-01 1.581022620201110840e+00
3.700788480000000158e-01 1.536467909812927246e+00
3.729094980000000059e-01 1.456477046012878418e+00
3.757402049999999938e-01 1.514198660850524902e+00
3.785709680000000077e-01 1.656517386436462402e+00
3.814017869999999921e-01 1.427543997764587402e+00
3.842326620000000026e-01 1.320309877395629883e+00
3.870635940000000108e-01 1.405780076980590820e+00
3.898945819999999896e-01 1.626601219177246094e+00
3.927256259999999943e-01 1.408989429473876953e+00
3.955567260000000251e-01 1.437257647514343262e+00
3.983878829999999982e-01 1.832656264305114746e+00
4.012190950000000256e-01 2.258126497268676758e+00
4.040503639999999952e-01 2.239131212234497070e+00
4.068816900000000181e-01 2.205238580703735352e+00
4.097130709999999842e-01 2.272175550460815430e+00
4.125445090000000037e-01 2.342228651046752930e+00
4.153760029999999936e-01 2.349169015884399414e+00
4.182075530000000096e-01 2.305499553680419922e+00
4.210391589999999962e-01 2.319163322448730469e+00
4.238708219999999804e-01 2.272125959396362305e+00
4.267025409999999908e-01 2.231163978576660156e+00
4.295343160000000271e-01 2.025585651397705078e+00
4.323661469999999785e-01 2.140397787094116211e+00
4.351980349999999831e-01 2.335516929626464844e+00
4.380299790000000137e-01 2.358796119689941406e+00
4.408619790000000149e-01 2.453169107437133789e+00
4.436940349999999866e-01 2.593941926956176758e+00
4.465261480000000116e-01 2.600558757781982422e+00
4.493583170000000071e-01 2.752848863601684570e+00
4.521905419999999731e-01 2.781819343566894531e+00
4.550228230000000207e-01 2.737512826919555664e+00
4.578551610000000105e-01 2.806874513626098633e+00
4.606875550000000263e-01 2.837104082107543945e+00
4.635200050000000127e-01 2.846600294113159180e+00
4.663525110000000251e-01 2.780987024307250977e+00
4.691850739999999798e-01 2.788934946060180664e+00
4.720176919999999887e-01 2.817785739898681641e+00
4.748503669999999954e-01 2.871473550796508789e+00
4.776830989999999999e-01 2.894698381423950195e+00
4.805158860000000032e-01 2.955194473266601562e+00
4.833487300000000042e-01 2.937834501266479492e+00
4.861816299999999758e-01 2.712726116180419922e+00
4.890145859999999733e-01 2.820555686950683594e+00
4.918475979999999970e-01 2.897346973419189453e+00
4.946806670000000183e-01 2.957352399826049805e+00
4.975137920000000102e-01 2.969044446945190430e+00
5.003469729999999727e-01 2.886141538619995117e+00
5.031802100000000166e-01 2.872661352157592773e+00
5.060135040000000028e-01 2.948712587356567383e+00
5.088468539999999596e-01 2.979221105575561523e+00
5.116802599999999979e-01 3.009536981582641602e+00
5.145137220000000067e-01 2.936237812042236328e+00
5.173472409999999577e-01 2.777861833572387695e+00
5.201808159999999903e-01 2.903943777084350586e+00
5.230144469999999934e-01 3.030892133712768555e+00
5.258481339999999671e-01 3.025475740432739258e+00
5.286818779999999940e-01 3.073715925216674805e+00
5.315156779999999914e-01 3.176141738891601562e+00
5.343495339999999594e-01 3.164725542068481445e+00
5.371834460000000089e-01 3.212335824966430664e+00
5.400174150000000006e-01 3.147126913070678711e+00
5.428514389999999912e-01 3.160820245742797852e+00
5.456855200000000350e-01 3.224607944488525391e+00
5.485196580000000210e-01 3.237889289855957031e+00
5.513538510000000059e-01 3.275427579879760742e+00
5.541881010000000440e-01 3.287654161453247070e+00
5.570224070000000527e-01 3.255749702453613281e+00
5.598567690000000319e-01 3.213807344436645508e+00
5.626911869999999816e-01 3.269096136093139648e+00
5.655256619999999845e-01 3.243969917297363281e+00
5.683601929999999580e-01 3.228600025177001953e+00
5.711947800000000131e-01 3.192485332489013672e+00
5.740294230000000386e-01 3.239089012145996094e+00
5.768641230000000064e-01 3.199269294738769531e+00
5.796988789999999447e-01 3.217772722244262695e+00
5.825336909999999646e-01 3.274505853652954102e+00
5.853685589999999550e-01 3.234499216079711914e+00
5.882034839999999987e-01 3.013325691223144531e+00
5.910384650000000129e-01 2.879842758178710938e+00
5.938735019999999976e-01 2.930539846420288086e+00
5.967085949999999528e-01 2.906007289886474609e+00
5.995437449999999613e-01 2.870018959045410156e+00
6.023789510000000513e-01 2.829312562942504883e+00
6.052142130000000009e-01 2.814787626266479492e+00
6.080495310000000320e-01 2.788809061050415039e+00
6.108849060000000053e-01 2.685781478881835938e+00
6.137203359999999774e-01 2.601072788238525391e+00
6.165558230000000028e-01 2.578397512435913086e+00
6.193913669999999705e-01 2.653468608856201172e+00
6.222269660000000480e-01 2.635319709777832031e+00
6.250626219999999567e-01 2.575626134872436523e+00
6.278983339999999469e-01 2.506721496582031250e+00
6.307341020000000187e-01 2.489889383316040039e+00
6.335699259999999500e-01 2.511694192886352539e+00
6.364058070000000455e-01 2.537726879119873047e+00
6.392417440000000006e-01 2.540219783782958984e+00
6.420777370000000372e-01 2.510472297668457031e+00
6.449137860000000444e-01 2.472327470779418945e+00
6.477498919999999938e-01 2.362698316574096680e+00
6.505860540000000247e-01 2.351732492446899414e+00
6.534222720000000262e-01 2.338601112365722656e+00
6.562585459999999982e-01 2.137576580047607422e+00
6.590948770000000234e-01 2.232414245605468750e+00
6.619312640000000192e-01 2.296792030334472656e+00
6.647677069999999855e-01 2.274552345275878906e+00
6.676042060000000333e-01 2.257266759872436523e+00
6.704407620000000234e-01 2.227777481079101562e+00
6.732773739999999840e-01 2.205931425094604492e+00
6.761140420000000262e-01 2.193353652954101562e+00
6.789507660000000389e-01 2.178349494934082031e+00
6.817875469999999938e-01 2.150340318679809570e+00
6.846243829999999475e-01 2.061216354370117188e+00
6.874612759999999545e-01 1.729089617729187012e+00
6.902982260000000148e-01 1.747532963752746582e+00
6.931352309999999628e-01 1.775482296943664551e+00
6.959722929999999641e-01 1.780157804489135742e+00
6.988094110000000470e-01 1.746982693672180176e+00
7.016465849999999893e-01 1.649015903472900391e+00
7.044838150000000132e-01 1.639123797416687012e+00
7.073211019999999793e-01 1.602521896362304688e+00
7.101584450000000270e-01 1.546617507934570312e+00
7.129958440000000452e-01 1.439215779304504395e+00
7.158332990000000340e-01 1.209322333335876465e+00
7.186708109999999650e-01 8.766116499900817871e-01
7.215083789999999775e-01 8.993420600891113281e-01
7.243460029999999605e-01 8.229528665542602539e-01
7.271836830000000251e-01 7.451920509338378906e-01
7.300214200000000320e-01 6.958128809928894043e-01
7.328592130000000093e-01 7.093023657798767090e-01
7.356970619999999572e-01 7.061752080917358398e-01
7.385349669999999866e-01 6.891388893127441406e-01
7.413729289999999583e-01 6.865836977958679199e-01
7.442109470000000115e-01 6.959170699119567871e-01
7.470490210000000353e-01 6.892207264900207520e-01
7.498871510000000296e-01 6.850466132164001465e-01
7.527253379999999661e-01 6.786677241325378418e-01
7.555635800000000124e-01 6.738327145576477051e-01
7.584018790000000010e-01 5.441350936889648438e-01
7.612402350000000428e-01 2.603489756584167480e-01
7.640786459999999725e-01 3.164967894554138184e-01
7.669171139999999554e-01 4.984099864959716797e-01
7.697556380000000198e-01 6.089525818824768066e-01
7.725942180000000548e-01 6.327164173126220703e-01
7.754328539999999492e-01 6.346760988235473633e-01
7.782715470000000080e-01 6.347212791442871094e-01
7.811102960000000373e-01 6.354855895042419434e-01
7.839491010000000371e-01 6.340364217758178711e-01
7.867879620000000074e-01 6.229528784751892090e-01
7.896268800000000310e-01 6.047575473785400391e-01
7.924658540000000251e-01 6.121799945831298828e-01
7.953048839999999897e-01 6.075274944305419922e-01
7.981439700000000359e-01 6.237765550613403320e-01
8.009831130000000243e-01 6.152921319007873535e-01
8.038223119999999833e-01 6.173138618469238281e-01
8.066615670000000238e-01 6.218131780624389648e-01
8.095008780000000348e-01 5.983685851097106934e-01
8.123402459999999881e-01 5.306681990623474121e-01
8.151796700000000229e-01 4.390947818756103516e-01
8.180191500000000282e-01 4.128997921943664551e-01
8.208586860000000041e-01 4.419656693935394287e-01
8.236982790000000332e-01 4.052480757236480713e-01
8.265379269999999501e-01 4.227882027626037598e-01
8.293776320000000313e-01 3.787559270858764648e-01
8.322173940000000547e-01 3.642278313636779785e-01
8.350572109999999659e-01 3.719379305839538574e-01
8.378970850000000414e-01 3.821648955345153809e-01
8.407370149999999764e-01 3.780355751514434814e-01
8.435770009999999930e-01 3.771691620349884033e-01
8.464170429999999801e-01 3.754260241985321045e-01
8.492571420000000204e-01 3.539237380027770996e-01
8.520972970000000313e-01 3.428661525249481201e-01
8.549375080000000127e-01 3.229776620864868164e-01
8.577777749999999646e-01 3.434107899665832520e-01
8.606180989999999698e-01 3.374629020690917969e-01
8.634584789999999455e-01 3.359876871109008789e-01
8.662989150000000027e-01 3.090829551219940186e-01
8.691394070000000305e-01 3.140345215797424316e-01
8.719799560000000005e-01 3.119345903396606445e-01
8.748205610000000521e-01 3.022364675998687744e-01
8.776612219999999631e-01 2.947966456413269043e-01
8.805019389999999557e-01 2.853991687297821045e-01
8.833427130000000016e-01 2.828275263309478760e-01
8.861835430000000180e-01 2.678385078907012939e-01
8.890244290000000049e-01 2.684748172760009766e-01
8.918653709999999624e-01 2.528339922428131104e-01
8.947063699999999731e-01 2.102497518062591553e-01
8.975474239999999826e-01 1.732744425535202026e-01
9.003885350000000454e-01 1.522636264562606812e-01
9.032297030000000504e-01 1.807375252246856689e-01
9.060709260000000542e-01 1.754350066184997559e-01
9.089122060000000003e-01 1.462874263525009155e-01
9.117535420000000279e-01 1.428341269493103027e-01
9.145949340000000261e-01 1.323403120040893555e-01
9.174363819999999947e-01 1.357881426811218262e-01
9.202778870000000166e-01 1.534869968891143799e-01
9.231194480000000091e-01 1.452007293701171875e-01
9.259610649999999721e-01 1.373777240514755249e-01
9.288027380000000166e-01 9.689156711101531982e-02
9.316444680000000034e-01 5.282692983746528625e-02
9.344862539999999607e-01 3.071980364620685577e-02
9.373280959999999995e-01 3.605908527970314026e-02
9.401699940000000089e-01 5.300164967775344849e-02
9.430119489999999605e-01 4.579761996865272522e-02
9.458539599999999936e-01 4.152991622686386108e-02
9.486960269999999973e-01 4.207719117403030396e-02
9.515381499999999715e-01 4.192757606506347656e-02
9.543803299999999989e-01 4.334734007716178894e-02
9.572225659999999969e-01 4.635854437947273254e-02
9.600648579999999654e-01 5.402106046676635742e-02
9.629072060000000155e-01 6.090700998902320862e-02
9.657496110000000078e-01 6.450938433408737183e-02
9.685920709999999989e-01 8.614523708820343018e-02
9.714345880000000433e-01 9.673500806093215942e-02
9.742771620000000299e-01 8.311189711093902588e-02
9.771197910000000153e-01 8.433973789215087891e-02
9.799624770000000540e-01 9.195519983768463135e-02
9.828052189999999522e-01 9.944116324186325073e-02
9.856480170000000429e-01 1.054106652736663818e-01
9.884908709999999932e-01 1.109252125024795532e-01
9.913337819999999967e-01 1.157262325286865234e-01
9.941767489999999707e-01 1.146096214652061462e-01
9.970197720000000263e-01 1.133314222097396851e-01
9.998628510000000524e-01 1.154202371835708618e-01
1.002705986999999910e+00 1.087238937616348267e-01
1.005549178999999960e+00 1.082661971449851990e-01
1.008392426999999980e+00 1.082159727811813354e-01
1.011235730999999971e+00 1.057607010006904602e-01
1.014079092000000015e+00 1.165589839220046997e-01
1.016922509000000030e+00 1.014496162533760071e-01
1.019765982000000015e+00 1.090383380651473999e-01
1.022609510999999971e+00 1.123532578349113464e-01
1.025453096999999980e+00 1.184545308351516724e-01
1.028296738999999960e+00 1.080995574593544006e-01
1.031140436999999910e+00 1.160441860556602478e-01
1.033984191000000052e+00 1.076346263289451599e-01
1.036828002000000026e+00 1.151820942759513855e-01
1.039671868000000110e+00 1.065435335040092468e-01
1.042515791000000025e+00 1.116243526339530945e-01
1.045359770999999993e+00 1.078643426299095154e-01
