3.615872339999999796e-01 1.346155762672424316e+00
3.644177160000000026e-01 1.592327952384948730e+00
3.672482539999999962e-01 1.703792929649353027e+00
3.700788480000000158e-01 1.586406111717224121e+00
3.729094980000000059e-01 1.487396836280822754e+00
3.757402049999999938e-01 1.567674994468688965e+00
3.785709680000000077e-01 1.703863501548767090e+00
3.814017869999999921e-01 1.463822841644287109e+00
3.842326620000000026e-01 1.323118090629577637e+00
3.870635940000000108e-01 1.450161814689636230e+00
3.898945819999999896e-01 1.632003426551818848e+00
3.927256259999999943e-01 1.448269009590148926e+00
3.955567260000000251e-01 1.453130125999450684e+00
3.983878829999999982e-01 1.860723972320556641e+00
4.012190950000000256e-01 2.308333635330200195e+00
4.040503639999999952e-01 2.287998199462890625e+00
4.068816900000000181e-01 2.258323907852172852e+00
4.097130709999999842e-01 2.301504611968994141e+00
4.125445090000000037e-01 2.398444652557373047e+00
4.153760029999999936e-01 2.382085561752319336e+00
4.182075530000000096e-01 2.350503444671630859e+00
4.210391589999999962e-01 2.362898588180541992e+00
4.238708219999999804e-01 2.316248416900634766e+00
4.267025409999999908e-01 2.266236305236816406e+00
4.295343160000000271e-01 2.034104108810424805e+00
4.323661469999999785e-01 2.181032419204711914e+00
4.351980349999999831e-01 2.377097129821777344e+00
4.380299790000000137e-01 2.418676137924194336e+00
4.408619790000000149e-01 2.504593849182128906e+00
4.436940349999999866e-01 2.638047456741333008e+00
4.465261480000000116e-01 2.669073104858398438e+00
4.493583170000000071e-01 2.819553613662719727e+00
4.521905419999999731e-01 2.834340810775756836e+00
4.550228230000000207e-01 2.816647768020629883e+00
4.578551610000000105e-01 2.899355173110961914e+00
4.606875550000000263e-01 2.908319950103759766e+00
4.635200050000000127e-01 2.923998832702636719e+00
4.663525110000000251e-01 2.871056795120239258e+00
4.691850739999999798e-01 2.852062463760375977e+00
4.720176919999999887e-01 2.903956651687622070e+00
4.748503669999999954e-01 2.953406333923339844e+00
4.776830989999999999e-01 2.978575229644775391e+00
4.805158860000000032e-01 3.056510925292968750e+00
4.833487300000000042e-01 3.023777484893798828e+00
4.861816299999999758e-01 2.765116214752197266e+00
4.890145859999999733e-01 2.903318881988525391e+00
4.918475979999999970e-01 2.976840496063232422e+00
4.946806670000000183e-01 3.028031349182128906e+00
4.975137920000000102e-01 3.063486576080322266e+00
5.003469729999999727e-01 2.985691785812377930e+00
5.031802100000000166e-01 2.970923900604248047e+00
5.060135040000000028e-01 3.049063920974731445e+00
5.088468539999999596e-01 3.084055423736572266e+00
5.116802599999999979e-01 3.111896276473999023e+00
5.145137220000000067e-01 3.033109903335571289e+00
5.173472409999999577e-01 2.869047880172729492e+00
5.201808159999999903e-01 3.015654802322387695e+00
5.230144469999999934e-01 3.148956537246704102e+00
5.258481339999999671e-01 3.158492803573608398e+00
5.286818779999999940e-01 3.189165592193603516e+00
5.315156779999999914e-01 3.305893421173095703e+00
5.343495339999999594e-01 3.302071809768676758e+00
5.371834460000000089e-01 3.356821060180664062e+00
5.400174150000000006e-01 3.282547712326049805e+00
5.428514389999999912e-01 3.309409141540527344e+00
5.456855200000000350e-01 3.369211435317993164e+00
5.485196580000000210e-01 3.386919736862182617e+00
5.513538510000000059e-01 3.426718235015869141e+00
5.541881010000000440e-01 3.443959474563598633e+00
5.570224070000000527e-01 3.415397882461547852e+00
5.598567690000000319e-01 3.368817090988159180e+00
5.626911869999999816e-01 3.425321340560913086e+00
5.655256619999999845e-01 3.403642416000366211e+00
5.683601929999999580e-01 3.392397403717041016e+00
5.711947800000000131e-01 3.357056856155395508e+00
5.740294230000000386e-01 3.400649785995483398e+00
5.768641230000000064e-01 3.379339933395385742e+00
5.796988789999999447e-01 3.385549783706665039e+00
5.825336909999999646e-01 3.473967313766479492e+00
5.853685589999999550e-01 3.436008691787719727e+00
5.882034839999999987e-01 3.186632871627807617e+00
5.910384650000000129e-01 3.047081232070922852e+00
5.938735019999999976e-01 3.102727890014648438e+00
5.967085949999999528e-01 3.115065574645996094e+00
5.995437449999999613e-01 3.067981958389282227e+00
6.023789510000000513e-01 3.031730175018310547e+00
6.052142130000000009e-01 3.040988922119140625e+00
6.080495310000000320e-01 2.997420787811279297e+00
6.108849060000000053e-01 2.890150785446166992e+00
6.137203359999999774e-01 2.817088365554809570e+00
6.165558230000000028e-01 2.813162803649902344e+00
6.193913669999999705e-01 2.880236864089965820e+00
6.222269660000000480e-01 2.882768630981445312e+00
6.250626219999999567e-01 2.806234121322631836e+00
6.278983339999999469e-01 2.730072498321533203e+00
6.307341020000000187e-01 2.703704833984375000e+00
6.335699259999999500e-01 2.735172986984252930e+00
6.364058070000000455e-01 2.772379875183105469e+00
6.392417440000000006e-01 2.774697303771972656e+00
6.420777370000000372e-01 2.735835075378417969e+00
6.449137860000000444e-01 2.702631473541259766e+00
6.477498919999999938e-01 2.581368684768676758e+00
6.505860540000000247e-01 2.571028947830200195e+00
6.534222720000000262e-01 2.569219350814819336e+00
6.562585459999999982e-01 2.356388092041015625e+00
6.590948770000000234e-01 2.457839488983154297e+00
6.619312640000000192e-01 2.523019075393676758e+00
6.647677069999999855e-01 2.491493463516235352e+00
6.676042060000000333e-01 2.454481363296508789e+00
6.704407620000000234e-01 2.431425094604492188e+00
6.732773739999999840e-01 2.414544582366943359e+00
6.761140420000000262e-01 2.402456521987915039e+00
6.789507660000000389e-01 2.376865148544311523e+00
6.817875469999999938e-01 2.354948997497558594e+00
6.846243829999999475e-01 2.284279108047485352e+00
6.874612759999999545e-01 1.912669539451599121e+00
6.902982260000000148e-01 1.953967690467834473e+00
6.931352309999999628e-01 1.996805310249328613e+00
6.959722929999999641e-01 2.015206336975097656e+00
6.988094110000000470e-01 2.002734661102294922e+00
7.016465849999999893e-01 1.897092700004577637e+00
7.044838150000000132e-01 1.897410988807678223e+00
7.073211019999999793e-01 1.865029215812683105e+00
7.101584450000000270e-01 1.801862716674804688e+00
7.129958440000000452e-01 1.696867465972900391e+00
7.158332990000000340e-01 1.431460857391357422e+00
7.186708109999999650e-01 1.029171586036682129e+00
7.215083789999999775e-01 1.066705107688903809e+00
7.243460029999999605e-01 9.752717614173889160e-01
7.271836830000000251e-01 8.837333321571350098e-01
7.300214200000000320e-01 8.180892467498779297e-01
7.328592130000000093e-01 8.466073274612426758e-01
7.356970619999999572e-01 8.370457887649536133e-01
7.385349669999999866e-01 8.277180194854736328e-01
7.413729289999999583e-01 8.262851834297180176e-01
7.442109470000000115e-01 8.305696845054626465e-01
7.470490210000000353e-01 8.330844044685363770e-01
7.498871510000000296e-01 8.203407526016235352e-01
7.527253379999999661e-01 8.179004788398742676e-01
7.555635800000000124e-01 8.037994503974914551e-01
7.584018790000000010e-01 6.683168411254882812e-01
7.612402350000000428e-01 3.014495670795440674e-01
7.640786459999999725e-01 3.696331083774566650e-01
7.669171139999999554e-01 6.017989516258239746e-01
7.697556380000000198e-01 7.408972978591918945e-01
7.725942180000000548e-01 7.710366845130920410e-01
7.754328539999999492e-01 7.708923816680908203e-01
7.782715470000000080e-01 7.745846509933471680e-01
7.811102960000000373e-01 7.758792638778686523e-01
7.839491010000000371e-01 7.690694332122802734e-01
7.867879620000000074e-01 7.608969807624816895e-01
7.896268800000000310e-01 7.358255982398986816e-01
7.924658540000000251e-01 7.401432394981384277e-01
7.953048839999999897e-01 7.453239560127258301e-01
7.981439700000000359e-01 7.563363313674926758e-01
8.009831130000000243e-01 7.500479221343994141e-01
8.038223119999999833e-01 7.550928592681884766e-01
8.066615670000000238e-01 7.689993381500244141e-01
8.095008780000000348e-01 7.374179363250732422e-01
8.123402459999999881e-01 6.623364090919494629e-01
8.151796700000000229e-01 5.429192185401916504e-01
8.180191500000000282e-01 5.097115635871887207e-01
8.208586860000000041e-01 5.520270466804504395e-01
8.236982790000000332e-01 4.989144504070281982e-01
8.265379269999999501e-01 5.194538235664367676e-01
8.293776320000000313e-01 4.634630382061004639e-01
8.322173940000000547e-01 4.440448582172393799e-01
8.350572109999999659e-01 4.542601108551025391e-01
8.378970850000000414e-01 4.616249203681945801e-01
8.407370149999999764e-01 4.654540419578552246e-01
8.435770009999999930e-01 4.562292993068695068e-01
8.464170429999999801e-01 4.616911113262176514e-01
8.492571420000000204e-01 4.369909763336181641e-01
8.520972970000000313e-01 4.217560589313507080e-01
8.549375080000000127e-01 3.948975503444671631e-01
8.577777749999999646e-01 4.118348360061645508e-01
8.606180989999999698e-01 4.167550802230834961e-01
8.634584789999999455e-01 4.049329757690429688e-01
8.662989150000000027e-01 3.708709478378295898e-01
8.691394070000000305e-01 3.855953216552734375e-01
8.719799560000000005e-01 3.857033550739288330e-01
8.748205610000000521e-01 3.748338222503662109e-01
8.776612219999999631e-01 3.644979000091552734e-01
8.805019389999999557e-01 3.541573286056518555e-01
8.833427130000000016e-01 3.456540107727050781e-01
8.861835430000000180e-01 3.288061618804931641e-01
8.890244290000000049e-01 3.273884057998657227e-01
8.918653709999999624e-01 3.084495663642883301e-01
8.947063699999999731e-01 2.602052390575408936e-01
8.975474239999999826e-01 2.016853392124176025e-01
9.003885350000000454e-01 1.855404973030090332e-01
9.032297030000000504e-01 2.158899158239364624e-01
9.060709260000000542e-01 2.154683470726013184e-01
9.089122060000000003e-01 1.724991202354431152e-01
9.117535420000000279e-01 1.778861433267593384e-01
9.145949340000000261e-01 1.634953022003173828e-01
9.174363819999999947e-01 1.584299355745315552e-01
9.202778870000000166e-01 1.903224140405654907e-01
9.231194480000000091e-01 1.751094460487365723e-01
9.259610649999999721e-01 1.602643877267837524e-01
9.288027380000000166e-01 1.134641692042350769e-01
9.316444680000000034e-01 6.002993136644363403e-02
9.344862539999999607e-01 3.207431733608245850e-02
9.373280959999999995e-01 3.775281459093093872e-02
9.401699940000000089e-01 6.075622886419296265e-02
9.430119489999999605e-01 4.755272343754768372e-02
9.458539599999999936e-01 4.111086577177047729e-02
9.486960269999999973e-01 4.824792966246604919e-02
9.515381499999999715e-01 4.592467099428176880e-02
9.543803299999999989e-01 4.758560657501220703e-02
9.572225659999999969e-01 4.966780915856361389e-02
9.600648579999999654e-01 5.519844591617584229e-02
9.629072060000000155e-01 6.817413866519927979e-02
9.657496110000000078e-01 7.852637022733688354e-02
9.685920709999999989e-01 1.024549305438995361e-01
9.714345880000000433e-01 1.080204620957374573e-01
9.742771620000000299e-01 9.840211272239685059e-02
9.771197910000000153e-01 1.065314039587974548e-01
9.799624770000000540e-01 1.108067333698272705e-01
9.828052189999999522e-01 1.187258586287498474e-01
9.856480170000000429e-01 1.292138248682022095e-01
9.884908709999999932e-01 1.371422708034515381e-01
9.913337819999999967e-01 1.380282491445541382e-01
9.941767489999999707e-01 1.307271420955657959e-01
9.970197720000000263e-01 1.391475498676300049e-01
9.998628510000000524e-01 1.358924210071563721e-01
1.002705986999999910e+00 1.292738020420074463e-01
1.005549178999999960e+00 1.360630691051483154e-01
1.008392426999999980e+00 1.362140327692031860e-01
1.011235730999999971e+00 1.366498321294784546e-01
1.014079092000000015e+00 1.304597407579421997e-01
1.016922509000000030e+00 1.277756690979003906e-01
1.019765982000000015e+00 1.326659768819808960e-01
1.022609510999999971e+00 1.303429752588272095e-01
1.025453096999999980e+00 1.335783898830413818e-01
1.028296738999999960e+00 1.301691830158233643e-01
1.031140436999999910e+00 1.311591863632202148e-01
1.033984191000000052e+00 1.507844924926757812e-01
1.036828002000000026e+00 1.239225640892982483e-01
1.039671868000000110e+00 1.424593776464462280e-01
1.042515791000000025e+00 1.328497081995010376e-01
1.045359770999999993e+00 1.399742215871810913e-01
