3.615872339999999796e-01 1.300927996635437012e+00
3.644177160000000026e-01 1.468180537223815918e+00
3.672482539999999962e-01 1.594823122024536133e+00
3.700788480000000158e-01 1.607906579971313477e+00
3.729094980000000059e-01 1.437651395797729492e+00
3.757402049999999938e-01 1.521366000175476074e+00
3.785709680000000077e-01 1.651846647262573242e+00
3.814017869999999921e-01 1.418500781059265137e+00
3.842326620000000026e-01 1.322581291198730469e+00
3.870635940000000108e-01 1.439371466636657715e+00
3.898945819999999896e-01 1.613993883132934570e+00
3.927256259999999943e-01 1.405298590660095215e+00
3.955567260000000251e-01 1.471017360687255859e+00
3.983878829999999982e-01 1.855083942413330078e+00
4.012190950000000256e-01 2.280733823776245117e+00
4.040503639999999952e-01 2.256179571151733398e+00
4.068816900000000181e-01 2.232030868530273438e+00
4.097130709999999842e-01 2.273436784744262695e+00
4.125445090000000037e-01 2.391686677932739258e+00
4.153760029999999936e-01 2.390487194061279297e+00
4.182075530000000096e-01 2.348013401031494141e+00
4.210391589999999962e-01 2.356034278869628906e+00
4.238708219999999804e-01 2.297388076782226562e+00
4.267025409999999908e-01 2.252752542495727539e+00
4.295343160000000271e-01 2.046016454696655273e+00
4.323661469999999785e-01 2.184941768646240234e+00
4.351980349999999831e-01 2.383335351943969727e+00
4.380299790000000137e-01 2.385532379150390625e+00
4.408619790000000149e-01 2.470252752304077148e+00
4.436940349999999866e-01 2.621694326400756836e+00
4.465261480000000116e-01 2.648138523101806641e+00
4.493583170000000071e-01 2.791499376296997070e+00
4.521905419999999731e-01 2.824293613433837891e+00
4.550228230000000207e-01 2.802095890045166016e+00
4.578551610000000105e-01 2.852556705474853516e+00
4.606875550000000263e-01 2.880748987197875977e+00
4.635200050000000127e-01 2.901779174804687500e+00
4.663525110000000251e-01 2.836968898773193359e+00
4.691850739999999798e-01 2.830694675445556641e+00
4.720176919999999887e-01 2.866977453231811523e+00
4.748503669999999954e-01 2.933743476867675781e+00
4.776830989999999999e-01 2.956987142562866211e+00
4.805158860000000032e-01 3.002445220947265625e+00
4.833487300000000042e-01 2.996911764144897461e+00
4.861816299999999758e-01 2.751712322235107422e+00
4.890145859999999733e-01 2.869535684585571289e+00
4.918475979999999970e-01 2.951874256134033203e+00
4.946806670000000183e-01 3.009532213211059570e+00
4.975137920000000102e-01 3.020418405532836914e+00
5.003469729999999727e-01 2.956992626190185547e+00
5.031802100000000166e-01 2.932820558547973633e+00
5.060135040000000028e-01 3.016608238220214844e+00
5.088468539999999596e-01 3.039876699447631836e+00
5.116802599999999979e-01 3.074609279632568359e+00
5.145137220000000067e-01 3.003260612487792969e+00
5.173472409999999577e-01 2.839421033859252930e+00
5.201808159999999903e-01 2.975056409835815430e+00
5.230144469999999934e-01 3.104559183120727539e+00
5.258481339999999671e-01 3.114337921142578125e+00
5.286818779999999940e-01 3.146212100982666016e+00
5.315156779999999914e-01 3.262511968612670898e+00
5.343495339999999594e-01 3.247698307037353516e+00
5.371834460000000089e-01 3.287197589874267578e+00
5.400174150000000006e-01 3.238107919692993164e+00
5.428514389999999912e-01 3.252782821655273438e+00
5.456855200000000350e-01 3.313928127288818359e+00
5.485196580000000210e-01 3.327465534210205078e+00
5.513538510000000059e-01 3.352205038070678711e+00
5.541881010000000440e-01 3.376892566680908203e+00
5.570224070000000527e-01 3.354344129562377930e+00
5.598567690000000319e-01 3.300851821899414062e+00
5.626911869999999816e-01 3.355675220489501953e+00
5.655256619999999845e-01 3.344099998474121094e+00
5.683601929999999580e-01 3.314303874969482422e+00
5.711947800000000131e-01 3.286269187927246094e+00
5.740294230000000386e-01 3.327885627746582031e+00
5.768641230000000064e-01 3.301794528961181641e+00
5.796988789999999447e-01 3.310403823852539062e+00
5.825336909999999646e-01 3.383203983306884766e+00
5.853685589999999550e-01 3.334979057312011719e+00
5.882034839999999987e-01 3.119189023971557617e+00
5.910384650000000129e-01 2.975325107574462891e+00
5.938735019999999976e-01 3.034199476242065430e+00
5.967085949999999528e-01 3.017002344131469727e+00
5.995437449999999613e-01 2.975912570953369141e+00
6.023789510000000513e-01 2.929469108581542969e+00
6.052142130000000009e-01 2.941225051879882812e+00
6.080495310000000320e-01 2.896780014038085938e+00
6.108849060000000053e-01 2.772729396820068359e+00
6.137203359999999774e-01 2.692434072494506836e+00
6.165558230000000028e-01 2.683699369430541992e+00
6.193913669999999705e-01 2.767487287521362305e+00
6.222269660000000480e-01 2.743518590927124023e+00
6.250626219999999567e-01 2.666739225387573242e+00
6.278983339999999469e-01 2.609326362609863281e+00
6.307341020000000187e-01 2.574489355087280273e+00
6.335699259999999500e-01 2.618840694427490234e+00
6.364058070000000455e-01 2.640624284744262695e+00
6.392417440000000006e-01 2.645925760269165039e+00
6.420777370000000372e-01 2.612857341766357422e+00
6.449137860000000444e-01 2.579655170440673828e+00
6.477498919999999938e-01 2.456090927124023438e+00
6.505860540000000247e-01 2.442422866821289062e+00
6.534222720000000262e-01 2.438071489334106445e+00
6.562585459999999982e-01 2.239221096038818359e+00
6.590948770000000234e-01 2.336652517318725586e+00
6.619312640000000192e-01 2.384658098220825195e+00
6.647677069999999855e-01 2.366303920745849609e+00
6.676042060000000333e-01 2.347586393356323242e+00
6.704407620000000234e-01 2.304752349853515625e+00
6.732773739999999840e-01 2.289094924926757812e+00
6.761140420000000262e-01 2.276756286621093750e+00
6.789507660000000389e-01 2.255685091018676758e+00
6.817875469999999938e-01 2.231548309326171875e+00
6.846243829999999475e-01 2.146742820739746094e+00
6.874612759999999545e-01 1.804542899131774902e+00
6.902982260000000148e-01 1.829326391220092773e+00
6.931352309999999628e-01 1.867279171943664551e+00
6.959722929999999641e-01 1.875510334968566895e+00
6.988094110000000470e-01 1.854440927505493164e+00
7.016465849999999893e-01 1.752847671508789062e+00
7.044838150000000132e-01 1.749368190765380859e+00
7.073211019999999793e-01 1.712317466735839844e+00
7.101584450000000270e-01 1.638944506645202637e+00
7.129958440000000452e-01 1.542335271835327148e+00
7.158332990000000340e-01 1.293731093406677246e+00
7.186708109999999650e-01 9.405816793441772461e-01
7.215083789999999775e-01 9.561742544174194336e-01
7.243460029999999605e-01 8.719046115875244141e-01
7.271836830000000251e-01 7.902697920799255371e-01
7.300214200000000320e-01 7.359561920166015625e-01
7.328592130000000093e-01 7.552812099456787109e-01
7.356970619999999572e-01 7.459244728088378906e-01
7.385349669999999866e-01 7.290068864822387695e-01
7.413729289999999583e-01 7.269044518470764160e-01
7.442109470000000115e-01 7.396925091743469238e-01
7.470490210000000353e-01 7.318655252456665039e-01
7.498871510000000296e-01 7.228304147720336914e-01
7.527253379999999661e-01 7.194886207580566406e-01
7.555635800000000124e-01 7.051208019256591797e-01
7.584018790000000010e-01 5.774208903312683105e-01
7.612402350000000428e-01 2.725322246551513672e-01
7.640786459999999725e-01 3.272776305675506592e-01
7.669171139999999554e-01 5.282716155052185059e-01
7.697556380000000198e-01 6.493583917617797852e-01
7.725942180000000548e-01 6.669718623161315918e-01
7.754328539999999492e-01 6.668090224266052246e-01
7.782715470000000080e-01 6.801286339759826660e-01
7.811102960000000373e-01 6.742841601371765137e-01
7.839491010000000371e-01 6.715484857559204102e-01
7.867879620000000074e-01 6.598629355430603027e-01
7.896268800000000310e-01 6.373481750488281250e-01
7.924658540000000251e-01 6.423925161361694336e-01
7.953048839999999897e-01 6.547221541404724121e-01
7.981439700000000359e-01 6.633015275001525879e-01
8.009831130000000243e-01 6.530960798263549805e-01
8.038223119999999833e-01 6.477222442626953125e-01
8.066615670000000238e-01 6.664200425148010254e-01
8.095008780000000348e-01 6.383292078971862793e-01
8.123402459999999881e-01 5.676836371421813965e-01
8.151796700000000229e-01 4.635982513427734375e-01
8.180191500000000282e-01 4.396580457687377930e-01
8.208586860000000041e-01 4.633851051330566406e-01
8.236982790000000332e-01 4.302655458450317383e-01
8.265379269999999501e-01 4.452451765537261963e-01
8.293776320000000313e-01 3.981992304325103760e-01
8.322173940000000547e-01 3.886353969573974609e-01
8.350572109999999659e-01 3.918220698833465576e-01
8.378970850000000414e-01 3.959712982177734375e-01
8.407370149999999764e-01 3.981255888938903809e-01
8.435770009999999930e-01 3.971166908740997314e-01
8.464170429999999801e-01 3.932143151760101318e-01
8.492571420000000204e-01 3.692306280136108398e-01
8.520972970000000313e-01 3.572775721549987793e-01
8.549375080000000127e-01 3.387518525123596191e-01
8.577777749999999646e-01 3.585916459560394287e-01
8.606180989999999698e-01 3.514064252376556396e-01
8.634584789999999455e-01 3.474851250648498535e-01
8.662989150000000027e-01 3.191047608852386475e-01
8.691394070000000305e-01 3.257300853729248047e-01
8.719799560000000005e-01 3.305779695510864258e-01
8.748205610000000521e-01 3.118009865283966064e-01
8.776612219999999631e-01 3.076142966747283936e-01
8.805019389999999557e-01 3.013137876987457275e-01
8.833427130000000016e-01 2.869407236576080322e-01
8.861835430000000180e-01 2.777508497238159180e-01
8.890244290000000049e-01 2.758156657218933105e-01
8.918653709999999624e-01 2.605499923229217529e-01
8.947063699999999731e-01 2.183754891157150269e-01
8.975474239999999826e-01 1.755670607089996338e-01
9.003885350000000454e-01 1.561708301305770874e-01
9.032297030000000504e-01 1.826515942811965942e-01
9.060709260000000542e-01 1.822666227817535400e-01
9.089122060000000003e-01 1.499522030353546143e-01
9.117535420000000279e-01 1.468794345855712891e-01
9.145949340000000261e-01 1.382228732109069824e-01
9.174363819999999947e-01 1.365255564451217651e-01
9.202778870000000166e-01 1.562796831130981445e-01
9.231194480000000091e-01 1.506113559007644653e-01
9.259610649999999721e-01 1.346569061279296875e-01
9.288027380000000166e-01 9.403253346681594849e-02
9.316444680000000034e-01 5.098924040794372559e-02
9.344862539999999607e-01 3.318633884191513062e-02
9.373280959999999995e-01 3.321015089750289917e-02
9.401699940000000089e-01 5.540286749601364136e-02
9.430119489999999605e-01 3.750777989625930786e-02
9.458539599999999936e-01 3.795254975557327271e-02
9.486960269999999973e-01 4.160329699516296387e-02
9.515381499999999715e-01 4.415943846106529236e-02
9.543803299999999989e-01 4.229234904050827026e-02
9.572225659999999969e-01 4.960718005895614624e-02
9.600648579999999654e-01 4.990321025252342224e-02
9.629072060000000155e-01 6.147346273064613342e-02
9.657496110000000078e-01 6.461946666240692139e-02
9.685920709999999989e-01 8.916033804416656494e-02
9.714345880000000433e-01 8.973535895347595215e-02
9.742771620000000299e-01 7.869743555784225464e-02
9.771197910000000153e-01 8.221459388732910156e-02
9.799624770000000540e-01 8.845242857933044434e-02
9.828052189999999522e-01 1.003120690584182739e-01
9.856480170000000429e-01 1.039327532052993774e-01
9.884908709999999932e-01 1.070498079061508179e-01
9.913337819999999967e-01 1.070494949817657471e-01
9.941767489999999707e-01 1.095706894993782043e-01
9.970197720000000263e-01 1.085994914174079895e-01
9.998628510000000524e-01 1.147100329399108887e-01
1.002705986999999910e+00 1.086506396532058716e-01
1.005549178999999960e+00 1.050404161214828491e-01
1.008392426999999980e+00 1.106666103005409241e-01
1.011235730999999971e+00 1.062664985656738281e-01
1.014079092000000015e+00 1.099604368209838867e-01
1.016922509000000030e+00 1.084887683391571045e-01
1.019765982000000015e+00 1.136835739016532898e-01
1.022609510999999971e+00 1.122289076447486877e-01
1.025453096999999980e+00 1.138759553432464600e-01
1.028296738999999960e+00 1.030590385198593140e-01
1.031140436999999910e+00 1.087391525506973267e-01
1.033984191000000052e+00 1.084001064300537109e-01
1.036828002000000026e+00 1.107515320181846619e-01
1.039671868000000110e+00 1.052994057536125183e-01
1.042515791000000025e+00 1.077300459146499634e-01
1.045359770999999993e+00 1.151786074042320251e-01
