3.615872339999999796e-01 1.272034287452697754e+00
3.644177160000000026e-01 1.474819660186767578e+00
3.672482539999999962e-01 1.557794690132141113e+00
3.700788480000000158e-01 1.539723038673400879e+00
3.729094980000000059e-01 1.366715073585510254e+00
3.757402049999999938e-01 1.489653468132019043e+00
3.785709680000000077e-01 1.621619701385498047e+00
3.814017869999999921e-01 1.385804057121276855e+00
3.842326620000000026e-01 1.264531612396240234e+00
3.870635940000000108e-01 1.420037508010864258e+00
3.898945819999999896e-01 1.585333704948425293e+00
3.927256259999999943e-01 1.405105590820312500e+00
3.955567260000000251e-01 1.437102198600769043e+00
3.983878829999999982e-01 1.839295387268066406e+00
4.012190950000000256e-01 2.244857549667358398e+00
4.040503639999999952e-01 2.233250617980957031e+00
4.068816900000000181e-01 2.196547985076904297e+00
4.097130709999999842e-01 2.233382701873779297e+00
4.125445090000000037e-01 2.341303348541259766e+00
4.153760029999999936e-01 2.348720312118530273e+00
4.182075530000000096e-01 2.303515672683715820e+00
4.210391589999999962e-01 2.300043821334838867e+00
4.238708219999999804e-01 2.250729799270629883e+00
4.267025409999999908e-01 2.197601556777954102e+00
4.295343160000000271e-01 2.011679410934448242e+00
4.323661469999999785e-01 2.156915426254272461e+00
4.351980349999999831e-01 2.337754249572753906e+00
4.380299790000000137e-01 2.353120803833007812e+00
4.408619790000000149e-01 2.457736253738403320e+00
4.436940349999999866e-01 2.581989765167236328e+00
4.465261480000000116e-01 2.604333400726318359e+00
4.493583170000000071e-01 2.752704143524169922e+00
4.521905419999999731e-01 2.770271062850952148e+00
4.550228230000000207e-01 2.743952512741088867e+00
4.578551610000000105e-01 2.809818506240844727e+00
4.606875550000000263e-01 2.829860448837280273e+00
4.635200050000000127e-01 2.842139244079589844e+00
4.663525110000000251e-01 2.792521953582763672e+00
4.691850739999999798e-01 2.782210826873779297e+00
4.720176919999999887e-01 2.817812442779541016e+00
4.748503669999999954e-01 2.867310523986816406e+00
4.776830989999999999e-01 2.906022071838378906e+00
4.805158860000000032e-01 2.945994853973388672e+00
4.833487300000000042e-01 2.927432537078857422e+00
4.861816299999999758e-01 2.695644855499267578e+00
4.890145859999999733e-01 2.831000328063964844e+00
4.918475979999999970e-01 2.890052318572998047e+00
4.946806670000000183e-01 2.958332061767578125e+00
4.975137920000000102e-01 2.955511808395385742e+00
5.003469729999999727e-01 2.881610393524169922e+00
5.031802100000000166e-01 2.871928691864013672e+00
5.060135040000000028e-01 2.951281309127807617e+00
5.088468539999999596e-01 2.968763351440429688e+00
5.116802599999999979e-01 2.995839357376098633e+00
5.145137220000000067e-01 2.927231073379516602e+00
5.173472409999999577e-01 2.772409439086914062e+00
5.201808159999999903e-01 2.906224489212036133e+00
5.230144469999999934e-01 3.030162096023559570e+00
5.258481339999999671e-01 3.025836944580078125e+00
5.286818779999999940e-01 3.083010673522949219e+00
5.315156779999999914e-01 3.173710346221923828e+00
5.343495339999999594e-01 3.163290977478027344e+00
5.371834460000000089e-01 3.204780578613281250e+00
5.400174150000000006e-01 3.145042419433593750e+00
5.428514389999999912e-01 3.169230937957763672e+00
5.456855200000000350e-01 3.234376430511474609e+00
5.485196580000000210e-01 3.231488943099975586e+00
5.513538510000000059e-01 3.263690471649169922e+00
5.541881010000000440e-01 3.291401624679565430e+00
5.570224070000000527e-01 3.265284776687622070e+00
5.598567690000000319e-01 3.216953277587890625e+00
5.626911869999999816e-01 3.265579223632812500e+00
5.655256619999999845e-01 3.243815422058105469e+00
5.683601929999999580e-01 3.220962524414062500e+00
5.711947800000000131e-01 3.199905157089233398e+00
5.740294230000000386e-01 3.240023612976074219e+00
5.768641230000000064e-01 3.209983825683593750e+00
5.796988789999999447e-01 3.213011741638183594e+00
5.825336909999999646e-01 3.285624980926513672e+00
5.853685589999999550e-01 3.235399484634399414e+00
5.882034839999999987e-01 3.020035505294799805e+00
5.910384650000000129e-01 2.893669366836547852e+00
5.938735019999999976e-01 2.944695711135864258e+00
5.967085949999999528e-01 2.927896261215209961e+00
5.995437449999999613e-01 2.884497642517089844e+00
6.023789510000000513e-01 2.841924905776977539e+00
6.052142130000000009e-01 2.846540927886962891e+00
6.080495310000000320e-01 2.802126169204711914e+00
6.108849060000000053e-01 2.661275148391723633e+00
6.137203359999999774e-01 2.638722419738769531e+00
6.165558230000000028e-01 2.618618965148925781e+00
6.193913669999999705e-01 2.680601358413696289e+00
6.222269660000000480e-01 2.664937734603881836e+00
6.250626219999999567e-01 2.592725992202758789e+00
6.278983339999999469e-01 2.527287244796752930e+00
6.307341020000000187e-01 2.511983156204223633e+00
6.335699259999999500e-01 2.540479421615600586e+00
6.364058070000000455e-01 2.563129663467407227e+00
6.392417440000000006e-01 2.566031694412231445e+00
6.420777370000000372e-01 2.530782699584960938e+00
6.449137860000000444e-01 2.500027894973754883e+00
6.477498919999999938e-01 2.377668142318725586e+00
6.505860540000000247e-01 2.377818346023559570e+00
6.534222720000000262e-01 2.366940021514892578e+00
6.562585459999999982e-01 2.166735649108886719e+00
6.590948770000000234e-01 2.268488645553588867e+00
6.619312640000000192e-01 2.321503400802612305e+00
6.647677069999999855e-01 2.302185058593750000e+00
6.676042060000000333e-01 2.288996219635009766e+00
6.704407620000000234e-01 2.270422935485839844e+00
6.732773739999999840e-01 2.240783214569091797e+00
6.761140420000000262e-01 2.228674411773681641e+00
6.789507660000000389e-01 2.210421085357666016e+00
6.817875469999999938e-01 2.178140401840209961e+00
6.846243829999999475e-01 2.100559711456298828e+00
6.874612759999999545e-01 1.756774544715881348e+00
6.902982260000000148e-01 1.783362746238708496e+00
6.931352309999999628e-01 1.798102259635925293e+00
6.959722929999999641e-01 1.812095999717712402e+00
6.988094110000000470e-01 1.781016230583190918e+00
7.016465849999999893e-01 1.684780120849609375e+00
7.044838150000000132e-01 1.682216167449951172e+00
7.073211019999999793e-01 1.635697364807128906e+00
7.101584450000000270e-01 1.568598628044128418e+00
7.129958440000000452e-01 1.470150709152221680e+00
7.158332990000000340e-01 1.239509344100952148e+00
7.186708109999999650e-01 9.040357470512390137e-01
7.215083789999999775e-01 9.297190904617309570e-01
7.243460029999999605e-01 8.431551456451416016e-01
7.271836830000000251e-01 7.646186351776123047e-01
7.300214200000000320e-01 7.124534845352172852e-01
7.328592130000000093e-01 7.286547422409057617e-01
7.356970619999999572e-01 7.192838788032531738e-01
7.385349669999999866e-01 6.968560814857482910e-01
7.413729289999999583e-01 7.029668688774108887e-01
7.442109470000000115e-01 7.138726115226745605e-01
7.470490210000000353e-01 7.114369273185729980e-01
7.498871510000000296e-01 6.994865536689758301e-01
7.527253379999999661e-01 6.904387474060058594e-01
7.555635800000000124e-01 6.855642795562744141e-01
7.584018790000000010e-01 5.602614283561706543e-01
7.612402350000000428e-01 2.629412412643432617e-01
7.640786459999999725e-01 3.238280415534973145e-01
7.669171139999999554e-01 5.165738463401794434e-01
7.697556380000000198e-01 6.277726888656616211e-01
7.725942180000000548e-01 6.473319530487060547e-01
7.754328539999999492e-01 6.457809209823608398e-01
7.782715470000000080e-01 6.578063964843750000e-01
7.811102960000000373e-01 6.516447067260742188e-01
7.839491010000000371e-01 6.595414280891418457e-01
7.867879620000000074e-01 6.439584493637084961e-01
7.896268800000000310e-01 6.182584762573242188e-01
7.924658540000000251e-01 6.184052824974060059e-01
7.953048839999999897e-01 6.321162581443786621e-01
7.981439700000000359e-01 6.339603066444396973e-01
8.009831130000000243e-01 6.300399899482727051e-01
8.038223119999999833e-01 6.313825845718383789e-01
8.066615670000000238e-01 6.441206932067871094e-01
8.095008780000000348e-01 6.208733916282653809e-01
8.123402459999999881e-01 5.524915456771850586e-01
8.151796700000000229e-01 4.509081244468688965e-01
8.180191500000000282e-01 4.279198050498962402e-01
8.208586860000000041e-01 4.562585651874542236e-01
8.236982790000000332e-01 4.180136620998382568e-01
8.265379269999999501e-01 4.367432296276092529e-01
8.293776320000000313e-01 3.865355849266052246e-01
8.322173940000000547e-01 3.744330108165740967e-01
8.350572109999999659e-01 3.775987923145294189e-01
8.378970850000000414e-01 3.834116458892822266e-01
8.407370149999999764e-01 3.929364085197448730e-01
8.435770009999999930e-01 3.863686323165893555e-01
8.464170429999999801e-01 3.843567669391632080e-01
8.492571420000000204e-01 3.671195507049560547e-01
8.520972970000000313e-01 3.491989374160766602e-01
8.549375080000000127e-01 3.304388821125030518e-01
8.577777749999999646e-01 3.509710431098937988e-01
8.606180989999999698e-01 3.427581489086151123e-01
8.634584789999999455e-01 3.417805433273315430e-01
8.662989150000000027e-01 3.092015385627746582e-01
8.691394070000000305e-01 3.200871646404266357e-01
8.719799560000000005e-01 3.185309171676635742e-01
8.748205610000000521e-01 3.053510189056396484e-01
8.776612219999999631e-01 3.016280829906463623e-01
8.805019389999999557e-01 2.906827032566070557e-01
8.833427130000000016e-01 2.848449349403381348e-01
8.861835430000000180e-01 2.713761627674102783e-01
8.890244290000000049e-01 2.694798111915588379e-01
8.918653709999999624e-01 2.585447132587432861e-01
8.947063699999999731e-01 2.170899957418441772e-01
8.975474239999999826e-01 1.714043170213699341e-01
9.003885350000000454e-01 1.581687182188034058e-01
9.032297030000000504e-01 1.769040226936340332e-01
9.060709260000000542e-01 1.764580160379409790e-01
9.089122060000000003e-01 1.466124355792999268e-01
9.117535420000000279e-01 1.479055285453796387e-01
9.145949340000000261e-01 1.340501308441162109e-01
9.174363819999999947e-01 1.337420195341110229e-01
9.202778870000000166e-01 1.564172655344009399e-01
9.231194480000000091e-01 1.459266841411590576e-01
9.259610649999999721e-01 1.356637924909591675e-01
9.288027380000000166e-01 9.730326384305953979e-02
9.316444680000000034e-01 5.002767965197563171e-02
9.344862539999999607e-01 2.893263846635818481e-02
9.373280959999999995e-01 3.195369243621826172e-02
9.401699940000000089e-01 5.238116160035133362e-02
9.430119489999999605e-01 4.647184908390045166e-02
9.458539599999999936e-01 3.819425404071807861e-02
9.486960269999999973e-01 4.113503918051719666e-02
9.515381499999999715e-01 4.542294517159461975e-02
9.543803299999999989e-01 4.296932369470596313e-02
9.572225659999999969e-01 4.809984192252159119e-02
9.600648579999999654e-01 5.007881671190261841e-02
9.629072060000000155e-01 5.706347897648811340e-02
9.657496110000000078e-01 6.622035056352615356e-02
9.685920709999999989e-01 8.898583799600601196e-02
9.714345880000000433e-01 9.506915509700775146e-02
9.742771620000000299e-01 8.279339224100112915e-02
9.771197910000000153e-01 8.153720945119857788e-02
9.799624770000000540e-01 9.524503350257873535e-02
9.828052189999999522e-01 9.814856946468353271e-02
9.856480170000000429e-01 1.046938821673393250e-01
9.884908709999999932e-01 1.106439232826232910e-01
9.913337819999999967e-01 1.107972115278244019e-01
9.941767489999999707e-01 1.115302070975303650e-01
9.970197720000000263e-01 1.097046956419944763e-01
9.998628510000000524e-01 1.064983084797859192e-01
1.002705986999999910e+00 1.088232994079589844e-01
1.005549178999999960e+00 1.079371944069862366e-01
1.008392426999999980e+00 1.077321767807006836e-01
1.011235730999999971e+00 1.098043024539947510e-01
1.014079092000000015e+00 1.158252879977226257e-01
1.016922509000000030e+00 1.095816642045974731e-01
1.019765982000000015e+00 1.114662587642669678e-01
1.022609510999999971e+00 1.115760803222656250e-01
1.025453096999999980e+00 1.123843044042587280e-01
1.028296738999999960e+00 1.092344671487808228e-01
1.031140436999999910e+00 1.119445562362670898e-01
1.033984191000000052e+00 1.094484850764274597e-01
1.036828002000000026e+00 1.116250976920127869e-01
1.039671868000000110e+00 1.179011613130569458e-01
1.042515791000000025e+00 9.552596509456634521e-02
1.045359770999999993e+00 1.063158139586448669e-01
