3.615872339999999796e-01 1.314305901527404785e+00
3.644177160000000026e-01 1.469054698944091797e+00
3.672482539999999962e-01 1.616944789886474609e+00
3.700788480000000158e-01 1.612504601478576660e+00
3.729094980000000059e-01 1.395406365394592285e+00
3.757402049999999938e-01 1.500063896179199219e+00
3.785709680000000077e-01 1.675649166107177734e+00
3.814017869999999921e-01 1.453312516212463379e+00
3.842326620000000026e-01 1.309211015701293945e+00
3.870635940000000108e-01 1.453698396682739258e+00
3.898945819999999896e-01 1.627919912338256836e+00
3.927256259999999943e-01 1.409406065940856934e+00
3.955567260000000251e-01 1.460720181465148926e+00
3.983878829999999982e-01 1.823261618614196777e+00
4.012190950000000256e-01 2.303968191146850586e+00
4.040503639999999952e-01 2.295003175735473633e+00
4.068816900000000181e-01 2.251341104507446289e+00
4.097130709999999842e-01 2.264762163162231445e+00
4.125445090000000037e-01 2.375494956970214844e+00
4.153760029999999936e-01 2.387784957885742188e+00
4.182075530000000096e-01 2.341475963592529297e+00
4.210391589999999962e-01 2.337886333465576172e+00
4.238708219999999804e-01 2.304004907608032227e+00
4.267025409999999908e-01 2.246311426162719727e+00
4.295343160000000271e-01 2.041521310806274414e+00
4.323661469999999785e-01 2.176909685134887695e+00
4.351980349999999831e-01 2.365255594253540039e+00
4.380299790000000137e-01 2.404046058654785156e+00
4.408619790000000149e-01 2.478381395339965820e+00
4.436940349999999866e-01 2.632057905197143555e+00
4.465261480000000116e-01 2.660907268524169922e+00
4.493583170000000071e-01 2.792790889739990234e+00
4.521905419999999731e-01 2.806340932846069336e+00
4.550228230000000207e-01 2.786021471023559570e+00
4.578551610000000105e-01 2.843737125396728516e+00
4.606875550000000263e-01 2.858593702316284180e+00
4.635200050000000127e-01 2.888154745101928711e+00
4.663525110000000251e-01 2.837191820144653320e+00
4.691850739999999798e-01 2.834292888641357422e+00
4.720176919999999887e-01 2.860072135925292969e+00
4.748503669999999954e-01 2.916933774948120117e+00
4.776830989999999999e-01 2.937792539596557617e+00
4.805158860000000032e-01 2.996400356292724609e+00
4.833487300000000042e-01 2.981038808822631836e+00
4.861816299999999758e-01 2.751842975616455078e+00
4.890145859999999733e-01 2.860511541366577148e+00
4.918475979999999970e-01 2.929939508438110352e+00
4.946806670000000183e-01 2.994260072708129883e+00
4.975137920000000102e-01 2.996292591094970703e+00
5.003469729999999727e-01 2.927639961242675781e+00
5.031802100000000166e-01 2.911334753036499023e+00
5.060135040000000028e-01 3.002418041229248047e+00
5.088468539999999596e-01 3.024202108383178711e+00
5.116802599999999979e-01 3.051197052001953125e+00
5.145137220000000067e-01 2.988335847854614258e+00
5.173472409999999577e-01 2.825687885284423828e+00
5.201808159999999903e-01 2.956880331039428711e+00
5.230144469999999934e-01 3.084376811981201172e+00
5.258481339999999671e-01 3.095025539398193359e+00
5.286818779999999940e-01 3.132475614547729492e+00
5.315156779999999914e-01 3.234944105148315430e+00
5.343495339999999594e-01 3.223757028579711914e+00
5.371834460000000089e-01 3.272472143173217773e+00
5.400174150000000006e-01 3.194111585617065430e+00
5.428514389999999912e-01 3.221764087677001953e+00
5.456855200000000350e-01 3.290767431259155273e+00
5.485196580000000210e-01 3.302871465682983398e+00
5.513538510000000059e-01 3.335439443588256836e+00
5.541881010000000440e-01 3.360243320465087891e+00
5.570224070000000527e-01 3.320157527923583984e+00
5.598567690000000319e-01 3.283135414123535156e+00
5.626911869999999816e-01 3.328735828399658203e+00
5.655256619999999845e-01 3.323216915130615234e+00
5.683601929999999580e-01 3.298633337020874023e+00
5.711947800000000131e-01 3.251110076904296875e+00
5.740294230000000386e-01 3.300104379653930664e+00
5.768641230000000064e-01 3.267166376113891602e+00
5.796988789999999447e-01 3.278779268264770508e+00
5.825336909999999646e-01 3.356714248657226562e+00
5.853685589999999550e-01 3.321042537689208984e+00
5.882034839999999987e-01 3.092738389968872070e+00
5.910384650000000129e-01 2.960397481918334961e+00
5.938735019999999976e-01 3.009730577468872070e+00
5.967085949999999528e-01 2.997296333312988281e+00
5.995437449999999613e-01 2.959098815917968750e+00
6.023789510000000513e-01 2.912757396697998047e+00
6.052142130000000009e-01 2.924103736877441406e+00
6.080495310000000320e-01 2.892660856246948242e+00
6.108849060000000053e-01 2.796279668807983398e+00
6.137203359999999774e-01 2.706867456436157227e+00
6.165558230000000028e-01 2.686156511306762695e+00
6.193913669999999705e-01 2.742372274398803711e+00
6.222269660000000480e-01 2.730629682540893555e+00
6.250626219999999567e-01 2.671981573104858398e+00
6.278983339999999469e-01 2.610100507736206055e+00
6.307341020000000187e-01 2.585215806961059570e+00
6.335699259999999500e-01 2.618905782699584961e+00
6.364058070000000455e-01 2.641814947128295898e+00
6.392417440000000006e-01 2.642258644104003906e+00
6.420777370000000372e-01 2.608418703079223633e+00
6.449137860000000444e-01 2.576503276824951172e+00
6.477498919999999938e-01 2.458731889724731445e+00
6.505860540000000247e-01 2.448559761047363281e+00
6.534222720000000262e-01 2.436845779418945312e+00
6.562585459999999982e-01 2.234153747558593750e+00
6.590948770000000234e-01 2.338035106658935547e+00
6.619312640000000192e-01 2.392536640167236328e+00
6.647677069999999855e-01 2.369588375091552734e+00
6.676042060000000333e-01 2.348380804061889648e+00
6.704407620000000234e-01 2.325141906738281250e+00
6.732773739999999840e-01 2.303329944610595703e+00
6.761140420000000262e-01 2.291868925094604492e+00
6.789507660000000389e-01 2.276194334030151367e+00
6.817875469999999938e-01 2.247922420501708984e+00
6.846243829999999475e-01 2.170370101928710938e+00
6.874612759999999545e-01 1.814567446708679199e+00
6.902982260000000148e-01 1.838497281074523926e+00
6.931352309999999628e-01 1.869184374809265137e+00
6.959722929999999641e-01 1.883211135864257812e+00
6.988094110000000470e-01 1.866228938102722168e+00
7.016465849999999893e-01 1.753938794136047363e+00
7.044838150000000132e-01 1.751022458076477051e+00
7.073211019999999793e-01 1.711604952812194824e+00
7.101584450000000270e-01 1.660450696945190430e+00
7.129958440000000452e-01 1.556060910224914551e+00
7.158332990000000340e-01 1.314475774765014648e+00
7.186708109999999650e-01 9.527175426483154297e-01
7.215083789999999775e-01 9.776594042778015137e-01
7.243460029999999605e-01 8.989914059638977051e-01
7.271836830000000251e-01 8.139218091964721680e-01
7.300214200000000320e-01 7.640975713729858398e-01
7.328592130000000093e-01 7.811702489852905273e-01
7.356970619999999572e-01 7.718624472618103027e-01
7.385349669999999866e-01 7.535765767097473145e-01
7.413729289999999583e-01 7.570319771766662598e-01
7.442109470000000115e-01 7.712408900260925293e-01
7.470490210000000353e-01 7.677365541458129883e-01
7.498871510000000296e-01 7.559763193130493164e-01
7.527253379999999661e-01 7.523047924041748047e-01
7.555635800000000124e-01 7.431661486625671387e-01
7.584018790000000010e-01 6.131604909896850586e-01
7.612402350000000428e-01 2.868548929691314697e-01
7.640786459999999725e-01 3.423229753971099854e-01
7.669171139999999554e-01 5.531355738639831543e-01
7.697556380000000198e-01 6.774833798408508301e-01
7.725942180000000548e-01 7.038185000419616699e-01
7.754328539999999492e-01 7.055301070213317871e-01
7.782715470000000080e-01 7.097838521003723145e-01
7.811102960000000373e-01 7.117678523063659668e-01
7.839491010000000371e-01 7.135035991668701172e-01
7.867879620000000074e-01 7.004680633544921875e-01
7.896268800000000310e-01 6.786903738975524902e-01
7.924658540000000251e-01 6.830139160156250000e-01
7.953048839999999897e-01 6.816311478614807129e-01
7.981439700000000359e-01 6.990718841552734375e-01
8.009831130000000243e-01 6.900479197502136230e-01
8.038223119999999833e-01 6.871199607849121094e-01
8.066615670000000238e-01 7.013149261474609375e-01
8.095008780000000348e-01 6.704065203666687012e-01
8.123402459999999881e-01 6.033697128295898438e-01
8.151796700000000229e-01 4.951798319816589355e-01
8.180191500000000282e-01 4.640142917633056641e-01
8.208586860000000041e-01 5.005435347557067871e-01
8.236982790000000332e-01 4.571766555309295654e-01
8.265379269999999501e-01 4.764046669006347656e-01
8.293776320000000313e-01 4.226675629615783691e-01
8.322173940000000547e-01 4.084910750389099121e-01
8.350572109999999659e-01 4.204557538032531738e-01
8.378970850000000414e-01 4.282779991626739502e-01
8.407370149999999764e-01 4.249032139778137207e-01
8.435770009999999930e-01 4.238479435443878174e-01
8.464170429999999801e-01 4.159209728240966797e-01
8.492571420000000204e-01 3.992990255355834961e-01
8.520972970000000313e-01 3.827302157878875732e-01
8.549375080000000127e-01 3.636385798454284668e-01
8.577777749999999646e-01 3.888630270957946777e-01
8.606180989999999698e-01 3.789815306663513184e-01
8.634584789999999455e-01 3.761714100837707520e-01
8.662989150000000027e-01 3.396774828433990479e-01
8.691394070000000305e-01 3.504490256309509277e-01
8.719799560000000005e-01 3.519583642482757568e-01
8.748205610000000521e-01 3.377989530563354492e-01
8.776612219999999631e-01 3.339293301105499268e-01
8.805019389999999557e-01 3.209702670574188232e-01
8.833427130000000016e-01 3.169944286346435547e-01
8.861835430000000180e-01 3.050704300403594971e-01
8.890244290000000049e-01 2.989048957824707031e-01
8.918653709999999624e-01 2.816651761531829834e-01
8.947063699999999731e-01 2.330448478460311890e-01
8.975474239999999826e-01 1.892134994268417358e-01
9.003885350000000454e-01 1.679761558771133423e-01
9.032297030000000504e-01 1.984757035970687866e-01
9.060709260000000542e-01 1.974341571331024170e-01
9.089122060000000003e-01 1.615258008241653442e-01
9.117535420000000279e-01 1.583668142557144165e-01
9.145949340000000261e-01 1.472617089748382568e-01
9.174363819999999947e-01 1.486490517854690552e-01
9.202778870000000166e-01 1.703990697860717773e-01
9.231194480000000091e-01 1.591870486736297607e-01
9.259610649999999721e-01 1.450129002332687378e-01
9.288027380000000166e-01 1.059290468692779541e-01
9.316444680000000034e-01 5.954340472817420959e-02
9.344862539999999607e-01 3.757342696189880371e-02
9.373280959999999995e-01 3.719014674425125122e-02
9.401699940000000089e-01 5.615938082337379456e-02
9.430119489999999605e-01 4.983816295862197876e-02
9.458539599999999936e-01 4.345152899622917175e-02
9.486960269999999973e-01 4.742116108536720276e-02
9.515381499999999715e-01 5.117942392826080322e-02
9.543803299999999989e-01 4.770444706082344055e-02
9.572225659999999969e-01 5.447460338473320007e-02
9.600648579999999654e-01 5.640362203121185303e-02
9.629072060000000155e-01 6.454347074031829834e-02
9.657496110000000078e-01 6.909274309873580933e-02
9.685920709999999989e-01 9.194943308830261230e-02
9.714345880000000433e-01 9.774655103683471680e-02
9.742771620000000299e-01 8.866047859191894531e-02
9.771197910000000153e-01 9.258046001195907593e-02
9.799624770000000540e-01 9.324347227811813354e-02
9.828052189999999522e-01 1.079073771834373474e-01
9.856480170000000429e-01 1.145946383476257324e-01
9.884908709999999932e-01 1.171079799532890320e-01
9.913337819999999967e-01 1.204176917672157288e-01
9.941767489999999707e-01 1.263956576585769653e-01
9.970197720000000263e-01 1.226953342556953430e-01
9.998628510000000524e-01 1.205362826585769653e-01
1.002705986999999910e+00 1.158020049333572388e-01
1.005549178999999960e+00 1.170332506299018860e-01
1.008392426999999980e+00 1.194970533251762390e-01
1.011235730999999971e+00 1.261915713548660278e-01
1.014079092000000015e+00 1.216842383146286011e-01
1.016922509000000030e+00 1.222698912024497986e-01
1.019765982000000015e+00 1.224559247493743896e-01
1.022609510999999971e+00 1.256991773843765259e-01
1.025453096999999980e+00 1.260432749986648560e-01
1.028296738999999960e+00 1.282814145088195801e-01
1.031140436999999910e+00 1.216853186488151550e-01
1.033984191000000052e+00 1.180842742323875427e-01
1.036828002000000026e+00 1.249335110187530518e-01
1.039671868000000110e+00 1.243982538580894470e-01
1.042515791000000025e+00 1.287120729684829712e-01
1.045359770999999993e+00 1.357136666774749756e-01
