3.615872339999999796e-01 1.310664415359497070e+00
3.644177160000000026e-01 1.495732188224792480e+00
3.672482539999999962e-01 1.586214184761047363e+00
3.700788480000000158e-01 1.583570837974548340e+00
3.729094980000000059e-01 1.428229808807373047e+00
3.757402049999999938e-01 1.456535577774047852e+00
3.785709680000000077e-01 1.656391978263854980e+00
3.814017869999999921e-01 1.412143349647521973e+00
3.842326620000000026e-01 1.309061765670776367e+00
3.870635940000000108e-01 1.442694902420043945e+00
3.898945819999999896e-01 1.628675937652587891e+00
3.927256259999999943e-01 1.418784618377685547e+00
3.955567260000000251e-01 1.481823682785034180e+00
3.983878829999999982e-01 1.832490086555480957e+00
4.012190950000000256e-01 2.277643680572509766e+00
4.040503639999999952e-01 2.294653177261352539e+00
4.068816900000000181e-01 2.243688344955444336e+00
4.097130709999999842e-01 2.288615942001342773e+00
4.125445090000000037e-01 2.403199434280395508e+00
4.153760029999999936e-01 2.395196914672851562e+00
4.182075530000000096e-01 2.335561275482177734e+00
4.210391589999999962e-01 2.354014158248901367e+00
4.238708219999999804e-01 2.314136028289794922e+00
4.267025409999999908e-01 2.260338544845581055e+00
4.295343160000000271e-01 2.071928024291992188e+00
4.323661469999999785e-01 2.195611000061035156e+00
4.351980349999999831e-01 2.391716003417968750e+00
4.380299790000000137e-01 2.408216476440429688e+00
4.408619790000000149e-01 2.475849866867065430e+00
4.436940349999999866e-01 2.652093172073364258e+00
4.465261480000000116e-01 2.669143199920654297e+00
4.493583170000000071e-01 2.822076559066772461e+00
4.521905419999999731e-01 2.842711448669433594e+00
4.550228230000000207e-01 2.799104928970336914e+00
4.578551610000000105e-01 2.870239257812500000e+00
4.606875550000000263e-01 2.895376682281494141e+00
4.635200050000000127e-01 2.917199134826660156e+00
4.663525110000000251e-01 2.859104871749877930e+00
4.691850739999999798e-01 2.857667922973632812e+00
4.720176919999999887e-01 2.880122900009155273e+00
4.748503669999999954e-01 2.940852165222167969e+00
4.776830989999999999e-01 2.970421314239501953e+00
4.805158860000000032e-01 3.028741598129272461e+00
4.833487300000000042e-01 3.016958951950073242e+00
4.861816299999999758e-01 2.781386375427246094e+00
4.890145859999999733e-01 2.894518613815307617e+00
4.918475979999999970e-01 2.981862783432006836e+00
4.946806670000000183e-01 3.044040918350219727e+00
4.975137920000000102e-01 3.055970907211303711e+00
5.003469729999999727e-01 2.981324672698974609e+00
5.031802100000000166e-01 2.947259664535522461e+00
5.060135040000000028e-01 3.032939195632934570e+00
5.088468539999999596e-01 3.069499254226684570e+00
5.116802599999999979e-01 3.095686912536621094e+00
5.145137220000000067e-01 3.026046514511108398e+00
5.173472409999999577e-01 2.876309871673583984e+00
5.201808159999999903e-01 3.005537509918212891e+00
5.230144469999999934e-01 3.125978469848632812e+00
5.258481339999999671e-01 3.134061574935913086e+00
5.286818779999999940e-01 3.165452957153320312e+00
5.315156779999999914e-01 3.278463840484619141e+00
5.343495339999999594e-01 3.275822639465332031e+00
5.371834460000000089e-01 3.321228742599487305e+00
5.400174150000000006e-01 3.256202459335327148e+00
5.428514389999999912e-01 3.281327486038208008e+00
5.456855200000000350e-01 3.344794750213623047e+00
5.485196580000000210e-01 3.346246719360351562e+00
5.513538510000000059e-01 3.386215925216674805e+00
5.541881010000000440e-01 3.404445409774780273e+00
5.570224070000000527e-01 3.373826503753662109e+00
5.598567690000000319e-01 3.329024314880371094e+00
5.626911869999999816e-01 3.380289793014526367e+00
5.655256619999999845e-01 3.374164342880249023e+00
5.683601929999999580e-01 3.343991518020629883e+00
5.711947800000000131e-01 3.308854341506958008e+00
5.740294230000000386e-01 3.361088275909423828e+00
5.768641230000000064e-01 3.328804254531860352e+00
5.796988789999999447e-01 3.335547208786010742e+00
5.825336909999999646e-01 3.408985853195190430e+00
5.853685589999999550e-01 3.365826606750488281e+00
5.882034839999999987e-01 3.146992921829223633e+00
5.910384650000000129e-01 3.006803512573242188e+00
5.938735019999999976e-01 3.068755388259887695e+00
5.967085949999999528e-01 3.056097745895385742e+00
5.995437449999999613e-01 3.015436649322509766e+00
6.023789510000000513e-01 2.981499910354614258e+00
6.052142130000000009e-01 2.997356891632080078e+00
6.080495310000000320e-01 2.945419311523437500e+00
6.108849060000000053e-01 2.849693536758422852e+00
6.137203359999999774e-01 2.785717725753784180e+00
6.165558230000000028e-01 2.743213653564453125e+00
6.193913669999999705e-01 2.821203231811523438e+00
6.222269660000000480e-01 2.805867910385131836e+00
6.250626219999999567e-01 2.735697031021118164e+00
6.278983339999999469e-01 2.673234701156616211e+00
6.307341020000000187e-01 2.650264501571655273e+00
6.335699259999999500e-01 2.678154706954956055e+00
6.364058070000000455e-01 2.706324338912963867e+00
6.392417440000000006e-01 2.715998172760009766e+00
6.420777370000000372e-01 2.676705598831176758e+00
6.449137860000000444e-01 2.645179748535156250e+00
6.477498919999999938e-01 2.527601480484008789e+00
6.505860540000000247e-01 2.520328283309936523e+00
6.534222720000000262e-01 2.510674476623535156e+00
6.562585459999999982e-01 2.298950195312500000e+00
6.590948770000000234e-01 2.412223339080810547e+00
6.619312640000000192e-01 2.469485759735107422e+00
6.647677069999999855e-01 2.458365440368652344e+00
6.676042060000000333e-01 2.425262451171875000e+00
6.704407620000000234e-01 2.407146453857421875e+00
6.732773739999999840e-01 2.380552053451538086e+00
6.761140420000000262e-01 2.368468046188354492e+00
6.789507660000000389e-01 2.358314752578735352e+00
6.817875469999999938e-01 2.322369575500488281e+00
6.846243829999999475e-01 2.241975784301757812e+00
6.874612759999999545e-01 1.882706642150878906e+00
6.902982260000000148e-01 1.899433016777038574e+00
6.931352309999999628e-01 1.945415973663330078e+00
6.959722929999999641e-01 1.952099323272705078e+00
6.988094110000000470e-01 1.944006800651550293e+00
7.016465849999999893e-01 1.826970696449279785e+00
7.044838150000000132e-01 1.829732656478881836e+00
7.073211019999999793e-01 1.789808392524719238e+00
7.101584450000000270e-01 1.729013800621032715e+00
7.129958440000000452e-01 1.628494739532470703e+00
7.158332990000000340e-01 1.381466269493103027e+00
7.186708109999999650e-01 1.000487804412841797e+00
7.215083789999999775e-01 1.027452826499938965e+00
7.243460029999999605e-01 9.449580907821655273e-01
7.271836830000000251e-01 8.559114336967468262e-01
7.300214200000000320e-01 8.012146949768066406e-01
7.328592130000000093e-01 8.281337022781372070e-01
7.356970619999999572e-01 8.185490369796752930e-01
7.385349669999999866e-01 8.010677099227905273e-01
7.413729289999999583e-01 8.085950613021850586e-01
7.442109470000000115e-01 8.197505474090576172e-01
7.470490210000000353e-01 8.135150074958801270e-01
7.498871510000000296e-01 8.022009730339050293e-01
7.527253379999999661e-01 7.904471755027770996e-01
7.555635800000000124e-01 7.858438491821289062e-01
7.584018790000000010e-01 6.465607881546020508e-01
7.612402350000000428e-01 3.031507432460784912e-01
7.640786459999999725e-01 3.691743314266204834e-01
7.669171139999999554e-01 5.929712653160095215e-01
7.697556380000000198e-01 7.260475754737854004e-01
7.725942180000000548e-01 7.534742355346679688e-01
7.754328539999999492e-01 7.560117244720458984e-01
7.782715470000000080e-01 7.514481544494628906e-01
7.811102960000000373e-01 7.580629587173461914e-01
7.839491010000000371e-01 7.572703957557678223e-01
7.867879620000000074e-01 7.493162751197814941e-01
7.896268800000000310e-01 7.295297980308532715e-01
7.924658540000000251e-01 7.183287143707275391e-01
7.953048839999999897e-01 7.325893640518188477e-01
7.981439700000000359e-01 7.404518723487854004e-01
8.009831130000000243e-01 7.318525314331054688e-01
8.038223119999999833e-01 7.360702157020568848e-01
8.066615670000000238e-01 7.513620853424072266e-01
8.095008780000000348e-01 7.216019034385681152e-01
8.123402459999999881e-01 6.437054276466369629e-01
8.151796700000000229e-01 5.245311856269836426e-01
8.180191500000000282e-01 4.964855015277862549e-01
8.208586860000000041e-01 5.307957530021667480e-01
8.236982790000000332e-01 4.896387159824371338e-01
8.265379269999999501e-01 5.060808062553405762e-01
8.293776320000000313e-01 4.554604589939117432e-01
8.322173940000000547e-01 4.413150846958160400e-01
8.350572109999999659e-01 4.489204585552215576e-01
8.378970850000000414e-01 4.551058411598205566e-01
8.407370149999999764e-01 4.603973627090454102e-01
8.435770009999999930e-01 4.510959088802337646e-01
8.464170429999999801e-01 4.511164724826812744e-01
8.492571420000000204e-01 4.314872026443481445e-01
8.520972970000000313e-01 4.169241786003112793e-01
8.549375080000000127e-01 3.928462862968444824e-01
8.577777749999999646e-01 4.177919328212738037e-01
8.606180989999999698e-01 4.090054631233215332e-01
8.634584789999999455e-01 4.045776128768920898e-01
8.662989150000000027e-01 3.692758977413177490e-01
8.691394070000000305e-01 3.811656832695007324e-01
8.719799560000000005e-01 3.776787221431732178e-01
8.748205610000000521e-01 3.660925030708312988e-01
8.776612219999999631e-01 3.584758639335632324e-01
8.805019389999999557e-01 3.445423543453216553e-01
8.833427130000000016e-01 3.406639993190765381e-01
8.861835430000000180e-01 3.250963687896728516e-01
8.890244290000000049e-01 3.254257738590240479e-01
8.918653709999999624e-01 3.034628033638000488e-01
8.947063699999999731e-01 2.587388753890991211e-01
8.975474239999999826e-01 2.110273540019989014e-01
9.003885350000000454e-01 1.867020726203918457e-01
9.032297030000000504e-01 2.153847664594650269e-01
9.060709260000000542e-01 2.128137350082397461e-01
9.089122060000000003e-01 1.763102263212203979e-01
9.117535420000000279e-01 1.755045652389526367e-01
9.145949340000000261e-01 1.594149768352508545e-01
9.174363819999999947e-01 1.601299494504928589e-01
9.202778870000000166e-01 1.869523674249649048e-01
9.231194480000000091e-01 1.778535842895507812e-01
9.259610649999999721e-01 1.649161279201507568e-01
9.288027380000000166e-01 1.155782565474510193e-01
9.316444680000000034e-01 6.396125257015228271e-02
9.344862539999999607e-01 3.675366193056106567e-02
9.373280959999999995e-01 4.191026464104652405e-02
9.401699940000000089e-01 6.384767591953277588e-02
9.430119489999999605e-01 5.494771897792816162e-02
9.458539599999999936e-01 4.986597970128059387e-02
9.486960269999999973e-01 5.435390397906303406e-02
9.515381499999999715e-01 5.587611719965934753e-02
9.543803299999999989e-01 5.604338273406028748e-02
9.572225659999999969e-01 6.404598057270050049e-02
9.600648579999999654e-01 6.379411369562149048e-02
9.629072060000000155e-01 7.071746885776519775e-02
9.657496110000000078e-01 8.160711079835891724e-02
9.685920709999999989e-01 1.077114343643188477e-01
9.714345880000000433e-01 1.130469441413879395e-01
9.742771620000000299e-01 9.829355776309967041e-02
9.771197910000000153e-01 1.016304641962051392e-01
9.799624770000000540e-01 1.124848425388336182e-01
9.828052189999999522e-01 1.221219152212142944e-01
9.856480170000000429e-01 1.272379904985427856e-01
9.884908709999999932e-01 1.354469209909439087e-01
9.913337819999999967e-01 1.347120404243469238e-01
9.941767489999999707e-01 1.335074901580810547e-01
9.970197720000000263e-01 1.378365457057952881e-01
9.998628510000000524e-01 1.383151113986968994e-01
1.002705986999999910e+00 1.375136822462081909e-01
1.005549178999999960e+00 1.317530274391174316e-01
1.008392426999999980e+00 1.309908777475357056e-01
1.011235730999999971e+00 1.377096325159072876e-01
1.014079092000000015e+00 1.329994052648544312e-01
1.016922509000000030e+00 1.351722776889801025e-01
1.019765982000000015e+00 1.447133421897888184e-01
1.022609510999999971e+00 1.342676877975463867e-01
1.025453096999999980e+00 1.401994079351425171e-01
1.028296738999999960e+00 1.377468556165695190e-01
1.031140436999999910e+00 1.365898549556732178e-01
1.033984191000000052e+00 1.498480886220932007e-01
1.036828002000000026e+00 1.462959945201873779e-01
1.039671868000000110e+00 1.514683067798614502e-01
1.042515791000000025e+00 1.354466229677200317e-01
1.045359770999999993e+00 1.482163667678833008e-01
