3.615872339999999796e-01 1.291927337646484375e+00
3.644177160000000026e-01 1.455547928810119629e+00
3.672482539999999962e-01 1.576053261756896973e+00
3.700788480000000158e-01 1.532491207122802734e+00
3.729094980000000059e-01 1.427577733993530273e+00
3.757402049999999938e-01 1.531902909278869629e+00
3.785709680000000077e-01 1.667265295982360840e+00
3.814017869999999921e-01 1.422419309616088867e+00
3.842326620000000026e-01 1.321427464485168457e+00
3.870635940000000108e-01 1.453076839447021484e+00
3.898945819999999896e-01 1.616615533828735352e+00
3.927256259999999943e-01 1.425040483474731445e+00
3.955567260000000251e-01 1.482205510139465332e+00
3.983878829999999982e-01 1.845532536506652832e+00
4.012190950000000256e-01 2.318817853927612305e+00
4.040503639999999952e-01 2.299981117248535156e+00
4.068816900000000181e-01 2.262337684631347656e+00
4.097130709999999842e-01 2.300485372543334961e+00
4.125445090000000037e-01 2.385321855545043945e+00
4.153760029999999936e-01 2.408863544464111328e+00
4.182075530000000096e-01 2.363423347473144531e+00
4.210391589999999962e-01 2.368360757827758789e+00
4.238708219999999804e-01 2.354819059371948242e+00
4.267025409999999908e-01 2.275717973709106445e+00
4.295343160000000271e-01 2.092216968536376953e+00
4.323661469999999785e-01 2.208446025848388672e+00
4.351980349999999831e-01 2.430151700973510742e+00
4.380299790000000137e-01 2.458891630172729492e+00
4.408619790000000149e-01 2.547858238220214844e+00
4.436940349999999866e-01 2.691614389419555664e+00
4.465261480000000116e-01 2.715926408767700195e+00
4.493583170000000071e-01 2.868828773498535156e+00
4.521905419999999731e-01 2.899511337280273438e+00
4.550228230000000207e-01 2.877518415451049805e+00
4.578551610000000105e-01 2.943526268005371094e+00
4.606875550000000263e-01 2.960400581359863281e+00
4.635200050000000127e-01 2.980751514434814453e+00
4.663525110000000251e-01 2.918690443038940430e+00
4.691850739999999798e-01 2.920075178146362305e+00
4.720176919999999887e-01 2.948560476303100586e+00
4.748503669999999954e-01 3.008500576019287109e+00
4.776830989999999999e-01 3.040205240249633789e+00
4.805158860000000032e-01 3.102506637573242188e+00
4.833487300000000042e-01 3.085687398910522461e+00
4.861816299999999758e-01 2.839392423629760742e+00
4.890145859999999733e-01 2.956681966781616211e+00
4.918475979999999970e-01 3.045058012008666992e+00
4.946806670000000183e-01 3.097716331481933594e+00
4.975137920000000102e-01 3.121079683303833008e+00
5.003469729999999727e-01 3.043606758117675781e+00
5.031802100000000166e-01 3.027039766311645508e+00
5.060135040000000028e-01 3.117463827133178711e+00
5.088468539999999596e-01 3.136766195297241211e+00
5.116802599999999979e-01 3.170166969299316406e+00
5.145137220000000067e-01 3.106062173843383789e+00
5.173472409999999577e-01 2.941210746765136719e+00
5.201808159999999903e-01 3.063071727752685547e+00
5.230144469999999934e-01 3.217145681381225586e+00
5.258481339999999671e-01 3.218603849411010742e+00
5.286818779999999940e-01 3.261717557907104492e+00
5.315156779999999914e-01 3.371121883392333984e+00
5.343495339999999594e-01 3.353114604949951172e+00
5.371834460000000089e-01 3.412427425384521484e+00
5.400174150000000006e-01 3.337493896484375000e+00
5.428514389999999912e-01 3.367102146148681641e+00
5.456855200000000350e-01 3.433190345764160156e+00
5.485196580000000210e-01 3.449791193008422852e+00
5.513538510000000059e-01 3.473161458969116211e+00
5.541881010000000440e-01 3.501561164855957031e+00
5.570224070000000527e-01 3.468871116638183594e+00
5.598567690000000319e-01 3.417497158050537109e+00
5.626911869999999816e-01 3.473673105239868164e+00
5.655256619999999845e-01 3.465822935104370117e+00
5.683601929999999580e-01 3.439764022827148438e+00
5.711947800000000131e-01 3.402281522750854492e+00
5.740294230000000386e-01 3.457644462585449219e+00
5.768641230000000064e-01 3.413999795913696289e+00
5.796988789999999447e-01 3.438564777374267578e+00
5.825336909999999646e-01 3.518388271331787109e+00
5.853685589999999550e-01 3.478934526443481445e+00
5.882034839999999987e-01 3.255152940750122070e+00
5.910384650000000129e-01 3.119867801666259766e+00
5.938735019999999976e-01 3.182770013809204102e+00
5.967085949999999528e-01 3.179974079132080078e+00
5.995437449999999613e-01 3.149219989776611328e+00
6.023789510000000513e-01 3.126898765563964844e+00
6.052142130000000009e-01 3.129111766815185547e+00
6.080495310000000320e-01 3.105219841003417969e+00
6.108849060000000053e-01 2.988361120223999023e+00
6.137203359999999774e-01 2.903708696365356445e+00
6.165558230000000028e-01 2.896051883697509766e+00
6.193913669999999705e-01 2.963160037994384766e+00
6.222269660000000480e-01 2.954859018325805664e+00
6.250626219999999567e-01 2.881049394607543945e+00
6.278983339999999469e-01 2.813727378845214844e+00
6.307341020000000187e-01 2.788836479187011719e+00
6.335699259999999500e-01 2.830758333206176758e+00
6.364058070000000455e-01 2.857146739959716797e+00
6.392417440000000006e-01 2.864917278289794922e+00
6.420777370000000372e-01 2.834104776382446289e+00
6.449137860000000444e-01 2.800006866455078125e+00
6.477498919999999938e-01 2.671337604522705078e+00
6.505860540000000247e-01 2.663158893585205078e+00
6.534222720000000262e-01 2.657714605331420898e+00
6.562585459999999982e-01 2.446750402450561523e+00
6.590948770000000234e-01 2.564890146255493164e+00
6.619312640000000192e-01 2.636950254440307617e+00
6.647677069999999855e-01 2.604529619216918945e+00
6.676042060000000333e-01 2.594356060028076172e+00
6.704407620000000234e-01 2.556562662124633789e+00
6.732773739999999840e-01 2.541932821273803711e+00
6.761140420000000262e-01 2.539090394973754883e+00
6.789507660000000389e-01 2.516410350799560547e+00
6.817875469999999938e-01 2.485435724258422852e+00
6.846243829999999475e-01 2.397530794143676758e+00
6.874612759999999545e-01 2.015047550201416016e+00
6.902982260000000148e-01 2.040648937225341797e+00
6.931352309999999628e-01 2.095786333084106445e+00
6.959722929999999641e-01 2.119577646255493164e+00
6.988094110000000470e-01 2.093946695327758789e+00
7.016465849999999893e-01 1.988365650177001953e+00
7.044838150000000132e-01 1.989439368247985840e+00
7.073211019999999793e-01 1.966961622238159180e+00
7.101584450000000270e-01 1.905678749084472656e+00
7.129958440000000452e-01 1.801126122474670410e+00
7.158332990000000340e-01 1.530272364616394043e+00
7.186708109999999650e-01 1.120867609977722168e+00
7.215083789999999775e-01 1.161552071571350098e+00
7.243460029999999605e-01 1.065125942230224609e+00
7.271836830000000251e-01 9.744482040405273438e-01
7.300214200000000320e-01 9.206042289733886719e-01
7.328592130000000093e-01 9.392457008361816406e-01
7.356970619999999572e-01 9.390694499015808105e-01
7.385349669999999866e-01 9.147370457649230957e-01
7.413729289999999583e-01 9.274728298187255859e-01
7.442109470000000115e-01 9.349644184112548828e-01
7.470490210000000353e-01 9.351674318313598633e-01
7.498871510000000296e-01 9.229179620742797852e-01
7.527253379999999661e-01 9.062865376472473145e-01
7.555635800000000124e-01 8.996322751045227051e-01
7.584018790000000010e-01 7.409204244613647461e-01
7.612402350000000428e-01 3.480980396270751953e-01
7.640786459999999725e-01 4.261628687381744385e-01
7.669171139999999554e-01 6.759446263313293457e-01
7.697556380000000198e-01 8.319260478019714355e-01
7.725942180000000548e-01 8.643370270729064941e-01
7.754328539999999492e-01 8.655844330787658691e-01
7.782715470000000080e-01 8.706285357475280762e-01
7.811102960000000373e-01 8.769850134849548340e-01
7.839491010000000371e-01 8.724091649055480957e-01
7.867879620000000074e-01 8.630535602569580078e-01
7.896268800000000310e-01 8.348166942596435547e-01
7.924658540000000251e-01 8.350999951362609863e-01
7.953048839999999897e-01 8.477590680122375488e-01
7.981439700000000359e-01 8.529580235481262207e-01
8.009831130000000243e-01 8.464547395706176758e-01
8.038223119999999833e-01 8.472048640251159668e-01
8.066615670000000238e-01 8.702666163444519043e-01
8.095008780000000348e-01 8.309987187385559082e-01
8.123402459999999881e-01 7.436581850051879883e-01
8.151796700000000229e-01 6.093354225158691406e-01
8.180191500000000282e-01 5.770149230957031250e-01
8.208586860000000041e-01 6.161839365959167480e-01
8.236982790000000332e-01 5.660364627838134766e-01
8.265379269999999501e-01 5.911077260971069336e-01
8.293776320000000313e-01 5.304444432258605957e-01
8.322173940000000547e-01 5.110290050506591797e-01
8.350572109999999659e-01 5.195470452308654785e-01
8.378970850000000414e-01 5.278263688087463379e-01
8.407370149999999764e-01 5.310240387916564941e-01
8.435770009999999930e-01 5.301231741905212402e-01
8.464170429999999801e-01 5.241717696189880371e-01
8.492571420000000204e-01 4.949830472469329834e-01
8.520972970000000313e-01 4.822534918785095215e-01
8.549375080000000127e-01 4.494581520557403564e-01
8.577777749999999646e-01 4.821289479732513428e-01
8.606180989999999698e-01 4.749189615249633789e-01
8.634584789999999455e-01 4.661490619182586670e-01
8.662989150000000027e-01 4.297739565372467041e-01
8.691394070000000305e-01 4.396994709968566895e-01
8.719799560000000005e-01 4.384926259517669678e-01
8.748205610000000521e-01 4.263713955879211426e-01
8.776612219999999631e-01 4.132869541645050049e-01
8.805019389999999557e-01 4.006404876708984375e-01
8.833427130000000016e-01 3.934457302093505859e-01
8.861835430000000180e-01 3.849977552890777588e-01
8.890244290000000049e-01 3.712136447429656982e-01
8.918653709999999624e-01 3.523544669151306152e-01
8.947063699999999731e-01 2.986747026443481445e-01
8.975474239999999826e-01 2.394198030233383179e-01
9.003885350000000454e-01 2.160231471061706543e-01
9.032297030000000504e-01 2.473875582218170166e-01
9.060709260000000542e-01 2.417193800210952759e-01
9.089122060000000003e-01 2.021888345479965210e-01
9.117535420000000279e-01 2.020582705736160278e-01
9.145949340000000261e-01 1.879522651433944702e-01
9.174363819999999947e-01 1.867287009954452515e-01
9.202778870000000166e-01 2.138787955045700073e-01
9.231194480000000091e-01 2.026290446519851685e-01
9.259610649999999721e-01 1.854025721549987793e-01
9.288027380000000166e-01 1.314999908208847046e-01
9.316444680000000034e-01 7.128784060478210449e-02
9.344862539999999607e-01 4.316075146198272705e-02
9.373280959999999995e-01 4.819195717573165894e-02
9.401699940000000089e-01 7.223438471555709839e-02
9.430119489999999605e-01 6.364953517913818359e-02
9.458539599999999936e-01 5.715076625347137451e-02
9.486960269999999973e-01 5.883185565471649170e-02
9.515381499999999715e-01 6.387765705585479736e-02
9.543803299999999989e-01 6.307513266801834106e-02
9.572225659999999969e-01 7.112573832273483276e-02
9.600648579999999654e-01 6.809951364994049072e-02
9.629072060000000155e-01 8.012448996305465698e-02
9.657496110000000078e-01 9.076081961393356323e-02
9.685920709999999989e-01 1.177254319190979004e-01
9.714345880000000433e-01 1.258490681648254395e-01
9.742771620000000299e-01 1.123194545507431030e-01
9.771197910000000153e-01 1.166603788733482361e-01
9.799624770000000540e-01 1.241316720843315125e-01
9.828052189999999522e-01 1.356451064348220825e-01
9.856480170000000429e-01 1.489098966121673584e-01
9.884908709999999932e-01 1.478462070226669312e-01
9.913337819999999967e-01 1.548335254192352295e-01
9.941767489999999707e-01 1.564439982175827026e-01
9.970197720000000263e-01 1.552240848541259766e-01
9.998628510000000524e-01 1.522043198347091675e-01
1.002705986999999910e+00 1.546443551778793335e-01
1.005549178999999960e+00 1.589825600385665894e-01
1.008392426999999980e+00 1.531571298837661743e-01
1.011235730999999971e+00 1.536409407854080200e-01
1.014079092000000015e+00 1.563865989446640015e-01
1.016922509000000030e+00 1.559177041053771973e-01
1.019765982000000015e+00 1.586405336856842041e-01
1.022609510999999971e+00 1.566040068864822388e-01
1.025453096999999980e+00 1.566817462444305420e-01
1.028296738999999960e+00 1.563707739114761353e-01
1.031140436999999910e+00 1.642717123031616211e-01
1.033984191000000052e+00 1.604797989130020142e-01
1.036828002000000026e+00 1.617880314588546753e-01
1.039671868000000110e+00 1.565216332674026489e-01
1.042515791000000025e+00 1.572004705667495728e-01
1.045359770999999993e+00 1.834872812032699585e-01
