3.615872339999999796e-01 1.335816979408264160e+00
3.644177160000000026e-01 1.483366250991821289e+00
3.672482539999999962e-01 1.588163614273071289e+00
3.700788480000000158e-01 1.624470114707946777e+00
3.729094980000000059e-01 1.422437071800231934e+00
3.757402049999999938e-01 1.509517073631286621e+00
3.785709680000000077e-01 1.644459605216979980e+00
3.814017869999999921e-01 1.408438920974731445e+00
3.842326620000000026e-01 1.327325105667114258e+00
3.870635940000000108e-01 1.445731163024902344e+00
3.898945819999999896e-01 1.620677947998046875e+00
3.927256259999999943e-01 1.418947339057922363e+00
3.955567260000000251e-01 1.433134436607360840e+00
3.983878829999999982e-01 1.821747422218322754e+00
4.012190950000000256e-01 2.255238771438598633e+00
4.040503639999999952e-01 2.266114473342895508e+00
4.068816900000000181e-01 2.225509643554687500e+00
4.097130709999999842e-01 2.277536869049072266e+00
4.125445090000000037e-01 2.353645324707031250e+00
4.153760029999999936e-01 2.371321916580200195e+00
4.182075530000000096e-01 2.330161809921264648e+00
4.210391589999999962e-01 2.341725349426269531e+00
4.238708219999999804e-01 2.281943559646606445e+00
4.267025409999999908e-01 2.228405952453613281e+00
4.295343160000000271e-01 2.032786130905151367e+00
4.323661469999999785e-01 2.160863161087036133e+00
4.351980349999999831e-01 2.360629796981811523e+00
4.380299790000000137e-01 2.383430480957031250e+00
4.408619790000000149e-01 2.468831062316894531e+00
4.436940349999999866e-01 2.610430240631103516e+00
4.465261480000000116e-01 2.643889665603637695e+00
4.493583170000000071e-01 2.786662101745605469e+00
4.521905419999999731e-01 2.808083295822143555e+00
4.550228230000000207e-01 2.787095069885253906e+00
4.578551610000000105e-01 2.844188213348388672e+00
4.606875550000000263e-01 2.863963603973388672e+00
4.635200050000000127e-01 2.893513917922973633e+00
4.663525110000000251e-01 2.826381683349609375e+00
4.691850739999999798e-01 2.811587333679199219e+00
4.720176919999999887e-01 2.862832784652709961e+00
4.748503669999999954e-01 2.910284757614135742e+00
4.776830989999999999e-01 2.932140588760375977e+00
4.805158860000000032e-01 2.999508380889892578e+00
4.833487300000000042e-01 2.974021673202514648e+00
4.861816299999999758e-01 2.729139566421508789e+00
4.890145859999999733e-01 2.851246356964111328e+00
4.918475979999999970e-01 2.928665161132812500e+00
4.946806670000000183e-01 2.985971450805664062e+00
4.975137920000000102e-01 2.991807222366333008e+00
5.003469729999999727e-01 2.925665140151977539e+00
5.031802100000000166e-01 2.905302047729492188e+00
5.060135040000000028e-01 2.987981557846069336e+00
5.088468539999999596e-01 3.009000539779663086e+00
5.116802599999999979e-01 3.036273241043090820e+00
5.145137220000000067e-01 2.974355936050415039e+00
5.173472409999999577e-01 2.800465822219848633e+00
5.201808159999999903e-01 2.936295747756958008e+00
5.230144469999999934e-01 3.061069488525390625e+00
5.258481339999999671e-01 3.070496320724487305e+00
5.286818779999999940e-01 3.104915857315063477e+00
5.315156779999999914e-01 3.209343671798706055e+00
5.343495339999999594e-01 3.194602251052856445e+00
5.371834460000000089e-01 3.241439342498779297e+00
5.400174150000000006e-01 3.170339345932006836e+00
5.428514389999999912e-01 3.198456048965454102e+00
5.456855200000000350e-01 3.256758213043212891e+00
5.485196580000000210e-01 3.269446611404418945e+00
5.513538510000000059e-01 3.306565284729003906e+00
5.541881010000000440e-01 3.333606004714965820e+00
5.570224070000000527e-01 3.297574281692504883e+00
5.598567690000000319e-01 3.249052762985229492e+00
5.626911869999999816e-01 3.295197248458862305e+00
5.655256619999999845e-01 3.286933183670043945e+00
5.683601929999999580e-01 3.258181810379028320e+00
5.711947800000000131e-01 3.214668035507202148e+00
5.740294230000000386e-01 3.257983446121215820e+00
5.768641230000000064e-01 3.235163927078247070e+00
5.796988789999999447e-01 3.242163896560668945e+00
5.825336909999999646e-01 3.312900304794311523e+00
5.853685589999999550e-01 3.274603605270385742e+00
5.882034839999999987e-01 3.050587177276611328e+00
5.910384650000000129e-01 2.917508840560913086e+00
5.938735019999999976e-01 2.968347549438476562e+00
5.967085949999999528e-01 2.948145151138305664e+00
5.995437449999999613e-01 2.906973838806152344e+00
6.023789510000000513e-01 2.859813213348388672e+00
6.052142130000000009e-01 2.870074987411499023e+00
6.080495310000000320e-01 2.828045606613159180e+00
6.108849060000000053e-01 2.694313526153564453e+00
6.137203359999999774e-01 2.650153636932373047e+00
6.165558230000000028e-01 2.625277996063232422e+00
6.193913669999999705e-01 2.695266962051391602e+00
6.222269660000000480e-01 2.688518762588500977e+00
6.250626219999999567e-01 2.615576028823852539e+00
6.278983339999999469e-01 2.557417631149291992e+00
6.307341020000000187e-01 2.518115758895874023e+00
6.335699259999999500e-01 2.557628870010375977e+00
6.364058070000000455e-01 2.580510616302490234e+00
6.392417440000000006e-01 2.588159322738647461e+00
6.420777370000000372e-01 2.547765493392944336e+00
6.449137860000000444e-01 2.520710468292236328e+00
6.477498919999999938e-01 2.402619123458862305e+00
6.505860540000000247e-01 2.396640062332153320e+00
6.534222720000000262e-01 2.380203247070312500e+00
6.562585459999999982e-01 2.187825202941894531e+00
6.590948770000000234e-01 2.283660650253295898e+00
6.619312640000000192e-01 2.345664739608764648e+00
6.647677069999999855e-01 2.327374935150146484e+00
6.676042060000000333e-01 2.308700323104858398e+00
6.704407620000000234e-01 2.281934738159179688e+00
6.732773739999999840e-01 2.250618696212768555e+00
6.761140420000000262e-01 2.245312690734863281e+00
6.789507660000000389e-01 2.229778051376342773e+00
6.817875469999999938e-01 2.204068899154663086e+00
6.846243829999999475e-01 2.115716934204101562e+00
6.874612759999999545e-01 1.773200869560241699e+00
6.902982260000000148e-01 1.788693547248840332e+00
6.931352309999999628e-01 1.813094615936279297e+00
6.959722929999999641e-01 1.822628498077392578e+00
6.988094110000000470e-01 1.800357937812805176e+00
7.016465849999999893e-01 1.692131876945495605e+00
7.044838150000000132e-01 1.690355539321899414e+00
7.073211019999999793e-01 1.647889494895935059e+00
7.101584450000000270e-01 1.586375355720520020e+00
7.129958440000000452e-01 1.479961633682250977e+00
7.158332990000000340e-01 1.259016156196594238e+00
7.186708109999999650e-01 9.174425601959228516e-01
7.215083789999999775e-01 9.353137612342834473e-01
7.243460029999999605e-01 8.554078340530395508e-01
7.271836830000000251e-01 7.739665508270263672e-01
7.300214200000000320e-01 7.319228053092956543e-01
7.328592130000000093e-01 7.403069138526916504e-01
7.356970619999999572e-01 7.362213134765625000e-01
7.385349669999999866e-01 7.229875326156616211e-01
7.413729289999999583e-01 7.235954999923706055e-01
7.442109470000000115e-01 7.301321029663085938e-01
7.470490210000000353e-01 7.285526990890502930e-01
7.498871510000000296e-01 7.188556790351867676e-01
7.527253379999999661e-01 7.088675498962402344e-01
7.555635800000000124e-01 7.040044069290161133e-01
7.584018790000000010e-01 5.795275568962097168e-01
7.612402350000000428e-01 2.715712189674377441e-01
7.640786459999999725e-01 3.290036618709564209e-01
7.669171139999999554e-01 5.189963579177856445e-01
7.697556380000000198e-01 6.381331086158752441e-01
7.725942180000000548e-01 6.644110083580017090e-01
7.754328539999999492e-01 6.607630848884582520e-01
7.782715470000000080e-01 6.655499339103698730e-01
7.811102960000000373e-01 6.636241674423217773e-01
7.839491010000000371e-01 6.727272868156433105e-01
7.867879620000000074e-01 6.614413261413574219e-01
7.896268800000000310e-01 6.332768201828002930e-01
7.924658540000000251e-01 6.337755918502807617e-01
7.953048839999999897e-01 6.418171525001525879e-01
7.981439700000000359e-01 6.464537382125854492e-01
8.009831130000000243e-01 6.470422148704528809e-01
8.038223119999999833e-01 6.492941975593566895e-01
8.066615670000000238e-01 6.562037467956542969e-01
8.095008780000000348e-01 6.333212256431579590e-01
8.123402459999999881e-01 5.632148981094360352e-01
8.151796700000000229e-01 4.566565752029418945e-01
8.180191500000000282e-01 4.379958212375640869e-01
8.208586860000000041e-01 4.687244892120361328e-01
8.236982790000000332e-01 4.320230185985565186e-01
8.265379269999999501e-01 4.463641643524169922e-01
8.293776320000000313e-01 4.004742205142974854e-01
8.322173940000000547e-01 3.898676335811614990e-01
8.350572109999999659e-01 3.966532647609710693e-01
8.378970850000000414e-01 4.088263809680938721e-01
8.407370149999999764e-01 4.010473489761352539e-01
8.435770009999999930e-01 4.036788642406463623e-01
8.464170429999999801e-01 3.976104855537414551e-01
8.492571420000000204e-01 3.890113532543182373e-01
8.520972970000000313e-01 3.642230927944183350e-01
8.549375080000000127e-01 3.435631394386291504e-01
8.577777749999999646e-01 3.674121201038360596e-01
8.606180989999999698e-01 3.640307784080505371e-01
8.634584789999999455e-01 3.579671680927276611e-01
8.662989150000000027e-01 3.284326195716857910e-01
8.691394070000000305e-01 3.388403952121734619e-01
8.719799560000000005e-01 3.294993937015533447e-01
8.748205610000000521e-01 3.242527246475219727e-01
8.776612219999999631e-01 3.221652209758758545e-01
8.805019389999999557e-01 3.052664697170257568e-01
8.833427130000000016e-01 3.017785251140594482e-01
8.861835430000000180e-01 2.938482761383056641e-01
8.890244290000000049e-01 2.904866039752960205e-01
8.918653709999999624e-01 2.713760137557983398e-01
8.947063699999999731e-01 2.310604751110076904e-01
8.975474239999999826e-01 1.861463189125061035e-01
9.003885350000000454e-01 1.635813862085342407e-01
9.032297030000000504e-01 1.933650076389312744e-01
9.060709260000000542e-01 1.898541897535324097e-01
9.089122060000000003e-01 1.570656448602676392e-01
9.117535420000000279e-01 1.549815833568572998e-01
9.145949340000000261e-01 1.427564918994903564e-01
9.174363819999999947e-01 1.466286331415176392e-01
9.202778870000000166e-01 1.710194796323776245e-01
9.231194480000000091e-01 1.586603224277496338e-01
9.259610649999999721e-01 1.399487257003784180e-01
9.288027380000000166e-01 1.031545773148536682e-01
9.316444680000000034e-01 5.732540041208267212e-02
9.344862539999999607e-01 3.064285591244697571e-02
9.373280959999999995e-01 3.246060013771057129e-02
9.401699940000000089e-01 5.454671010375022888e-02
9.430119489999999605e-01 4.562352225184440613e-02
9.458539599999999936e-01 4.398803040385246277e-02
9.486960269999999973e-01 4.504600539803504944e-02
9.515381499999999715e-01 4.791561141610145569e-02
9.543803299999999989e-01 4.811187461018562317e-02
9.572225659999999969e-01 5.635021254420280457e-02
9.600648579999999654e-01 5.626833066344261169e-02
9.629072060000000155e-01 6.579700112342834473e-02
9.657496110000000078e-01 6.906723976135253906e-02
9.685920709999999989e-01 9.818676859140396118e-02
9.714345880000000433e-01 1.046134829521179199e-01
9.742771620000000299e-01 9.001727402210235596e-02
9.771197910000000153e-01 9.332753717899322510e-02
9.799624770000000540e-01 9.846482425928115845e-02
9.828052189999999522e-01 1.120188310742378235e-01
9.856480170000000429e-01 1.178672462701797485e-01
9.884908709999999932e-01 1.242125853896141052e-01
9.913337819999999967e-01 1.219248473644256592e-01
9.941767489999999707e-01 1.265049427747726440e-01
9.970197720000000263e-01 1.268246322870254517e-01
9.998628510000000524e-01 1.248177289962768555e-01
1.002705986999999910e+00 1.213065609335899353e-01
1.005549178999999960e+00 1.217201575636863708e-01
1.008392426999999980e+00 1.254157721996307373e-01
1.011235730999999971e+00 1.214373186230659485e-01
1.014079092000000015e+00 1.187360063195228577e-01
1.016922509000000030e+00 1.183257922530174255e-01
1.019765982000000015e+00 1.161387637257575989e-01
1.022609510999999971e+00 1.248892173171043396e-01
1.025453096999999980e+00 1.237797737121582031e-01
1.028296738999999960e+00 1.220352649688720703e-01
1.031140436999999910e+00 1.242651343345642090e-01
1.033984191000000052e+00 1.287438124418258667e-01
1.036828002000000026e+00 1.210453063249588013e-01
1.039671868000000110e+00 1.259489208459854126e-01
1.042515791000000025e+00 1.298554539680480957e-01
1.045359770999999993e+00 1.165140494704246521e-01
