3.615872339999999796e-01 1.291852116584777832e+00
3.644177160000000026e-01 1.434578776359558105e+00
3.672482539999999962e-01 1.572581887245178223e+00
3.700788480000000158e-01 1.590887665748596191e+00
3.729094980000000059e-01 1.412943124771118164e+00
3.757402049999999938e-01 1.511637091636657715e+00
3.785709680000000077e-01 1.648693919181823730e+00
3.814017869999999921e-01 1.436942100524902344e+00
3.842326620000000026e-01 1.294725894927978516e+00
3.870635940000000108e-01 1.425117850303649902e+00
3.898945819999999896e-01 1.606980562210083008e+00
3.927256259999999943e-01 1.414373636245727539e+00
3.955567260000000251e-01 1.459602952003479004e+00
3.983878829999999982e-01 1.820017695426940918e+00
4.012190950000000256e-01 2.283961534500122070e+00
4.040503639999999952e-01 2.258675336837768555e+00
4.068816900000000181e-01 2.235844373703002930e+00
4.097130709999999842e-01 2.258968114852905273e+00
4.125445090000000037e-01 2.329932689666748047e+00
4.153760029999999936e-01 2.372760295867919922e+00
4.182075530000000096e-01 2.287429809570312500e+00
4.210391589999999962e-01 2.314496994018554688e+00
4.238708219999999804e-01 2.299513578414916992e+00
4.267025409999999908e-01 2.248086452484130859e+00
4.295343160000000271e-01 2.051931142807006836e+00
4.323661469999999785e-01 2.170982122421264648e+00
4.351980349999999831e-01 2.364388942718505859e+00
4.380299790000000137e-01 2.395938873291015625e+00
4.408619790000000149e-01 2.463290929794311523e+00
4.436940349999999866e-01 2.604058027267456055e+00
4.465261480000000116e-01 2.633607864379882812e+00
4.493583170000000071e-01 2.773610115051269531e+00
4.521905419999999731e-01 2.778580427169799805e+00
4.550228230000000207e-01 2.766362428665161133e+00
4.578551610000000105e-01 2.818958282470703125e+00
4.606875550000000263e-01 2.852634668350219727e+00
4.635200050000000127e-01 2.881966590881347656e+00
4.663525110000000251e-01 2.809035301208496094e+00
4.691850739999999798e-01 2.815767526626586914e+00
4.720176919999999887e-01 2.840775489807128906e+00
4.748503669999999954e-01 2.897222280502319336e+00
4.776830989999999999e-01 2.927873134613037109e+00
4.805158860000000032e-01 2.989438772201538086e+00
4.833487300000000042e-01 2.969344615936279297e+00
4.861816299999999758e-01 2.731170892715454102e+00
4.890145859999999733e-01 2.846112489700317383e+00
4.918475979999999970e-01 2.912338733673095703e+00
4.946806670000000183e-01 2.979500770568847656e+00
4.975137920000000102e-01 2.993605375289916992e+00
5.003469729999999727e-01 2.912242174148559570e+00
5.031802100000000166e-01 2.909379005432128906e+00
5.060135040000000028e-01 2.989100694656372070e+00
5.088468539999999596e-01 2.996988296508789062e+00
5.116802599999999979e-01 3.031479120254516602e+00
5.145137220000000067e-01 2.963120222091674805e+00
5.173472409999999577e-01 2.806277513504028320e+00
5.201808159999999903e-01 2.935960292816162109e+00
5.230144469999999934e-01 3.057737588882446289e+00
5.258481339999999671e-01 3.057883262634277344e+00
5.286818779999999940e-01 3.097565889358520508e+00
5.315156779999999914e-01 3.203176736831665039e+00
5.343495339999999594e-01 3.190965414047241211e+00
5.371834460000000089e-01 3.233139038085937500e+00
5.400174150000000006e-01 3.166588306427001953e+00
5.428514389999999912e-01 3.187347412109375000e+00
5.456855200000000350e-01 3.257007837295532227e+00
5.485196580000000210e-01 3.263817310333251953e+00
5.513538510000000059e-01 3.290964841842651367e+00
5.541881010000000440e-01 3.304790496826171875e+00
5.570224070000000527e-01 3.285351037979125977e+00
5.598567690000000319e-01 3.241118669509887695e+00
5.626911869999999816e-01 3.298651933670043945e+00
5.655256619999999845e-01 3.281052827835083008e+00
5.683601929999999580e-01 3.245585441589355469e+00
5.711947800000000131e-01 3.213865518569946289e+00
5.740294230000000386e-01 3.261094331741333008e+00
5.768641230000000064e-01 3.230122089385986328e+00
5.796988789999999447e-01 3.238764286041259766e+00
5.825336909999999646e-01 3.311136722564697266e+00
5.853685589999999550e-01 3.263288974761962891e+00
5.882034839999999987e-01 3.045340538024902344e+00
5.910384650000000129e-01 2.908459186553955078e+00
5.938735019999999976e-01 2.959923744201660156e+00
5.967085949999999528e-01 2.937091588973999023e+00
5.995437449999999613e-01 2.902177810668945312e+00
6.023789510000000513e-01 2.859369516372680664e+00
6.052142130000000009e-01 2.861924409866333008e+00
6.080495310000000320e-01 2.796088218688964844e+00
6.108849060000000053e-01 2.708594322204589844e+00
6.137203359999999774e-01 2.646202325820922852e+00
6.165558230000000028e-01 2.624630212783813477e+00
6.193913669999999705e-01 2.686810493469238281e+00
6.222269660000000480e-01 2.684547662734985352e+00
6.250626219999999567e-01 2.611379146575927734e+00
6.278983339999999469e-01 2.543335676193237305e+00
6.307341020000000187e-01 2.532057046890258789e+00
6.335699259999999500e-01 2.549453735351562500e+00
6.364058070000000455e-01 2.582065343856811523e+00
6.392417440000000006e-01 2.583089351654052734e+00
6.420777370000000372e-01 2.550820827484130859e+00
6.449137860000000444e-01 2.515401363372802734e+00
6.477498919999999938e-01 2.399700164794921875e+00
6.505860540000000247e-01 2.387372493743896484e+00
6.534222720000000262e-01 2.386631250381469727e+00
6.562585459999999982e-01 2.182021379470825195e+00
6.590948770000000234e-01 2.280692577362060547e+00
6.619312640000000192e-01 2.342380523681640625e+00
6.647677069999999855e-01 2.322764158248901367e+00
6.676042060000000333e-01 2.306032657623291016e+00
6.704407620000000234e-01 2.279851198196411133e+00
6.732773739999999840e-01 2.252399206161499023e+00
6.761140420000000262e-01 2.243139505386352539e+00
6.789507660000000389e-01 2.215976476669311523e+00
6.817875469999999938e-01 2.194813966751098633e+00
6.846243829999999475e-01 2.108709812164306641e+00
6.874612759999999545e-01 1.773167133331298828e+00
6.902982260000000148e-01 1.778264999389648438e+00
6.931352309999999628e-01 1.820532202720642090e+00
6.959722929999999641e-01 1.813917398452758789e+00
6.988094110000000470e-01 1.798662543296813965e+00
7.016465849999999893e-01 1.698157668113708496e+00
7.044838150000000132e-01 1.686777591705322266e+00
7.073211019999999793e-01 1.648982644081115723e+00
7.101584450000000270e-01 1.576253414154052734e+00
7.129958440000000452e-01 1.482707262039184570e+00
7.158332990000000340e-01 1.252177000045776367e+00
7.186708109999999650e-01 9.076402783393859863e-01
7.215083789999999775e-01 9.231324791908264160e-01
7.243460029999999605e-01 8.554558753967285156e-01
7.271836830000000251e-01 7.675454020500183105e-01
7.300214200000000320e-01 7.229918241500854492e-01
7.328592130000000093e-01 7.389324903488159180e-01
7.356970619999999572e-01 7.333199381828308105e-01
7.385349669999999866e-01 7.147133946418762207e-01
7.413729289999999583e-01 7.143293023109436035e-01
7.442109470000000115e-01 7.206042408943176270e-01
7.470490210000000353e-01 7.191185951232910156e-01
7.498871510000000296e-01 7.081717848777770996e-01
7.527253379999999661e-01 7.039047479629516602e-01
7.555635800000000124e-01 6.923950910568237305e-01
7.584018790000000010e-01 5.690145492553710938e-01
7.612402350000000428e-01 2.715647816658020020e-01
7.640786459999999725e-01 3.215855062007904053e-01
7.669171139999999554e-01 5.164807438850402832e-01
7.697556380000000198e-01 6.292451024055480957e-01
7.725942180000000548e-01 6.598191261291503906e-01
7.754328539999999492e-01 6.544284224510192871e-01
7.782715470000000080e-01 6.531438231468200684e-01
7.811102960000000373e-01 6.574681401252746582e-01
7.839491010000000371e-01 6.594600081443786621e-01
7.867879620000000074e-01 6.490722894668579102e-01
7.896268800000000310e-01 6.326183080673217773e-01
7.924658540000000251e-01 6.306282281875610352e-01
7.953048839999999897e-01 6.332430839538574219e-01
7.981439700000000359e-01 6.447361707687377930e-01
8.009831130000000243e-01 6.335119009017944336e-01
8.038223119999999833e-01 6.413289904594421387e-01
8.066615670000000238e-01 6.517179012298583984e-01
8.095008780000000348e-01 6.222978830337524414e-01
8.123402459999999881e-01 5.577902793884277344e-01
8.151796700000000229e-01 4.541923105716705322e-01
8.180191500000000282e-01 4.305457770824432373e-01
8.208586860000000041e-01 4.575379788875579834e-01
8.236982790000000332e-01 4.240805506706237793e-01
8.265379269999999501e-01 4.444775581359863281e-01
8.293776320000000313e-01 3.951289951801300049e-01
8.322173940000000547e-01 3.777801394462585449e-01
8.350572109999999659e-01 3.876630663871765137e-01
8.378970850000000414e-01 3.926790952682495117e-01
8.407370149999999764e-01 3.967351019382476807e-01
8.435770009999999930e-01 3.966703712940216064e-01
8.464170429999999801e-01 3.919079899787902832e-01
8.492571420000000204e-01 3.739782273769378662e-01
8.520972970000000313e-01 3.575435876846313477e-01
8.549375080000000127e-01 3.407233357429504395e-01
8.577777749999999646e-01 3.617583513259887695e-01
8.606180989999999698e-01 3.527904748916625977e-01
8.634584789999999455e-01 3.480155467987060547e-01
8.662989150000000027e-01 3.238296806812286377e-01
8.691394070000000305e-01 3.269211649894714355e-01
8.719799560000000005e-01 3.249479532241821289e-01
8.748205610000000521e-01 3.188247978687286377e-01
8.776612219999999631e-01 3.116606175899505615e-01
8.805019389999999557e-01 3.034059703350067139e-01
8.833427130000000016e-01 2.987726032733917236e-01
8.861835430000000180e-01 2.813470959663391113e-01
8.890244290000000049e-01 2.772479355335235596e-01
8.918653709999999624e-01 2.658872902393341064e-01
8.947063699999999731e-01 2.207274883985519409e-01
8.975474239999999826e-01 1.787087023258209229e-01
9.003885350000000454e-01 1.588024497032165527e-01
9.032297030000000504e-01 1.861505955457687378e-01
9.060709260000000542e-01 1.871209591627120972e-01
9.089122060000000003e-01 1.453334093093872070e-01
9.117535420000000279e-01 1.496716141700744629e-01
9.145949340000000261e-01 1.388894915580749512e-01
9.174363819999999947e-01 1.404572427272796631e-01
9.202778870000000166e-01 1.654773950576782227e-01
9.231194480000000091e-01 1.534872949123382568e-01
9.259610649999999721e-01 1.403846740722656250e-01
9.288027380000000166e-01 1.010556891560554504e-01
9.316444680000000034e-01 4.933215677738189697e-02
9.344862539999999607e-01 3.171807155013084412e-02
9.373280959999999995e-01 3.760666400194168091e-02
9.401699940000000089e-01 5.614516511559486389e-02
9.430119489999999605e-01 4.715489223599433899e-02
9.458539599999999936e-01 4.029266536235809326e-02
9.486960269999999973e-01 4.356436431407928467e-02
9.515381499999999715e-01 4.644305258989334106e-02
9.543803299999999989e-01 4.648245871067047119e-02
9.572225659999999969e-01 5.397136136889457703e-02
9.600648579999999654e-01 5.232817679643630981e-02
9.629072060000000155e-01 6.533112376928329468e-02
9.657496110000000078e-01 6.914704293012619019e-02
9.685920709999999989e-01 9.356553852558135986e-02
9.714345880000000433e-01 9.747744351625442505e-02
9.742771620000000299e-01 8.899882435798645020e-02
9.771197910000000153e-01 8.838263899087905884e-02
9.799624770000000540e-01 9.532994776964187622e-02
9.828052189999999522e-01 1.061128899455070496e-01
9.856480170000000429e-01 1.136572808027267456e-01
9.884908709999999932e-01 1.156603619456291199e-01
9.913337819999999967e-01 1.115224882960319519e-01
9.941767489999999707e-01 1.183405518531799316e-01
9.970197720000000263e-01 1.204572021961212158e-01
9.998628510000000524e-01 1.185892671346664429e-01
1.002705986999999910e+00 1.199698746204376221e-01
1.005549178999999960e+00 1.144883260130882263e-01
1.008392426999999980e+00 1.120888441801071167e-01
1.011235730999999971e+00 1.170161738991737366e-01
1.014079092000000015e+00 1.161323934793472290e-01
1.016922509000000030e+00 1.182979345321655273e-01
1.019765982000000015e+00 1.138966605067253113e-01
1.022609510999999971e+00 1.108063906431198120e-01
1.025453096999999980e+00 1.147271096706390381e-01
1.028296738999999960e+00 1.204628720879554749e-01
1.031140436999999910e+00 1.251052618026733398e-01
1.033984191000000052e+00 1.140474379062652588e-01
1.036828002000000026e+00 1.249591559171676636e-01
1.039671868000000110e+00 1.171415895223617554e-01
1.042515791000000025e+00 1.207268685102462769e-01
1.045359770999999993e+00 1.160440221428871155e-01
