3.615872339999999796e-01 1.271566629409790039e+00
3.644177160000000026e-01 1.475605368614196777e+00
3.672482539999999962e-01 1.550789594650268555e+00
3.700788480000000158e-01 1.591016292572021484e+00
3.729094980000000059e-01 1.411642789840698242e+00
3.757402049999999938e-01 1.464178204536437988e+00
3.785709680000000077e-01 1.615964055061340332e+00
3.814017869999999921e-01 1.442577362060546875e+00
3.842326620000000026e-01 1.296441316604614258e+00
3.870635940000000108e-01 1.396238207817077637e+00
3.898945819999999896e-01 1.623295545578002930e+00
3.927256259999999943e-01 1.413065791130065918e+00
3.955567260000000251e-01 1.438183188438415527e+00
3.983878829999999982e-01 1.810453534126281738e+00
4.012190950000000256e-01 2.272154808044433594e+00
4.040503639999999952e-01 2.243765830993652344e+00
4.068816900000000181e-01 2.234508275985717773e+00
4.097130709999999842e-01 2.283562898635864258e+00
4.125445090000000037e-01 2.367247343063354492e+00
4.153760029999999936e-01 2.386031627655029297e+00
4.182075530000000096e-01 2.344197034835815430e+00
4.210391589999999962e-01 2.362969398498535156e+00
4.238708219999999804e-01 2.299793481826782227e+00
4.267025409999999908e-01 2.274144649505615234e+00
4.295343160000000271e-01 2.035086393356323242e+00
4.323661469999999785e-01 2.173104763031005859e+00
4.351980349999999831e-01 2.379198789596557617e+00
4.380299790000000137e-01 2.406090736389160156e+00
4.408619790000000149e-01 2.478461742401123047e+00
4.436940349999999866e-01 2.637958765029907227e+00
4.465261480000000116e-01 2.670033931732177734e+00
4.493583170000000071e-01 2.797501325607299805e+00
4.521905419999999731e-01 2.848199129104614258e+00
4.550228230000000207e-01 2.809109210968017578e+00
4.578551610000000105e-01 2.868319511413574219e+00
4.606875550000000263e-01 2.896310329437255859e+00
4.635200050000000127e-01 2.927843809127807617e+00
4.663525110000000251e-01 2.851126670837402344e+00
4.691850739999999798e-01 2.853272676467895508e+00
4.720176919999999887e-01 2.893599510192871094e+00
4.748503669999999954e-01 2.939912080764770508e+00
4.776830989999999999e-01 2.984071969985961914e+00
4.805158860000000032e-01 3.048519134521484375e+00
4.833487300000000042e-01 3.024015903472900391e+00
4.861816299999999758e-01 2.776884555816650391e+00
4.890145859999999733e-01 2.889260768890380859e+00
4.918475979999999970e-01 2.973555326461791992e+00
4.946806670000000183e-01 3.046309471130371094e+00
4.975137920000000102e-01 3.049046516418457031e+00
5.003469729999999727e-01 2.970092535018920898e+00
5.031802100000000166e-01 2.956769227981567383e+00
5.060135040000000028e-01 3.049017429351806641e+00
5.088468539999999596e-01 3.079376220703125000e+00
5.116802599999999979e-01 3.117254972457885742e+00
5.145137220000000067e-01 3.043755054473876953e+00
5.173472409999999577e-01 2.880092620849609375e+00
5.201808159999999903e-01 3.016456842422485352e+00
5.230144469999999934e-01 3.157356977462768555e+00
5.258481339999999671e-01 3.166435003280639648e+00
5.286818779999999940e-01 3.198238611221313477e+00
5.315156779999999914e-01 3.319971323013305664e+00
5.343495339999999594e-01 3.301158666610717773e+00
5.371834460000000089e-01 3.360584974288940430e+00
5.400174150000000006e-01 3.285843610763549805e+00
5.428514389999999912e-01 3.313597917556762695e+00
5.456855200000000350e-01 3.373883962631225586e+00
5.485196580000000210e-01 3.391636371612548828e+00
5.513538510000000059e-01 3.426633834838867188e+00
5.541881010000000440e-01 3.456191539764404297e+00
5.570224070000000527e-01 3.424605369567871094e+00
5.598567690000000319e-01 3.372691631317138672e+00
5.626911869999999816e-01 3.423669815063476562e+00
5.655256619999999845e-01 3.414328098297119141e+00
5.683601929999999580e-01 3.382237911224365234e+00
5.711947800000000131e-01 3.346798419952392578e+00
5.740294230000000386e-01 3.399164915084838867e+00
5.768641230000000064e-01 3.364104270935058594e+00
5.796988789999999447e-01 3.381528377532958984e+00
5.825336909999999646e-01 3.455943346023559570e+00
5.853685589999999550e-01 3.426300048828125000e+00
5.882034839999999987e-01 3.197649717330932617e+00
5.910384650000000129e-01 3.059151649475097656e+00
5.938735019999999976e-01 3.122385740280151367e+00
5.967085949999999528e-01 3.107231378555297852e+00
5.995437449999999613e-01 3.067040443420410156e+00
6.023789510000000513e-01 3.041925907135009766e+00
6.052142130000000009e-01 3.075715780258178711e+00
6.080495310000000320e-01 3.029323339462280273e+00
6.108849060000000053e-01 2.865802764892578125e+00
6.137203359999999774e-01 2.780248641967773438e+00
6.165558230000000028e-01 2.779763460159301758e+00
6.193913669999999705e-01 2.851898193359375000e+00
6.222269660000000480e-01 2.851932525634765625e+00
6.250626219999999567e-01 2.776436805725097656e+00
6.278983339999999469e-01 2.710418701171875000e+00
6.307341020000000187e-01 2.684794664382934570e+00
6.335699259999999500e-01 2.713312387466430664e+00
6.364058070000000455e-01 2.735677003860473633e+00
6.392417440000000006e-01 2.748967170715332031e+00
6.420777370000000372e-01 2.714732885360717773e+00
6.449137860000000444e-01 2.684334278106689453e+00
6.477498919999999938e-01 2.556391000747680664e+00
6.505860540000000247e-01 2.541806459426879883e+00
6.534222720000000262e-01 2.537960529327392578e+00
6.562585459999999982e-01 2.321367263793945312e+00
6.590948770000000234e-01 2.431612968444824219e+00
6.619312640000000192e-01 2.482797861099243164e+00
6.647677069999999855e-01 2.456731081008911133e+00
6.676042060000000333e-01 2.436397075653076172e+00
6.704407620000000234e-01 2.396474599838256836e+00
6.732773739999999840e-01 2.361930608749389648e+00
6.761140420000000262e-01 2.349307537078857422e+00
6.789507660000000389e-01 2.337432622909545898e+00
6.817875469999999938e-01 2.317096948623657227e+00
6.846243829999999475e-01 2.253883123397827148e+00
6.874612759999999545e-01 1.901936888694763184e+00
6.902982260000000148e-01 1.924049854278564453e+00
6.931352309999999628e-01 1.963839888572692871e+00
6.959722929999999641e-01 1.995892286300659180e+00
6.988094110000000470e-01 1.984028458595275879e+00
7.016465849999999893e-01 1.871589660644531250e+00
7.044838150000000132e-01 1.879283428192138672e+00
7.073211019999999793e-01 1.843206524848937988e+00
7.101584450000000270e-01 1.774443864822387695e+00
7.129958440000000452e-01 1.674172759056091309e+00
7.158332990000000340e-01 1.418584704399108887e+00
7.186708109999999650e-01 1.019725561141967773e+00
7.215083789999999775e-01 1.040807723999023438e+00
7.243460029999999605e-01 9.591276645660400391e-01
7.271836830000000251e-01 8.651699423789978027e-01
7.300214200000000320e-01 8.059422969818115234e-01
7.328592130000000093e-01 8.155580759048461914e-01
7.356970619999999572e-01 8.117641210556030273e-01
7.385349669999999866e-01 7.888255119323730469e-01
7.413729289999999583e-01 7.868989706039428711e-01
7.442109470000000115e-01 8.032866716384887695e-01
7.470490210000000353e-01 7.995987534523010254e-01
7.498871510000000296e-01 7.870027422904968262e-01
7.527253379999999661e-01 7.726892828941345215e-01
7.555635800000000124e-01 7.682557702064514160e-01
7.584018790000000010e-01 6.404016613960266113e-01
7.612402350000000428e-01 2.911858260631561279e-01
7.640786459999999725e-01 3.467821180820465088e-01
7.669171139999999554e-01 5.672652125358581543e-01
7.697556380000000198e-01 7.032625675201416016e-01
7.725942180000000548e-01 7.325130701065063477e-01
7.754328539999999492e-01 7.308070659637451172e-01
7.782715470000000080e-01 7.308387756347656250e-01
7.811102960000000373e-01 7.358455657958984375e-01
7.839491010000000371e-01 7.340291142463684082e-01
7.867879620000000074e-01 7.262253761291503906e-01
7.896268800000000310e-01 7.056696414947509766e-01
7.924658540000000251e-01 7.020128965377807617e-01
7.953048839999999897e-01 7.171119451522827148e-01
7.981439700000000359e-01 7.214087247848510742e-01
8.009831130000000243e-01 7.149056792259216309e-01
8.038223119999999833e-01 7.172867655754089355e-01
8.066615670000000238e-01 7.285730838775634766e-01
8.095008780000000348e-01 7.093183994293212891e-01
8.123402459999999881e-01 6.332544684410095215e-01
8.151796700000000229e-01 5.138781070709228516e-01
8.180191500000000282e-01 4.810203313827514648e-01
8.208586860000000041e-01 5.160095095634460449e-01
8.236982790000000332e-01 4.758592545986175537e-01
8.265379269999999501e-01 4.938709437847137451e-01
8.293776320000000313e-01 4.346207380294799805e-01
8.322173940000000547e-01 4.122611582279205322e-01
8.350572109999999659e-01 4.214204251766204834e-01
8.378970850000000414e-01 4.281035065650939941e-01
8.407370149999999764e-01 4.289079606533050537e-01
8.435770009999999930e-01 4.266245365142822266e-01
8.464170429999999801e-01 4.233677387237548828e-01
8.492571420000000204e-01 4.062909781932830811e-01
8.520972970000000313e-01 3.836079537868499756e-01
8.549375080000000127e-01 3.610091805458068848e-01
8.577777749999999646e-01 3.904752135276794434e-01
8.606180989999999698e-01 3.823987841606140137e-01
8.634584789999999455e-01 3.728151023387908936e-01
8.662989150000000027e-01 3.409504890441894531e-01
8.691394070000000305e-01 3.463115990161895752e-01
8.719799560000000005e-01 3.479610383510589600e-01
8.748205610000000521e-01 3.386167287826538086e-01
8.776612219999999631e-01 3.250241279602050781e-01
8.805019389999999557e-01 3.112693727016448975e-01
8.833427130000000016e-01 3.140853643417358398e-01
8.861835430000000180e-01 2.967253029346466064e-01
8.890244290000000049e-01 2.952543199062347412e-01
8.918653709999999624e-01 2.767064571380615234e-01
8.947063699999999731e-01 2.347899824380874634e-01
8.975474239999999826e-01 1.881508827209472656e-01
9.003885350000000454e-01 1.619318425655364990e-01
9.032297030000000504e-01 1.894600689411163330e-01
9.060709260000000542e-01 1.905882805585861206e-01
9.089122060000000003e-01 1.562163680791854858e-01
9.117535420000000279e-01 1.543507874011993408e-01
9.145949340000000261e-01 1.435726135969161987e-01
9.174363819999999947e-01 1.406874954700469971e-01
9.202778870000000166e-01 1.627400666475296021e-01
9.231194480000000091e-01 1.536909192800521851e-01
9.259610649999999721e-01 1.394952535629272461e-01
9.288027380000000166e-01 1.031805872917175293e-01
9.316444680000000034e-01 5.409687012434005737e-02
9.344862539999999607e-01 3.051226027309894562e-02
9.373280959999999995e-01 3.417344391345977783e-02
9.401699940000000089e-01 5.281246453523635864e-02
9.430119489999999605e-01 4.415510967373847961e-02
9.458539599999999936e-01 3.488434851169586182e-02
9.486960269999999973e-01 4.497911781072616577e-02
9.515381499999999715e-01 4.294372722506523132e-02
9.543803299999999989e-01 4.385838657617568970e-02
9.572225659999999969e-01 4.829666763544082642e-02
9.600648579999999654e-01 5.203707516193389893e-02
9.629072060000000155e-01 5.994934961199760437e-02
9.657496110000000078e-01 6.584271043539047241e-02
9.685920709999999989e-01 8.052954077720642090e-02
9.714345880000000433e-01 9.309201687574386597e-02
9.742771620000000299e-01 8.050392568111419678e-02
9.771197910000000153e-01 8.344296365976333618e-02
9.799624770000000540e-01 8.384374529123306274e-02
9.828052189999999522e-01 9.842114150524139404e-02
9.856480170000000429e-01 1.004489883780479431e-01
9.884908709999999932e-01 1.053692027926445007e-01
9.913337819999999967e-01 1.063376367092132568e-01
9.941767489999999707e-01 1.125448867678642273e-01
9.970197720000000263e-01 1.082591637969017029e-01
9.998628510000000524e-01 1.092388704419136047e-01
1.002705986999999910e+00 1.049350723624229431e-01
1.005549178999999960e+00 1.025591120123863220e-01
1.008392426999999980e+00 1.079500839114189148e-01
1.011235730999999971e+00 1.048062145709991455e-01
1.014079092000000015e+00 1.073958426713943481e-01
1.016922509000000030e+00 1.088308095932006836e-01
1.019765982000000015e+00 1.055095195770263672e-01
1.022609510999999971e+00 1.016655042767524719e-01
1.025453096999999980e+00 1.042114049196243286e-01
1.028296738999999960e+00 1.152212172746658325e-01
1.031140436999999910e+00 1.134937331080436707e-01
1.033984191000000052e+00 1.194549575448036194e-01
1.036828002000000026e+00 1.121318489313125610e-01
1.039671868000000110e+00 1.114198118448257446e-01
1.042515791000000025e+00 1.084883809089660645e-01
1.045359770999999993e+00 1.143218278884887695e-01
