3.615872339999999796e-01 1.332546353340148926e+00
3.644177160000000026e-01 1.433727502822875977e+00
3.672482539999999962e-01 1.616587877273559570e+00
3.700788480000000158e-01 1.559139132499694824e+00
3.729094980000000059e-01 1.406745195388793945e+00
3.757402049999999938e-01 1.473465919494628906e+00
3.785709680000000077e-01 1.652025461196899414e+00
3.814017869999999921e-01 1.404513597488403320e+00
3.842326620000000026e-01 1.297483086585998535e+00
3.870635940000000108e-01 1.406809210777282715e+00
3.898945819999999896e-01 1.604786634445190430e+00
3.927256259999999943e-01 1.414330840110778809e+00
3.955567260000000251e-01 1.448627233505249023e+00
3.983878829999999982e-01 1.837969899177551270e+00
4.012190950000000256e-01 2.278194427490234375e+00
4.040503639999999952e-01 2.253523826599121094e+00
4.068816900000000181e-01 2.197853088378906250e+00
4.097130709999999842e-01 2.267270326614379883e+00
4.125445090000000037e-01 2.339371204376220703e+00
4.153760029999999936e-01 2.341417074203491211e+00
4.182075530000000096e-01 2.288932085037231445e+00
4.210391589999999962e-01 2.290817499160766602e+00
4.238708219999999804e-01 2.281434059143066406e+00
4.267025409999999908e-01 2.211303949356079102e+00
4.295343160000000271e-01 2.006378412246704102e+00
4.323661469999999785e-01 2.124639034271240234e+00
4.351980349999999831e-01 2.349833011627197266e+00
4.380299790000000137e-01 2.363349437713623047e+00
4.408619790000000149e-01 2.441687107086181641e+00
4.436940349999999866e-01 2.583912372589111328e+00
4.465261480000000116e-01 2.607231616973876953e+00
4.493583170000000071e-01 2.757403135299682617e+00
4.521905419999999731e-01 2.779759645462036133e+00
4.550228230000000207e-01 2.747467994689941406e+00
4.578551610000000105e-01 2.792946815490722656e+00
4.606875550000000263e-01 2.836209535598754883e+00
4.635200050000000127e-01 2.836029291152954102e+00
4.663525110000000251e-01 2.796597957611083984e+00
4.691850739999999798e-01 2.774119138717651367e+00
4.720176919999999887e-01 2.813674688339233398e+00
4.748503669999999954e-01 2.869247913360595703e+00
4.776830989999999999e-01 2.888820409774780273e+00
4.805158860000000032e-01 2.951360940933227539e+00
4.833487300000000042e-01 2.931649446487426758e+00
4.861816299999999758e-01 2.705354452133178711e+00
4.890145859999999733e-01 2.818536758422851562e+00
4.918475979999999970e-01 2.873194217681884766e+00
4.946806670000000183e-01 2.931375980377197266e+00
4.975137920000000102e-01 2.946912765502929688e+00
5.003469729999999727e-01 2.886570692062377930e+00
5.031802100000000166e-01 2.867243289947509766e+00
5.060135040000000028e-01 2.945915937423706055e+00
5.088468539999999596e-01 2.963336706161499023e+00
5.116802599999999979e-01 2.981397390365600586e+00
5.145137220000000067e-01 2.921081304550170898e+00
5.173472409999999577e-01 2.770954132080078125e+00
5.201808159999999903e-01 2.892259120941162109e+00
5.230144469999999934e-01 3.015749931335449219e+00
5.258481339999999671e-01 3.009198904037475586e+00
5.286818779999999940e-01 3.061342477798461914e+00
5.315156779999999914e-01 3.159681081771850586e+00
5.343495339999999594e-01 3.147271871566772461e+00
5.371834460000000089e-01 3.186062812805175781e+00
5.400174150000000006e-01 3.137970447540283203e+00
5.428514389999999912e-01 3.154560804367065430e+00
5.456855200000000350e-01 3.207883358001708984e+00
5.485196580000000210e-01 3.226034641265869141e+00
5.513538510000000059e-01 3.251119852066040039e+00
5.541881010000000440e-01 3.285454273223876953e+00
5.570224070000000527e-01 3.250720977783203125e+00
5.598567690000000319e-01 3.210205554962158203e+00
5.626911869999999816e-01 3.255296707153320312e+00
5.655256619999999845e-01 3.234740018844604492e+00
5.683601929999999580e-01 3.212825536727905273e+00
5.711947800000000131e-01 3.174366474151611328e+00
5.740294230000000386e-01 3.223217725753784180e+00
5.768641230000000064e-01 3.192394256591796875e+00
5.796988789999999447e-01 3.200016260147094727e+00
5.825336909999999646e-01 3.266517639160156250e+00
5.853685589999999550e-01 3.223825693130493164e+00
5.882034839999999987e-01 3.001808881759643555e+00
5.910384650000000129e-01 2.855360507965087891e+00
5.938735019999999976e-01 2.913739204406738281e+00
5.967085949999999528e-01 2.889472484588623047e+00
5.995437449999999613e-01 2.851759195327758789e+00
6.023789510000000513e-01 2.811328411102294922e+00
6.052142130000000009e-01 2.818472146987915039e+00
6.080495310000000320e-01 2.772263526916503906e+00
6.108849060000000053e-01 2.646163940429687500e+00
6.137203359999999774e-01 2.590815544128417969e+00
6.165558230000000028e-01 2.568887710571289062e+00
6.193913669999999705e-01 2.632376670837402344e+00
6.222269660000000480e-01 2.618636369705200195e+00
6.250626219999999567e-01 2.550352811813354492e+00
6.278983339999999469e-01 2.485959768295288086e+00
6.307341020000000187e-01 2.475431680679321289e+00
6.335699259999999500e-01 2.499106884002685547e+00
6.364058070000000455e-01 2.519642353057861328e+00
6.392417440000000006e-01 2.526773452758789062e+00
6.420777370000000372e-01 2.492686986923217773e+00
6.449137860000000444e-01 2.460881471633911133e+00
6.477498919999999938e-01 2.342832326889038086e+00
6.505860540000000247e-01 2.328818321228027344e+00
6.534222720000000262e-01 2.325980424880981445e+00
6.562585459999999982e-01 2.126434326171875000e+00
6.590948770000000234e-01 2.227326869964599609e+00
6.619312640000000192e-01 2.278232097625732422e+00
6.647677069999999855e-01 2.263621091842651367e+00
6.676042060000000333e-01 2.239751815795898438e+00
6.704407620000000234e-01 2.208336830139160156e+00
6.732773739999999840e-01 2.190086364746093750e+00
6.761140420000000262e-01 2.180917024612426758e+00
6.789507660000000389e-01 2.149517059326171875e+00
6.817875469999999938e-01 2.131944417953491211e+00
6.846243829999999475e-01 2.043697595596313477e+00
6.874612759999999545e-01 1.709722280502319336e+00
6.902982260000000148e-01 1.731613993644714355e+00
6.931352309999999628e-01 1.758828997611999512e+00
6.959722929999999641e-01 1.753647089004516602e+00
6.988094110000000470e-01 1.744009017944335938e+00
7.016465849999999893e-01 1.630482077598571777e+00
7.044838150000000132e-01 1.623529911041259766e+00
7.073211019999999793e-01 1.580327153205871582e+00
7.101584450000000270e-01 1.517753005027770996e+00
7.129958440000000452e-01 1.428679585456848145e+00
7.158332990000000340e-01 1.203432083129882812e+00
7.186708109999999650e-01 8.748138546943664551e-01
7.215083789999999775e-01 8.878654241561889648e-01
7.243460029999999605e-01 8.084194660186767578e-01
7.271836830000000251e-01 7.320580482482910156e-01
7.300214200000000320e-01 6.819662451744079590e-01
7.328592130000000093e-01 6.996656656265258789e-01
7.356970619999999572e-01 6.971570253372192383e-01
7.385349669999999866e-01 6.700097918510437012e-01
7.413729289999999583e-01 6.803177595138549805e-01
7.442109470000000115e-01 6.828297972679138184e-01
7.470490210000000353e-01 6.819434762001037598e-01
7.498871510000000296e-01 6.683087348937988281e-01
7.527253379999999661e-01 6.665361523628234863e-01
7.555635800000000124e-01 6.544690132141113281e-01
7.584018790000000010e-01 5.353168845176696777e-01
7.612402350000000428e-01 2.544831931591033936e-01
7.640786459999999725e-01 3.102383017539978027e-01
7.669171139999999554e-01 4.924145042896270752e-01
7.697556380000000198e-01 5.978757143020629883e-01
7.725942180000000548e-01 6.179910302162170410e-01
7.754328539999999492e-01 6.269379258155822754e-01
7.782715470000000080e-01 6.172140836715698242e-01
7.811102960000000373e-01 6.208754181861877441e-01
7.839491010000000371e-01 6.179802417755126953e-01
7.867879620000000074e-01 6.094482541084289551e-01
7.896268800000000310e-01 5.914676785469055176e-01
7.924658540000000251e-01 5.922260284423828125e-01
7.953048839999999897e-01 6.010642647743225098e-01
7.981439700000000359e-01 6.025757789611816406e-01
8.009831130000000243e-01 5.976950526237487793e-01
8.038223119999999833e-01 6.030398011207580566e-01
8.066615670000000238e-01 6.148998141288757324e-01
8.095008780000000348e-01 5.854136943817138672e-01
8.123402459999999881e-01 5.273793935775756836e-01
8.151796700000000229e-01 4.315939843654632568e-01
8.180191500000000282e-01 4.061161577701568604e-01
8.208586860000000041e-01 4.369629621505737305e-01
8.236982790000000332e-01 4.040459990501403809e-01
8.265379269999999501e-01 4.109852015972137451e-01
8.293776320000000313e-01 3.704882264137268066e-01
8.322173940000000547e-01 3.626720607280731201e-01
8.350572109999999659e-01 3.670752346515655518e-01
8.378970850000000414e-01 3.730280697345733643e-01
8.407370149999999764e-01 3.794212341308593750e-01
8.435770009999999930e-01 3.726963698863983154e-01
8.464170429999999801e-01 3.657658994197845459e-01
8.492571420000000204e-01 3.491836786270141602e-01
8.520972970000000313e-01 3.360237479209899902e-01
8.549375080000000127e-01 3.183134496212005615e-01
8.577777749999999646e-01 3.401020169258117676e-01
8.606180989999999698e-01 3.333158493041992188e-01
8.634584789999999455e-01 3.298007249832153320e-01
8.662989150000000027e-01 3.014802634716033936e-01
8.691394070000000305e-01 3.125568330287933350e-01
8.719799560000000005e-01 3.034914433956146240e-01
8.748205610000000521e-01 2.938134670257568359e-01
8.776612219999999631e-01 2.876580953598022461e-01
8.805019389999999557e-01 2.788144648075103760e-01
8.833427130000000016e-01 2.747510969638824463e-01
8.861835430000000180e-01 2.671464979648590088e-01
8.890244290000000049e-01 2.559907436370849609e-01
8.918653709999999624e-01 2.474082559347152710e-01
8.947063699999999731e-01 2.110601961612701416e-01
8.975474239999999826e-01 1.660875678062438965e-01
9.003885350000000454e-01 1.525678038597106934e-01
9.032297030000000504e-01 1.759322285652160645e-01
9.060709260000000542e-01 1.693931072950363159e-01
9.089122060000000003e-01 1.441204398870468140e-01
9.117535420000000279e-01 1.427222341299057007e-01
9.145949340000000261e-01 1.293075978755950928e-01
9.174363819999999947e-01 1.338366717100143433e-01
9.202778870000000166e-01 1.569449752569198608e-01
9.231194480000000091e-01 1.425392031669616699e-01
9.259610649999999721e-01 1.311681717634201050e-01
9.288027380000000166e-01 9.563845396041870117e-02
9.316444680000000034e-01 5.148513615131378174e-02
9.344862539999999607e-01 2.919666096568107605e-02
9.373280959999999995e-01 3.648853302001953125e-02
9.401699940000000089e-01 5.111264809966087341e-02
9.430119489999999605e-01 4.261656478047370911e-02
9.458539599999999936e-01 3.828565031290054321e-02
9.486960269999999973e-01 4.259696975350379944e-02
9.515381499999999715e-01 4.568397626280784607e-02
9.543803299999999989e-01 4.615341871976852417e-02
9.572225659999999969e-01 4.995315894484519958e-02
9.600648579999999654e-01 5.157143250107765198e-02
9.629072060000000155e-01 5.801284313201904297e-02
9.657496110000000078e-01 6.755493581295013428e-02
9.685920709999999989e-01 8.987955749034881592e-02
9.714345880000000433e-01 9.059313684701919556e-02
9.742771620000000299e-01 8.402434736490249634e-02
9.771197910000000153e-01 8.359771221876144409e-02
9.799624770000000540e-01 9.175745397806167603e-02
9.828052189999999522e-01 9.811671823263168335e-02
9.856480170000000429e-01 1.023346707224845886e-01
9.884908709999999932e-01 1.051290482282638550e-01
9.913337819999999967e-01 1.128196865320205688e-01
9.941767489999999707e-01 1.121317073702812195e-01
9.970197720000000263e-01 1.089965328574180603e-01
9.998628510000000524e-01 1.082163155078887939e-01
1.002705986999999910e+00 1.047199964523315430e-01
1.005549178999999960e+00 1.022394448518753052e-01
1.008392426999999980e+00 1.063172817230224609e-01
1.011235730999999971e+00 1.044504195451736450e-01
1.014079092000000015e+00 1.127200275659561157e-01
1.016922509000000030e+00 1.025829389691352844e-01
1.019765982000000015e+00 1.091989800333976746e-01
1.022609510999999971e+00 1.036378368735313416e-01
1.025453096999999980e+00 1.155553236603736877e-01
1.028296738999999960e+00 1.088583543896675110e-01
1.031140436999999910e+00 1.126021668314933777e-01
1.033984191000000052e+00 1.057765483856201172e-01
1.036828002000000026e+00 1.051384136080741882e-01
1.039671868000000110e+00 1.140253841876983643e-01
1.042515791000000025e+00 1.142798289656639099e-01
1.045359770999999993e+00 1.083227619528770447e-01
