3.615872339999999796e-01 1.321149706840515137e+00
3.644177160000000026e-01 1.407348275184631348e+00
3.672482539999999962e-01 1.583674073219299316e+00
3.700788480000000158e-01 1.565785288810729980e+00
3.729094980000000059e-01 1.445951104164123535e+00
3.757402049999999938e-01 1.498253703117370605e+00
3.785709680000000077e-01 1.683257937431335449e+00
3.814017869999999921e-01 1.439387679100036621e+00
3.842326620000000026e-01 1.328793764114379883e+00
3.870635940000000108e-01 1.447399377822875977e+00
3.898945819999999896e-01 1.610349774360656738e+00
3.927256259999999943e-01 1.438771963119506836e+00
3.955567260000000251e-01 1.461293816566467285e+00
3.983878829999999982e-01 1.828150033950805664e+00
4.012190950000000256e-01 2.300114393234252930e+00
4.040503639999999952e-01 2.295847177505493164e+00
4.068816900000000181e-01 2.240529537200927734e+00
4.097130709999999842e-01 2.301509380340576172e+00
4.125445090000000037e-01 2.386839628219604492e+00
4.153760029999999936e-01 2.385737180709838867e+00
4.182075530000000096e-01 2.351221561431884766e+00
4.210391589999999962e-01 2.362134933471679688e+00
4.238708219999999804e-01 2.310055732727050781e+00
4.267025409999999908e-01 2.261285543441772461e+00
4.295343160000000271e-01 2.075834274291992188e+00
4.323661469999999785e-01 2.174786806106567383e+00
4.351980349999999831e-01 2.394990205764770508e+00
4.380299790000000137e-01 2.431496143341064453e+00
4.408619790000000149e-01 2.499094247817993164e+00
4.436940349999999866e-01 2.650409698486328125e+00
4.465261480000000116e-01 2.664942026138305664e+00
4.493583170000000071e-01 2.834796190261840820e+00
4.521905419999999731e-01 2.831494808197021484e+00
4.550228230000000207e-01 2.816671609878540039e+00
4.578551610000000105e-01 2.877264976501464844e+00
4.606875550000000263e-01 2.886630535125732422e+00
4.635200050000000127e-01 2.922824859619140625e+00
4.663525110000000251e-01 2.853929996490478516e+00
4.691850739999999798e-01 2.844197988510131836e+00
4.720176919999999887e-01 2.890429019927978516e+00
4.748503669999999954e-01 2.923723459243774414e+00
4.776830989999999999e-01 2.960810422897338867e+00
4.805158860000000032e-01 3.014391899108886719e+00
4.833487300000000042e-01 2.988399982452392578e+00
4.861816299999999758e-01 2.759811162948608398e+00
4.890145859999999733e-01 2.881345987319946289e+00
4.918475979999999970e-01 2.959002017974853516e+00
4.946806670000000183e-01 3.011800527572631836e+00
4.975137920000000102e-01 3.034390687942504883e+00
5.003469729999999727e-01 2.949381589889526367e+00
5.031802100000000166e-01 2.933478832244873047e+00
5.060135040000000028e-01 3.012915611267089844e+00
5.088468539999999596e-01 3.026396989822387695e+00
5.116802599999999979e-01 3.068588495254516602e+00
5.145137220000000067e-01 2.995313882827758789e+00
5.173472409999999577e-01 2.831520795822143555e+00
5.201808159999999903e-01 2.966206073760986328e+00
5.230144469999999934e-01 3.096223354339599609e+00
5.258481339999999671e-01 3.096496105194091797e+00
5.286818779999999940e-01 3.134999036788940430e+00
5.315156779999999914e-01 3.240617036819458008e+00
5.343495339999999594e-01 3.230467796325683594e+00
5.371834460000000089e-01 3.264492511749267578e+00
5.400174150000000006e-01 3.211538791656494141e+00
5.428514389999999912e-01 3.224945306777954102e+00
5.456855200000000350e-01 3.287631511688232422e+00
5.485196580000000210e-01 3.292172670364379883e+00
5.513538510000000059e-01 3.335527181625366211e+00
5.541881010000000440e-01 3.364058256149291992e+00
5.570224070000000527e-01 3.331028938293457031e+00
5.598567690000000319e-01 3.287339925765991211e+00
5.626911869999999816e-01 3.332832098007202148e+00
5.655256619999999845e-01 3.328242301940917969e+00
5.683601929999999580e-01 3.292049407958984375e+00
5.711947800000000131e-01 3.254042148590087891e+00
5.740294230000000386e-01 3.308474302291870117e+00
5.768641230000000064e-01 3.280302286148071289e+00
5.796988789999999447e-01 3.292825937271118164e+00
5.825336909999999646e-01 3.373368263244628906e+00
5.853685589999999550e-01 3.336478471755981445e+00
5.882034839999999987e-01 3.110283374786376953e+00
5.910384650000000129e-01 2.983094692230224609e+00
5.938735019999999976e-01 3.042891740798950195e+00
5.967085949999999528e-01 3.035290241241455078e+00
5.995437449999999613e-01 3.000556707382202148e+00
6.023789510000000513e-01 2.972903490066528320e+00
6.052142130000000009e-01 2.984578847885131836e+00
6.080495310000000320e-01 2.941938400268554688e+00
6.108849060000000053e-01 2.841720581054687500e+00
6.137203359999999774e-01 2.759075641632080078e+00
6.165558230000000028e-01 2.749366283416748047e+00
6.193913669999999705e-01 2.815803050994873047e+00
6.222269660000000480e-01 2.813158750534057617e+00
6.250626219999999567e-01 2.724013328552246094e+00
6.278983339999999469e-01 2.671022653579711914e+00
6.307341020000000187e-01 2.655374288558959961e+00
6.335699259999999500e-01 2.681447267532348633e+00
6.364058070000000455e-01 2.709353446960449219e+00
6.392417440000000006e-01 2.716112136840820312e+00
6.420777370000000372e-01 2.688689708709716797e+00
6.449137860000000444e-01 2.650011539459228516e+00
6.477498919999999938e-01 2.530111074447631836e+00
6.505860540000000247e-01 2.517984390258789062e+00
6.534222720000000262e-01 2.511658430099487305e+00
6.562585459999999982e-01 2.318298339843750000e+00
6.590948770000000234e-01 2.435324192047119141e+00
6.619312640000000192e-01 2.504323005676269531e+00
6.647677069999999855e-01 2.481370210647583008e+00
6.676042060000000333e-01 2.466353178024291992e+00
6.704407620000000234e-01 2.439476013183593750e+00
6.732773739999999840e-01 2.414611816406250000e+00
6.761140420000000262e-01 2.401456832885742188e+00
6.789507660000000389e-01 2.393285036087036133e+00
6.817875469999999938e-01 2.366565465927124023e+00
6.846243829999999475e-01 2.284370183944702148e+00
6.874612759999999545e-01 1.905904531478881836e+00
6.902982260000000148e-01 1.930856823921203613e+00
6.931352309999999628e-01 1.968256115913391113e+00
6.959722929999999641e-01 1.983466863632202148e+00
6.988094110000000470e-01 1.962270855903625488e+00
7.016465849999999893e-01 1.857013344764709473e+00
7.044838150000000132e-01 1.862348198890686035e+00
7.073211019999999793e-01 1.830591201782226562e+00
7.101584450000000270e-01 1.757881522178649902e+00
7.129958440000000452e-01 1.664637565612792969e+00
7.158332990000000340e-01 1.419355034828186035e+00
7.186708109999999650e-01 1.032395958900451660e+00
7.215083789999999775e-01 1.061440348625183105e+00
7.243460029999999605e-01 9.745548963546752930e-01
7.271836830000000251e-01 8.848401308059692383e-01
7.300214200000000320e-01 8.291173577308654785e-01
7.328592130000000093e-01 8.495588898658752441e-01
7.356970619999999572e-01 8.404679894447326660e-01
7.385349669999999866e-01 8.156787753105163574e-01
7.413729289999999583e-01 8.185672760009765625e-01
7.442109470000000115e-01 8.304564356803894043e-01
7.470490210000000353e-01 8.227591514587402344e-01
7.498871510000000296e-01 8.136042356491088867e-01
7.527253379999999661e-01 8.048813939094543457e-01
7.555635800000000124e-01 7.998756766319274902e-01
7.584018790000000010e-01 6.551652550697326660e-01
7.612402350000000428e-01 3.032819926738739014e-01
7.640786459999999725e-01 3.700966536998748779e-01
7.669171139999999554e-01 5.951840281486511230e-01
7.697556380000000198e-01 7.299797534942626953e-01
7.725942180000000548e-01 7.571256160736083984e-01
7.754328539999999492e-01 7.587463855743408203e-01
7.782715470000000080e-01 7.635998725891113281e-01
7.811102960000000373e-01 7.695685029029846191e-01
7.839491010000000371e-01 7.613774538040161133e-01
7.867879620000000074e-01 7.539724111557006836e-01
7.896268800000000310e-01 7.358338236808776855e-01
7.924658540000000251e-01 7.369267940521240234e-01
7.953048839999999897e-01 7.410289049148559570e-01
7.981439700000000359e-01 7.530819177627563477e-01
8.009831130000000243e-01 7.457556128501892090e-01
8.038223119999999833e-01 7.473750114440917969e-01
8.066615670000000238e-01 7.620023488998413086e-01
8.095008780000000348e-01 7.345538139343261719e-01
8.123402459999999881e-01 6.528083086013793945e-01
8.151796700000000229e-01 5.365437865257263184e-01
8.180191500000000282e-01 5.037083625793457031e-01
8.208586860000000041e-01 5.378144383430480957e-01
8.236982790000000332e-01 4.931308627128601074e-01
8.265379269999999501e-01 5.172920823097229004e-01
8.293776320000000313e-01 4.594498276710510254e-01
8.322173940000000547e-01 4.390424787998199463e-01
8.350572109999999659e-01 4.428246319293975830e-01
8.378970850000000414e-01 4.504861235618591309e-01
8.407370149999999764e-01 4.520838260650634766e-01
8.435770009999999930e-01 4.475672841072082520e-01
8.464170429999999801e-01 4.428394138813018799e-01
8.492571420000000204e-01 4.217597544193267822e-01
8.520972970000000313e-01 4.040426611900329590e-01
8.549375080000000127e-01 3.828801214694976807e-01
8.577777749999999646e-01 4.050229191780090332e-01
8.606180989999999698e-01 3.981304466724395752e-01
8.634584789999999455e-01 3.873468637466430664e-01
8.662989150000000027e-01 3.583191037178039551e-01
8.691394070000000305e-01 3.663973808288574219e-01
8.719799560000000005e-01 3.610735833644866943e-01
8.748205610000000521e-01 3.533473312854766846e-01
8.776612219999999631e-01 3.471360802650451660e-01
8.805019389999999557e-01 3.284705877304077148e-01
8.833427130000000016e-01 3.248696625232696533e-01
8.861835430000000180e-01 3.117907345294952393e-01
8.890244290000000049e-01 3.042905926704406738e-01
8.918653709999999624e-01 2.831027805805206299e-01
8.947063699999999731e-01 2.419711500406265259e-01
8.975474239999999826e-01 1.938774436712265015e-01
9.003885350000000454e-01 1.720793247222900391e-01
9.032297030000000504e-01 1.996669024229049683e-01
9.060709260000000542e-01 1.961447149515151978e-01
9.089122060000000003e-01 1.584620773792266846e-01
9.117535420000000279e-01 1.604684293270111084e-01
9.145949340000000261e-01 1.470547169446945190e-01
9.174363819999999947e-01 1.485304534435272217e-01
9.202778870000000166e-01 1.678590476512908936e-01
9.231194480000000091e-01 1.570421457290649414e-01
9.259610649999999721e-01 1.451724469661712646e-01
9.288027380000000166e-01 1.033781617879867554e-01
9.316444680000000034e-01 6.004339829087257385e-02
9.344862539999999607e-01 3.345004841685295105e-02
9.373280959999999995e-01 3.498321771621704102e-02
9.401699940000000089e-01 5.308241397142410278e-02
9.430119489999999605e-01 4.881387576460838318e-02
9.458539599999999936e-01 4.455314949154853821e-02
9.486960269999999973e-01 4.911689832806587219e-02
9.515381499999999715e-01 4.459090530872344971e-02
9.543803299999999989e-01 4.513182863593101501e-02
9.572225659999999969e-01 5.382807552814483643e-02
9.600648579999999654e-01 5.792227387428283691e-02
9.629072060000000155e-01 5.829178914427757263e-02
9.657496110000000078e-01 6.646976619958877563e-02
9.685920709999999989e-01 8.766706287860870361e-02
9.714345880000000433e-01 9.122993797063827515e-02
9.742771620000000299e-01 8.353406190872192383e-02
9.771197910000000153e-01 8.464355766773223877e-02
9.799624770000000540e-01 8.696071058511734009e-02
9.828052189999999522e-01 9.768218547105789185e-02
9.856480170000000429e-01 1.070935577154159546e-01
9.884908709999999932e-01 1.117414459586143494e-01
9.913337819999999967e-01 1.083906516432762146e-01
9.941767489999999707e-01 1.152893453836441040e-01
9.970197720000000263e-01 1.041988655924797058e-01
9.998628510000000524e-01 1.128482148051261902e-01
1.002705986999999910e+00 1.089680492877960205e-01
1.005549178999999960e+00 1.064505949616432190e-01
1.008392426999999980e+00 1.156733557581901550e-01
1.011235730999999971e+00 1.069474741816520691e-01
1.014079092000000015e+00 1.122739911079406738e-01
1.016922509000000030e+00 1.128532588481903076e-01
1.019765982000000015e+00 1.122270077466964722e-01
1.022609510999999971e+00 1.057646349072456360e-01
1.025453096999999980e+00 1.122930496931076050e-01
1.028296738999999960e+00 1.128317639231681824e-01
1.031140436999999910e+00 1.181014552712440491e-01
1.033984191000000052e+00 1.267987936735153198e-01
1.036828002000000026e+00 1.224091798067092896e-01
1.039671868000000110e+00 1.259181648492813110e-01
1.042515791000000025e+00 1.286312341690063477e-01
1.045359770999999993e+00 1.139393672347068787e-01
