3.615872339999999796e-01 1.275951862335205078e+00
3.644177160000000026e-01 1.417788743972778320e+00
3.672482539999999962e-01 1.556949973106384277e+00
3.700788480000000158e-01 1.535512328147888184e+00
3.729094980000000059e-01 1.459555983543395996e+00
3.757402049999999938e-01 1.514485478401184082e+00
3.785709680000000077e-01 1.675007581710815430e+00
3.814017869999999921e-01 1.429522395133972168e+00
3.842326620000000026e-01 1.314268231391906738e+00
3.870635940000000108e-01 1.448293685913085938e+00
3.898945819999999896e-01 1.609897375106811523e+00
3.927256259999999943e-01 1.434082031250000000e+00
3.955567260000000251e-01 1.444884657859802246e+00
3.983878829999999982e-01 1.836705803871154785e+00
4.012190950000000256e-01 2.284147739410400391e+00
4.040503639999999952e-01 2.298755884170532227e+00
4.068816900000000181e-01 2.245196342468261719e+00
4.097130709999999842e-01 2.253625869750976562e+00
4.125445090000000037e-01 2.378886699676513672e+00
4.153760029999999936e-01 2.396147727966308594e+00
4.182075530000000096e-01 2.320976972579956055e+00
4.210391589999999962e-01 2.358951330184936523e+00
4.238708219999999804e-01 2.315100193023681641e+00
4.267025409999999908e-01 2.274724960327148438e+00
4.295343160000000271e-01 2.060167074203491211e+00
4.323661469999999785e-01 2.180802822113037109e+00
4.351980349999999831e-01 2.382871389389038086e+00
4.380299790000000137e-01 2.421035289764404297e+00
4.408619790000000149e-01 2.497912168502807617e+00
4.436940349999999866e-01 2.625398635864257812e+00
4.465261480000000116e-01 2.666446447372436523e+00
4.493583170000000071e-01 2.825143098831176758e+00
4.521905419999999731e-01 2.858902931213378906e+00
4.550228230000000207e-01 2.826601743698120117e+00
4.578551610000000105e-01 2.876467227935791016e+00
4.606875550000000263e-01 2.887354373931884766e+00
4.635200050000000127e-01 2.937138319015502930e+00
4.663525110000000251e-01 2.873777627944946289e+00
4.691850739999999798e-01 2.866769075393676758e+00
4.720176919999999887e-01 2.923004865646362305e+00
4.748503669999999954e-01 2.955207347869873047e+00
4.776830989999999999e-01 2.973998308181762695e+00
4.805158860000000032e-01 3.053915023803710938e+00
4.833487300000000042e-01 3.036304950714111328e+00
4.861816299999999758e-01 2.796376943588256836e+00
4.890145859999999733e-01 2.902020215988159180e+00
4.918475979999999970e-01 2.984986066818237305e+00
4.946806670000000183e-01 3.050719976425170898e+00
4.975137920000000102e-01 3.066787958145141602e+00
5.003469729999999727e-01 2.990590333938598633e+00
5.031802100000000166e-01 2.979013204574584961e+00
5.060135040000000028e-01 3.070642232894897461e+00
5.088468539999999596e-01 3.092098951339721680e+00
5.116802599999999979e-01 3.123287677764892578e+00
5.145137220000000067e-01 3.059379339218139648e+00
5.173472409999999577e-01 2.891301155090332031e+00
5.201808159999999903e-01 3.039500236511230469e+00
5.230144469999999934e-01 3.164524316787719727e+00
5.258481339999999671e-01 3.173464536666870117e+00
5.286818779999999940e-01 3.223006725311279297e+00
5.315156779999999914e-01 3.326888322830200195e+00
5.343495339999999594e-01 3.315063714981079102e+00
5.371834460000000089e-01 3.354113817214965820e+00
5.400174150000000006e-01 3.299244642257690430e+00
5.428514389999999912e-01 3.321053743362426758e+00
5.456855200000000350e-01 3.387597799301147461e+00
5.485196580000000210e-01 3.394585847854614258e+00
5.513538510000000059e-01 3.431690931320190430e+00
5.541881010000000440e-01 3.460209369659423828e+00
5.570224070000000527e-01 3.424679279327392578e+00
5.598567690000000319e-01 3.377205848693847656e+00
5.626911869999999816e-01 3.431558609008789062e+00
5.655256619999999845e-01 3.423564434051513672e+00
5.683601929999999580e-01 3.385189294815063477e+00
5.711947800000000131e-01 3.356597661972045898e+00
5.740294230000000386e-01 3.409290790557861328e+00
5.768641230000000064e-01 3.375331878662109375e+00
5.796988789999999447e-01 3.383399963378906250e+00
5.825336909999999646e-01 3.469338655471801758e+00
5.853685589999999550e-01 3.433096885681152344e+00
5.882034839999999987e-01 3.202397823333740234e+00
5.910384650000000129e-01 3.065752744674682617e+00
5.938735019999999976e-01 3.122705221176147461e+00
5.967085949999999528e-01 3.105723381042480469e+00
5.995437449999999613e-01 3.068080425262451172e+00
6.023789510000000513e-01 3.038636684417724609e+00
6.052142130000000009e-01 3.047783613204956055e+00
6.080495310000000320e-01 3.017769336700439453e+00
6.108849060000000053e-01 2.904047489166259766e+00
6.137203359999999774e-01 2.820765018463134766e+00
6.165558230000000028e-01 2.794771909713745117e+00
6.193913669999999705e-01 2.869682073593139648e+00
6.222269660000000480e-01 2.856285095214843750e+00
6.250626219999999567e-01 2.781816482543945312e+00
6.278983339999999469e-01 2.710829496383666992e+00
6.307341020000000187e-01 2.685457229614257812e+00
6.335699259999999500e-01 2.718546390533447266e+00
6.364058070000000455e-01 2.751030206680297852e+00
6.392417440000000006e-01 2.757724046707153320e+00
6.420777370000000372e-01 2.727238893508911133e+00
6.449137860000000444e-01 2.692834138870239258e+00
6.477498919999999938e-01 2.570863008499145508e+00
6.505860540000000247e-01 2.547929048538208008e+00
6.534222720000000262e-01 2.551667928695678711e+00
6.562585459999999982e-01 2.339465856552124023e+00
6.590948770000000234e-01 2.449218511581420898e+00
6.619312640000000192e-01 2.507429599761962891e+00
6.647677069999999855e-01 2.476629018783569336e+00
6.676042060000000333e-01 2.460963726043701172e+00
6.704407620000000234e-01 2.426397800445556641e+00
6.732773739999999840e-01 2.401945114135742188e+00
6.761140420000000262e-01 2.395098209381103516e+00
6.789507660000000389e-01 2.373304128646850586e+00
6.817875469999999938e-01 2.355345726013183594e+00
6.846243829999999475e-01 2.274841785430908203e+00
6.874612759999999545e-01 1.909893751144409180e+00
6.902982260000000148e-01 1.932541847229003906e+00
6.931352309999999628e-01 1.977065682411193848e+00
6.959722929999999641e-01 1.997347950935363770e+00
6.988094110000000470e-01 1.980399966239929199e+00
7.016465849999999893e-01 1.871431469917297363e+00
7.044838150000000132e-01 1.872395157814025879e+00
7.073211019999999793e-01 1.830575823783874512e+00
7.101584450000000270e-01 1.773199558258056641e+00
7.129958440000000452e-01 1.660162448883056641e+00
7.158332990000000340e-01 1.405476331710815430e+00
7.186708109999999650e-01 1.017929315567016602e+00
7.215083789999999775e-01 1.046570658683776855e+00
7.243460029999999605e-01 9.527236223220825195e-01
7.271836830000000251e-01 8.624067306518554688e-01
7.300214200000000320e-01 8.025667071342468262e-01
7.328592130000000093e-01 8.170475959777832031e-01
7.356970619999999572e-01 8.146731257438659668e-01
7.385349669999999866e-01 7.854875326156616211e-01
7.413729289999999583e-01 7.864828705787658691e-01
7.442109470000000115e-01 7.969998717308044434e-01
7.470490210000000353e-01 7.912565469741821289e-01
7.498871510000000296e-01 7.823695540428161621e-01
7.527253379999999661e-01 7.700763940811157227e-01
7.555635800000000124e-01 7.631860971450805664e-01
7.584018790000000010e-01 6.310556530952453613e-01
7.612402350000000428e-01 2.949163019657135010e-01
7.640786459999999725e-01 3.602673113346099854e-01
7.669171139999999554e-01 5.669668912887573242e-01
7.697556380000000198e-01 6.991236805915832520e-01
7.725942180000000548e-01 7.291582226753234863e-01
7.754328539999999492e-01 7.268824577331542969e-01
7.782715470000000080e-01 7.241467833518981934e-01
7.811102960000000373e-01 7.316802144050598145e-01
7.839491010000000371e-01 7.330330610275268555e-01
7.867879620000000074e-01 7.272752523422241211e-01
7.896268800000000310e-01 7.012793421745300293e-01
7.924658540000000251e-01 7.095866799354553223e-01
7.953048839999999897e-01 7.157185077667236328e-01
7.981439700000000359e-01 7.173514366149902344e-01
8.009831130000000243e-01 7.204545140266418457e-01
8.038223119999999833e-01 7.126987576484680176e-01
8.066615670000000238e-01 7.354125380516052246e-01
8.095008780000000348e-01 7.024353146553039551e-01
8.123402459999999881e-01 6.326288580894470215e-01
8.151796700000000229e-01 5.144608616828918457e-01
8.180191500000000282e-01 4.860381186008453369e-01
8.208586860000000041e-01 5.170347690582275391e-01
8.236982790000000332e-01 4.760074913501739502e-01
8.265379269999999501e-01 4.847028553485870361e-01
8.293776320000000313e-01 4.411075115203857422e-01
8.322173940000000547e-01 4.158029854297637939e-01
8.350572109999999659e-01 4.207178652286529541e-01
8.378970850000000414e-01 4.322852194309234619e-01
8.407370149999999764e-01 4.321741461753845215e-01
8.435770009999999930e-01 4.269283115863800049e-01
8.464170429999999801e-01 4.240630269050598145e-01
8.492571420000000204e-01 4.038801789283752441e-01
8.520972970000000313e-01 3.830229640007019043e-01
8.549375080000000127e-01 3.632214069366455078e-01
8.577777749999999646e-01 3.827326595783233643e-01
8.606180989999999698e-01 3.805109560489654541e-01
8.634584789999999455e-01 3.731394410133361816e-01
8.662989150000000027e-01 3.406382799148559570e-01
8.691394070000000305e-01 3.486908674240112305e-01
8.719799560000000005e-01 3.442389369010925293e-01
8.748205610000000521e-01 3.332244753837585449e-01
8.776612219999999631e-01 3.281824588775634766e-01
8.805019389999999557e-01 3.183999955654144287e-01
8.833427130000000016e-01 3.041183054447174072e-01
8.861835430000000180e-01 3.016338348388671875e-01
8.890244290000000049e-01 2.893593609333038330e-01
8.918653709999999624e-01 2.738331556320190430e-01
8.947063699999999731e-01 2.312767952680587769e-01
8.975474239999999826e-01 1.862235516309738159e-01
9.003885350000000454e-01 1.628934293985366821e-01
9.032297030000000504e-01 1.896473914384841919e-01
9.060709260000000542e-01 1.879675090312957764e-01
9.089122060000000003e-01 1.594333052635192871e-01
9.117535420000000279e-01 1.520085036754608154e-01
9.145949340000000261e-01 1.445251107215881348e-01
9.174363819999999947e-01 1.407700926065444946e-01
9.202778870000000166e-01 1.630621850490570068e-01
9.231194480000000091e-01 1.526986211538314819e-01
9.259610649999999721e-01 1.431725770235061646e-01
9.288027380000000166e-01 9.935308992862701416e-02
9.316444680000000034e-01 5.631280690431594849e-02
9.344862539999999607e-01 3.320506587624549866e-02
9.373280959999999995e-01 3.232469782233238220e-02
9.401699940000000089e-01 5.203133448958396912e-02
9.430119489999999605e-01 4.392928630113601685e-02
9.458539599999999936e-01 4.306273162364959717e-02
9.486960269999999973e-01 4.260697588324546814e-02
9.515381499999999715e-01 4.415582120418548584e-02
9.543803299999999989e-01 4.569364711642265320e-02
9.572225659999999969e-01 5.117743834853172302e-02
9.600648579999999654e-01 5.384710058569908142e-02
9.629072060000000155e-01 5.898506194353103638e-02
9.657496110000000078e-01 6.222886592149734497e-02
9.685920709999999989e-01 8.582307398319244385e-02
9.714345880000000433e-01 8.890499919652938843e-02
9.742771620000000299e-01 8.268702775239944458e-02
9.771197910000000153e-01 7.960066944360733032e-02
9.799624770000000540e-01 8.546738326549530029e-02
9.828052189999999522e-01 9.356216341257095337e-02
9.856480170000000429e-01 1.017798334360122681e-01
9.884908709999999932e-01 1.077800169587135315e-01
9.913337819999999967e-01 1.130763366818428040e-01
9.941767489999999707e-01 1.125932112336158752e-01
9.970197720000000263e-01 1.083310768008232117e-01
9.998628510000000524e-01 1.118272542953491211e-01
1.002705986999999910e+00 1.066497489809989929e-01
1.005549178999999960e+00 1.090894043445587158e-01
1.008392426999999980e+00 1.058923080563545227e-01
1.011235730999999971e+00 1.086633279919624329e-01
1.014079092000000015e+00 1.072578653693199158e-01
1.016922509000000030e+00 1.077766343951225281e-01
1.019765982000000015e+00 1.145255193114280701e-01
1.022609510999999971e+00 1.065508946776390076e-01
1.025453096999999980e+00 1.067492589354515076e-01
1.028296738999999960e+00 1.084422990679740906e-01
1.031140436999999910e+00 1.065695956349372864e-01
1.033984191000000052e+00 1.118113175034523010e-01
1.036828002000000026e+00 1.178031265735626221e-01
1.039671868000000110e+00 1.196593791246414185e-01
1.042515791000000025e+00 1.193765252828598022e-01
1.045359770999999993e+00 1.125336140394210815e-01
