3.615872339999999796e-01 1.334783911705017090e+00
3.644177160000000026e-01 1.459606170654296875e+00
3.672482539999999962e-01 1.592779636383056641e+00
3.700788480000000158e-01 1.555598855018615723e+00
3.729094980000000059e-01 1.438889741897583008e+00
3.757402049999999938e-01 1.488858222961425781e+00
3.785709680000000077e-01 1.659873008728027344e+00
3.814017869999999921e-01 1.426940798759460449e+00
3.842326620000000026e-01 1.321040749549865723e+00
3.870635940000000108e-01 1.428925395011901855e+00
3.898945819999999896e-01 1.606999874114990234e+00
3.927256259999999943e-01 1.397204041481018066e+00
3.955567260000000251e-01 1.447974324226379395e+00
3.983878829999999982e-01 1.817611694335937500e+00
4.012190950000000256e-01 2.285013914108276367e+00
4.040503639999999952e-01 2.276808023452758789e+00
4.068816900000000181e-01 2.218123912811279297e+00
4.097130709999999842e-01 2.291515827178955078e+00
4.125445090000000037e-01 2.354676485061645508e+00
4.153760029999999936e-01 2.380589008331298828e+00
4.182075530000000096e-01 2.337205886840820312e+00
4.210391589999999962e-01 2.331402540206909180e+00
4.238708219999999804e-01 2.274792909622192383e+00
4.267025409999999908e-01 2.239914894104003906e+00
4.295343160000000271e-01 2.036838769912719727e+00
4.323661469999999785e-01 2.153280973434448242e+00
4.351980349999999831e-01 2.367508649826049805e+00
4.380299790000000137e-01 2.408402204513549805e+00
4.408619790000000149e-01 2.455237627029418945e+00
4.436940349999999866e-01 2.603384494781494141e+00
4.465261480000000116e-01 2.637202501296997070e+00
4.493583170000000071e-01 2.785981655120849609e+00
4.521905419999999731e-01 2.792209148406982422e+00
4.550228230000000207e-01 2.769859552383422852e+00
4.578551610000000105e-01 2.832730770111083984e+00
4.606875550000000263e-01 2.860809087753295898e+00
4.635200050000000127e-01 2.883847236633300781e+00
4.663525110000000251e-01 2.828266382217407227e+00
4.691850739999999798e-01 2.822572708129882812e+00
4.720176919999999887e-01 2.855704069137573242e+00
4.748503669999999954e-01 2.912799596786499023e+00
4.776830989999999999e-01 2.928037643432617188e+00
4.805158860000000032e-01 3.001320838928222656e+00
4.833487300000000042e-01 2.969146251678466797e+00
4.861816299999999758e-01 2.736320495605468750e+00
4.890145859999999733e-01 2.846670866012573242e+00
4.918475979999999970e-01 2.931524515151977539e+00
4.946806670000000183e-01 2.992768049240112305e+00
4.975137920000000102e-01 3.005771875381469727e+00
5.003469729999999727e-01 2.932475805282592773e+00
5.031802100000000166e-01 2.911582469940185547e+00
5.060135040000000028e-01 2.997415542602539062e+00
5.088468539999999596e-01 3.017008781433105469e+00
5.116802599999999979e-01 3.055579900741577148e+00
5.145137220000000067e-01 2.980444908142089844e+00
5.173472409999999577e-01 2.828350782394409180e+00
5.201808159999999903e-01 2.943617343902587891e+00
5.230144469999999934e-01 3.086366415023803711e+00
5.258481339999999671e-01 3.082428693771362305e+00
5.286818779999999940e-01 3.138837099075317383e+00
5.315156779999999914e-01 3.226162195205688477e+00
5.343495339999999594e-01 3.213093042373657227e+00
5.371834460000000089e-01 3.257451295852661133e+00
5.400174150000000006e-01 3.204998254776000977e+00
5.428514389999999912e-01 3.225707769393920898e+00
5.456855200000000350e-01 3.285767316818237305e+00
5.485196580000000210e-01 3.301596879959106445e+00
5.513538510000000059e-01 3.326391696929931641e+00
5.541881010000000440e-01 3.349996566772460938e+00
5.570224070000000527e-01 3.312368154525756836e+00
5.598567690000000319e-01 3.283648967742919922e+00
5.626911869999999816e-01 3.322707653045654297e+00
5.655256619999999845e-01 3.321955919265747070e+00
5.683601929999999580e-01 3.286487340927124023e+00
5.711947800000000131e-01 3.257869243621826172e+00
5.740294230000000386e-01 3.297461748123168945e+00
5.768641230000000064e-01 3.264456033706665039e+00
5.796988789999999447e-01 3.273099899291992188e+00
5.825336909999999646e-01 3.344386577606201172e+00
5.853685589999999550e-01 3.305865526199340820e+00
5.882034839999999987e-01 3.088488101959228516e+00
5.910384650000000129e-01 2.941963672637939453e+00
5.938735019999999976e-01 2.994421720504760742e+00
5.967085949999999528e-01 2.977624177932739258e+00
5.995437449999999613e-01 2.939337968826293945e+00
6.023789510000000513e-01 2.893377780914306641e+00
6.052142130000000009e-01 2.898065805435180664e+00
6.080495310000000320e-01 2.848622322082519531e+00
6.108849060000000053e-01 2.737135648727416992e+00
6.137203359999999774e-01 2.676359891891479492e+00
6.165558230000000028e-01 2.652831077575683594e+00
6.193913669999999705e-01 2.722654342651367188e+00
6.222269660000000480e-01 2.705899477005004883e+00
6.250626219999999567e-01 2.642660140991210938e+00
6.278983339999999469e-01 2.583093881607055664e+00
6.307341020000000187e-01 2.553512334823608398e+00
6.335699259999999500e-01 2.580168962478637695e+00
6.364058070000000455e-01 2.609384059906005859e+00
6.392417440000000006e-01 2.614393711090087891e+00
6.420777370000000372e-01 2.575656414031982422e+00
6.449137860000000444e-01 2.548788785934448242e+00
6.477498919999999938e-01 2.421446084976196289e+00
6.505860540000000247e-01 2.415427207946777344e+00
6.534222720000000262e-01 2.402474403381347656e+00
6.562585459999999982e-01 2.213601827621459961e+00
6.590948770000000234e-01 2.305063724517822266e+00
6.619312640000000192e-01 2.370087385177612305e+00
6.647677069999999855e-01 2.345791816711425781e+00
6.676042060000000333e-01 2.329534053802490234e+00
6.704407620000000234e-01 2.300868034362792969e+00
6.732773739999999840e-01 2.274788141250610352e+00
6.761140420000000262e-01 2.262426853179931641e+00
6.789507660000000389e-01 2.245413541793823242e+00
6.817875469999999938e-01 2.216032981872558594e+00
6.846243829999999475e-01 2.132085800170898438e+00
6.874612759999999545e-01 1.788629889488220215e+00
6.902982260000000148e-01 1.807049393653869629e+00
6.931352309999999628e-01 1.846251606941223145e+00
6.959722929999999641e-01 1.842156291007995605e+00
6.988094110000000470e-01 1.830841422080993652e+00
7.016465849999999893e-01 1.714680671691894531e+00
7.044838150000000132e-01 1.712107419967651367e+00
7.073211019999999793e-01 1.673988342285156250e+00
7.101584450000000270e-01 1.599398374557495117e+00
7.129958440000000452e-01 1.506135582923889160e+00
7.158332990000000340e-01 1.262190937995910645e+00
7.186708109999999650e-01 9.184960722923278809e-01
7.215083789999999775e-01 9.379472136497497559e-01
7.243460029999999605e-01 8.606035113334655762e-01
7.271836830000000251e-01 7.746642231941223145e-01
7.300214200000000320e-01 7.293381094932556152e-01
7.328592130000000093e-01 7.425077557563781738e-01
7.356970619999999572e-01 7.209077477455139160e-01
7.385349669999999866e-01 7.124446630477905273e-01
7.413729289999999583e-01 7.099158167839050293e-01
7.442109470000000115e-01 7.207121253013610840e-01
7.470490210000000353e-01 7.223971486091613770e-01
7.498871510000000296e-01 7.023467421531677246e-01
7.527253379999999661e-01 6.988276243209838867e-01
7.555635800000000124e-01 6.968824863433837891e-01
7.584018790000000010e-01 5.623120665550231934e-01
7.612402350000000428e-01 2.665789425373077393e-01
7.640786459999999725e-01 3.246143460273742676e-01
7.669171139999999554e-01 5.185545086860656738e-01
7.697556380000000198e-01 6.343293786048889160e-01
7.725942180000000548e-01 6.492104530334472656e-01
7.754328539999999492e-01 6.519415974617004395e-01
7.782715470000000080e-01 6.589555740356445312e-01
7.811102960000000373e-01 6.642830371856689453e-01
7.839491010000000371e-01 6.570344567298889160e-01
7.867879620000000074e-01 6.472669243812561035e-01
7.896268800000000310e-01 6.304135322570800781e-01
7.924658540000000251e-01 6.338261961936950684e-01
7.953048839999999897e-01 6.391111612319946289e-01
7.981439700000000359e-01 6.414412856101989746e-01
8.009831130000000243e-01 6.417982578277587891e-01
8.038223119999999833e-01 6.409409642219543457e-01
8.066615670000000238e-01 6.530628204345703125e-01
8.095008780000000348e-01 6.247882843017578125e-01
8.123402459999999881e-01 5.565254688262939453e-01
8.151796700000000229e-01 4.568016529083251953e-01
8.180191500000000282e-01 4.341516196727752686e-01
8.208586860000000041e-01 4.588506817817687988e-01
8.236982790000000332e-01 4.226770997047424316e-01
8.265379269999999501e-01 4.407929480075836182e-01
8.293776320000000313e-01 3.924482464790344238e-01
8.322173940000000547e-01 3.783490657806396484e-01
8.350572109999999659e-01 3.861380219459533691e-01
8.378970850000000414e-01 3.908029794692993164e-01
8.407370149999999764e-01 3.905895948410034180e-01
8.435770009999999930e-01 3.934481143951416016e-01
8.464170429999999801e-01 3.820539116859436035e-01
8.492571420000000204e-01 3.693965673446655273e-01
8.520972970000000313e-01 3.446227014064788818e-01
8.549375080000000127e-01 3.330835700035095215e-01
8.577777749999999646e-01 3.500012457370758057e-01
8.606180989999999698e-01 3.480615317821502686e-01
8.634584789999999455e-01 3.400408327579498291e-01
8.662989150000000027e-01 3.152975142002105713e-01
8.691394070000000305e-01 3.237828314304351807e-01
8.719799560000000005e-01 3.191445171833038330e-01
8.748205610000000521e-01 3.100913763046264648e-01
8.776612219999999631e-01 3.039989173412322998e-01
8.805019389999999557e-01 2.944533824920654297e-01
8.833427130000000016e-01 2.880770564079284668e-01
8.861835430000000180e-01 2.768645584583282471e-01
8.890244290000000049e-01 2.723149359226226807e-01
8.918653709999999624e-01 2.604545950889587402e-01
8.947063699999999731e-01 2.183266431093215942e-01
8.975474239999999826e-01 1.748722642660140991e-01
9.003885350000000454e-01 1.553352028131484985e-01
9.032297030000000504e-01 1.798130720853805542e-01
9.060709260000000542e-01 1.792253851890563965e-01
9.089122060000000003e-01 1.481443494558334351e-01
9.117535420000000279e-01 1.460317075252532959e-01
9.145949340000000261e-01 1.365886032581329346e-01
9.174363819999999947e-01 1.327480226755142212e-01
9.202778870000000166e-01 1.552548408508300781e-01
9.231194480000000091e-01 1.486731469631195068e-01
9.259610649999999721e-01 1.362651735544204712e-01
9.288027380000000166e-01 9.870884567499160767e-02
9.316444680000000034e-01 5.073397979140281677e-02
9.344862539999999607e-01 3.014650568366050720e-02
9.373280959999999995e-01 3.438564762473106384e-02
9.401699940000000089e-01 5.338621884584426880e-02
9.430119489999999605e-01 4.514112323522567749e-02
9.458539599999999936e-01 4.129645600914955139e-02
9.486960269999999973e-01 4.664513841271400452e-02
9.515381499999999715e-01 4.353909939527511597e-02
9.543803299999999989e-01 4.327152296900749207e-02
9.572225659999999969e-01 5.097828060388565063e-02
9.600648579999999654e-01 5.299343541264533997e-02
9.629072060000000155e-01 5.892276391386985779e-02
9.657496110000000078e-01 6.749963760375976562e-02
9.685920709999999989e-01 8.556199818849563599e-02
9.714345880000000433e-01 9.245669096708297729e-02
9.742771620000000299e-01 8.671945333480834961e-02
9.771197910000000153e-01 8.540812879800796509e-02
9.799624770000000540e-01 8.884441852569580078e-02
9.828052189999999522e-01 1.018455103039741516e-01
9.856480170000000429e-01 1.036253944039344788e-01
9.884908709999999932e-01 1.098566427826881409e-01
9.913337819999999967e-01 1.135809049010276794e-01
9.941767489999999707e-01 1.154365688562393188e-01
9.970197720000000263e-01 1.156577914953231812e-01
9.998628510000000524e-01 1.162594407796859741e-01
1.002705986999999910e+00 1.073356717824935913e-01
1.005549178999999960e+00 1.045391783118247986e-01
1.008392426999999980e+00 1.139664649963378906e-01
1.011235730999999971e+00 1.049159988760948181e-01
1.014079092000000015e+00 1.139375492930412292e-01
1.016922509000000030e+00 1.165223047137260437e-01
1.019765982000000015e+00 1.163957267999649048e-01
1.022609510999999971e+00 1.140131130814552307e-01
1.025453096999999980e+00 1.101414412260055542e-01
1.028296738999999960e+00 1.154108494520187378e-01
1.031140436999999910e+00 1.145614683628082275e-01
1.033984191000000052e+00 1.108906865119934082e-01
1.036828002000000026e+00 1.134563758969306946e-01
1.039671868000000110e+00 1.116789430379867554e-01
1.042515791000000025e+00 1.155338883399963379e-01
1.045359770999999993e+00 1.198156401515007019e-01
