3.615872339999999796e-01 1.308244943618774414e+00
3.644177160000000026e-01 1.453457832336425781e+00
3.672482539999999962e-01 1.660262823104858398e+00
3.700788480000000158e-01 1.582245230674743652e+00
3.729094980000000059e-01 1.447948098182678223e+00
3.757402049999999938e-01 1.498622059822082520e+00
3.785709680000000077e-01 1.647716283798217773e+00
3.814017869999999921e-01 1.405456900596618652e+00
3.842326620000000026e-01 1.296034097671508789e+00
3.870635940000000108e-01 1.440878272056579590e+00
3.898945819999999896e-01 1.599910020828247070e+00
3.927256259999999943e-01 1.430318236351013184e+00
3.955567260000000251e-01 1.460272908210754395e+00
3.983878829999999982e-01 1.840157985687255859e+00
4.012190950000000256e-01 2.280375957489013672e+00
4.040503639999999952e-01 2.273519039154052734e+00
4.068816900000000181e-01 2.223757505416870117e+00
4.097130709999999842e-01 2.271575689315795898e+00
4.125445090000000037e-01 2.357954978942871094e+00
4.153760029999999936e-01 2.354623079299926758e+00
4.182075530000000096e-01 2.323093891143798828e+00
4.210391589999999962e-01 2.339453220367431641e+00
4.238708219999999804e-01 2.328330755233764648e+00
4.267025409999999908e-01 2.267690420150756836e+00
4.295343160000000271e-01 2.055202960968017578e+00
4.323661469999999785e-01 2.183643341064453125e+00
4.351980349999999831e-01 2.358401060104370117e+00
4.380299790000000137e-01 2.407797336578369141e+00
4.408619790000000149e-01 2.485972881317138672e+00
4.436940349999999866e-01 2.617180109024047852e+00
4.465261480000000116e-01 2.652604103088378906e+00
4.493583170000000071e-01 2.813627481460571289e+00
4.521905419999999731e-01 2.827258110046386719e+00
4.550228230000000207e-01 2.798787593841552734e+00
4.578551610000000105e-01 2.854922771453857422e+00
4.606875550000000263e-01 2.874784946441650391e+00
4.635200050000000127e-01 2.916421413421630859e+00
4.663525110000000251e-01 2.845198631286621094e+00
4.691850739999999798e-01 2.843044996261596680e+00
4.720176919999999887e-01 2.887006282806396484e+00
4.748503669999999954e-01 2.930382013320922852e+00
4.776830989999999999e-01 2.957351207733154297e+00
4.805158860000000032e-01 3.006611347198486328e+00
4.833487300000000042e-01 3.007776975631713867e+00
4.861816299999999758e-01 2.766024589538574219e+00
4.890145859999999733e-01 2.891709327697753906e+00
4.918475979999999970e-01 2.957674264907836914e+00
4.946806670000000183e-01 3.009679317474365234e+00
4.975137920000000102e-01 3.027881860733032227e+00
5.003469729999999727e-01 2.953031539916992188e+00
5.031802100000000166e-01 2.940499544143676758e+00
5.060135040000000028e-01 3.022811174392700195e+00
5.088468539999999596e-01 3.044714689254760742e+00
5.116802599999999979e-01 3.073065757751464844e+00
5.145137220000000067e-01 3.010960340499877930e+00
5.173472409999999577e-01 2.853462934494018555e+00
5.201808159999999903e-01 2.987723350524902344e+00
5.230144469999999934e-01 3.116951942443847656e+00
5.258481339999999671e-01 3.120795965194702148e+00
5.286818779999999940e-01 3.169981718063354492e+00
5.315156779999999914e-01 3.265183687210083008e+00
5.343495339999999594e-01 3.248037338256835938e+00
5.371834460000000089e-01 3.295938014984130859e+00
5.400174150000000006e-01 3.242509365081787109e+00
5.428514389999999912e-01 3.259301424026489258e+00
5.456855200000000350e-01 3.320813179016113281e+00
5.485196580000000210e-01 3.331128358840942383e+00
5.513538510000000059e-01 3.365826845169067383e+00
5.541881010000000440e-01 3.400101900100708008e+00
5.570224070000000527e-01 3.359372377395629883e+00
5.598567690000000319e-01 3.319870948791503906e+00
5.626911869999999816e-01 3.362722396850585938e+00
5.655256619999999845e-01 3.355190515518188477e+00
5.683601929999999580e-01 3.327488422393798828e+00
5.711947800000000131e-01 3.294915199279785156e+00
5.740294230000000386e-01 3.338605403900146484e+00
5.768641230000000064e-01 3.299890756607055664e+00
5.796988789999999447e-01 3.325013875961303711e+00
5.825336909999999646e-01 3.392322063446044922e+00
5.853685589999999550e-01 3.354930877685546875e+00
5.882034839999999987e-01 3.131411790847778320e+00
5.910384650000000129e-01 2.994497776031494141e+00
5.938735019999999976e-01 3.047081232070922852e+00
5.967085949999999528e-01 3.035666942596435547e+00
5.995437449999999613e-01 2.995545148849487305e+00
6.023789510000000513e-01 2.961658954620361328e+00
6.052142130000000009e-01 2.980166435241699219e+00
6.080495310000000320e-01 2.936402082443237305e+00
6.108849060000000053e-01 2.840452671051025391e+00
6.137203359999999774e-01 2.771907806396484375e+00
6.165558230000000028e-01 2.747713327407836914e+00
6.193913669999999705e-01 2.805068969726562500e+00
6.222269660000000480e-01 2.792737960815429688e+00
6.250626219999999567e-01 2.719279289245605469e+00
6.278983339999999469e-01 2.663742303848266602e+00
6.307341020000000187e-01 2.642093420028686523e+00
6.335699259999999500e-01 2.662102460861206055e+00
6.364058070000000455e-01 2.694697618484497070e+00
6.392417440000000006e-01 2.685047626495361328e+00
6.420777370000000372e-01 2.680478572845458984e+00
6.449137860000000444e-01 2.635787963867187500e+00
6.477498919999999938e-01 2.513644695281982422e+00
6.505860540000000247e-01 2.502155542373657227e+00
6.534222720000000262e-01 2.484452962875366211e+00
6.562585459999999982e-01 2.291073799133300781e+00
6.590948770000000234e-01 2.400019645690917969e+00
6.619312640000000192e-01 2.463523149490356445e+00
6.647677069999999855e-01 2.435044527053833008e+00
6.676042060000000333e-01 2.423018217086791992e+00
6.704407620000000234e-01 2.396693468093872070e+00
6.732773739999999840e-01 2.371238708496093750e+00
6.761140420000000262e-01 2.358664512634277344e+00
6.789507660000000389e-01 2.335569381713867188e+00
6.817875469999999938e-01 2.318765640258789062e+00
6.846243829999999475e-01 2.232509851455688477e+00
6.874612759999999545e-01 1.869428634643554688e+00
6.902982260000000148e-01 1.890484929084777832e+00
6.931352309999999628e-01 1.924535870552062988e+00
6.959722929999999641e-01 1.935158729553222656e+00
6.988094110000000470e-01 1.915795564651489258e+00
7.016465849999999893e-01 1.809604883193969727e+00
7.044838150000000132e-01 1.815669178962707520e+00
7.073211019999999793e-01 1.779931306838989258e+00
7.101584450000000270e-01 1.717275500297546387e+00
7.129958440000000452e-01 1.613961338996887207e+00
7.158332990000000340e-01 1.372599482536315918e+00
7.186708109999999650e-01 9.956604242324829102e-01
7.215083789999999775e-01 1.026751995086669922e+00
7.243460029999999605e-01 9.429603815078735352e-01
7.271836830000000251e-01 8.541502952575683594e-01
7.300214200000000320e-01 8.048085570335388184e-01
7.328592130000000093e-01 8.212350010871887207e-01
7.356970619999999572e-01 8.182619214057922363e-01
7.385349669999999866e-01 7.971524000167846680e-01
7.413729289999999583e-01 7.956930994987487793e-01
7.442109470000000115e-01 8.133990168571472168e-01
7.470490210000000353e-01 8.136478662490844727e-01
7.498871510000000296e-01 7.982216477394104004e-01
7.527253379999999661e-01 7.899540066719055176e-01
7.555635800000000124e-01 7.814306020736694336e-01
7.584018790000000010e-01 6.457647681236267090e-01
7.612402350000000428e-01 3.089798986911773682e-01
7.640786459999999725e-01 3.681126832962036133e-01
7.669171139999999554e-01 5.906615853309631348e-01
7.697556380000000198e-01 7.161506414413452148e-01
7.725942180000000548e-01 7.381426095962524414e-01
7.754328539999999492e-01 7.524362802505493164e-01
7.782715470000000080e-01 7.485847473144531250e-01
7.811102960000000373e-01 7.526373267173767090e-01
7.839491010000000371e-01 7.514557242393493652e-01
7.867879620000000074e-01 7.410114407539367676e-01
7.896268800000000310e-01 7.201261520385742188e-01
7.924658540000000251e-01 7.212950587272644043e-01
7.953048839999999897e-01 7.228125929832458496e-01
7.981439700000000359e-01 7.338151335716247559e-01
8.009831130000000243e-01 7.272431254386901855e-01
8.038223119999999833e-01 7.270206212997436523e-01
8.066615670000000238e-01 7.454503774642944336e-01
8.095008780000000348e-01 7.157856822013854980e-01
8.123402459999999881e-01 6.439692974090576172e-01
8.151796700000000229e-01 5.265818834304809570e-01
8.180191500000000282e-01 4.997412264347076416e-01
8.208586860000000041e-01 5.271408557891845703e-01
8.236982790000000332e-01 4.850967526435852051e-01
8.265379269999999501e-01 5.067618489265441895e-01
8.293776320000000313e-01 4.558211863040924072e-01
8.322173940000000547e-01 4.386935234069824219e-01
8.350572109999999659e-01 4.400334060192108154e-01
8.378970850000000414e-01 4.524078369140625000e-01
8.407370149999999764e-01 4.566954970359802246e-01
8.435770009999999930e-01 4.524554610252380371e-01
8.464170429999999801e-01 4.516987204551696777e-01
8.492571420000000204e-01 4.287669360637664795e-01
8.520972970000000313e-01 4.122690856456756592e-01
8.549375080000000127e-01 3.874434828758239746e-01
8.577777749999999646e-01 4.143349528312683105e-01
8.606180989999999698e-01 4.118192195892333984e-01
8.634584789999999455e-01 4.004220366477966309e-01
8.662989150000000027e-01 3.691913783550262451e-01
8.691394070000000305e-01 3.796239495277404785e-01
8.719799560000000005e-01 3.783943653106689453e-01
8.748205610000000521e-01 3.646746277809143066e-01
8.776612219999999631e-01 3.569087684154510498e-01
8.805019389999999557e-01 3.435727059841156006e-01
8.833427130000000016e-01 3.377959728240966797e-01
8.861835430000000180e-01 3.253343403339385986e-01
8.890244290000000049e-01 3.216680288314819336e-01
8.918653709999999624e-01 3.062563538551330566e-01
8.947063699999999731e-01 2.563136816024780273e-01
8.975474239999999826e-01 2.070953696966171265e-01
9.003885350000000454e-01 1.864644736051559448e-01
9.032297030000000504e-01 2.205976992845535278e-01
9.060709260000000542e-01 2.150812298059463501e-01
9.089122060000000003e-01 1.755194813013076782e-01
9.117535420000000279e-01 1.742392182350158691e-01
9.145949340000000261e-01 1.613728553056716919e-01
9.174363819999999947e-01 1.631298661231994629e-01
9.202778870000000166e-01 1.887195557355880737e-01
9.231194480000000091e-01 1.801493018865585327e-01
9.259610649999999721e-01 1.605246812105178833e-01
9.288027380000000166e-01 1.166875511407852173e-01
9.316444680000000034e-01 6.738445162773132324e-02
9.344862539999999607e-01 4.469300806522369385e-02
9.373280959999999995e-01 4.221074655652046204e-02
9.401699940000000089e-01 6.505109369754791260e-02
9.430119489999999605e-01 5.142655596137046814e-02
9.458539599999999936e-01 5.233474820852279663e-02
9.486960269999999973e-01 5.689954757690429688e-02
9.515381499999999715e-01 5.572120100259780884e-02
9.543803299999999989e-01 5.786230042576789856e-02
9.572225659999999969e-01 6.321115046739578247e-02
9.600648579999999654e-01 6.596761196851730347e-02
9.629072060000000155e-01 7.665972411632537842e-02
9.657496110000000078e-01 8.300478756427764893e-02
9.685920709999999989e-01 1.082106456160545349e-01
9.714345880000000433e-01 1.158499047160148621e-01
9.742771620000000299e-01 1.009092628955841064e-01
9.771197910000000153e-01 1.071180552244186401e-01
9.799624770000000540e-01 1.141452267765998840e-01
9.828052189999999522e-01 1.179417446255683899e-01
9.856480170000000429e-01 1.255285590887069702e-01
9.884908709999999932e-01 1.329094171524047852e-01
9.913337819999999967e-01 1.359064579010009766e-01
9.941767489999999707e-01 1.325160861015319824e-01
9.970197720000000263e-01 1.351614445447921753e-01
9.998628510000000524e-01 1.340046674013137817e-01
1.002705986999999910e+00 1.318701058626174927e-01
1.005549178999999960e+00 1.390488892793655396e-01
1.008392426999999980e+00 1.302577704191207886e-01
1.011235730999999971e+00 1.426202207803726196e-01
1.014079092000000015e+00 1.345548182725906372e-01
1.016922509000000030e+00 1.395148187875747681e-01
1.019765982000000015e+00 1.424806863069534302e-01
1.022609510999999971e+00 1.371594816446304321e-01
1.025453096999999980e+00 1.397810876369476318e-01
1.028296738999999960e+00 1.405797600746154785e-01
1.031140436999999910e+00 1.460206061601638794e-01
1.033984191000000052e+00 1.515927165746688843e-01
1.036828002000000026e+00 1.583720743656158447e-01
1.039671868000000110e+00 1.550905555486679077e-01
1.042515791000000025e+00 1.602187454700469971e-01
1.045359770999999993e+00 1.618749201297760010e-01
