3.615872339999999796e-01 1.256778478622436523e+00
3.644177160000000026e-01 1.471755027770996094e+00
3.672482539999999962e-01 1.506642699241638184e+00
3.700788480000000158e-01 1.562340378761291504e+00
3.729094980000000059e-01 1.407817602157592773e+00
3.757402049999999938e-01 1.485611677169799805e+00
3.785709680000000077e-01 1.636075019836425781e+00
3.814017869999999921e-01 1.433887124061584473e+00
3.842326620000000026e-01 1.293443560600280762e+00
3.870635940000000108e-01 1.405503630638122559e+00
3.898945819999999896e-01 1.603466868400573730e+00
3.927256259999999943e-01 1.401465773582458496e+00
3.955567260000000251e-01 1.434376120567321777e+00
3.983878829999999982e-01 1.781322598457336426e+00
4.012190950000000256e-01 2.228744983673095703e+00
4.040503639999999952e-01 2.205090522766113281e+00
4.068816900000000181e-01 2.181570529937744141e+00
4.097130709999999842e-01 2.243642330169677734e+00
4.125445090000000037e-01 2.315704107284545898e+00
4.153760029999999936e-01 2.348381042480468750e+00
4.182075530000000096e-01 2.282279968261718750e+00
4.210391589999999962e-01 2.299984931945800781e+00
4.238708219999999804e-01 2.243855237960815430e+00
4.267025409999999908e-01 2.207072734832763672e+00
4.295343160000000271e-01 1.984144091606140137e+00
4.323661469999999785e-01 2.118032455444335938e+00
4.351980349999999831e-01 2.326760768890380859e+00
4.380299790000000137e-01 2.334360599517822266e+00
4.408619790000000149e-01 2.409238576889038086e+00
4.436940349999999866e-01 2.547790765762329102e+00
4.465261480000000116e-01 2.584470033645629883e+00
4.493583170000000071e-01 2.736975908279418945e+00
4.521905419999999731e-01 2.745798110961914062e+00
4.550228230000000207e-01 2.712971687316894531e+00
4.578551610000000105e-01 2.788619518280029297e+00
4.606875550000000263e-01 2.806451082229614258e+00
4.635200050000000127e-01 2.829637527465820312e+00
4.663525110000000251e-01 2.778990030288696289e+00
4.691850739999999798e-01 2.760534763336181641e+00
4.720176919999999887e-01 2.791934013366699219e+00
4.748503669999999954e-01 2.847433805465698242e+00
4.776830989999999999e-01 2.865151882171630859e+00
4.805158860000000032e-01 2.948705673217773438e+00
4.833487300000000042e-01 2.924979448318481445e+00
4.861816299999999758e-01 2.676799774169921875e+00
4.890145859999999733e-01 2.788494110107421875e+00
4.918475979999999970e-01 2.872097969055175781e+00
4.946806670000000183e-01 2.922673225402832031e+00
4.975137920000000102e-01 2.950299024581909180e+00
5.003469729999999727e-01 2.871144056320190430e+00
5.031802100000000166e-01 2.849731206893920898e+00
5.060135040000000028e-01 2.921948909759521484e+00
5.088468539999999596e-01 2.938289642333984375e+00
5.116802599999999979e-01 2.975941419601440430e+00
5.145137220000000067e-01 2.908068656921386719e+00
5.173472409999999577e-01 2.748009204864501953e+00
5.201808159999999903e-01 2.865518808364868164e+00
5.230144469999999934e-01 2.996776103973388672e+00
5.258481339999999671e-01 3.005491971969604492e+00
5.286818779999999940e-01 3.032384872436523438e+00
5.315156779999999914e-01 3.143458604812622070e+00
5.343495339999999594e-01 3.129336118698120117e+00
5.371834460000000089e-01 3.174424648284912109e+00
5.400174150000000006e-01 3.111608028411865234e+00
5.428514389999999912e-01 3.137467145919799805e+00
5.456855200000000350e-01 3.184353590011596680e+00
5.485196580000000210e-01 3.194907188415527344e+00
5.513538510000000059e-01 3.229671955108642578e+00
5.541881010000000440e-01 3.261215209960937500e+00
5.570224070000000527e-01 3.222706794738769531e+00
5.598567690000000319e-01 3.176701545715332031e+00
5.626911869999999816e-01 3.227500438690185547e+00
5.655256619999999845e-01 3.215649366378784180e+00
5.683601929999999580e-01 3.190374135971069336e+00
5.711947800000000131e-01 3.153711080551147461e+00
5.740294230000000386e-01 3.201628446578979492e+00
5.768641230000000064e-01 3.160750865936279297e+00
5.796988789999999447e-01 3.183394193649291992e+00
5.825336909999999646e-01 3.243361473083496094e+00
5.853685589999999550e-01 3.200878858566284180e+00
5.882034839999999987e-01 2.986824512481689453e+00
5.910384650000000129e-01 2.843568801879882812e+00
5.938735019999999976e-01 2.889928340911865234e+00
5.967085949999999528e-01 2.872648477554321289e+00
5.995437449999999613e-01 2.830356836318969727e+00
6.023789510000000513e-01 2.796845674514770508e+00
6.052142130000000009e-01 2.819754362106323242e+00
6.080495310000000320e-01 2.775425672531127930e+00
6.108849060000000053e-01 2.608704328536987305e+00
6.137203359999999774e-01 2.514026165008544922e+00
6.165558230000000028e-01 2.530959844589233398e+00
6.193913669999999705e-01 2.610373258590698242e+00
6.222269660000000480e-01 2.600513458251953125e+00
6.250626219999999567e-01 2.531781673431396484e+00
6.278983339999999469e-01 2.468857765197753906e+00
6.307341020000000187e-01 2.446508169174194336e+00
6.335699259999999500e-01 2.475154876708984375e+00
6.364058070000000455e-01 2.490169525146484375e+00
6.392417440000000006e-01 2.497534990310668945e+00
6.420777370000000372e-01 2.468365430831909180e+00
6.449137860000000444e-01 2.440458297729492188e+00
6.477498919999999938e-01 2.319661855697631836e+00
6.505860540000000247e-01 2.303611040115356445e+00
6.534222720000000262e-01 2.301569700241088867e+00
6.562585459999999982e-01 2.110182285308837891e+00
6.590948770000000234e-01 2.190666675567626953e+00
6.619312640000000192e-01 2.259962320327758789e+00
6.647677069999999855e-01 2.229107618331909180e+00
6.676042060000000333e-01 2.214986562728881836e+00
6.704407620000000234e-01 2.191026210784912109e+00
6.732773739999999840e-01 2.167701721191406250e+00
6.761140420000000262e-01 2.156758069992065430e+00
6.789507660000000389e-01 2.138078927993774414e+00
6.817875469999999938e-01 2.112075567245483398e+00
6.846243829999999475e-01 2.035337209701538086e+00
6.874612759999999545e-01 1.693835258483886719e+00
6.902982260000000148e-01 1.704328536987304688e+00
6.931352309999999628e-01 1.729762315750122070e+00
6.959722929999999641e-01 1.739907383918762207e+00
6.988094110000000470e-01 1.718321084976196289e+00
7.016465849999999893e-01 1.621239066123962402e+00
7.044838150000000132e-01 1.607290267944335938e+00
7.073211019999999793e-01 1.574303269386291504e+00
7.101584450000000270e-01 1.509424805641174316e+00
7.129958440000000452e-01 1.421632885932922363e+00
7.158332990000000340e-01 1.200659632682800293e+00
7.186708109999999650e-01 8.571329116821289062e-01
7.215083789999999775e-01 8.798860907554626465e-01
7.243460029999999605e-01 8.067408800125122070e-01
7.271836830000000251e-01 7.262117862701416016e-01
7.300214200000000320e-01 6.790841221809387207e-01
7.328592130000000093e-01 6.838242411613464355e-01
7.356970619999999572e-01 6.898187398910522461e-01
7.385349669999999866e-01 6.731920242309570312e-01
7.413729289999999583e-01 6.748481988906860352e-01
7.442109470000000115e-01 6.798135042190551758e-01
7.470490210000000353e-01 6.792635917663574219e-01
7.498871510000000296e-01 6.676935553550720215e-01
7.527253379999999661e-01 6.533466577529907227e-01
7.555635800000000124e-01 6.544253826141357422e-01
7.584018790000000010e-01 5.395458936691284180e-01
7.612402350000000428e-01 2.506347298622131348e-01
7.640786459999999725e-01 2.924377918243408203e-01
7.669171139999999554e-01 4.818924069404602051e-01
7.697556380000000198e-01 5.899239182472229004e-01
7.725942180000000548e-01 6.104865670204162598e-01
7.754328539999999492e-01 6.194247007369995117e-01
7.782715470000000080e-01 6.168389320373535156e-01
7.811102960000000373e-01 6.162624955177307129e-01
7.839491010000000371e-01 6.138926744461059570e-01
7.867879620000000074e-01 6.086268424987792969e-01
7.896268800000000310e-01 5.835843086242675781e-01
7.924658540000000251e-01 5.860748887062072754e-01
7.953048839999999897e-01 5.953271985054016113e-01
7.981439700000000359e-01 6.019268631935119629e-01
8.009831130000000243e-01 5.973491668701171875e-01
8.038223119999999833e-01 5.972455143928527832e-01
8.066615670000000238e-01 6.080043315887451172e-01
8.095008780000000348e-01 5.859632492065429688e-01
8.123402459999999881e-01 5.254909992218017578e-01
8.151796700000000229e-01 4.289115667343139648e-01
8.180191500000000282e-01 4.006992876529693604e-01
8.208586860000000041e-01 4.300824999809265137e-01
8.236982790000000332e-01 3.981931805610656738e-01
8.265379269999999501e-01 4.114669561386108398e-01
8.293776320000000313e-01 3.679268658161163330e-01
8.322173940000000547e-01 3.575528264045715332e-01
8.350572109999999659e-01 3.602536320686340332e-01
8.378970850000000414e-01 3.708235323429107666e-01
8.407370149999999764e-01 3.680133521556854248e-01
8.435770009999999930e-01 3.642749190330505371e-01
8.464170429999999801e-01 3.659610748291015625e-01
8.492571420000000204e-01 3.544765710830688477e-01
8.520972970000000313e-01 3.340879976749420166e-01
8.549375080000000127e-01 3.129039704799652100e-01
8.577777749999999646e-01 3.341679275035858154e-01
8.606180989999999698e-01 3.331778943538665771e-01
8.634584789999999455e-01 3.254473805427551270e-01
8.662989150000000027e-01 2.969147264957427979e-01
8.691394070000000305e-01 3.073704540729522705e-01
8.719799560000000005e-01 3.030966222286224365e-01
8.748205610000000521e-01 2.952424883842468262e-01
8.776612219999999631e-01 2.925584614276885986e-01
8.805019389999999557e-01 2.763945162296295166e-01
8.833427130000000016e-01 2.766812443733215332e-01
8.861835430000000180e-01 2.619992792606353760e-01
8.890244290000000049e-01 2.593125402927398682e-01
8.918653709999999624e-01 2.506271898746490479e-01
8.947063699999999731e-01 2.114181816577911377e-01
8.975474239999999826e-01 1.656092852354049683e-01
9.003885350000000454e-01 1.492243707180023193e-01
9.032297030000000504e-01 1.735574454069137573e-01
9.060709260000000542e-01 1.740696728229522705e-01
9.089122060000000003e-01 1.413978040218353271e-01
9.117535420000000279e-01 1.422473341226577759e-01
9.145949340000000261e-01 1.318465173244476318e-01
9.174363819999999947e-01 1.296488791704177856e-01
9.202778870000000166e-01 1.516699939966201782e-01
9.231194480000000091e-01 1.449459195137023926e-01
9.259610649999999721e-01 1.349110603332519531e-01
9.288027380000000166e-01 9.699515253305435181e-02
9.316444680000000034e-01 4.908514022827148438e-02
9.344862539999999607e-01 2.948873490095138550e-02
9.373280959999999995e-01 3.189726173877716064e-02
9.401699940000000089e-01 5.237753689289093018e-02
9.430119489999999605e-01 4.082680121064186096e-02
9.458539599999999936e-01 3.975864127278327942e-02
9.486960269999999973e-01 4.095978662371635437e-02
9.515381499999999715e-01 4.406163841485977173e-02
9.543803299999999989e-01 4.474602639675140381e-02
9.572225659999999969e-01 5.072282254695892334e-02
9.600648579999999654e-01 4.621592536568641663e-02
9.629072060000000155e-01 6.158170104026794434e-02
9.657496110000000078e-01 6.639172136783599854e-02
9.685920709999999989e-01 8.799171447753906250e-02
9.714345880000000433e-01 9.109169244766235352e-02
9.742771620000000299e-01 8.112616091966629028e-02
9.771197910000000153e-01 8.598101139068603516e-02
9.799624770000000540e-01 9.279681742191314697e-02
9.828052189999999522e-01 1.008249744772911072e-01
9.856480170000000429e-01 1.058186814188957214e-01
9.884908709999999932e-01 1.064262762665748596e-01
9.913337819999999967e-01 1.107869818806648254e-01
9.941767489999999707e-01 1.131733581423759460e-01
9.970197720000000263e-01 1.146884933114051819e-01
9.998628510000000524e-01 1.109965369105339050e-01
1.002705986999999910e+00 1.092539876699447632e-01
1.005549178999999960e+00 1.070853471755981445e-01
1.008392426999999980e+00 1.123351603746414185e-01
1.011235730999999971e+00 1.117582172155380249e-01
1.014079092000000015e+00 1.126468926668167114e-01
1.016922509000000030e+00 1.072538271546363831e-01
1.019765982000000015e+00 1.051375046372413635e-01
1.022609510999999971e+00 1.112172529101371765e-01
1.025453096999999980e+00 1.075330227613449097e-01
1.028296738999999960e+00 1.075464487075805664e-01
1.031140436999999910e+00 1.132279038429260254e-01
1.033984191000000052e+00 1.095304265618324280e-01
1.036828002000000026e+00 1.047906354069709778e-01
1.039671868000000110e+00 1.112489998340606689e-01
1.042515791000000025e+00 1.129112467169761658e-01
1.045359770999999993e+00 1.160067394375801086e-01
