3.615872339999999796e-01 1.292322397232055664e+00
3.644177160000000026e-01 1.458622455596923828e+00
3.672482539999999962e-01 1.551828265190124512e+00
3.700788480000000158e-01 1.538658499717712402e+00
3.729094980000000059e-01 1.413877010345458984e+00
3.757402049999999938e-01 1.500080704689025879e+00
3.785709680000000077e-01 1.662506699562072754e+00
3.814017869999999921e-01 1.439857840538024902e+00
3.842326620000000026e-01 1.305538535118103027e+00
3.870635940000000108e-01 1.457408785820007324e+00
3.898945819999999896e-01 1.614820241928100586e+00
3.927256259999999943e-01 1.433875799179077148e+00
3.955567260000000251e-01 1.471510291099548340e+00
3.983878829999999982e-01 1.840956687927246094e+00
4.012190950000000256e-01 2.276087284088134766e+00
4.040503639999999952e-01 2.264750242233276367e+00
4.068816900000000181e-01 2.228789091110229492e+00
4.097130709999999842e-01 2.290979862213134766e+00
4.125445090000000037e-01 2.396584510803222656e+00
4.153760029999999936e-01 2.392954587936401367e+00
4.182075530000000096e-01 2.373934984207153320e+00
4.210391589999999962e-01 2.384180307388305664e+00
4.238708219999999804e-01 2.315972566604614258e+00
4.267025409999999908e-01 2.263028860092163086e+00
4.295343160000000271e-01 2.053788661956787109e+00
4.323661469999999785e-01 2.218665838241577148e+00
4.351980349999999831e-01 2.399829864501953125e+00
4.380299790000000137e-01 2.444534301757812500e+00
4.408619790000000149e-01 2.520148992538452148e+00
4.436940349999999866e-01 2.669463634490966797e+00
4.465261480000000116e-01 2.689471006393432617e+00
4.493583170000000071e-01 2.846146821975708008e+00
4.521905419999999731e-01 2.859667301177978516e+00
4.550228230000000207e-01 2.831581115722656250e+00
4.578551610000000105e-01 2.909634113311767578e+00
4.606875550000000263e-01 2.925522089004516602e+00
4.635200050000000127e-01 2.953361749649047852e+00
4.663525110000000251e-01 2.886694908142089844e+00
4.691850739999999798e-01 2.894406080245971680e+00
4.720176919999999887e-01 2.936299085617065430e+00
4.748503669999999954e-01 2.989660024642944336e+00
4.776830989999999999e-01 3.017131567001342773e+00
4.805158860000000032e-01 3.081388711929321289e+00
4.833487300000000042e-01 3.036437988281250000e+00
4.861816299999999758e-01 2.814128398895263672e+00
4.890145859999999733e-01 2.937603950500488281e+00
4.918475979999999970e-01 3.013551712036132812e+00
4.946806670000000183e-01 3.063894510269165039e+00
4.975137920000000102e-01 3.088659286499023438e+00
5.003469729999999727e-01 3.010830163955688477e+00
5.031802100000000166e-01 3.000942707061767578e+00
5.060135040000000028e-01 3.086743116378784180e+00
5.088468539999999596e-01 3.102585077285766602e+00
5.116802599999999979e-01 3.152539014816284180e+00
5.145137220000000067e-01 3.072980165481567383e+00
5.173472409999999577e-01 2.916571855545043945e+00
5.201808159999999903e-01 3.043586492538452148e+00
5.230144469999999934e-01 3.188064575195312500e+00
5.258481339999999671e-01 3.183333158493041992e+00
5.286818779999999940e-01 3.225690364837646484e+00
5.315156779999999914e-01 3.341638326644897461e+00
5.343495339999999594e-01 3.328064203262329102e+00
5.371834460000000089e-01 3.372362613677978516e+00
5.400174150000000006e-01 3.315819501876831055e+00
5.428514389999999912e-01 3.338927268981933594e+00
5.456855200000000350e-01 3.401949882507324219e+00
5.485196580000000210e-01 3.403070211410522461e+00
5.513538510000000059e-01 3.451803445816040039e+00
5.541881010000000440e-01 3.469620227813720703e+00
5.570224070000000527e-01 3.433782100677490234e+00
5.598567690000000319e-01 3.390774250030517578e+00
5.626911869999999816e-01 3.449796915054321289e+00
5.655256619999999845e-01 3.437188148498535156e+00
5.683601929999999580e-01 3.410259246826171875e+00
5.711947800000000131e-01 3.372167110443115234e+00
5.740294230000000386e-01 3.430189132690429688e+00
5.768641230000000064e-01 3.386219263076782227e+00
5.796988789999999447e-01 3.415509223937988281e+00
5.825336909999999646e-01 3.482619047164916992e+00
5.853685589999999550e-01 3.444734096527099609e+00
5.882034839999999987e-01 3.221518278121948242e+00
5.910384650000000129e-01 3.087890863418579102e+00
5.938735019999999976e-01 3.150237798690795898e+00
5.967085949999999528e-01 3.141680479049682617e+00
5.995437449999999613e-01 3.107237339019775391e+00
6.023789510000000513e-01 3.074526071548461914e+00
6.052142130000000009e-01 3.104546308517456055e+00
6.080495310000000320e-01 3.051686525344848633e+00
6.108849060000000053e-01 2.968429803848266602e+00
6.137203359999999774e-01 2.881509780883789062e+00
6.165558230000000028e-01 2.855309009552001953e+00
6.193913669999999705e-01 2.918055057525634766e+00
6.222269660000000480e-01 2.910984516143798828e+00
6.250626219999999567e-01 2.825478076934814453e+00
6.278983339999999469e-01 2.770753145217895508e+00
6.307341020000000187e-01 2.756583452224731445e+00
6.335699259999999500e-01 2.787723779678344727e+00
6.364058070000000455e-01 2.819421291351318359e+00
6.392417440000000006e-01 2.817102193832397461e+00
6.420777370000000372e-01 2.798680543899536133e+00
6.449137860000000444e-01 2.757738113403320312e+00
6.477498919999999938e-01 2.635432958602905273e+00
6.505860540000000247e-01 2.622177600860595703e+00
6.534222720000000262e-01 2.613837718963623047e+00
6.562585459999999982e-01 2.404919385910034180e+00
6.590948770000000234e-01 2.526011943817138672e+00
6.619312640000000192e-01 2.593637704849243164e+00
6.647677069999999855e-01 2.570076227188110352e+00
6.676042060000000333e-01 2.552564620971679688e+00
6.704407620000000234e-01 2.525256395339965820e+00
6.732773739999999840e-01 2.495786428451538086e+00
6.761140420000000262e-01 2.479996442794799805e+00
6.789507660000000389e-01 2.465224266052246094e+00
6.817875469999999938e-01 2.443220376968383789e+00
6.846243829999999475e-01 2.346520900726318359e+00
6.874612759999999545e-01 1.980780839920043945e+00
6.902982260000000148e-01 2.007497310638427734e+00
6.931352309999999628e-01 2.052634239196777344e+00
6.959722929999999641e-01 2.073721408843994141e+00
6.988094110000000470e-01 2.057747840881347656e+00
7.016465849999999893e-01 1.951451659202575684e+00
7.044838150000000132e-01 1.953309059143066406e+00
7.073211019999999793e-01 1.924304962158203125e+00
7.101584450000000270e-01 1.863111853599548340e+00
7.129958440000000452e-01 1.758547067642211914e+00
7.158332990000000340e-01 1.491092801094055176e+00
7.186708109999999650e-01 1.099978327751159668e+00
7.215083789999999775e-01 1.131460189819335938e+00
7.243460029999999605e-01 1.042447447776794434e+00
7.271836830000000251e-01 9.485124945640563965e-01
7.300214200000000320e-01 8.916627764701843262e-01
7.328592130000000093e-01 9.179551005363464355e-01
7.356970619999999572e-01 9.180409312248229980e-01
7.385349669999999866e-01 8.991874456405639648e-01
7.413729289999999583e-01 8.989369869232177734e-01
7.442109470000000115e-01 9.167689681053161621e-01
7.470490210000000353e-01 9.156571626663208008e-01
7.498871510000000296e-01 9.007006883621215820e-01
7.527253379999999661e-01 8.935593962669372559e-01
7.555635800000000124e-01 8.831753134727478027e-01
7.584018790000000010e-01 7.238745689392089844e-01
7.612402350000000428e-01 3.414887487888336182e-01
7.640786459999999725e-01 4.164137244224548340e-01
7.669171139999999554e-01 6.678060293197631836e-01
7.697556380000000198e-01 8.085498809814453125e-01
7.725942180000000548e-01 8.429952263832092285e-01
7.754328539999999492e-01 8.458374738693237305e-01
7.782715470000000080e-01 8.473495841026306152e-01
7.811102960000000373e-01 8.560700416564941406e-01
7.839491010000000371e-01 8.551087379455566406e-01
7.867879620000000074e-01 8.444042205810546875e-01
7.896268800000000310e-01 8.192613124847412109e-01
7.924658540000000251e-01 8.172741532325744629e-01
7.953048839999999897e-01 8.247733712196350098e-01
7.981439700000000359e-01 8.368743062019348145e-01
8.009831130000000243e-01 8.272870779037475586e-01
8.038223119999999833e-01 8.300338983535766602e-01
8.066615670000000238e-01 8.500716686248779297e-01
8.095008780000000348e-01 8.161848187446594238e-01
8.123402459999999881e-01 7.250950336456298828e-01
8.151796700000000229e-01 5.930984616279602051e-01
8.180191500000000282e-01 5.608610510826110840e-01
8.208586860000000041e-01 6.029069423675537109e-01
8.236982790000000332e-01 5.530339479446411133e-01
8.265379269999999501e-01 5.799942016601562500e-01
8.293776320000000313e-01 5.126605033874511719e-01
8.322173940000000547e-01 4.981642663478851318e-01
8.350572109999999659e-01 5.053446292877197266e-01
8.378970850000000414e-01 5.169254541397094727e-01
8.407370149999999764e-01 5.199968218803405762e-01
8.435770009999999930e-01 5.182439684867858887e-01
8.464170429999999801e-01 5.161071419715881348e-01
8.492571420000000204e-01 4.857158958911895752e-01
8.520972970000000313e-01 4.688431024551391602e-01
8.549375080000000127e-01 4.443561732769012451e-01
8.577777749999999646e-01 4.682289063930511475e-01
8.606180989999999698e-01 4.638198614120483398e-01
8.634584789999999455e-01 4.595973789691925049e-01
8.662989150000000027e-01 4.202395379543304443e-01
8.691394070000000305e-01 4.320510923862457275e-01
8.719799560000000005e-01 4.292514920234680176e-01
8.748205610000000521e-01 4.177129566669464111e-01
8.776612219999999631e-01 4.088950157165527344e-01
8.805019389999999557e-01 3.944413065910339355e-01
8.833427130000000016e-01 3.880510926246643066e-01
8.861835430000000180e-01 3.747244179248809814e-01
8.890244290000000049e-01 3.681263923645019531e-01
8.918653709999999624e-01 3.454321622848510742e-01
8.947063699999999731e-01 2.920596599578857422e-01
8.975474239999999826e-01 2.339913994073867798e-01
9.003885350000000454e-01 2.101125717163085938e-01
9.032297030000000504e-01 2.457095980644226074e-01
9.060709260000000542e-01 2.411061972379684448e-01
9.089122060000000003e-01 1.975740045309066772e-01
9.117535420000000279e-01 1.992609351873397827e-01
9.145949340000000261e-01 1.844502687454223633e-01
9.174363819999999947e-01 1.833034455776214600e-01
9.202778870000000166e-01 2.132672220468521118e-01
9.231194480000000091e-01 1.980221569538116455e-01
9.259610649999999721e-01 1.803752928972244263e-01
9.288027380000000166e-01 1.276529133319854736e-01
9.316444680000000034e-01 6.739118695259094238e-02
9.344862539999999607e-01 4.246409982442855835e-02
9.373280959999999995e-01 4.736874997615814209e-02
9.401699940000000089e-01 6.820467859506607056e-02
9.430119489999999605e-01 6.020060554146766663e-02
9.458539599999999936e-01 5.515016987919807434e-02
9.486960269999999973e-01 5.695345997810363770e-02
9.515381499999999715e-01 6.061851605772972107e-02
9.543803299999999989e-01 6.073324382305145264e-02
9.572225659999999969e-01 6.832781434059143066e-02
9.600648579999999654e-01 7.445216923952102661e-02
9.629072060000000155e-01 7.924103736877441406e-02
9.657496110000000078e-01 9.226723015308380127e-02
9.685920709999999989e-01 1.200926676392555237e-01
9.714345880000000433e-01 1.297892034053802490e-01
9.742771620000000299e-01 1.141171008348464966e-01
9.771197910000000153e-01 1.119913831353187561e-01
9.799624770000000540e-01 1.239633858203887939e-01
9.828052189999999522e-01 1.361608952283859253e-01
9.856480170000000429e-01 1.466186940670013428e-01
9.884908709999999932e-01 1.529391109943389893e-01
9.913337819999999967e-01 1.529602706432342529e-01
9.941767489999999707e-01 1.548914611339569092e-01
9.970197720000000263e-01 1.581985205411911011e-01
9.998628510000000524e-01 1.567726582288742065e-01
1.002705986999999910e+00 1.534909456968307495e-01
1.005549178999999960e+00 1.495271176099777222e-01
1.008392426999999980e+00 1.565510481595993042e-01
1.011235730999999971e+00 1.476930081844329834e-01
1.014079092000000015e+00 1.534082144498825073e-01
1.016922509000000030e+00 1.547341495752334595e-01
1.019765982000000015e+00 1.567941606044769287e-01
1.022609510999999971e+00 1.542640626430511475e-01
1.025453096999999980e+00 1.543673127889633179e-01
1.028296738999999960e+00 1.591376364231109619e-01
1.031140436999999910e+00 1.672880053520202637e-01
1.033984191000000052e+00 1.657328605651855469e-01
1.036828002000000026e+00 1.609894484281539917e-01
1.039671868000000110e+00 1.608239114284515381e-01
1.042515791000000025e+00 1.569597125053405762e-01
1.045359770999999993e+00 1.612097024917602539e-01
