3.615872339999999796e-01 1.311206221580505371e+00
3.644177160000000026e-01 1.455450654029846191e+00
3.672482539999999962e-01 1.609639883041381836e+00
3.700788480000000158e-01 1.601620793342590332e+00
3.729094980000000059e-01 1.431735157966613770e+00
3.757402049999999938e-01 1.545743346214294434e+00
3.785709680000000077e-01 1.664196968078613281e+00
3.814017869999999921e-01 1.438339948654174805e+00
3.842326620000000026e-01 1.314969301223754883e+00
3.870635940000000108e-01 1.457341074943542480e+00
3.898945819999999896e-01 1.620775341987609863e+00
3.927256259999999943e-01 1.420460820198059082e+00
3.955567260000000251e-01 1.476442575454711914e+00
3.983878829999999982e-01 1.835372209548950195e+00
4.012190950000000256e-01 2.279321670532226562e+00
4.040503639999999952e-01 2.273747920989990234e+00
4.068816900000000181e-01 2.227428913116455078e+00
4.097130709999999842e-01 2.262182235717773438e+00
4.125445090000000037e-01 2.393602132797241211e+00
4.153760029999999936e-01 2.378368139266967773e+00
4.182075530000000096e-01 2.352111101150512695e+00
4.210391589999999962e-01 2.362871646881103516e+00
4.238708219999999804e-01 2.290773630142211914e+00
4.267025409999999908e-01 2.249078273773193359e+00
4.295343160000000271e-01 2.051214694976806641e+00
4.323661469999999785e-01 2.165312051773071289e+00
4.351980349999999831e-01 2.370919466018676758e+00
4.380299790000000137e-01 2.393105506896972656e+00
4.408619790000000149e-01 2.483415126800537109e+00
4.436940349999999866e-01 2.617593050003051758e+00
4.465261480000000116e-01 2.654774427413940430e+00
4.493583170000000071e-01 2.790198802947998047e+00
4.521905419999999731e-01 2.827275514602661133e+00
4.550228230000000207e-01 2.792021036148071289e+00
4.578551610000000105e-01 2.853375673294067383e+00
4.606875550000000263e-01 2.880748987197875977e+00
4.635200050000000127e-01 2.908055782318115234e+00
4.663525110000000251e-01 2.830477952957153320e+00
4.691850739999999798e-01 2.838923454284667969e+00
4.720176919999999887e-01 2.880813360214233398e+00
4.748503669999999954e-01 2.930851221084594727e+00
4.776830989999999999e-01 2.952035903930664062e+00
4.805158860000000032e-01 3.008579015731811523e+00
4.833487300000000042e-01 3.002733707427978516e+00
4.861816299999999758e-01 2.750707149505615234e+00
4.890145859999999733e-01 2.878342866897583008e+00
4.918475979999999970e-01 2.954443931579589844e+00
4.946806670000000183e-01 3.009532213211059570e+00
4.975137920000000102e-01 3.024147272109985352e+00
5.003469729999999727e-01 2.946651458740234375e+00
5.031802100000000166e-01 2.926487684249877930e+00
5.060135040000000028e-01 3.021635055541992188e+00
5.088468539999999596e-01 3.035788059234619141e+00
5.116802599999999979e-01 3.084700345993041992e+00
5.145137220000000067e-01 3.004669427871704102e+00
5.173472409999999577e-01 2.847007036209106445e+00
5.201808159999999903e-01 2.968073368072509766e+00
5.230144469999999934e-01 3.108914136886596680e+00
5.258481339999999671e-01 3.112465620040893555e+00
5.286818779999999940e-01 3.162467956542968750e+00
5.315156779999999914e-01 3.261983633041381836e+00
5.343495339999999594e-01 3.251077413558959961e+00
5.371834460000000089e-01 3.294432878494262695e+00
5.400174150000000006e-01 3.239661931991577148e+00
5.428514389999999912e-01 3.254820585250854492e+00
5.456855200000000350e-01 3.321827650070190430e+00
5.485196580000000210e-01 3.332700729370117188e+00
5.513538510000000059e-01 3.357865810394287109e+00
5.541881010000000440e-01 3.378137111663818359e+00
5.570224070000000527e-01 3.343159914016723633e+00
5.598567690000000319e-01 3.315151691436767578e+00
5.626911869999999816e-01 3.348711729049682617e+00
5.655256619999999845e-01 3.345052242279052734e+00
5.683601929999999580e-01 3.319038391113281250e+00
5.711947800000000131e-01 3.278619766235351562e+00
5.740294230000000386e-01 3.323462963104248047e+00
5.768641230000000064e-01 3.308539152145385742e+00
5.796988789999999447e-01 3.311786413192749023e+00
5.825336909999999646e-01 3.381149768829345703e+00
5.853685589999999550e-01 3.339744091033935547e+00
5.882034839999999987e-01 3.124593734741210938e+00
5.910384650000000129e-01 2.983824729919433594e+00
5.938735019999999976e-01 3.035514593124389648e+00
5.967085949999999528e-01 3.006545543670654297e+00
5.995437449999999613e-01 2.975703477859497070e+00
6.023789510000000513e-01 2.928009033203125000e+00
6.052142130000000009e-01 2.930380582809448242e+00
6.080495310000000320e-01 2.895025491714477539e+00
6.108849060000000053e-01 2.772729396820068359e+00
6.137203359999999774e-01 2.697732686996459961e+00
6.165558230000000028e-01 2.684464693069458008e+00
6.193913669999999705e-01 2.752998828887939453e+00
6.222269660000000480e-01 2.744517564773559570e+00
6.250626219999999567e-01 2.668324470520019531e+00
6.278983339999999469e-01 2.603122234344482422e+00
6.307341020000000187e-01 2.582638502120971680e+00
6.335699259999999500e-01 2.608467817306518555e+00
6.364058070000000455e-01 2.639060497283935547e+00
6.392417440000000006e-01 2.647076845169067383e+00
6.420777370000000372e-01 2.615374803543090820e+00
6.449137860000000444e-01 2.571574449539184570e+00
6.477498919999999938e-01 2.455134153366088867e+00
6.505860540000000247e-01 2.443378925323486328e+00
6.534222720000000262e-01 2.437132120132446289e+00
6.562585459999999982e-01 2.233777046203613281e+00
6.590948770000000234e-01 2.329163789749145508e+00
6.619312640000000192e-01 2.386909246444702148e+00
6.647677069999999855e-01 2.358122587203979492e+00
6.676042060000000333e-01 2.339560985565185547e+00
6.704407620000000234e-01 2.313640356063842773e+00
6.732773739999999840e-01 2.286146163940429688e+00
6.761140420000000262e-01 2.271668672561645508e+00
6.789507660000000389e-01 2.255867958068847656e+00
6.817875469999999938e-01 2.224665880203247070e+00
6.846243829999999475e-01 2.145656824111938477e+00
6.874612759999999545e-01 1.807427525520324707e+00
6.902982260000000148e-01 1.821110248565673828e+00
6.931352309999999628e-01 1.868350625038146973e+00
6.959722929999999641e-01 1.869797229766845703e+00
6.988094110000000470e-01 1.850908994674682617e+00
7.016465849999999893e-01 1.747561097145080566e+00
7.044838150000000132e-01 1.739382743835449219e+00
7.073211019999999793e-01 1.703353404998779297e+00
7.101584450000000270e-01 1.637899160385131836e+00
7.129958440000000452e-01 1.533673405647277832e+00
7.158332990000000340e-01 1.289566755294799805e+00
7.186708109999999650e-01 9.379933476448059082e-01
7.215083789999999775e-01 9.516689181327819824e-01
7.243460029999999605e-01 8.673951029777526855e-01
7.271836830000000251e-01 7.883930802345275879e-01
7.300214200000000320e-01 7.302349805831909180e-01
7.328592130000000093e-01 7.473508119583129883e-01
7.356970619999999572e-01 7.414712309837341309e-01
7.385349669999999866e-01 7.251030206680297852e-01
7.413729289999999583e-01 7.208884358406066895e-01
7.442109470000000115e-01 7.367870807647705078e-01
7.470490210000000353e-01 7.315251231193542480e-01
7.498871510000000296e-01 7.219789624214172363e-01
7.527253379999999661e-01 7.121607661247253418e-01
7.555635800000000124e-01 7.008525729179382324e-01
7.584018790000000010e-01 5.760525465011596680e-01
7.612402350000000428e-01 2.725322246551513672e-01
7.640786459999999725e-01 3.229983747005462646e-01
7.669171139999999554e-01 5.229442119598388672e-01
7.697556380000000198e-01 6.394052505493164062e-01
7.725942180000000548e-01 6.635178923606872559e-01
7.754328539999999492e-01 6.666368842124938965e-01
7.782715470000000080e-01 6.701822280883789062e-01
7.811102960000000373e-01 6.699573397636413574e-01
7.839491010000000371e-01 6.672536134719848633e-01
7.867879620000000074e-01 6.555399298667907715e-01
7.896268800000000310e-01 6.307471394538879395e-01
7.924658540000000251e-01 6.376805901527404785e-01
7.953048839999999897e-01 6.464410424232482910e-01
7.981439700000000359e-01 6.554857492446899414e-01
8.009831130000000243e-01 6.485570073127746582e-01
8.038223119999999833e-01 6.464918851852416992e-01
8.066615670000000238e-01 6.592183709144592285e-01
8.095008780000000348e-01 6.355302929878234863e-01
8.123402459999999881e-01 5.696109533309936523e-01
8.151796700000000229e-01 4.635982215404510498e-01
8.180191500000000282e-01 4.331537187099456787e-01
8.208586860000000041e-01 4.594761729240417480e-01
8.236982790000000332e-01 4.316785931587219238e-01
8.265379269999999501e-01 4.447166025638580322e-01
8.293776320000000313e-01 4.017215669155120850e-01
8.322173940000000547e-01 3.839278221130371094e-01
8.350572109999999659e-01 3.885206878185272217e-01
8.378970850000000414e-01 3.992855846881866455e-01
8.407370149999999764e-01 3.939512670040130615e-01
8.435770009999999930e-01 3.911973834037780762e-01
8.464170429999999801e-01 3.887164890766143799e-01
8.492571420000000204e-01 3.688865005970001221e-01
8.520972970000000313e-01 3.584707677364349365e-01
8.549375080000000127e-01 3.348287343978881836e-01
8.577777749999999646e-01 3.606446385383605957e-01
8.606180989999999698e-01 3.515762090682983398e-01
8.634584789999999455e-01 3.454470932483673096e-01
8.662989150000000027e-01 3.145267665386199951e-01
8.691394070000000305e-01 3.250595331192016602e-01
8.719799560000000005e-01 3.277764916419982910e-01
8.748205610000000521e-01 3.041228055953979492e-01
8.776612219999999631e-01 3.064615726470947266e-01
8.805019389999999557e-01 2.980350852012634277e-01
8.833427130000000016e-01 2.833189964294433594e-01
8.861835430000000180e-01 2.788911759853363037e-01
8.890244290000000049e-01 2.720730304718017578e-01
8.918653709999999624e-01 2.561669349670410156e-01
8.947063699999999731e-01 2.190196663141250610e-01
8.975474239999999826e-01 1.775034666061401367e-01
9.003885350000000454e-01 1.576065123081207275e-01
9.032297030000000504e-01 1.823317259550094604e-01
9.060709260000000542e-01 1.793987900018692017e-01
9.089122060000000003e-01 1.493161320686340332e-01
9.117535420000000279e-01 1.489347964525222778e-01
9.145949340000000261e-01 1.363229006528854370e-01
9.174363819999999947e-01 1.355641037225723267e-01
9.202778870000000166e-01 1.540584415197372437e-01
9.231194480000000091e-01 1.478990763425827026e-01
9.259610649999999721e-01 1.338572800159454346e-01
9.288027380000000166e-01 9.274881333112716675e-02
9.316444680000000034e-01 4.663256555795669556e-02
9.344862539999999607e-01 2.994864620268344879e-02
9.373280959999999995e-01 3.205930441617965698e-02
9.401699940000000089e-01 5.224174261093139648e-02
9.430119489999999605e-01 4.279296845197677612e-02
9.458539599999999936e-01 3.795254975557327271e-02
9.486960269999999973e-01 4.057181254029273987e-02
9.515381499999999715e-01 4.036448895931243896e-02
9.543803299999999989e-01 4.194137454032897949e-02
9.572225659999999969e-01 4.765832796692848206e-02
9.600648579999999654e-01 4.954419285058975220e-02
9.629072060000000155e-01 5.910909920930862427e-02
9.657496110000000078e-01 6.461946666240692139e-02
9.685920709999999989e-01 8.802454173564910889e-02
9.714345880000000433e-01 8.779723197221755981e-02
9.742771620000000299e-01 7.986910641193389893e-02
9.771197910000000153e-01 8.702715486288070679e-02
9.799624770000000540e-01 9.048115462064743042e-02
9.828052189999999522e-01 1.023718640208244324e-01
9.856480170000000429e-01 1.026652827858924866e-01
9.884908709999999932e-01 1.081333085894584656e-01
9.913337819999999967e-01 1.079397201538085938e-01
9.941767489999999707e-01 1.111752837896347046e-01
9.970197720000000263e-01 1.097928881645202637e-01
9.998628510000000524e-01 1.161838248372077942e-01
1.002705986999999910e+00 1.091619357466697693e-01
1.005549178999999960e+00 1.061041131615638733e-01
1.008392426999999980e+00 1.073130741715431213e-01
1.011235730999999971e+00 1.097697913646697998e-01
1.014079092000000015e+00 1.056482568383216858e-01
1.016922509000000030e+00 1.107693091034889221e-01
1.019765982000000015e+00 1.095991358160972595e-01
1.022609510999999971e+00 1.086202636361122131e-01
1.025453096999999980e+00 1.134925335645675659e-01
1.028296738999999960e+00 1.083545610308647156e-01
1.031140436999999910e+00 1.022148057818412781e-01
1.033984191000000052e+00 1.033043786883354187e-01
1.036828002000000026e+00 1.117492914199829102e-01
1.039671868000000110e+00 1.179988309741020203e-01
1.042515791000000025e+00 1.083000451326370239e-01
1.045359770999999993e+00 1.220270693302154541e-01
