3.615872339999999796e-01 1.269336581230163574e+00
3.644177160000000026e-01 1.462304234504699707e+00
3.672482539999999962e-01 1.554802656173706055e+00
3.700788480000000158e-01 1.561699628829956055e+00
3.729094980000000059e-01 1.455971837043762207e+00
3.757402049999999938e-01 1.494842290878295898e+00
3.785709680000000077e-01 1.627447366714477539e+00
3.814017869999999921e-01 1.407089948654174805e+00
3.842326620000000026e-01 1.331218481063842773e+00
3.870635940000000108e-01 1.430513739585876465e+00
3.898945819999999896e-01 1.607793450355529785e+00
3.927256259999999943e-01 1.431886076927185059e+00
3.955567260000000251e-01 1.439323663711547852e+00
3.983878829999999982e-01 1.858308076858520508e+00
4.012190950000000256e-01 2.266989707946777344e+00
4.040503639999999952e-01 2.291652679443359375e+00
4.068816900000000181e-01 2.236647605895996094e+00
4.097130709999999842e-01 2.288353443145751953e+00
4.125445090000000037e-01 2.388926267623901367e+00
4.153760029999999936e-01 2.401920318603515625e+00
4.182075530000000096e-01 2.332467555999755859e+00
4.210391589999999962e-01 2.351851940155029297e+00
4.238708219999999804e-01 2.331744670867919922e+00
4.267025409999999908e-01 2.248307704925537109e+00
4.295343160000000271e-01 2.057968854904174805e+00
4.323661469999999785e-01 2.187120199203491211e+00
4.351980349999999831e-01 2.382583141326904297e+00
4.380299790000000137e-01 2.389609575271606445e+00
4.408619790000000149e-01 2.488185167312622070e+00
4.436940349999999866e-01 2.627902746200561523e+00
4.465261480000000116e-01 2.644608020782470703e+00
4.493583170000000071e-01 2.800531864166259766e+00
4.521905419999999731e-01 2.829388380050659180e+00
4.550228230000000207e-01 2.794365882873535156e+00
4.578551610000000105e-01 2.853209972381591797e+00
4.606875550000000263e-01 2.878633737564086914e+00
4.635200050000000127e-01 2.900065422058105469e+00
4.663525110000000251e-01 2.841002941131591797e+00
4.691850739999999798e-01 2.830136537551879883e+00
4.720176919999999887e-01 2.872653961181640625e+00
4.748503669999999954e-01 2.912734508514404297e+00
4.776830989999999999e-01 2.939361095428466797e+00
4.805158860000000032e-01 3.010423898696899414e+00
4.833487300000000042e-01 2.970586299896240234e+00
4.861816299999999758e-01 2.744354009628295898e+00
4.890145859999999733e-01 2.853429079055786133e+00
4.918475979999999970e-01 2.930906534194946289e+00
4.946806670000000183e-01 2.988615751266479492e+00
4.975137920000000102e-01 2.994027137756347656e+00
5.003469729999999727e-01 2.918823003768920898e+00
5.031802100000000166e-01 2.913943052291870117e+00
5.060135040000000028e-01 3.000433921813964844e+00
5.088468539999999596e-01 3.012997865676879883e+00
5.116802599999999979e-01 3.053935289382934570e+00
5.145137220000000067e-01 2.976207017898559570e+00
5.173472409999999577e-01 2.815172672271728516e+00
5.201808159999999903e-01 2.944468736648559570e+00
5.230144469999999934e-01 3.085665464401245117e+00
5.258481339999999671e-01 3.088627576828002930e+00
5.286818779999999940e-01 3.112523794174194336e+00
5.315156779999999914e-01 3.233697414398193359e+00
5.343495339999999594e-01 3.217485666275024414e+00
5.371834460000000089e-01 3.255435943603515625e+00
5.400174150000000006e-01 3.203651666641235352e+00
5.428514389999999912e-01 3.223750591278076172e+00
5.456855200000000350e-01 3.282902240753173828e+00
5.485196580000000210e-01 3.299064397811889648e+00
5.513538510000000059e-01 3.321554899215698242e+00
5.541881010000000440e-01 3.345701217651367188e+00
5.570224070000000527e-01 3.323979854583740234e+00
5.598567690000000319e-01 3.267208337783813477e+00
5.626911869999999816e-01 3.319576501846313477e+00
5.655256619999999845e-01 3.311870813369750977e+00
5.683601929999999580e-01 3.275762319564819336e+00
5.711947800000000131e-01 3.237212657928466797e+00
5.740294230000000386e-01 3.297594547271728516e+00
5.768641230000000064e-01 3.263610601425170898e+00
5.796988789999999447e-01 3.276052951812744141e+00
5.825336909999999646e-01 3.352094411849975586e+00
5.853685589999999550e-01 3.302418231964111328e+00
5.882034839999999987e-01 3.085464239120483398e+00
5.910384650000000129e-01 2.947142362594604492e+00
5.938735019999999976e-01 3.007372617721557617e+00
5.967085949999999528e-01 2.983399152755737305e+00
5.995437449999999613e-01 2.947494983673095703e+00
6.023789510000000513e-01 2.898465871810913086e+00
6.052142130000000009e-01 2.923700332641601562e+00
6.080495310000000320e-01 2.874587059020996094e+00
6.108849060000000053e-01 2.761702775955200195e+00
6.137203359999999774e-01 2.684777498245239258e+00
6.165558230000000028e-01 2.663807630538940430e+00
6.193913669999999705e-01 2.739819288253784180e+00
6.222269660000000480e-01 2.719504117965698242e+00
6.250626219999999567e-01 2.650901556015014648e+00
6.278983339999999469e-01 2.581509351730346680e+00
6.307341020000000187e-01 2.559605360031127930e+00
6.335699259999999500e-01 2.589144945144653320e+00
6.364058070000000455e-01 2.618577003479003906e+00
6.392417440000000006e-01 2.627893686294555664e+00
6.420777370000000372e-01 2.594011545181274414e+00
6.449137860000000444e-01 2.560230731964111328e+00
6.477498919999999938e-01 2.434853792190551758e+00
6.505860540000000247e-01 2.426448106765747070e+00
6.534222720000000262e-01 2.429723739624023438e+00
6.562585459999999982e-01 2.223462104797363281e+00
6.590948770000000234e-01 2.326214313507080078e+00
6.619312640000000192e-01 2.383743762969970703e+00
6.647677069999999855e-01 2.349945783615112305e+00
6.676042060000000333e-01 2.341469049453735352e+00
6.704407620000000234e-01 2.306510210037231445e+00
6.732773739999999840e-01 2.281701326370239258e+00
6.761140420000000262e-01 2.272859573364257812e+00
6.789507660000000389e-01 2.248363018035888672e+00
6.817875469999999938e-01 2.222109556198120117e+00
6.846243829999999475e-01 2.140370845794677734e+00
6.874612759999999545e-01 1.794483423233032227e+00
6.902982260000000148e-01 1.812845349311828613e+00
6.931352309999999628e-01 1.853386759757995605e+00
6.959722929999999641e-01 1.866276979446411133e+00
6.988094110000000470e-01 1.844990372657775879e+00
7.016465849999999893e-01 1.736971974372863770e+00
7.044838150000000132e-01 1.728667497634887695e+00
7.073211019999999793e-01 1.698594331741333008e+00
7.101584450000000270e-01 1.629523396492004395e+00
7.129958440000000452e-01 1.523366808891296387e+00
7.158332990000000340e-01 1.293367147445678711e+00
7.186708109999999650e-01 9.351045489311218262e-01
7.215083789999999775e-01 9.629847407341003418e-01
7.243460029999999605e-01 8.807842731475830078e-01
7.271836830000000251e-01 7.951558232307434082e-01
7.300214200000000320e-01 7.380304336547851562e-01
7.328592130000000093e-01 7.566564083099365234e-01
7.356970619999999572e-01 7.466620206832885742e-01
7.385349669999999866e-01 7.369045019149780273e-01
7.413729289999999583e-01 7.389061450958251953e-01
7.442109470000000115e-01 7.452592253684997559e-01
7.470490210000000353e-01 7.355744242668151855e-01
7.498871510000000296e-01 7.307468056678771973e-01
7.527253379999999661e-01 7.253396511077880859e-01
7.555635800000000124e-01 7.162814140319824219e-01
7.584018790000000010e-01 5.903711915016174316e-01
7.612402350000000428e-01 2.690659761428833008e-01
7.640786459999999725e-01 3.294341564178466797e-01
7.669171139999999554e-01 5.383031964302062988e-01
7.697556380000000198e-01 6.553471684455871582e-01
7.725942180000000548e-01 6.765366792678833008e-01
7.754328539999999492e-01 6.848270893096923828e-01
7.782715470000000080e-01 6.803493499755859375e-01
7.811102960000000373e-01 6.844889521598815918e-01
7.839491010000000371e-01 6.816561222076416016e-01
7.867879620000000074e-01 6.733888387680053711e-01
7.896268800000000310e-01 6.557697057723999023e-01
7.924658540000000251e-01 6.516383886337280273e-01
7.953048839999999897e-01 6.594698429107666016e-01
7.981439700000000359e-01 6.702186465263366699e-01
8.009831130000000243e-01 6.625727415084838867e-01
8.038223119999999833e-01 6.648169159889221191e-01
8.066615670000000238e-01 6.805197000503540039e-01
8.095008780000000348e-01 6.468188166618347168e-01
8.123402459999999881e-01 5.773212313652038574e-01
8.151796700000000229e-01 4.754003286361694336e-01
8.180191500000000282e-01 4.452109038829803467e-01
8.208586860000000041e-01 4.757752418518066406e-01
8.236982790000000332e-01 4.392483532428741455e-01
8.265379269999999501e-01 4.575579762458801270e-01
8.293776320000000313e-01 4.078517854213714600e-01
8.322173940000000547e-01 3.864206373691558838e-01
8.350572109999999659e-01 3.975759744644165039e-01
8.378970850000000414e-01 3.997939229011535645e-01
8.407370149999999764e-01 4.050807356834411621e-01
8.435770009999999930e-01 4.028726220130920410e-01
8.464170429999999801e-01 4.018051624298095703e-01
8.492571420000000204e-01 3.792397081851959229e-01
8.520972970000000313e-01 3.661576807498931885e-01
8.549375080000000127e-01 3.427408039569854736e-01
8.577777749999999646e-01 3.652059435844421387e-01
8.606180989999999698e-01 3.568207621574401855e-01
8.634584789999999455e-01 3.533535003662109375e-01
8.662989150000000027e-01 3.293521702289581299e-01
8.691394070000000305e-01 3.338072896003723145e-01
8.719799560000000005e-01 3.317810893058776855e-01
8.748205610000000521e-01 3.226756155490875244e-01
8.776612219999999631e-01 3.118273615837097168e-01
8.805019389999999557e-01 3.046177625656127930e-01
8.833427130000000016e-01 2.958746552467346191e-01
8.861835430000000180e-01 2.864511013031005859e-01
8.890244290000000049e-01 2.839959859848022461e-01
8.918653709999999624e-01 2.629282772541046143e-01
8.947063699999999731e-01 2.248914390802383423e-01
8.975474239999999826e-01 1.742084771394729614e-01
9.003885350000000454e-01 1.618286967277526855e-01
9.032297030000000504e-01 1.837794035673141479e-01
9.060709260000000542e-01 1.820766627788543701e-01
9.089122060000000003e-01 1.505315750837326050e-01
9.117535420000000279e-01 1.475573331117630005e-01
9.145949340000000261e-01 1.377084702253341675e-01
9.174363819999999947e-01 1.340247839689254761e-01
9.202778870000000166e-01 1.580168455839157104e-01
9.231194480000000091e-01 1.471987664699554443e-01
9.259610649999999721e-01 1.337697654962539673e-01
9.288027380000000166e-01 9.979517757892608643e-02
9.316444680000000034e-01 5.199769139289855957e-02
9.344862539999999607e-01 3.089797869324684143e-02
9.373280959999999995e-01 3.328288719058036804e-02
9.401699940000000089e-01 5.337459221482276917e-02
9.430119489999999605e-01 4.132295399904251099e-02
9.458539599999999936e-01 3.662182390689849854e-02
9.486960269999999973e-01 3.717706352472305298e-02
9.515381499999999715e-01 4.408498480916023254e-02
9.543803299999999989e-01 4.364304244518280029e-02
9.572225659999999969e-01 4.619999602437019348e-02
9.600648579999999654e-01 5.023853853344917297e-02
9.629072060000000155e-01 5.673350021243095398e-02
9.657496110000000078e-01 6.162383034825325012e-02
9.685920709999999989e-01 8.006876707077026367e-02
9.714345880000000433e-01 8.567339926958084106e-02
9.742771620000000299e-01 7.612267881631851196e-02
9.771197910000000153e-01 7.844849675893783569e-02
9.799624770000000540e-01 7.993764430284500122e-02
9.828052189999999522e-01 9.033823013305664062e-02
9.856480170000000429e-01 9.745140373706817627e-02
9.884908709999999932e-01 1.003436446189880371e-01
9.913337819999999967e-01 1.039725616574287415e-01
9.941767489999999707e-01 1.059070155024528503e-01
9.970197720000000263e-01 1.017209216952323914e-01
9.998628510000000524e-01 1.011854261159896851e-01
1.002705986999999910e+00 1.035167872905731201e-01
1.005549178999999960e+00 9.935914725065231323e-02
1.008392426999999980e+00 1.062274426221847534e-01
1.011235730999999971e+00 1.025431454181671143e-01
1.014079092000000015e+00 1.020138263702392578e-01
1.016922509000000030e+00 1.067558974027633667e-01
1.019765982000000015e+00 1.017117127776145935e-01
1.022609510999999971e+00 1.057211458683013916e-01
1.025453096999999980e+00 1.047070622444152832e-01
1.028296738999999960e+00 1.014996916055679321e-01
1.031140436999999910e+00 9.909177571535110474e-02
1.033984191000000052e+00 1.071525886654853821e-01
1.036828002000000026e+00 9.937707334756851196e-02
1.039671868000000110e+00 1.061212420463562012e-01
1.042515791000000025e+00 9.420134872198104858e-02
1.045359770999999993e+00 9.971487522125244141e-02
