3.615872339999999796e-01 1.254455566406250000e+00
3.644177160000000026e-01 1.417327761650085449e+00
3.672482539999999962e-01 1.493530511856079102e+00
3.700788480000000158e-01 1.545291423797607422e+00
3.729094980000000059e-01 1.381927967071533203e+00
3.757402049999999938e-01 1.464338302612304688e+00
3.785709680000000077e-01 1.644235134124755859e+00
3.814017869999999921e-01 1.423751235008239746e+00
3.842326620000000026e-01 1.285538077354431152e+00
3.870635940000000108e-01 1.397511363029479980e+00
3.898945819999999896e-01 1.600667834281921387e+00
3.927256259999999943e-01 1.396967053413391113e+00
3.955567260000000251e-01 1.414813399314880371e+00
3.983878829999999982e-01 1.800681591033935547e+00
4.012190950000000256e-01 2.221489429473876953e+00
4.040503639999999952e-01 2.216790437698364258e+00
4.068816900000000181e-01 2.185958623886108398e+00
4.097130709999999842e-01 2.241557836532592773e+00
4.125445090000000037e-01 2.301559448242187500e+00
4.153760029999999936e-01 2.326195716857910156e+00
4.182075530000000096e-01 2.284975290298461914e+00
4.210391589999999962e-01 2.283328771591186523e+00
4.238708219999999804e-01 2.247991323471069336e+00
4.267025409999999908e-01 2.200320720672607422e+00
4.295343160000000271e-01 1.972477436065673828e+00
4.323661469999999785e-01 2.104798793792724609e+00
4.351980349999999831e-01 2.307443857192993164e+00
4.380299790000000137e-01 2.322558641433715820e+00
4.408619790000000149e-01 2.408360719680786133e+00
4.436940349999999866e-01 2.539380788803100586e+00
4.465261480000000116e-01 2.581954479217529297e+00
4.493583170000000071e-01 2.727772235870361328e+00
4.521905419999999731e-01 2.745175123214721680e+00
4.550228230000000207e-01 2.698526144027709961e+00
4.578551610000000105e-01 2.776067256927490234e+00
4.606875550000000263e-01 2.778263330459594727e+00
4.635200050000000127e-01 2.803488254547119141e+00
4.663525110000000251e-01 2.757839679718017578e+00
4.691850739999999798e-01 2.753225326538085938e+00
4.720176919999999887e-01 2.778612613677978516e+00
4.748503669999999954e-01 2.838049411773681641e+00
4.776830989999999999e-01 2.852586746215820312e+00
4.805158860000000032e-01 2.916008949279785156e+00
4.833487300000000042e-01 2.897525548934936523e+00
4.861816299999999758e-01 2.669071435928344727e+00
4.890145859999999733e-01 2.768131017684936523e+00
4.918475979999999970e-01 2.844933271408081055e+00
4.946806670000000183e-01 2.903371095657348633e+00
4.975137920000000102e-01 2.923082113265991211e+00
5.003469729999999727e-01 2.845149755477905273e+00
5.031802100000000166e-01 2.820782661437988281e+00
5.060135040000000028e-01 2.911234378814697266e+00
5.088468539999999596e-01 2.931083202362060547e+00
5.116802599999999979e-01 2.949914932250976562e+00
5.145137220000000067e-01 2.899362325668334961e+00
5.173472409999999577e-01 2.730233907699584961e+00
5.201808159999999903e-01 2.848409652709960938e+00
5.230144469999999934e-01 2.978157758712768555e+00
5.258481339999999671e-01 2.988149404525756836e+00
5.286818779999999940e-01 3.020026683807373047e+00
5.315156779999999914e-01 3.120075702667236328e+00
5.343495339999999594e-01 3.107791185379028320e+00
5.371834460000000089e-01 3.164152145385742188e+00
5.400174150000000006e-01 3.092427015304565430e+00
5.428514389999999912e-01 3.125861406326293945e+00
5.456855200000000350e-01 3.163570880889892578e+00
5.485196580000000210e-01 3.178211688995361328e+00
5.513538510000000059e-01 3.211308717727661133e+00
5.541881010000000440e-01 3.236111164093017578e+00
5.570224070000000527e-01 3.198942422866821289e+00
5.598567690000000319e-01 3.164248228073120117e+00
5.626911869999999816e-01 3.205955266952514648e+00
5.655256619999999845e-01 3.205232858657836914e+00
5.683601929999999580e-01 3.165007352828979492e+00
5.711947800000000131e-01 3.131895780563354492e+00
5.740294230000000386e-01 3.181514263153076172e+00
5.768641230000000064e-01 3.151772499084472656e+00
5.796988789999999447e-01 3.156296730041503906e+00
5.825336909999999646e-01 3.229399204254150391e+00
5.853685589999999550e-01 3.183501243591308594e+00
5.882034839999999987e-01 2.977714776992797852e+00
5.910384650000000129e-01 2.840475559234619141e+00
5.938735019999999976e-01 2.877874612808227539e+00
5.967085949999999528e-01 2.856347560882568359e+00
5.995437449999999613e-01 2.820397138595581055e+00
6.023789510000000513e-01 2.777464866638183594e+00
6.052142130000000009e-01 2.802013158798217773e+00
6.080495310000000320e-01 2.755349636077880859e+00
6.108849060000000053e-01 2.591193437576293945e+00
6.137203359999999774e-01 2.511124372482299805e+00
6.165558230000000028e-01 2.506666421890258789e+00
6.193913669999999705e-01 2.593405961990356445e+00
6.222269660000000480e-01 2.584082126617431641e+00
6.250626219999999567e-01 2.520048379898071289e+00
6.278983339999999469e-01 2.457260847091674805e+00
6.307341020000000187e-01 2.439455509185791016e+00
6.335699259999999500e-01 2.466643333435058594e+00
6.364058070000000455e-01 2.475618124008178711e+00
6.392417440000000006e-01 2.484730958938598633e+00
6.420777370000000372e-01 2.465067386627197266e+00
6.449137860000000444e-01 2.423200368881225586e+00
6.477498919999999938e-01 2.307245492935180664e+00
6.505860540000000247e-01 2.300436258316040039e+00
6.534222720000000262e-01 2.291020393371582031e+00
6.562585459999999982e-01 2.092043638229370117e+00
6.590948770000000234e-01 2.196880817413330078e+00
6.619312640000000192e-01 2.250701665878295898e+00
6.647677069999999855e-01 2.220202922821044922e+00
6.676042060000000333e-01 2.216151952743530273e+00
6.704407620000000234e-01 2.186212062835693359e+00
6.732773739999999840e-01 2.161993026733398438e+00
6.761140420000000262e-01 2.144105434417724609e+00
6.789507660000000389e-01 2.127528429031372070e+00
6.817875469999999938e-01 2.106464385986328125e+00
6.846243829999999475e-01 2.031449317932128906e+00
6.874612759999999545e-01 1.691300868988037109e+00
6.902982260000000148e-01 1.705013871192932129e+00
6.931352309999999628e-01 1.724971413612365723e+00
6.959722929999999641e-01 1.731224656105041504e+00
6.988094110000000470e-01 1.706766366958618164e+00
7.016465849999999893e-01 1.609543323516845703e+00
7.044838150000000132e-01 1.601634383201599121e+00
7.073211019999999793e-01 1.569302439689636230e+00
7.101584450000000270e-01 1.502479672431945801e+00
7.129958440000000452e-01 1.404004931449890137e+00
7.158332990000000340e-01 1.192567229270935059e+00
7.186708109999999650e-01 8.595861792564392090e-01
7.215083789999999775e-01 8.781251907348632812e-01
7.243460029999999605e-01 8.030287623405456543e-01
7.271836830000000251e-01 7.156372666358947754e-01
7.300214200000000320e-01 6.731820106506347656e-01
7.328592130000000093e-01 6.893483400344848633e-01
7.356970619999999572e-01 6.761161684989929199e-01
7.385349669999999866e-01 6.575725674629211426e-01
7.413729289999999583e-01 6.591528058052062988e-01
7.442109470000000115e-01 6.666617393493652344e-01
7.470490210000000353e-01 6.644030213356018066e-01
7.498871510000000296e-01 6.517827510833740234e-01
7.527253379999999661e-01 6.498472094535827637e-01
7.555635800000000124e-01 6.425286531448364258e-01
7.584018790000000010e-01 5.300635099411010742e-01
7.612402350000000428e-01 2.457168102264404297e-01
7.640786459999999725e-01 2.925572097301483154e-01
7.669171139999999554e-01 4.697186350822448730e-01
7.697556380000000198e-01 5.785779356956481934e-01
7.725942180000000548e-01 6.030969619750976562e-01
7.754328539999999492e-01 6.086766123771667480e-01
7.782715470000000080e-01 6.064039468765258789e-01
7.811102960000000373e-01 6.032328009605407715e-01
7.839491010000000371e-01 6.008818149566650391e-01
7.867879620000000074e-01 6.027223467826843262e-01
7.896268800000000310e-01 5.780624151229858398e-01
7.924658540000000251e-01 5.794376134872436523e-01
7.953048839999999897e-01 5.864461660385131836e-01
7.981439700000000359e-01 5.935934185981750488e-01
8.009831130000000243e-01 5.853973627090454102e-01
8.038223119999999833e-01 5.823333263397216797e-01
8.066615670000000238e-01 6.003963351249694824e-01
8.095008780000000348e-01 5.751032829284667969e-01
8.123402459999999881e-01 5.157260894775390625e-01
8.151796700000000229e-01 4.203997850418090820e-01
8.180191500000000282e-01 3.949114084243774414e-01
8.208586860000000041e-01 4.216490387916564941e-01
8.236982790000000332e-01 3.876421153545379639e-01
8.265379269999999501e-01 4.070449769496917725e-01
8.293776320000000313e-01 3.612654805183410645e-01
8.322173940000000547e-01 3.472412824630737305e-01
8.350572109999999659e-01 3.505892455577850342e-01
8.378970850000000414e-01 3.633402287960052490e-01
8.407370149999999764e-01 3.592984378337860107e-01
8.435770009999999930e-01 3.549874722957611084e-01
8.464170429999999801e-01 3.533409237861633301e-01
8.492571420000000204e-01 3.378183841705322266e-01
8.520972970000000313e-01 3.234585523605346680e-01
8.549375080000000127e-01 3.038349151611328125e-01
8.577777749999999646e-01 3.225975632667541504e-01
8.606180989999999698e-01 3.184070289134979248e-01
8.634584789999999455e-01 3.129473328590393066e-01
8.662989150000000027e-01 2.851454019546508789e-01
8.691394070000000305e-01 2.957507371902465820e-01
8.719799560000000005e-01 2.931185066699981689e-01
8.748205610000000521e-01 2.821970880031585693e-01
8.776612219999999631e-01 2.760472893714904785e-01
8.805019389999999557e-01 2.670495212078094482e-01
8.833427130000000016e-01 2.631411552429199219e-01
8.861835430000000180e-01 2.539154887199401855e-01
8.890244290000000049e-01 2.489199042320251465e-01
8.918653709999999624e-01 2.362506538629531860e-01
8.947063699999999731e-01 2.005908638238906860e-01
8.975474239999999826e-01 1.584298461675643921e-01
9.003885350000000454e-01 1.440848857164382935e-01
9.032297030000000504e-01 1.661418080329895020e-01
9.060709260000000542e-01 1.659201234579086304e-01
9.089122060000000003e-01 1.358534693717956543e-01
9.117535420000000279e-01 1.360485851764678955e-01
9.145949340000000261e-01 1.252428889274597168e-01
9.174363819999999947e-01 1.242297068238258362e-01
9.202778870000000166e-01 1.446396261453628540e-01
9.231194480000000091e-01 1.357317715883255005e-01
9.259610649999999721e-01 1.227237805724143982e-01
9.288027380000000166e-01 9.063247591257095337e-02
9.316444680000000034e-01 5.161504074931144714e-02
9.344862539999999607e-01 2.890979312360286713e-02
9.373280959999999995e-01 3.413704037666320801e-02
9.401699940000000089e-01 4.811183363199234009e-02
9.430119489999999605e-01 4.347436502575874329e-02
9.458539599999999936e-01 3.618557006120681763e-02
9.486960269999999973e-01 3.871181607246398926e-02
9.515381499999999715e-01 3.958309814333915710e-02
9.543803299999999989e-01 4.525701701641082764e-02
9.572225659999999969e-01 4.407043382525444031e-02
9.600648579999999654e-01 4.723175615072250366e-02
9.629072060000000155e-01 5.432981997728347778e-02
9.657496110000000078e-01 5.899421870708465576e-02
9.685920709999999989e-01 7.754810899496078491e-02
9.714345880000000433e-01 8.678853511810302734e-02
9.742771620000000299e-01 7.219371199607849121e-02
9.771197910000000153e-01 7.832185178995132446e-02
9.799624770000000540e-01 8.395151048898696899e-02
9.828052189999999522e-01 9.405727684497833252e-02
9.856480170000000429e-01 9.730438143014907837e-02
9.884908709999999932e-01 9.976689517498016357e-02
9.913337819999999967e-01 1.010654941201210022e-01
9.941767489999999707e-01 9.717965871095657349e-02
9.970197720000000263e-01 1.001188680529594421e-01
9.998628510000000524e-01 1.020094305276870728e-01
1.002705986999999910e+00 9.828787297010421753e-02
1.005549178999999960e+00 9.682846069335937500e-02
1.008392426999999980e+00 1.023054718971252441e-01
1.011235730999999971e+00 1.013435944914817810e-01
1.014079092000000015e+00 1.000658944249153137e-01
1.016922509000000030e+00 9.682898223400115967e-02
1.019765982000000015e+00 9.856492280960083008e-02
1.022609510999999971e+00 9.823048859834671021e-02
1.025453096999999980e+00 1.018372550606727600e-01
1.028296738999999960e+00 1.002499014139175415e-01
1.031140436999999910e+00 1.075492054224014282e-01
1.033984191000000052e+00 9.681568294763565063e-02
1.036828002000000026e+00 1.029034256935119629e-01
1.039671868000000110e+00 9.562300145626068115e-02
1.042515791000000025e+00 1.027235016226768494e-01
1.045359770999999993e+00 9.432939440011978149e-02
