3.615872339999999796e-01 1.272634625434875488e+00
3.644177160000000026e-01 1.516422867774963379e+00
3.672482539999999962e-01 1.581583142280578613e+00
3.700788480000000158e-01 1.554948210716247559e+00
3.729094980000000059e-01 1.440597057342529297e+00
3.757402049999999938e-01 1.502108454704284668e+00
3.785709680000000077e-01 1.675119996070861816e+00
3.814017869999999921e-01 1.434530019760131836e+00
3.842326620000000026e-01 1.291622281074523926e+00
3.870635940000000108e-01 1.445739984512329102e+00
3.898945819999999896e-01 1.625363826751708984e+00
3.927256259999999943e-01 1.418488144874572754e+00
3.955567260000000251e-01 1.469881296157836914e+00
3.983878829999999982e-01 1.837048053741455078e+00
4.012190950000000256e-01 2.271636009216308594e+00
4.040503639999999952e-01 2.278566122055053711e+00
4.068816900000000181e-01 2.264167785644531250e+00
4.097130709999999842e-01 2.287464857101440430e+00
4.125445090000000037e-01 2.382217168807983398e+00
4.153760029999999936e-01 2.378972053527832031e+00
4.182075530000000096e-01 2.339624166488647461e+00
4.210391589999999962e-01 2.355562448501586914e+00
4.238708219999999804e-01 2.314205884933471680e+00
4.267025409999999908e-01 2.266501426696777344e+00
4.295343160000000271e-01 2.055106878280639648e+00
4.323661469999999785e-01 2.183490037918090820e+00
4.351980349999999831e-01 2.369299411773681641e+00
4.380299790000000137e-01 2.406598806381225586e+00
4.408619790000000149e-01 2.493516921997070312e+00
4.436940349999999866e-01 2.640389680862426758e+00
4.465261480000000116e-01 2.655153036117553711e+00
4.493583170000000071e-01 2.817334175109863281e+00
4.521905419999999731e-01 2.821237325668334961e+00
4.550228230000000207e-01 2.797658920288085938e+00
4.578551610000000105e-01 2.848015546798706055e+00
4.606875550000000263e-01 2.869924783706665039e+00
4.635200050000000127e-01 2.900590658187866211e+00
4.663525110000000251e-01 2.841451883316040039e+00
4.691850739999999798e-01 2.837666034698486328e+00
4.720176919999999887e-01 2.875108480453491211e+00
4.748503669999999954e-01 2.927530765533447266e+00
4.776830989999999999e-01 2.943352699279785156e+00
4.805158860000000032e-01 3.009212017059326172e+00
4.833487300000000042e-01 2.983996152877807617e+00
4.861816299999999758e-01 2.756264925003051758e+00
4.890145859999999733e-01 2.866293430328369141e+00
4.918475979999999970e-01 2.944346427917480469e+00
4.946806670000000183e-01 2.997692346572875977e+00
4.975137920000000102e-01 3.023090600967407227e+00
5.003469729999999727e-01 2.942560911178588867e+00
5.031802100000000166e-01 2.924157142639160156e+00
5.060135040000000028e-01 3.006478786468505859e+00
5.088468539999999596e-01 3.024934291839599609e+00
5.116802599999999979e-01 3.061951875686645508e+00
5.145137220000000067e-01 3.002580642700195312e+00
5.173472409999999577e-01 2.833027839660644531e+00
5.201808159999999903e-01 2.961188316345214844e+00
5.230144469999999934e-01 3.096890211105346680e+00
5.258481339999999671e-01 3.102622985839843750e+00
5.286818779999999940e-01 3.143851280212402344e+00
5.315156779999999914e-01 3.244899749755859375e+00
5.343495339999999594e-01 3.229638576507568359e+00
5.371834460000000089e-01 3.281057119369506836e+00
5.400174150000000006e-01 3.213916301727294922e+00
5.428514389999999912e-01 3.231535196304321289e+00
5.456855200000000350e-01 3.302264928817749023e+00
5.485196580000000210e-01 3.304737329483032227e+00
5.513538510000000059e-01 3.343145608901977539e+00
5.541881010000000440e-01 3.370958089828491211e+00
5.570224070000000527e-01 3.329860210418701172e+00
5.598567690000000319e-01 3.282112836837768555e+00
5.626911869999999816e-01 3.337229728698730469e+00
5.655256619999999845e-01 3.321351528167724609e+00
5.683601929999999580e-01 3.297538757324218750e+00
5.711947800000000131e-01 3.260519027709960938e+00
5.740294230000000386e-01 3.310253858566284180e+00
5.768641230000000064e-01 3.281535625457763672e+00
5.796988789999999447e-01 3.293379068374633789e+00
5.825336909999999646e-01 3.361206769943237305e+00
5.853685589999999550e-01 3.334346294403076172e+00
5.882034839999999987e-01 3.095604181289672852e+00
5.910384650000000129e-01 2.963107824325561523e+00
5.938735019999999976e-01 3.016802072525024414e+00
5.967085949999999528e-01 3.004806995391845703e+00
5.995437449999999613e-01 2.960545063018798828e+00
6.023789510000000513e-01 2.923457622528076172e+00
6.052142130000000009e-01 2.942318201065063477e+00
6.080495310000000320e-01 2.898759365081787109e+00
6.108849060000000053e-01 2.789436578750610352e+00
6.137203359999999774e-01 2.711555957794189453e+00
6.165558230000000028e-01 2.696538209915161133e+00
6.193913669999999705e-01 2.758696079254150391e+00
6.222269660000000480e-01 2.756552696228027344e+00
6.250626219999999567e-01 2.676383018493652344e+00
6.278983339999999469e-01 2.609182357788085938e+00
6.307341020000000187e-01 2.583471536636352539e+00
6.335699259999999500e-01 2.623104572296142578e+00
6.364058070000000455e-01 2.649795055389404297e+00
6.392417440000000006e-01 2.656010627746582031e+00
6.420777370000000372e-01 2.623377084732055664e+00
6.449137860000000444e-01 2.585068941116333008e+00
6.477498919999999938e-01 2.465972423553466797e+00
6.505860540000000247e-01 2.451900243759155273e+00
6.534222720000000262e-01 2.443428277969360352e+00
6.562585459999999982e-01 2.246855735778808594e+00
6.590948770000000234e-01 2.343765020370483398e+00
6.619312640000000192e-01 2.416512966156005859e+00
6.647677069999999855e-01 2.380609035491943359e+00
6.676042060000000333e-01 2.363150596618652344e+00
6.704407620000000234e-01 2.337221860885620117e+00
6.732773739999999840e-01 2.313119173049926758e+00
6.761140420000000262e-01 2.306573629379272461e+00
6.789507660000000389e-01 2.283892631530761719e+00
6.817875469999999938e-01 2.256718158721923828e+00
6.846243829999999475e-01 2.175342321395874023e+00
6.874612759999999545e-01 1.823623418807983398e+00
6.902982260000000148e-01 1.848096132278442383e+00
6.931352309999999628e-01 1.882955670356750488e+00
6.959722929999999641e-01 1.899277925491333008e+00
6.988094110000000470e-01 1.864365339279174805e+00
7.016465849999999893e-01 1.768132686614990234e+00
7.044838150000000132e-01 1.761141538619995117e+00
7.073211019999999793e-01 1.721161127090454102e+00
7.101584450000000270e-01 1.661827802658081055e+00
7.129958440000000452e-01 1.560258269309997559e+00
7.158332990000000340e-01 1.316154479980468750e+00
7.186708109999999650e-01 9.579864740371704102e-01
7.215083789999999775e-01 9.829745292663574219e-01
7.243460029999999605e-01 8.960652351379394531e-01
7.271836830000000251e-01 8.109116554260253906e-01
7.300214200000000320e-01 7.592504620552062988e-01
7.328592130000000093e-01 7.761120796203613281e-01
7.356970619999999572e-01 7.724069952964782715e-01
7.385349669999999866e-01 7.553887367248535156e-01
7.413729289999999583e-01 7.571498751640319824e-01
7.442109470000000115e-01 7.670614123344421387e-01
7.470490210000000353e-01 7.664492726325988770e-01
7.498871510000000296e-01 7.540784478187561035e-01
7.527253379999999661e-01 7.469092607498168945e-01
7.555635800000000124e-01 7.408816218376159668e-01
7.584018790000000010e-01 6.086080670356750488e-01
7.612402350000000428e-01 2.795995771884918213e-01
7.640786459999999725e-01 3.365336954593658447e-01
7.669171139999999554e-01 5.497265458106994629e-01
7.697556380000000198e-01 6.737834215164184570e-01
7.725942180000000548e-01 7.023945450782775879e-01
7.754328539999999492e-01 7.016023397445678711e-01
7.782715470000000080e-01 7.059839963912963867e-01
7.811102960000000373e-01 7.077477574348449707e-01
7.839491010000000371e-01 7.106749415397644043e-01
7.867879620000000074e-01 6.982350349426269531e-01
7.896268800000000310e-01 6.825932264328002930e-01
7.924658540000000251e-01 6.786241531372070312e-01
7.953048839999999897e-01 6.868949532508850098e-01
7.981439700000000359e-01 6.926813125610351562e-01
8.009831130000000243e-01 6.882823109626770020e-01
8.038223119999999833e-01 6.871805191040039062e-01
8.066615670000000238e-01 7.046917080879211426e-01
8.095008780000000348e-01 6.702002882957458496e-01
8.123402459999999881e-01 6.003382205963134766e-01
8.151796700000000229e-01 4.921154081821441650e-01
8.180191500000000282e-01 4.631206691265106201e-01
8.208586860000000041e-01 4.912312328815460205e-01
8.236982790000000332e-01 4.497345387935638428e-01
8.265379269999999501e-01 4.721755683422088623e-01
8.293776320000000313e-01 4.205705523490905762e-01
8.322173940000000547e-01 4.093333184719085693e-01
8.350572109999999659e-01 4.136459827423095703e-01
8.378970850000000414e-01 4.183261096477508545e-01
8.407370149999999764e-01 4.264155328273773193e-01
8.435770009999999930e-01 4.178788959980010986e-01
8.464170429999999801e-01 4.217125475406646729e-01
8.492571420000000204e-01 3.977664411067962646e-01
8.520972970000000313e-01 3.780651092529296875e-01
8.549375080000000127e-01 3.549052476882934570e-01
8.577777749999999646e-01 3.842435777187347412e-01
8.606180989999999698e-01 3.754553496837615967e-01
8.634584789999999455e-01 3.725394010543823242e-01
8.662989150000000027e-01 3.355139493942260742e-01
8.691394070000000305e-01 3.485329747200012207e-01
8.719799560000000005e-01 3.454141914844512939e-01
8.748205610000000521e-01 3.348153233528137207e-01
8.776612219999999631e-01 3.288258910179138184e-01
8.805019389999999557e-01 3.177294135093688965e-01
8.833427130000000016e-01 3.090695738792419434e-01
8.861835430000000180e-01 3.013203740119934082e-01
8.890244290000000049e-01 2.950417995452880859e-01
8.918653709999999624e-01 2.796866893768310547e-01
8.947063699999999731e-01 2.362307012081146240e-01
8.975474239999999826e-01 1.873788237571716309e-01
9.003885350000000454e-01 1.670867055654525757e-01
9.032297030000000504e-01 1.944416314363479614e-01
9.060709260000000542e-01 1.942558884620666504e-01
9.089122060000000003e-01 1.602670401334762573e-01
9.117535420000000279e-01 1.573233604431152344e-01
9.145949340000000261e-01 1.437178552150726318e-01
9.174363819999999947e-01 1.425465792417526245e-01
9.202778870000000166e-01 1.668344736099243164e-01
9.231194480000000091e-01 1.565554887056350708e-01
9.259610649999999721e-01 1.459916979074478149e-01
9.288027380000000166e-01 1.032620519399642944e-01
9.316444680000000034e-01 5.676775053143501282e-02
9.344862539999999607e-01 3.181335330009460449e-02
9.373280959999999995e-01 3.452679887413978577e-02
9.401699940000000089e-01 5.743087083101272583e-02
9.430119489999999605e-01 4.635180160403251648e-02
9.458539599999999936e-01 4.255507886409759521e-02
9.486960269999999973e-01 4.833162203431129456e-02
9.515381499999999715e-01 4.804955050349235535e-02
9.543803299999999989e-01 4.171792790293693542e-02
9.572225659999999969e-01 5.593667551875114441e-02
9.600648579999999654e-01 5.261025950312614441e-02
9.629072060000000155e-01 6.126292794942855835e-02
9.657496110000000078e-01 6.914228945970535278e-02
9.685920709999999989e-01 9.465295821428298950e-02
9.714345880000000433e-01 9.882591664791107178e-02
9.742771620000000299e-01 8.506252616643905640e-02
9.771197910000000153e-01 8.979658037424087524e-02
9.799624770000000540e-01 9.547293186187744141e-02
9.828052189999999522e-01 1.026826351881027222e-01
9.856480170000000429e-01 1.087813898921012878e-01
9.884908709999999932e-01 1.148573309183120728e-01
9.913337819999999967e-01 1.172806918621063232e-01
9.941767489999999707e-01 1.150196120142936707e-01
9.970197720000000263e-01 1.196525394916534424e-01
9.998628510000000524e-01 1.205171123147010803e-01
1.002705986999999910e+00 1.169466674327850342e-01
1.005549178999999960e+00 1.157513558864593506e-01
1.008392426999999980e+00 1.196630671620368958e-01
1.011235730999999971e+00 1.172109097242355347e-01
1.014079092000000015e+00 1.129038110375404358e-01
1.016922509000000030e+00 1.209329739212989807e-01
1.019765982000000015e+00 1.144663915038108826e-01
1.022609510999999971e+00 1.140731498599052429e-01
1.025453096999999980e+00 1.165760681033134460e-01
1.028296738999999960e+00 1.173335462808609009e-01
1.031140436999999910e+00 1.234290301799774170e-01
1.033984191000000052e+00 1.180258616805076599e-01
1.036828002000000026e+00 1.128696575760841370e-01
1.039671868000000110e+00 1.328212320804595947e-01
1.042515791000000025e+00 1.250911355018615723e-01
1.045359770999999993e+00 1.148481294512748718e-01
