3.615872339999999796e-01 1.288115262985229492e+00
3.644177160000000026e-01 1.470633745193481445e+00
3.672482539999999962e-01 1.591730237007141113e+00
3.700788480000000158e-01 1.619167447090148926e+00
3.729094980000000059e-01 1.409806132316589355e+00
3.757402049999999938e-01 1.519329786300659180e+00
3.785709680000000077e-01 1.636157751083374023e+00
3.814017869999999921e-01 1.430621623992919922e+00
3.842326620000000026e-01 1.300493478775024414e+00
3.870635940000000108e-01 1.451495409011840820e+00
3.898945819999999896e-01 1.616846919059753418e+00
3.927256259999999943e-01 1.425897002220153809e+00
3.955567260000000251e-01 1.447266101837158203e+00
3.983878829999999982e-01 1.837654709815979004e+00
4.012190950000000256e-01 2.287306785583496094e+00
4.040503639999999952e-01 2.295958042144775391e+00
4.068816900000000181e-01 2.253233432769775391e+00
4.097130709999999842e-01 2.290210008621215820e+00
4.125445090000000037e-01 2.368081331253051758e+00
4.153760029999999936e-01 2.403440952301025391e+00
4.182075530000000096e-01 2.357820510864257812e+00
4.210391589999999962e-01 2.346067428588867188e+00
4.238708219999999804e-01 2.334721565246582031e+00
4.267025409999999908e-01 2.260466098785400391e+00
4.295343160000000271e-01 2.070587396621704102e+00
4.323661469999999785e-01 2.193951606750488281e+00
4.351980349999999831e-01 2.401208877563476562e+00
4.380299790000000137e-01 2.424773931503295898e+00
4.408619790000000149e-01 2.507470607757568359e+00
4.436940349999999866e-01 2.658886671066284180e+00
4.465261480000000116e-01 2.669471502304077148e+00
4.493583170000000071e-01 2.840852022171020508e+00
4.521905419999999731e-01 2.852206468582153320e+00
4.550228230000000207e-01 2.843922615051269531e+00
4.578551610000000105e-01 2.897745609283447266e+00
4.606875550000000263e-01 2.916524410247802734e+00
4.635200050000000127e-01 2.947464466094970703e+00
4.663525110000000251e-01 2.874940633773803711e+00
4.691850739999999798e-01 2.875484228134155273e+00
4.720176919999999887e-01 2.929440736770629883e+00
4.748503669999999954e-01 2.966907262802124023e+00
4.776830989999999999e-01 2.999951362609863281e+00
4.805158860000000032e-01 3.065401315689086914e+00
4.833487300000000042e-01 3.036769151687622070e+00
4.861816299999999758e-01 2.796248912811279297e+00
4.890145859999999733e-01 2.916404008865356445e+00
4.918475979999999970e-01 2.995706081390380859e+00
4.946806670000000183e-01 3.068238973617553711e+00
4.975137920000000102e-01 3.079126358032226562e+00
5.003469729999999727e-01 2.998654842376708984e+00
5.031802100000000166e-01 2.983626842498779297e+00
5.060135040000000028e-01 3.080601692199707031e+00
5.088468539999999596e-01 3.092012405395507812e+00
5.116802599999999979e-01 3.121270179748535156e+00
5.145137220000000067e-01 3.064008474349975586e+00
5.173472409999999577e-01 2.890580415725708008e+00
5.201808159999999903e-01 3.025640964508056641e+00
5.230144469999999934e-01 3.154290676116943359e+00
5.258481339999999671e-01 3.173535585403442383e+00
5.286818779999999940e-01 3.213438272476196289e+00
5.315156779999999914e-01 3.322334766387939453e+00
5.343495339999999594e-01 3.300969123840332031e+00
5.371834460000000089e-01 3.356294870376586914e+00
5.400174150000000006e-01 3.296381711959838867e+00
5.428514389999999912e-01 3.313886880874633789e+00
5.456855200000000350e-01 3.384104728698730469e+00
5.485196580000000210e-01 3.391755580902099609e+00
5.513538510000000059e-01 3.427724123001098633e+00
5.541881010000000440e-01 3.455041885375976562e+00
5.570224070000000527e-01 3.413091421127319336e+00
5.598567690000000319e-01 3.366648197174072266e+00
5.626911869999999816e-01 3.426847457885742188e+00
5.655256619999999845e-01 3.415489196777343750e+00
5.683601929999999580e-01 3.388602256774902344e+00
5.711947800000000131e-01 3.350511074066162109e+00
5.740294230000000386e-01 3.390302896499633789e+00
5.768641230000000064e-01 3.363291263580322266e+00
5.796988789999999447e-01 3.382964849472045898e+00
5.825336909999999646e-01 3.460417747497558594e+00
5.853685589999999550e-01 3.417710304260253906e+00
5.882034839999999987e-01 3.199299097061157227e+00
5.910384650000000129e-01 3.061807632446289062e+00
5.938735019999999976e-01 3.116134166717529297e+00
5.967085949999999528e-01 3.106565237045288086e+00
5.995437449999999613e-01 3.074339866638183594e+00
6.023789510000000513e-01 3.045673370361328125e+00
6.052142130000000009e-01 3.060991287231445312e+00
6.080495310000000320e-01 3.008760929107666016e+00
6.108849060000000053e-01 2.898922920227050781e+00
6.137203359999999774e-01 2.837644577026367188e+00
6.165558230000000028e-01 2.809305906295776367e+00
6.193913669999999705e-01 2.882542848587036133e+00
6.222269660000000480e-01 2.876833200454711914e+00
6.250626219999999567e-01 2.807012319564819336e+00
6.278983339999999469e-01 2.738226652145385742e+00
6.307341020000000187e-01 2.708562135696411133e+00
6.335699259999999500e-01 2.747388839721679688e+00
6.364058070000000455e-01 2.776632547378540039e+00
6.392417440000000006e-01 2.789196252822875977e+00
6.420777370000000372e-01 2.751423835754394531e+00
6.449137860000000444e-01 2.719738006591796875e+00
6.477498919999999938e-01 2.592877626419067383e+00
6.505860540000000247e-01 2.580796480178833008e+00
6.534222720000000262e-01 2.579534292221069336e+00
6.562585459999999982e-01 2.366683244705200195e+00
6.590948770000000234e-01 2.481051206588745117e+00
6.619312640000000192e-01 2.555846691131591797e+00
6.647677069999999855e-01 2.524418115615844727e+00
6.676042060000000333e-01 2.504832506179809570e+00
6.704407620000000234e-01 2.482066392898559570e+00
6.732773739999999840e-01 2.465839624404907227e+00
6.761140420000000262e-01 2.447086334228515625e+00
6.789507660000000389e-01 2.415450334548950195e+00
6.817875469999999938e-01 2.405614614486694336e+00
6.846243829999999475e-01 2.323099851608276367e+00
6.874612759999999545e-01 1.944562792778015137e+00
6.902982260000000148e-01 1.973432064056396484e+00
6.931352309999999628e-01 2.013796567916870117e+00
6.959722929999999641e-01 2.027820587158203125e+00
6.988094110000000470e-01 2.008990764617919922e+00
7.016465849999999893e-01 1.901492476463317871e+00
7.044838150000000132e-01 1.903589963912963867e+00
7.073211019999999793e-01 1.866733193397521973e+00
7.101584450000000270e-01 1.807048201560974121e+00
7.129958440000000452e-01 1.703180432319641113e+00
7.158332990000000340e-01 1.446428298950195312e+00
7.186708109999999650e-01 1.052521467208862305e+00
7.215083789999999775e-01 1.085911631584167480e+00
7.243460029999999605e-01 9.953388571739196777e-01
7.271836830000000251e-01 9.062002897262573242e-01
7.300214200000000320e-01 8.491967320442199707e-01
7.328592130000000093e-01 8.772609233856201172e-01
7.356970619999999572e-01 8.722269535064697266e-01
7.385349669999999866e-01 8.396204113960266113e-01
7.413729289999999583e-01 8.482939004898071289e-01
7.442109470000000115e-01 8.608716726303100586e-01
7.470490210000000353e-01 8.577864170074462891e-01
7.498871510000000296e-01 8.466590046882629395e-01
7.527253379999999661e-01 8.462830781936645508e-01
7.555635800000000124e-01 8.343903422355651855e-01
7.584018790000000010e-01 6.839285492897033691e-01
7.612402350000000428e-01 3.183686733245849609e-01
7.640786459999999725e-01 3.864913880825042725e-01
7.669171139999999554e-01 6.214118003845214844e-01
7.697556380000000198e-01 7.694054841995239258e-01
7.725942180000000548e-01 7.936688661575317383e-01
7.754328539999999492e-01 7.964732646942138672e-01
7.782715470000000080e-01 8.007410764694213867e-01
7.811102960000000373e-01 8.024955391883850098e-01
7.839491010000000371e-01 8.029937744140625000e-01
7.867879620000000074e-01 7.927196621894836426e-01
7.896268800000000310e-01 7.680266499519348145e-01
7.924658540000000251e-01 7.663810849189758301e-01
7.953048839999999897e-01 7.818075418472290039e-01
7.981439700000000359e-01 7.808730006217956543e-01
8.009831130000000243e-01 7.743697762489318848e-01
8.038223119999999833e-01 7.787608504295349121e-01
8.066615670000000238e-01 7.963519692420959473e-01
8.095008780000000348e-01 7.629384994506835938e-01
8.123402459999999881e-01 6.795424818992614746e-01
8.151796700000000229e-01 5.612193942070007324e-01
8.180191500000000282e-01 5.311698317527770996e-01
8.208586860000000041e-01 5.652198791503906250e-01
8.236982790000000332e-01 5.197209119796752930e-01
8.265379269999999501e-01 5.401229858398437500e-01
8.293776320000000313e-01 4.845168590545654297e-01
8.322173940000000547e-01 4.659401774406433105e-01
8.350572109999999659e-01 4.712399542331695557e-01
8.378970850000000414e-01 4.804631173610687256e-01
8.407370149999999764e-01 4.814596474170684814e-01
8.435770009999999930e-01 4.741083085536956787e-01
8.464170429999999801e-01 4.733843803405761719e-01
8.492571420000000204e-01 4.485866725444793701e-01
8.520972970000000313e-01 4.321534633636474609e-01
8.549375080000000127e-01 4.086457788944244385e-01
8.577777749999999646e-01 4.351308941841125488e-01
8.606180989999999698e-01 4.338599443435668945e-01
8.634584789999999455e-01 4.204235970973968506e-01
8.662989150000000027e-01 3.903222680091857910e-01
8.691394070000000305e-01 3.983240127563476562e-01
8.719799560000000005e-01 3.923471271991729736e-01
8.748205610000000521e-01 3.858591616153717041e-01
8.776612219999999631e-01 3.746510744094848633e-01
8.805019389999999557e-01 3.635382354259490967e-01
8.833427130000000016e-01 3.556046783924102783e-01
8.861835430000000180e-01 3.464702963829040527e-01
8.890244290000000049e-01 3.385290503501892090e-01
8.918653709999999624e-01 3.211163282394409180e-01
8.947063699999999731e-01 2.712034583091735840e-01
8.975474239999999826e-01 2.151154577732086182e-01
9.003885350000000454e-01 1.965214312076568604e-01
9.032297030000000504e-01 2.244913280010223389e-01
9.060709260000000542e-01 2.258555591106414795e-01
9.089122060000000003e-01 1.818407177925109863e-01
9.117535420000000279e-01 1.785370409488677979e-01
9.145949340000000261e-01 1.677899509668350220e-01
9.174363819999999947e-01 1.689380258321762085e-01
9.202778870000000166e-01 1.928597241640090942e-01
9.231194480000000091e-01 1.816431432962417603e-01
9.259610649999999721e-01 1.673600673675537109e-01
9.288027380000000166e-01 1.164915859699249268e-01
9.316444680000000034e-01 6.737792491912841797e-02
9.344862539999999607e-01 4.095520824193954468e-02
9.373280959999999995e-01 4.188784956932067871e-02
9.401699940000000089e-01 6.405679136514663696e-02
9.430119489999999605e-01 5.643676593899726868e-02
9.458539599999999936e-01 4.999747499823570251e-02
9.486960269999999973e-01 5.493550375103950500e-02
9.515381499999999715e-01 5.068067833781242371e-02
9.543803299999999989e-01 5.607686564326286316e-02
9.572225659999999969e-01 6.148272752761840820e-02
9.600648579999999654e-01 6.322619318962097168e-02
9.629072060000000155e-01 7.257831841707229614e-02
9.657496110000000078e-01 8.109793812036514282e-02
9.685920709999999989e-01 1.068322136998176575e-01
9.714345880000000433e-01 1.118884757161140442e-01
9.742771620000000299e-01 9.821122884750366211e-02
9.771197910000000153e-01 1.024948656558990479e-01
9.799624770000000540e-01 1.111987307667732239e-01
9.828052189999999522e-01 1.220164895057678223e-01
9.856480170000000429e-01 1.320644766092300415e-01
9.884908709999999932e-01 1.309137642383575439e-01
9.913337819999999967e-01 1.364363282918930054e-01
9.941767489999999707e-01 1.342340260744094849e-01
9.970197720000000263e-01 1.358108073472976685e-01
9.998628510000000524e-01 1.338118612766265869e-01
1.002705986999999910e+00 1.325608193874359131e-01
1.005549178999999960e+00 1.295201629400253296e-01
1.008392426999999980e+00 1.334446668624877930e-01
1.011235730999999971e+00 1.315239816904067993e-01
1.014079092000000015e+00 1.379247307777404785e-01
1.016922509000000030e+00 1.376711726188659668e-01
1.019765982000000015e+00 1.411923170089721680e-01
1.022609510999999971e+00 1.360462307929992676e-01
1.025453096999999980e+00 1.326105296611785889e-01
1.028296738999999960e+00 1.403931975364685059e-01
1.031140436999999910e+00 1.429237574338912964e-01
1.033984191000000052e+00 1.481842696666717529e-01
1.036828002000000026e+00 1.419725716114044189e-01
1.039671868000000110e+00 1.414582580327987671e-01
1.042515791000000025e+00 1.508004814386367798e-01
1.045359770999999993e+00 1.328779608011245728e-01
