3.615872339999999796e-01 1.290649771690368652e+00
3.644177160000000026e-01 1.510613441467285156e+00
3.672482539999999962e-01 1.615027785301208496e+00
3.700788480000000158e-01 1.600363731384277344e+00
3.729094980000000059e-01 1.438834667205810547e+00
3.757402049999999938e-01 1.522474050521850586e+00
3.785709680000000077e-01 1.638467311859130859e+00
3.814017869999999921e-01 1.428420305252075195e+00
3.842326620000000026e-01 1.320678234100341797e+00
3.870635940000000108e-01 1.460036516189575195e+00
3.898945819999999896e-01 1.641119837760925293e+00
3.927256259999999943e-01 1.427642941474914551e+00
3.955567260000000251e-01 1.461717009544372559e+00
3.983878829999999982e-01 1.841942787170410156e+00
4.012190950000000256e-01 2.272260665893554688e+00
4.040503639999999952e-01 2.266315221786499023e+00
4.068816900000000181e-01 2.236633062362670898e+00
4.097130709999999842e-01 2.273436784744262695e+00
4.125445090000000037e-01 2.377002000808715820e+00
4.153760029999999936e-01 2.405030012130737305e+00
4.182075530000000096e-01 2.336305618286132812e+00
4.210391589999999962e-01 2.360022783279418945e+00
4.238708219999999804e-01 2.308412075042724609e+00
4.267025409999999908e-01 2.252227544784545898e+00
4.295343160000000271e-01 2.032500982284545898e+00
4.323661469999999785e-01 2.175881862640380859e+00
4.351980349999999831e-01 2.386811733245849609e+00
4.380299790000000137e-01 2.388372421264648438e+00
4.408619790000000149e-01 2.476363897323608398e+00
4.436940349999999866e-01 2.625339984893798828e+00
4.465261480000000116e-01 2.641060352325439453e+00
4.493583170000000071e-01 2.794967651367187500e+00
4.521905419999999731e-01 2.831961393356323242e+00
4.550228230000000207e-01 2.803775072097778320e+00
4.578551610000000105e-01 2.850509643554687500e+00
4.606875550000000263e-01 2.871589899063110352e+00
4.635200050000000127e-01 2.902956008911132812e+00
4.663525110000000251e-01 2.835823535919189453e+00
4.691850739999999798e-01 2.835183143615722656e+00
4.720176919999999887e-01 2.871710777282714844e+00
4.748503669999999954e-01 2.917113542556762695e+00
4.776830989999999999e-01 2.952389478683471680e+00
4.805158860000000032e-01 3.002104520797729492e+00
4.833487300000000042e-01 2.993829727172851562e+00
4.861816299999999758e-01 2.753387451171875000e+00
4.890145859999999733e-01 2.873450040817260742e+00
4.918475979999999970e-01 2.948019742965698242e+00
4.946806670000000183e-01 3.004440546035766602e+00
4.975137920000000102e-01 3.023525953292846680e+00
5.003469729999999727e-01 2.943609952926635742e+00
5.031802100000000166e-01 2.926487684249877930e+00
5.060135040000000028e-01 3.017199754714965820e+00
5.088468539999999596e-01 3.034620046615600586e+00
5.116802599999999979e-01 3.075186014175415039e+00
5.145137220000000067e-01 2.999034404754638672e+00
5.173472409999999577e-01 2.836330413818359375e+00
5.201808159999999903e-01 2.979804992675781250e+00
5.230144469999999934e-01 3.086867094039916992e+00
5.258481339999999671e-01 3.102836132049560547e+00
5.286818779999999940e-01 3.152074813842773438e+00
5.315156779999999914e-01 3.251945018768310547e+00
5.343495339999999594e-01 3.244059085845947266e+00
5.371834460000000089e-01 3.277119636535644531e+00
5.400174150000000006e-01 3.225157499313354492e+00
5.428514389999999912e-01 3.234188318252563477e+00
5.456855200000000350e-01 3.298384189605712891e+00
5.485196580000000210e-01 3.314253330230712891e+00
5.513538510000000059e-01 3.340637207031250000e+00
5.541881010000000440e-01 3.368927478790283203e+00
5.570224070000000527e-01 3.331732273101806641e+00
5.598567690000000319e-01 3.294065475463867188e+00
5.626911869999999816e-01 3.341268062591552734e+00
5.655256619999999845e-01 3.331721544265747070e+00
5.683601929999999580e-01 3.302231311798095703e+00
5.711947800000000131e-01 3.257989406585693359e+00
5.740294230000000386e-01 3.307169198989868164e+00
5.768641230000000064e-01 3.278072595596313477e+00
5.796988789999999447e-01 3.288515806198120117e+00
5.825336909999999646e-01 3.367454528808593750e+00
5.853685589999999550e-01 3.324995517730712891e+00
5.882034839999999987e-01 3.095768690109252930e+00
5.910384650000000129e-01 2.966154336929321289e+00
5.938735019999999976e-01 3.010527372360229492e+00
5.967085949999999528e-01 2.995435237884521484e+00
5.995437449999999613e-01 2.954367637634277344e+00
6.023789510000000513e-01 2.905896663665771484e+00
6.052142130000000009e-01 2.916891336441040039e+00
6.080495310000000320e-01 2.870026826858520508e+00
6.108849060000000053e-01 2.763538122177124023e+00
6.137203359999999774e-01 2.692434072494506836e+00
6.165558230000000028e-01 2.663547992706298828e+00
6.193913669999999705e-01 2.739752531051635742e+00
6.222269660000000480e-01 2.720144748687744141e+00
6.250626219999999567e-01 2.646924018859863281e+00
6.278983339999999469e-01 2.589513301849365234e+00
6.307341020000000187e-01 2.555806398391723633e+00
6.335699259999999500e-01 2.595942258834838867e+00
6.364058070000000455e-01 2.619122266769409180e+00
6.392417440000000006e-01 2.626548051834106445e+00
6.420777370000000372e-01 2.588456153869628906e+00
6.449137860000000444e-01 2.551565170288085938e+00
6.477498919999999938e-01 2.429870843887329102e+00
6.505860540000000247e-01 2.421964168548583984e+00
6.534222720000000262e-01 2.421163797378540039e+00
6.562585459999999982e-01 2.216130495071411133e+00
6.590948770000000234e-01 2.308570146560668945e+00
6.619312640000000192e-01 2.379030466079711914e+00
6.647677069999999855e-01 2.344176769256591797e+00
6.676042060000000333e-01 2.323323011398315430e+00
6.704407620000000234e-01 2.288642883300781250e+00
6.732773739999999840e-01 2.260158777236938477e+00
6.761140420000000262e-01 2.249318838119506836e+00
6.789507660000000389e-01 2.239232301712036133e+00
6.817875469999999938e-01 2.206372976303100586e+00
6.846243829999999475e-01 2.132446765899658203e+00
6.874612759999999545e-01 1.794446468353271484e+00
6.902982260000000148e-01 1.805928468704223633e+00
6.931352309999999628e-01 1.849243879318237305e+00
6.959722929999999641e-01 1.851943731307983398e+00
6.988094110000000470e-01 1.828834414482116699e+00
7.016465849999999893e-01 1.725886225700378418e+00
7.044838150000000132e-01 1.731499671936035156e+00
7.073211019999999793e-01 1.686631798744201660e+00
7.101584450000000270e-01 1.616817831993103027e+00
7.129958440000000452e-01 1.520853757858276367e+00
7.158332990000000340e-01 1.277594208717346191e+00
7.186708109999999650e-01 9.252244830131530762e-01
7.215083789999999775e-01 9.497628211975097656e-01
7.243460029999999605e-01 8.651402592658996582e-01
7.271836830000000251e-01 7.812274098396301270e-01
7.300214200000000320e-01 7.290213704109191895e-01
7.328592130000000093e-01 7.439028620719909668e-01
7.356970619999999572e-01 7.419850230216979980e-01
7.385349669999999866e-01 7.162768840789794922e-01
7.413729289999999583e-01 7.171069383621215820e-01
7.442109470000000115e-01 7.343943715095520020e-01
7.470490210000000353e-01 7.303336858749389648e-01
7.498871510000000296e-01 7.160192728042602539e-01
7.527253379999999661e-01 7.073891758918762207e-01
7.555635800000000124e-01 7.010232806205749512e-01
7.584018790000000010e-01 5.664744973182678223e-01
7.612402350000000428e-01 2.715076804161071777e-01
7.640786459999999725e-01 3.288181722164154053e-01
7.669171139999999554e-01 5.222567915916442871e-01
7.697556380000000198e-01 6.351150870323181152e-01
7.725942180000000548e-01 6.593730449676513672e-01
7.754328539999999492e-01 6.656041145324707031e-01
7.782715470000000080e-01 6.703537106513977051e-01
7.811102960000000373e-01 6.708226799964904785e-01
7.839491010000000371e-01 6.660510301589965820e-01
7.867879620000000074e-01 6.536378264427185059e-01
7.896268800000000310e-01 6.340476870536804199e-01
7.924658540000000251e-01 6.327941417694091797e-01
7.953048839999999897e-01 6.450608968734741211e-01
7.981439700000000359e-01 6.528804302215576172e-01
8.009831130000000243e-01 6.459383368492126465e-01
8.038223119999999833e-01 6.398124694824218750e-01
8.066615670000000238e-01 6.586914062500000000e-01
8.095008780000000348e-01 6.316817998886108398e-01
8.123402459999999881e-01 5.612008571624755859e-01
8.151796700000000229e-01 4.642974734306335449e-01
8.180191500000000282e-01 4.349116384983062744e-01
8.208586860000000041e-01 4.608975946903228760e-01
8.236982790000000332e-01 4.307954311370849609e-01
8.265379269999999501e-01 4.427784383296966553e-01
8.293776320000000313e-01 3.946768939495086670e-01
8.322173940000000547e-01 3.844508826732635498e-01
8.350572109999999659e-01 3.862618505954742432e-01
8.378970850000000414e-01 3.992855846881866455e-01
8.407370149999999764e-01 3.946469724178314209e-01
8.435770009999999930e-01 3.911973834037780762e-01
8.464170429999999801e-01 3.935603201389312744e-01
8.492571420000000204e-01 3.683703541755676270e-01
8.520972970000000313e-01 3.560843765735626221e-01
8.549375080000000127e-01 3.361932933330535889e-01
8.577777749999999646e-01 3.577362298965454102e-01
8.606180989999999698e-01 3.537831008434295654e-01
8.634584789999999455e-01 3.444280624389648438e-01
8.662989150000000027e-01 3.194438815116882324e-01
8.691394070000000305e-01 3.247242569923400879e-01
8.719799560000000005e-01 3.299188017845153809e-01
8.748205610000000521e-01 3.099648952484130859e-01
8.776612219999999631e-01 3.109078109264373779e-01
8.805019389999999557e-01 2.957399785518646240e-01
8.833427130000000016e-01 2.905624806880950928e-01
8.861835430000000180e-01 2.780766487121582031e-01
8.890244290000000049e-01 2.741884291172027588e-01
8.918653709999999624e-01 2.597383260726928711e-01
8.947063699999999731e-01 2.232068181037902832e-01
8.975474239999999826e-01 1.768579930067062378e-01
9.003885350000000454e-01 1.606374084949493408e-01
9.032297030000000504e-01 1.823317259550094604e-01
9.060709260000000542e-01 1.833818852901458740e-01
9.089122060000000003e-01 1.493161320686340332e-01
9.117535420000000279e-01 1.460889130830764771e-01
9.145949340000000261e-01 1.363229006528854370e-01
9.174363819999999947e-01 1.368460357189178467e-01
9.202778870000000166e-01 1.561210304498672485e-01
9.231194480000000091e-01 1.480586230754852295e-01
9.259610649999999721e-01 1.349767595529556274e-01
9.288027380000000166e-01 9.692090749740600586e-02
9.316444680000000034e-01 4.824614897370338440e-02
9.344862539999999607e-01 3.351010754704475403e-02
9.373280959999999995e-01 3.041523694992065430e-02
9.401699940000000089e-01 5.274086818099021912e-02
9.430119489999999605e-01 4.296345636248588562e-02
9.458539599999999936e-01 3.983308002352714539e-02
9.486960269999999973e-01 4.383818432688713074e-02
9.515381499999999715e-01 4.260696098208427429e-02
9.543803299999999989e-01 4.264332354068756104e-02
9.572225659999999969e-01 5.173320323228836060e-02
9.600648579999999654e-01 4.828763753175735474e-02
9.629072060000000155e-01 6.238283216953277588e-02
9.657496110000000078e-01 6.609648466110229492e-02
9.685920709999999989e-01 8.953893929719924927e-02
9.714345880000000433e-01 9.128586947917938232e-02
9.742771620000000299e-01 8.279829472303390503e-02
9.771197910000000153e-01 8.482139557600021362e-02
9.799624770000000540e-01 8.622083067893981934e-02
9.828052189999999522e-01 9.948815405368804932e-02
9.856480170000000429e-01 1.058339625597000122e-01
9.884908709999999932e-01 1.103003099560737610e-01
9.913337819999999967e-01 1.099427267909049988e-01
9.941767489999999707e-01 1.153013780713081360e-01
9.970197720000000263e-01 1.128957346081733704e-01
9.998628510000000524e-01 1.169207170605659485e-01
1.002705986999999910e+00 1.099288761615753174e-01
1.005549178999999960e+00 1.069018915295600891e-01
1.008392426999999980e+00 1.103871464729309082e-01
1.011235730999999971e+00 1.097697913646697998e-01
1.014079092000000015e+00 1.108844727277755737e-01
1.016922509000000030e+00 1.120724827051162720e-01
1.019765982000000015e+00 1.119817271828651428e-01
1.022609510999999971e+00 1.035681590437889099e-01
1.025453096999999980e+00 1.146427989006042480e-01
1.028296738999999960e+00 1.067251637578010559e-01
1.031140436999999910e+00 1.117838472127914429e-01
1.033984191000000052e+00 1.134958416223526001e-01
1.036828002000000026e+00 1.132459342479705811e-01
1.039671868000000110e+00 1.058285459876060486e-01
1.042515791000000025e+00 1.157100498676300049e-01
1.045359770999999993e+00 1.027268692851066589e-01
