3.615872339999999796e-01 1.267156720161437988e+00
3.644177160000000026e-01 1.506370186805725098e+00
3.672482539999999962e-01 1.600211024284362793e+00
3.700788480000000158e-01 1.555105924606323242e+00
3.729094980000000059e-01 1.419902682304382324e+00
3.757402049999999938e-01 1.535770773887634277e+00
3.785709680000000077e-01 1.641554832458496094e+00
3.814017869999999921e-01 1.443299770355224609e+00
3.842326620000000026e-01 1.319726824760437012e+00
3.870635940000000108e-01 1.423198699951171875e+00
3.898945819999999896e-01 1.619927644729614258e+00
3.927256259999999943e-01 1.423652887344360352e+00
3.955567260000000251e-01 1.453966617584228516e+00
3.983878829999999982e-01 1.847053170204162598e+00
4.012190950000000256e-01 2.269436120986938477e+00
4.040503639999999952e-01 2.258206605911254883e+00
4.068816900000000181e-01 2.209677696228027344e+00
4.097130709999999842e-01 2.265308618545532227e+00
4.125445090000000037e-01 2.371894359588623047e+00
4.153760029999999936e-01 2.371096611022949219e+00
4.182075530000000096e-01 2.331037044525146484e+00
4.210391589999999962e-01 2.334382772445678711e+00
4.238708219999999804e-01 2.287466526031494141e+00
4.267025409999999908e-01 2.235431671142578125e+00
4.295343160000000271e-01 2.041337966918945312e+00
4.323661469999999785e-01 2.163298606872558594e+00
4.351980349999999831e-01 2.367939710617065430e+00
4.380299790000000137e-01 2.377485990524291992e+00
4.408619790000000149e-01 2.467432498931884766e+00
4.436940349999999866e-01 2.622605800628662109e+00
4.465261480000000116e-01 2.634866952896118164e+00
4.493583170000000071e-01 2.793233633041381836e+00
4.521905419999999731e-01 2.805976152420043945e+00
4.550228230000000207e-01 2.790761709213256836e+00
4.578551610000000105e-01 2.842320919036865234e+00
4.606875550000000263e-01 2.854864597320556641e+00
4.635200050000000127e-01 2.866865158081054688e+00
4.663525110000000251e-01 2.814822912216186523e+00
4.691850739999999798e-01 2.826206207275390625e+00
4.720176919999999887e-01 2.858967065811157227e+00
4.748503669999999954e-01 2.913498163223266602e+00
4.776830989999999999e-01 2.938596725463867188e+00
4.805158860000000032e-01 2.991540908813476562e+00
4.833487300000000042e-01 2.984925508499145508e+00
4.861816299999999758e-01 2.741325855255126953e+00
4.890145859999999733e-01 2.855509281158447266e+00
4.918475979999999970e-01 2.937420129776000977e+00
4.946806670000000183e-01 3.005713462829589844e+00
4.975137920000000102e-01 3.008610010147094727e+00
5.003469729999999727e-01 2.928097963333129883e+00
5.031802100000000166e-01 2.923471927642822266e+00
5.060135040000000028e-01 2.992066144943237305e+00
5.088468539999999596e-01 3.022354125976562500e+00
5.116802599999999979e-01 3.054138898849487305e+00
5.145137220000000067e-01 2.995089769363403320e+00
5.173472409999999577e-01 2.825934648513793945e+00
5.201808159999999903e-01 2.950755357742309570e+00
5.230144469999999934e-01 3.088227987289428711e+00
5.258481339999999671e-01 3.094543933868408203e+00
5.286818779999999940e-01 3.129156589508056641e+00
5.315156779999999914e-01 3.236358880996704102e+00
5.343495339999999594e-01 3.236260890960693359e+00
5.371834460000000089e-01 3.274277210235595703e+00
5.400174150000000006e-01 3.221790552139282227e+00
5.428514389999999912e-01 3.225273132324218750e+00
5.456855200000000350e-01 3.295581102371215820e+00
5.485196580000000210e-01 3.311511278152465820e+00
5.513538510000000059e-01 3.333253383636474609e+00
5.541881010000000440e-01 3.358224630355834961e+00
5.570224070000000527e-01 3.327841997146606445e+00
5.598567690000000319e-01 3.283158779144287109e+00
5.626911869999999816e-01 3.336225509643554688e+00
5.655256619999999845e-01 3.324580192565917969e+00
5.683601929999999580e-01 3.298680543899536133e+00
5.711947800000000131e-01 3.253353357315063477e+00
5.740294230000000386e-01 3.313454151153564453e+00
5.768641230000000064e-01 3.274118900299072266e+00
5.796988789999999447e-01 3.292893409729003906e+00
5.825336909999999646e-01 3.360835075378417969e+00
5.853685589999999550e-01 3.317734718322753906e+00
5.882034839999999987e-01 3.099371910095214844e+00
5.910384650000000129e-01 2.959891557693481445e+00
5.938735019999999976e-01 3.013815164566040039e+00
5.967085949999999528e-01 2.994128227233886719e+00
5.995437449999999613e-01 2.946000814437866211e+00
6.023789510000000513e-01 2.896718025207519531e+00
6.052142130000000009e-01 2.911072254180908203e+00
6.080495310000000320e-01 2.854238271713256836e+00
6.108849060000000053e-01 2.745155334472656250e+00
6.137203359999999774e-01 2.671647787094116211e+00
6.165558230000000028e-01 2.655130386352539062e+00
6.193913669999999705e-01 2.731059312820434570e+00
6.222269660000000480e-01 2.725139141082763672e+00
6.250626219999999567e-01 2.647914648056030273e+00
6.278983339999999469e-01 2.578706026077270508e+00
6.307341020000000187e-01 2.557992696762084961e+00
6.335699259999999500e-01 2.591244935989379883e+00
6.364058070000000455e-01 2.615799427032470703e+00
6.392417440000000006e-01 2.620792150497436523e+00
6.420777370000000372e-01 2.595234155654907227e+00
6.449137860000000444e-01 2.552334785461425781e+00
6.477498919999999938e-01 2.429487943649291992e+00
6.505860540000000247e-01 2.415271997451782227e+00
6.534222720000000262e-01 2.417218685150146484e+00
6.562585459999999982e-01 2.212563753128051758e+00
6.590948770000000234e-01 2.316246032714843750e+00
6.619312640000000192e-01 2.369838476181030273e+00
6.647677069999999855e-01 2.339528322219848633e+00
6.676042060000000333e-01 2.325562715530395508e+00
6.704407620000000234e-01 2.287717103958129883e+00
6.732773739999999840e-01 2.260895967483520508e+00
6.761140420000000262e-01 2.245684862136840820e+00
6.789507660000000389e-01 2.233930826187133789e+00
6.817875469999999938e-01 2.206554174423217773e+00
6.846243829999999475e-01 2.124665498733520508e+00
6.874612759999999545e-01 1.789758920669555664e+00
6.902982260000000148e-01 1.802892088890075684e+00
6.931352309999999628e-01 1.847993850708007812e+00
6.959722929999999641e-01 1.849622726440429688e+00
6.988094110000000470e-01 1.832543015480041504e+00
7.016465849999999893e-01 1.731525182723999023e+00
7.044838150000000132e-01 1.732200384140014648e+00
7.073211019999999793e-01 1.688872933387756348e+00
7.101584450000000270e-01 1.613507509231567383e+00
7.129958440000000452e-01 1.520853757858276367e+00
7.158332990000000340e-01 1.274470925331115723e+00
7.186708109999999650e-01 9.264323711395263672e-01
7.215083789999999775e-01 9.445643424987792969e-01
7.243460029999999605e-01 8.597635030746459961e-01
7.271836830000000251e-01 7.778152227401733398e-01
7.300214200000000320e-01 7.234735488891601562e-01
7.328592130000000093e-01 7.399376630783081055e-01
7.356970619999999572e-01 7.317082285881042480e-01
7.385349669999999866e-01 7.164465785026550293e-01
7.413729289999999583e-01 7.095440030097961426e-01
7.442109470000000115e-01 7.244817018508911133e-01
7.470490210000000353e-01 7.219938635826110840e-01
7.498871510000000296e-01 7.095487117767333984e-01
7.527253379999999661e-01 7.075595855712890625e-01
7.555635800000000124e-01 6.931696534156799316e-01
7.584018790000000010e-01 5.656193494796752930e-01
7.612402350000000428e-01 2.689462900161743164e-01
7.640786459999999725e-01 3.207731842994689941e-01
7.669171139999999554e-01 5.148671865463256836e-01
7.697556380000000198e-01 6.311681270599365234e-01
7.725942180000000548e-01 6.547101140022277832e-01
7.754328539999999492e-01 6.575142741203308105e-01
7.782715470000000080e-01 6.616077423095703125e-01
7.811102960000000373e-01 6.609576940536499023e-01
7.839491010000000371e-01 6.591792106628417969e-01
7.867879620000000074e-01 6.487960219383239746e-01
7.896268800000000310e-01 6.231037974357604980e-01
7.924658540000000251e-01 6.334922313690185547e-01
7.953048839999999897e-01 6.386775374412536621e-01
7.981439700000000359e-01 6.502751708030700684e-01
8.009831130000000243e-01 6.403518915176391602e-01
8.038223119999999833e-01 6.371759176254272461e-01
8.066615670000000238e-01 6.528949141502380371e-01
8.095008780000000348e-01 6.260839104652404785e-01
8.123402459999999881e-01 5.582222342491149902e-01
8.151796700000000229e-01 4.585287272930145264e-01
8.180191500000000282e-01 4.305168092250823975e-01
8.208586860000000041e-01 4.552118778228759766e-01
8.236982790000000332e-01 4.244368374347686768e-01
8.265379269999999501e-01 4.406641125679016113e-01
8.293776320000000313e-01 3.913306891918182373e-01
8.322173940000000547e-01 3.800920248031616211e-01
8.350572109999999659e-01 3.831342160701751709e-01
8.378970850000000414e-01 3.923081159591674805e-01
8.407370149999999764e-01 3.908205330371856689e-01
8.435770009999999930e-01 3.821443021297454834e-01
8.464170429999999801e-01 3.850836157798767090e-01
8.492571420000000204e-01 3.649292290210723877e-01
8.520972970000000313e-01 3.494365513324737549e-01
8.549375080000000127e-01 3.314173519611358643e-01
8.577777749999999646e-01 3.548277914524078369e-01
8.606180989999999698e-01 3.481809496879577637e-01
8.634584789999999455e-01 3.395028114318847656e-01
8.662989150000000027e-01 3.123225271701812744e-01
8.691394070000000305e-01 3.180185258388519287e-01
8.719799560000000005e-01 3.221734464168548584e-01
8.748205610000000521e-01 3.052912056446075439e-01
8.776612219999999631e-01 3.039914369583129883e-01
8.805019389999999557e-01 2.950842380523681641e-01
8.833427130000000016e-01 2.833189964294433594e-01
8.861835430000000180e-01 2.730266451835632324e-01
8.890244290000000049e-01 2.691439986228942871e-01
8.918653709999999624e-01 2.522708475589752197e-01
8.947063699999999731e-01 2.191807180643081665e-01
8.975474239999999826e-01 1.721783578395843506e-01
9.003885350000000454e-01 1.579255610704421997e-01
9.032297030000000504e-01 1.807323098182678223e-01
9.060709260000000542e-01 1.816293299198150635e-01
9.089122060000000003e-01 1.443866342306137085e-01
9.117535420000000279e-01 1.484604775905609131e-01
9.145949340000000261e-01 1.360062360763549805e-01
9.174363819999999947e-01 1.346026659011840820e-01
9.202778870000000166e-01 1.499332934617996216e-01
9.231194480000000091e-01 1.447081565856933594e-01
9.259610649999999721e-01 1.333775073289871216e-01
9.288027380000000166e-01 9.323021024465560913e-02
9.316444680000000034e-01 4.889158159494400024e-02
9.344862539999999607e-01 2.978676185011863708e-02
9.373280959999999995e-01 3.321015089750289917e-02
9.401699940000000089e-01 5.091074481606483459e-02
9.430119489999999605e-01 4.177002981305122375e-02
9.458539599999999936e-01 3.709776327013969421e-02
9.486960269999999973e-01 4.297861456871032715e-02
9.515381499999999715e-01 4.208946600556373596e-02
9.543803299999999989e-01 4.001101851463317871e-02
9.572225659999999969e-01 4.801266267895698547e-02
9.600648579999999654e-01 4.846714437007904053e-02
9.629072060000000155e-01 5.656285956501960754e-02
9.657496110000000078e-01 6.203468516469001770e-02
9.685920709999999989e-01 8.613153547048568726e-02
9.714345880000000433e-01 8.876629918813705444e-02
9.742771620000000299e-01 7.537768781185150146e-02
9.771197910000000153e-01 8.662610501050949097e-02
9.799624770000000540e-01 8.419210463762283325e-02
9.828052189999999522e-01 9.742835909128189087e-02
9.856480170000000429e-01 1.020315438508987427e-01
9.884908709999999932e-01 1.066164076328277588e-01
9.913337819999999967e-01 1.046013757586479187e-01
9.941767489999999707e-01 1.116337403655052185e-01
9.970197720000000263e-01 1.064513698220252991e-01
9.998628510000000524e-01 1.078323423862457275e-01
1.002705986999999910e+00 1.055828556418418884e-01
1.005549178999999960e+00 1.045085638761520386e-01
1.008392426999999980e+00 1.045184656977653503e-01
1.011235730999999971e+00 1.033470928668975830e-01
1.014079092000000015e+00 1.044162139296531677e-01
1.016922509000000030e+00 1.042534708976745605e-01
1.019765982000000015e+00 1.041532158851623535e-01
1.022609510999999971e+00 1.039290204644203186e-01
1.025453096999999980e+00 1.123422756791114807e-01
1.028296738999999960e+00 1.071325168013572693e-01
1.031140436999999910e+00 1.104789823293685913e-01
1.033984191000000052e+00 1.065471172332763672e-01
1.036828002000000026e+00 1.192325055599212646e-01
1.039671868000000110e+00 1.127074062824249268e-01
1.042515791000000025e+00 1.128600463271141052e-01
1.045359770999999993e+00 1.114430874586105347e-01
