3.615872339999999796e-01 1.258151412010192871e+00
3.644177160000000026e-01 1.452413082122802734e+00
3.672482539999999962e-01 1.597651362419128418e+00
3.700788480000000158e-01 1.573271155357360840e+00
3.729094980000000059e-01 1.390712976455688477e+00
3.757402049999999938e-01 1.497164130210876465e+00
3.785709680000000077e-01 1.659722447395324707e+00
3.814017869999999921e-01 1.431959033012390137e+00
3.842326620000000026e-01 1.305579066276550293e+00
3.870635940000000108e-01 1.444710731506347656e+00
3.898945819999999896e-01 1.605847954750061035e+00
3.927256259999999943e-01 1.449265003204345703e+00
3.955567260000000251e-01 1.466438293457031250e+00
3.983878829999999982e-01 1.841561555862426758e+00
4.012190950000000256e-01 2.291814088821411133e+00
4.040503639999999952e-01 2.286710977554321289e+00
4.068816900000000181e-01 2.232198715209960938e+00
4.097130709999999842e-01 2.295761108398437500e+00
4.125445090000000037e-01 2.382832050323486328e+00
4.153760029999999936e-01 2.398633480072021484e+00
4.182075530000000096e-01 2.367393016815185547e+00
4.210391589999999962e-01 2.365299224853515625e+00
4.238708219999999804e-01 2.335076570510864258e+00
4.267025409999999908e-01 2.264226436614990234e+00
4.295343160000000271e-01 2.080129146575927734e+00
4.323661469999999785e-01 2.205469846725463867e+00
4.351980349999999831e-01 2.404348611831665039e+00
4.380299790000000137e-01 2.458314418792724609e+00
4.408619790000000149e-01 2.520980358123779297e+00
4.436940349999999866e-01 2.664574623107910156e+00
4.465261480000000116e-01 2.688259124755859375e+00
4.493583170000000071e-01 2.848224401473999023e+00
4.521905419999999731e-01 2.881993532180786133e+00
4.550228230000000207e-01 2.842991590499877930e+00
4.578551610000000105e-01 2.895944356918334961e+00
4.606875550000000263e-01 2.935383558273315430e+00
4.635200050000000127e-01 2.974182844161987305e+00
4.663525110000000251e-01 2.896298646926879883e+00
4.691850739999999798e-01 2.891133785247802734e+00
4.720176919999999887e-01 2.937613010406494141e+00
4.748503669999999954e-01 2.979542016983032227e+00
4.776830989999999999e-01 3.012298345565795898e+00
4.805158860000000032e-01 3.086626291275024414e+00
4.833487300000000042e-01 3.058850288391113281e+00
4.861816299999999758e-01 2.816275596618652344e+00
4.890145859999999733e-01 2.941981554031372070e+00
4.918475979999999970e-01 3.018365383148193359e+00
4.946806670000000183e-01 3.079155921936035156e+00
4.975137920000000102e-01 3.094649076461791992e+00
5.003469729999999727e-01 3.009085178375244141e+00
5.031802100000000166e-01 2.998914718627929688e+00
5.060135040000000028e-01 3.091925621032714844e+00
5.088468539999999596e-01 3.109842538833618164e+00
5.116802599999999979e-01 3.138950586318969727e+00
5.145137220000000067e-01 3.071466922760009766e+00
5.173472409999999577e-01 2.917634963989257812e+00
5.201808159999999903e-01 3.042928218841552734e+00
5.230144469999999934e-01 3.176355600357055664e+00
5.258481339999999671e-01 3.187158823013305664e+00
5.286818779999999940e-01 3.221580505371093750e+00
5.315156779999999914e-01 3.347922563552856445e+00
5.343495339999999594e-01 3.334927558898925781e+00
5.371834460000000089e-01 3.370335340499877930e+00
5.400174150000000006e-01 3.322058916091918945e+00
5.428514389999999912e-01 3.341293573379516602e+00
5.456855200000000350e-01 3.399181127548217773e+00
5.485196580000000210e-01 3.413443803787231445e+00
5.513538510000000059e-01 3.448695421218872070e+00
5.541881010000000440e-01 3.471396446228027344e+00
5.570224070000000527e-01 3.442670583724975586e+00
5.598567690000000319e-01 3.397146463394165039e+00
5.626911869999999816e-01 3.443783044815063477e+00
5.655256619999999845e-01 3.426957607269287109e+00
5.683601929999999580e-01 3.412047863006591797e+00
5.711947800000000131e-01 3.375049591064453125e+00
5.740294230000000386e-01 3.423650741577148438e+00
5.768641230000000064e-01 3.397797822952270508e+00
5.796988789999999447e-01 3.412106990814208984e+00
5.825336909999999646e-01 3.489836692810058594e+00
5.853685589999999550e-01 3.451594591140747070e+00
5.882034839999999987e-01 3.223657369613647461e+00
5.910384650000000129e-01 3.089420795440673828e+00
5.938735019999999976e-01 3.149250745773315430e+00
5.967085949999999528e-01 3.149673461914062500e+00
5.995437449999999613e-01 3.115931034088134766e+00
6.023789510000000513e-01 3.081605434417724609e+00
6.052142130000000009e-01 3.099960088729858398e+00
6.080495310000000320e-01 3.052348136901855469e+00
6.108849060000000053e-01 2.961647272109985352e+00
6.137203359999999774e-01 2.889196634292602539e+00
6.165558230000000028e-01 2.864541053771972656e+00
6.193913669999999705e-01 2.940818548202514648e+00
6.222269660000000480e-01 2.919501781463623047e+00
6.250626219999999567e-01 2.845029354095458984e+00
6.278983339999999469e-01 2.776584148406982422e+00
6.307341020000000187e-01 2.757955551147460938e+00
6.335699259999999500e-01 2.795300245285034180e+00
6.364058070000000455e-01 2.830343008041381836e+00
6.392417440000000006e-01 2.833411216735839844e+00
6.420777370000000372e-01 2.801360607147216797e+00
6.449137860000000444e-01 2.771939277648925781e+00
6.477498919999999938e-01 2.644718647003173828e+00
6.505860540000000247e-01 2.631601810455322266e+00
6.534222720000000262e-01 2.624876260757446289e+00
6.562585459999999982e-01 2.418331146240234375e+00
6.590948770000000234e-01 2.535471916198730469e+00
6.619312640000000192e-01 2.596875905990600586e+00
6.647677069999999855e-01 2.588192939758300781e+00
6.676042060000000333e-01 2.554323196411132812e+00
6.704407620000000234e-01 2.526989698410034180e+00
6.732773739999999840e-01 2.512766361236572266e+00
6.761140420000000262e-01 2.495379209518432617e+00
6.789507660000000389e-01 2.483835458755493164e+00
6.817875469999999938e-01 2.459433078765869141e+00
6.846243829999999475e-01 2.373408555984497070e+00
6.874612759999999545e-01 1.996637225151062012e+00
6.902982260000000148e-01 2.019075870513916016e+00
6.931352309999999628e-01 2.055123329162597656e+00
6.959722929999999641e-01 2.086892366409301758e+00
6.988094110000000470e-01 2.064193248748779297e+00
7.016465849999999893e-01 1.955570220947265625e+00
7.044838150000000132e-01 1.953837394714355469e+00
7.073211019999999793e-01 1.928578972816467285e+00
7.101584450000000270e-01 1.866771459579467773e+00
7.129958440000000452e-01 1.766889452934265137e+00
7.158332990000000340e-01 1.505036115646362305e+00
7.186708109999999650e-01 1.098464846611022949e+00
7.215083789999999775e-01 1.133682966232299805e+00
7.243460029999999605e-01 1.043013691902160645e+00
7.271836830000000251e-01 9.519538879394531250e-01
7.300214200000000320e-01 9.000656008720397949e-01
7.328592130000000093e-01 9.127203226089477539e-01
7.356970619999999572e-01 9.129105210304260254e-01
7.385349669999999866e-01 8.937538266181945801e-01
7.413729289999999583e-01 8.995552659034729004e-01
7.442109470000000115e-01 9.140962362289428711e-01
7.470490210000000353e-01 9.116947650909423828e-01
7.498871510000000296e-01 8.983102440834045410e-01
7.527253379999999661e-01 8.833912611007690430e-01
7.555635800000000124e-01 8.794701695442199707e-01
7.584018790000000010e-01 7.207517623901367188e-01
7.612402350000000428e-01 3.421163260936737061e-01
7.640786459999999725e-01 4.107104241847991943e-01
7.669171139999999554e-01 6.636867523193359375e-01
7.697556380000000198e-01 8.070802688598632812e-01
7.725942180000000548e-01 8.404858112335205078e-01
7.754328539999999492e-01 8.438118100166320801e-01
7.782715470000000080e-01 8.461593985557556152e-01
7.811102960000000373e-01 8.464383482933044434e-01
7.839491010000000371e-01 8.445184230804443359e-01
7.867879620000000074e-01 8.385416865348815918e-01
7.896268800000000310e-01 8.123654127120971680e-01
7.924658540000000251e-01 8.181725144386291504e-01
7.953048839999999897e-01 8.198542594909667969e-01
7.981439700000000359e-01 8.317972421646118164e-01
8.009831130000000243e-01 8.204017877578735352e-01
8.038223119999999833e-01 8.287257552146911621e-01
8.066615670000000238e-01 8.428762555122375488e-01
8.095008780000000348e-01 8.094105124473571777e-01
8.123402459999999881e-01 7.283078432083129883e-01
8.151796700000000229e-01 5.875183939933776855e-01
8.180191500000000282e-01 5.590132474899291992e-01
8.208586860000000041e-01 5.988752245903015137e-01
8.236982790000000332e-01 5.524489283561706543e-01
8.265379269999999501e-01 5.704923868179321289e-01
8.293776320000000313e-01 5.109294652938842773e-01
8.322173940000000547e-01 4.889435172080993652e-01
8.350572109999999659e-01 5.027759075164794922e-01
8.378970850000000414e-01 5.119985938072204590e-01
8.407370149999999764e-01 5.152078270912170410e-01
8.435770009999999930e-01 5.127820372581481934e-01
8.464170429999999801e-01 5.075855255126953125e-01
8.492571420000000204e-01 4.848612248897552490e-01
8.520972970000000313e-01 4.644626379013061523e-01
8.549375080000000127e-01 4.371219277381896973e-01
8.577777749999999646e-01 4.686252474784851074e-01
8.606180989999999698e-01 4.579677283763885498e-01
8.634584789999999455e-01 4.517682194709777832e-01
8.662989150000000027e-01 4.126885831356048584e-01
8.691394070000000305e-01 4.283955395221710205e-01
8.719799560000000005e-01 4.252409338951110840e-01
8.748205610000000521e-01 4.128383100032806396e-01
8.776612219999999631e-01 3.969515562057495117e-01
8.805019389999999557e-01 3.859033584594726562e-01
8.833427130000000016e-01 3.780642151832580566e-01
8.861835430000000180e-01 3.704549968242645264e-01
8.890244290000000049e-01 3.632459640502929688e-01
8.918653709999999624e-01 3.396987617015838623e-01
8.947063699999999731e-01 2.847604751586914062e-01
8.975474239999999826e-01 2.322792559862136841e-01
9.003885350000000454e-01 2.065915167331695557e-01
9.032297030000000504e-01 2.394048571586608887e-01
9.060709260000000542e-01 2.351944446563720703e-01
9.089122060000000003e-01 1.949390172958374023e-01
9.117535420000000279e-01 1.919521093368530273e-01
9.145949340000000261e-01 1.780065000057220459e-01
9.174363819999999947e-01 1.780025511980056763e-01
9.202778870000000166e-01 2.049104720354080200e-01
9.231194480000000091e-01 1.911076307296752930e-01
9.259610649999999721e-01 1.752105057239532471e-01
9.288027380000000166e-01 1.251042932271957397e-01
9.316444680000000034e-01 6.922242045402526855e-02
9.344862539999999607e-01 4.179630056023597717e-02
9.373280959999999995e-01 4.781271517276763916e-02
9.401699940000000089e-01 6.994196772575378418e-02
9.430119489999999605e-01 6.164609268307685852e-02
9.458539599999999936e-01 5.272818356752395630e-02
9.486960269999999973e-01 6.188159063458442688e-02
9.515381499999999715e-01 5.740021914243698120e-02
9.543803299999999989e-01 6.207996606826782227e-02
9.572225659999999969e-01 6.536307930946350098e-02
9.600648579999999654e-01 6.868370622396469116e-02
9.629072060000000155e-01 8.170860260725021362e-02
9.657496110000000078e-01 8.898646384477615356e-02
9.685920709999999989e-01 1.105479598045349121e-01
9.714345880000000433e-01 1.211615428328514099e-01
9.742771620000000299e-01 1.097871512174606323e-01
9.771197910000000153e-01 1.082767769694328308e-01
9.799624770000000540e-01 1.162290498614311218e-01
9.828052189999999522e-01 1.279134303331375122e-01
9.856480170000000429e-01 1.396050900220870972e-01
9.884908709999999932e-01 1.456300765275955200e-01
9.913337819999999967e-01 1.489399522542953491e-01
9.941767489999999707e-01 1.462403088808059692e-01
9.970197720000000263e-01 1.473477035760879517e-01
9.998628510000000524e-01 1.521749943494796753e-01
1.002705986999999910e+00 1.474348157644271851e-01
1.005549178999999960e+00 1.467772275209426880e-01
1.008392426999999980e+00 1.402834653854370117e-01
1.011235730999999971e+00 1.513795703649520874e-01
1.014079092000000015e+00 1.533733606338500977e-01
1.016922509000000030e+00 1.465834081172943115e-01
1.019765982000000015e+00 1.536284834146499634e-01
1.022609510999999971e+00 1.502941250801086426e-01
1.025453096999999980e+00 1.498548835515975952e-01
1.028296738999999960e+00 1.554600745439529419e-01
1.031140436999999910e+00 1.651538312435150146e-01
1.033984191000000052e+00 1.541463434696197510e-01
1.036828002000000026e+00 1.477847844362258911e-01
1.039671868000000110e+00 1.611035913228988647e-01
1.042515791000000025e+00 1.620244234800338745e-01
1.045359770999999993e+00 1.649628132581710815e-01
