3.615872339999999796e-01 1.309535741806030273e+00
3.644177160000000026e-01 1.441599369049072266e+00
3.672482539999999962e-01 1.579102516174316406e+00
3.700788480000000158e-01 1.556597948074340820e+00
3.729094980000000059e-01 1.401601910591125488e+00
3.757402049999999938e-01 1.527514338493347168e+00
3.785709680000000077e-01 1.617602109909057617e+00
3.814017869999999921e-01 1.443708658218383789e+00
3.842326620000000026e-01 1.317617774009704590e+00
3.870635940000000108e-01 1.426145672798156738e+00
3.898945819999999896e-01 1.623828887939453125e+00
3.927256259999999943e-01 1.421460509300231934e+00
3.955567260000000251e-01 1.471934795379638672e+00
3.983878829999999982e-01 1.829356670379638672e+00
4.012190950000000256e-01 2.266462564468383789e+00
4.040503639999999952e-01 2.260989189147949219e+00
4.068816900000000181e-01 2.220162391662597656e+00
4.097130709999999842e-01 2.265508651733398438e+00
4.125445090000000037e-01 2.359235525131225586e+00
4.153760029999999936e-01 2.368140935897827148e+00
4.182075530000000096e-01 2.300349235534667969e+00
4.210391589999999962e-01 2.316413164138793945e+00
4.238708219999999804e-01 2.269293546676635742e+00
4.267025409999999908e-01 2.219508409500122070e+00
4.295343160000000271e-01 2.021142244338989258e+00
4.323661469999999785e-01 2.146966457366943359e+00
4.351980349999999831e-01 2.347725391387939453e+00
4.380299790000000137e-01 2.389214754104614258e+00
4.408619790000000149e-01 2.448369026184082031e+00
4.436940349999999866e-01 2.602226495742797852e+00
4.465261480000000116e-01 2.622334003448486328e+00
4.493583170000000071e-01 2.752078533172607422e+00
4.521905419999999731e-01 2.783056974411010742e+00
4.550228230000000207e-01 2.759320497512817383e+00
4.578551610000000105e-01 2.811382532119750977e+00
4.606875550000000263e-01 2.822626829147338867e+00
4.635200050000000127e-01 2.867214441299438477e+00
4.663525110000000251e-01 2.797238826751708984e+00
4.691850739999999798e-01 2.796879291534423828e+00
4.720176919999999887e-01 2.828741788864135742e+00
4.748503669999999954e-01 2.877697467803955078e+00
4.776830989999999999e-01 2.906363248825073242e+00
4.805158860000000032e-01 2.969949960708618164e+00
4.833487300000000042e-01 2.941696882247924805e+00
4.861816299999999758e-01 2.727830171585083008e+00
4.890145859999999733e-01 2.823160886764526367e+00
4.918475979999999970e-01 2.900388479232788086e+00
4.946806670000000183e-01 2.956939458847045898e+00
4.975137920000000102e-01 2.976482629776000977e+00
5.003469729999999727e-01 2.909346103668212891e+00
5.031802100000000166e-01 2.887122869491577148e+00
5.060135040000000028e-01 2.971168041229248047e+00
5.088468539999999596e-01 2.991504907608032227e+00
5.116802599999999979e-01 3.020560741424560547e+00
5.145137220000000067e-01 2.954738855361938477e+00
5.173472409999999577e-01 2.795059442520141602e+00
5.201808159999999903e-01 2.917140483856201172e+00
5.230144469999999934e-01 3.054580926895141602e+00
5.258481339999999671e-01 3.055212259292602539e+00
5.286818779999999940e-01 3.095825195312500000e+00
5.315156779999999914e-01 3.196689844131469727e+00
5.343495339999999594e-01 3.186769723892211914e+00
5.371834460000000089e-01 3.236515760421752930e+00
5.400174150000000006e-01 3.169064044952392578e+00
5.428514389999999912e-01 3.199377059936523438e+00
5.456855200000000350e-01 3.252211809158325195e+00
5.485196580000000210e-01 3.268869638442993164e+00
5.513538510000000059e-01 3.295252561569213867e+00
5.541881010000000440e-01 3.323860406875610352e+00
5.570224070000000527e-01 3.294402122497558594e+00
5.598567690000000319e-01 3.251954317092895508e+00
5.626911869999999816e-01 3.303003072738647461e+00
5.655256619999999845e-01 3.286679267883300781e+00
5.683601929999999580e-01 3.260966777801513672e+00
5.711947800000000131e-01 3.239822387695312500e+00
5.740294230000000386e-01 3.287654399871826172e+00
5.768641230000000064e-01 3.235093593597412109e+00
5.796988789999999447e-01 3.251879692077636719e+00
5.825336909999999646e-01 3.323824167251586914e+00
5.853685589999999550e-01 3.298537015914916992e+00
5.882034839999999987e-01 3.077306509017944336e+00
5.910384650000000129e-01 2.946462392807006836e+00
5.938735019999999976e-01 3.008330583572387695e+00
5.967085949999999528e-01 2.994391679763793945e+00
5.995437449999999613e-01 2.957688808441162109e+00
6.023789510000000513e-01 2.927112340927124023e+00
6.052142130000000009e-01 2.938152790069580078e+00
6.080495310000000320e-01 2.896815776824951172e+00
6.108849060000000053e-01 2.802359104156494141e+00
6.137203359999999774e-01 2.718119144439697266e+00
6.165558230000000028e-01 2.698706150054931641e+00
6.193913669999999705e-01 2.768229961395263672e+00
6.222269660000000480e-01 2.755007505416870117e+00
6.250626219999999567e-01 2.680904865264892578e+00
6.278983339999999469e-01 2.622124433517456055e+00
6.307341020000000187e-01 2.605528593063354492e+00
6.335699259999999500e-01 2.637597084045410156e+00
6.364058070000000455e-01 2.667058944702148438e+00
6.392417440000000006e-01 2.668167829513549805e+00
6.420777370000000372e-01 2.650902032852172852e+00
6.449137860000000444e-01 2.606552839279174805e+00
6.477498919999999938e-01 2.486019134521484375e+00
6.505860540000000247e-01 2.474301099777221680e+00
6.534222720000000262e-01 2.475100040435791016e+00
6.562585459999999982e-01 2.267957687377929688e+00
6.590948770000000234e-01 2.386577129364013672e+00
6.619312640000000192e-01 2.444092273712158203e+00
6.647677069999999855e-01 2.425543785095214844e+00
6.676042060000000333e-01 2.405577659606933594e+00
6.704407620000000234e-01 2.383976459503173828e+00
6.732773739999999840e-01 2.369308233261108398e+00
6.761140420000000262e-01 2.343629598617553711e+00
6.789507660000000389e-01 2.335347890853881836e+00
6.817875469999999938e-01 2.308655023574829102e+00
6.846243829999999475e-01 2.220934867858886719e+00
6.874612759999999545e-01 1.860327124595642090e+00
6.902982260000000148e-01 1.886645555496215820e+00
6.931352309999999628e-01 1.924829840660095215e+00
6.959722929999999641e-01 1.934185385704040527e+00
6.988094110000000470e-01 1.921656250953674316e+00
7.016465849999999893e-01 1.818481206893920898e+00
7.044838150000000132e-01 1.815418839454650879e+00
7.073211019999999793e-01 1.778463125228881836e+00
7.101584450000000270e-01 1.716552615165710449e+00
7.129958440000000452e-01 1.618247032165527344e+00
7.158332990000000340e-01 1.372342228889465332e+00
7.186708109999999650e-01 1.000660419464111328e+00
7.215083789999999775e-01 1.026565313339233398e+00
7.243460029999999605e-01 9.408077001571655273e-01
7.271836830000000251e-01 8.561909198760986328e-01
7.300214200000000320e-01 7.986193299293518066e-01
7.328592130000000093e-01 8.183616995811462402e-01
7.356970619999999572e-01 8.095583319664001465e-01
7.385349669999999866e-01 7.935427427291870117e-01
7.413729289999999583e-01 7.882448434829711914e-01
7.442109470000000115e-01 8.017783761024475098e-01
7.470490210000000353e-01 7.950125932693481445e-01
7.498871510000000296e-01 7.846242189407348633e-01
7.527253379999999661e-01 7.797692418098449707e-01
7.555635800000000124e-01 7.673423290252685547e-01
7.584018790000000010e-01 6.275913119316101074e-01
7.612402350000000428e-01 2.926495969295501709e-01
7.640786459999999725e-01 3.586576282978057861e-01
7.669171139999999554e-01 5.735092163085937500e-01
7.697556380000000198e-01 7.066625952720642090e-01
7.725942180000000548e-01 7.264475822448730469e-01
7.754328539999999492e-01 7.270572185516357422e-01
7.782715470000000080e-01 7.264603376388549805e-01
7.811102960000000373e-01 7.409096360206604004e-01
7.839491010000000371e-01 7.391068935394287109e-01
7.867879620000000074e-01 7.224985361099243164e-01
7.896268800000000310e-01 7.133470773696899414e-01
7.924658540000000251e-01 7.111151814460754395e-01
7.953048839999999897e-01 7.146970033645629883e-01
7.981439700000000359e-01 7.254922389984130859e-01
8.009831130000000243e-01 7.170775532722473145e-01
8.038223119999999833e-01 7.211254239082336426e-01
8.066615670000000238e-01 7.381731867790222168e-01
8.095008780000000348e-01 7.050109505653381348e-01
8.123402459999999881e-01 6.309735774993896484e-01
8.151796700000000229e-01 5.148885846138000488e-01
8.180191500000000282e-01 4.851458966732025146e-01
8.208586860000000041e-01 5.146545171737670898e-01
8.236982790000000332e-01 4.778625071048736572e-01
8.265379269999999501e-01 4.921868741512298584e-01
8.293776320000000313e-01 4.431571960449218750e-01
8.322173940000000547e-01 4.224887490272521973e-01
8.350572109999999659e-01 4.269014298915863037e-01
8.378970850000000414e-01 4.386284649372100830e-01
8.407370149999999764e-01 4.347428083419799805e-01
8.435770009999999930e-01 4.263818860054016113e-01
8.464170429999999801e-01 4.275996983051300049e-01
8.492571420000000204e-01 4.095888137817382812e-01
8.520972970000000313e-01 3.936110138893127441e-01
8.549375080000000127e-01 3.685105144977569580e-01
8.577777749999999646e-01 3.915403783321380615e-01
8.606180989999999698e-01 3.848693370819091797e-01
8.634584789999999455e-01 3.801207244396209717e-01
8.662989150000000027e-01 3.503068685531616211e-01
8.691394070000000305e-01 3.549483716487884521e-01
8.719799560000000005e-01 3.527576923370361328e-01
8.748205610000000521e-01 3.394196629524230957e-01
8.776612219999999631e-01 3.323826193809509277e-01
8.805019389999999557e-01 3.234344720840454102e-01
8.833427130000000016e-01 3.142702877521514893e-01
8.861835430000000180e-01 2.996684312820434570e-01
8.890244290000000049e-01 2.983266413211822510e-01
8.918653709999999624e-01 2.804876565933227539e-01
8.947063699999999731e-01 2.346827834844589233e-01
8.975474239999999826e-01 1.872908771038055420e-01
9.003885350000000454e-01 1.676167994737625122e-01
9.032297030000000504e-01 1.969167292118072510e-01
9.060709260000000542e-01 1.923786699771881104e-01
9.089122060000000003e-01 1.566872894763946533e-01
9.117535420000000279e-01 1.537931114435195923e-01
9.145949340000000261e-01 1.462140083312988281e-01
9.174363819999999947e-01 1.476840972900390625e-01
9.202778870000000166e-01 1.678716540336608887e-01
9.231194480000000091e-01 1.560092419385910034e-01
9.259610649999999721e-01 1.451470702886581421e-01
9.288027380000000166e-01 1.016295030713081360e-01
9.316444680000000034e-01 5.386697128415107727e-02
9.344862539999999607e-01 3.240219876170158386e-02
9.373280959999999995e-01 3.402702137827873230e-02
9.401699940000000089e-01 5.185608938336372375e-02
9.430119489999999605e-01 4.199229553341865540e-02
9.458539599999999936e-01 4.064959287643432617e-02
9.486960269999999973e-01 4.411961510777473450e-02
9.515381499999999715e-01 4.222201183438301086e-02
9.543803299999999989e-01 4.304038733243942261e-02
9.572225659999999969e-01 5.212186276912689209e-02
9.600648579999999654e-01 5.074198171496391296e-02
9.629072060000000155e-01 6.206180155277252197e-02
9.657496110000000078e-01 6.487160176038742065e-02
9.685920709999999989e-01 8.568824827671051025e-02
9.714345880000000433e-01 9.515677392482757568e-02
9.742771620000000299e-01 7.957471907138824463e-02
9.771197910000000153e-01 8.365558087825775146e-02
9.799624770000000540e-01 8.710233122110366821e-02
9.828052189999999522e-01 9.734443575143814087e-02
9.856480170000000429e-01 1.030189096927642822e-01
9.884908709999999932e-01 1.056061387062072754e-01
9.913337819999999967e-01 1.134264469146728516e-01
9.941767489999999707e-01 1.123284846544265747e-01
9.970197720000000263e-01 1.088909879326820374e-01
9.998628510000000524e-01 1.146333739161491394e-01
1.002705986999999910e+00 1.072151884436607361e-01
1.005549178999999960e+00 1.085755825042724609e-01
1.008392426999999980e+00 1.108464822173118591e-01
1.011235730999999971e+00 1.131374090909957886e-01
1.014079092000000015e+00 1.112857535481452942e-01
1.016922509000000030e+00 1.075027361512184143e-01
1.019765982000000015e+00 1.146676838397979736e-01
1.022609510999999971e+00 1.097132936120033264e-01
1.025453096999999980e+00 1.184507608413696289e-01
1.028296738999999960e+00 1.150298565626144409e-01
1.031140436999999910e+00 1.248160749673843384e-01
1.033984191000000052e+00 1.176660582423210144e-01
1.036828002000000026e+00 1.178247109055519104e-01
1.039671868000000110e+00 1.266288310289382935e-01
1.042515791000000025e+00 1.151683628559112549e-01
1.045359770999999993e+00 1.149147450923919678e-01
