3.615872339999999796e-01 1.294302344322204590e+00
3.644177160000000026e-01 1.425240993499755859e+00
3.672482539999999962e-01 1.545429468154907227e+00
3.700788480000000158e-01 1.565189838409423828e+00
3.729094980000000059e-01 1.379956960678100586e+00
3.757402049999999938e-01 1.485674619674682617e+00
3.785709680000000077e-01 1.664974331855773926e+00
3.814017869999999921e-01 1.418776392936706543e+00
3.842326620000000026e-01 1.298315525054931641e+00
3.870635940000000108e-01 1.450345873832702637e+00
3.898945819999999896e-01 1.613675355911254883e+00
3.927256259999999943e-01 1.417744636535644531e+00
3.955567260000000251e-01 1.460757374763488770e+00
3.983878829999999982e-01 1.822397112846374512e+00
4.012190950000000256e-01 2.250078439712524414e+00
4.040503639999999952e-01 2.257651567459106445e+00
4.068816900000000181e-01 2.207078456878662109e+00
4.097130709999999842e-01 2.247055053710937500e+00
4.125445090000000037e-01 2.359771251678466797e+00
4.153760029999999936e-01 2.388563871383666992e+00
4.182075530000000096e-01 2.316631793975830078e+00
4.210391589999999962e-01 2.325331449508666992e+00
4.238708219999999804e-01 2.298669576644897461e+00
4.267025409999999908e-01 2.250777006149291992e+00
4.295343160000000271e-01 2.030014753341674805e+00
4.323661469999999785e-01 2.149545431137084961e+00
4.351980349999999831e-01 2.355723857879638672e+00
4.380299790000000137e-01 2.379840135574340820e+00
4.408619790000000149e-01 2.474089622497558594e+00
4.436940349999999866e-01 2.614924430847167969e+00
4.465261480000000116e-01 2.645704507827758789e+00
4.493583170000000071e-01 2.799009084701538086e+00
4.521905419999999731e-01 2.826683521270751953e+00
4.550228230000000207e-01 2.793311595916748047e+00
4.578551610000000105e-01 2.854326248168945312e+00
4.606875550000000263e-01 2.872721910476684570e+00
4.635200050000000127e-01 2.894179821014404297e+00
4.663525110000000251e-01 2.827926874160766602e+00
4.691850739999999798e-01 2.861091375350952148e+00
4.720176919999999887e-01 2.880022287368774414e+00
4.748503669999999954e-01 2.937440872192382812e+00
4.776830989999999999e-01 2.957069873809814453e+00
4.805158860000000032e-01 3.017038345336914062e+00
4.833487300000000042e-01 3.005500555038452148e+00
4.861816299999999758e-01 2.757147550582885742e+00
4.890145859999999733e-01 2.871338844299316406e+00
4.918475979999999970e-01 2.960265874862670898e+00
4.946806670000000183e-01 3.019718170166015625e+00
4.975137920000000102e-01 3.030015230178833008e+00
5.003469729999999727e-01 2.962277650833129883e+00
5.031802100000000166e-01 2.936472415924072266e+00
5.060135040000000028e-01 3.026543378829956055e+00
5.088468539999999596e-01 3.055582761764526367e+00
5.116802599999999979e-01 3.088702917098999023e+00
5.145137220000000067e-01 3.018040418624877930e+00
5.173472409999999577e-01 2.854352951049804688e+00
5.201808159999999903e-01 2.984634637832641602e+00
5.230144469999999934e-01 3.125774145126342773e+00
5.258481339999999671e-01 3.123256683349609375e+00
5.286818779999999940e-01 3.158664226531982422e+00
5.315156779999999914e-01 3.263355493545532227e+00
5.343495339999999594e-01 3.268827676773071289e+00
5.371834460000000089e-01 3.306375741958618164e+00
5.400174150000000006e-01 3.241829395294189453e+00
5.428514389999999912e-01 3.258178949356079102e+00
5.456855200000000350e-01 3.331707715988159180e+00
5.485196580000000210e-01 3.330301284790039062e+00
5.513538510000000059e-01 3.374718666076660156e+00
5.541881010000000440e-01 3.396401166915893555e+00
5.570224070000000527e-01 3.355468511581420898e+00
5.598567690000000319e-01 3.316045045852661133e+00
5.626911869999999816e-01 3.362324953079223633e+00
5.655256619999999845e-01 3.364999771118164062e+00
5.683601929999999580e-01 3.327215194702148438e+00
5.711947800000000131e-01 3.288088321685791016e+00
5.740294230000000386e-01 3.340151071548461914e+00
5.768641230000000064e-01 3.305658102035522461e+00
5.796988789999999447e-01 3.311560392379760742e+00
5.825336909999999646e-01 3.398491144180297852e+00
5.853685589999999550e-01 3.358710050582885742e+00
5.882034839999999987e-01 3.141318082809448242e+00
5.910384650000000129e-01 2.981372833251953125e+00
5.938735019999999976e-01 3.043905735015869141e+00
5.967085949999999528e-01 3.026863574981689453e+00
5.995437449999999613e-01 2.990408182144165039e+00
6.023789510000000513e-01 2.957059621810913086e+00
6.052142130000000009e-01 2.979957103729248047e+00
6.080495310000000320e-01 2.936186313629150391e+00
6.108849060000000053e-01 2.767908811569213867e+00
6.137203359999999774e-01 2.701492071151733398e+00
6.165558230000000028e-01 2.691237926483154297e+00
6.193913669999999705e-01 2.775683879852294922e+00
6.222269660000000480e-01 2.769845962524414062e+00
6.250626219999999567e-01 2.693984508514404297e+00
6.278983339999999469e-01 2.626392841339111328e+00
6.307341020000000187e-01 2.600207805633544922e+00
6.335699259999999500e-01 2.624640941619873047e+00
6.364058070000000455e-01 2.653070211410522461e+00
6.392417440000000006e-01 2.662550926208496094e+00
6.420777370000000372e-01 2.631478786468505859e+00
6.449137860000000444e-01 2.589848756790161133e+00
6.477498919999999938e-01 2.472292900085449219e+00
6.505860540000000247e-01 2.460075378417968750e+00
6.534222720000000262e-01 2.461876630783081055e+00
6.562585459999999982e-01 2.250535249710083008e+00
6.590948770000000234e-01 2.346502065658569336e+00
6.619312640000000192e-01 2.403331756591796875e+00
6.647677069999999855e-01 2.379466295242309570e+00
6.676042060000000333e-01 2.359115123748779297e+00
6.704407620000000234e-01 2.332321405410766602e+00
6.732773739999999840e-01 2.309109449386596680e+00
6.761140420000000262e-01 2.279158353805541992e+00
6.789507660000000389e-01 2.274448394775390625e+00
6.817875469999999938e-01 2.257596492767333984e+00
6.846243829999999475e-01 2.171584606170654297e+00
6.874612759999999545e-01 1.822959303855895996e+00
6.902982260000000148e-01 1.835016369819641113e+00
6.931352309999999628e-01 1.877021670341491699e+00
6.959722929999999641e-01 1.888001322746276855e+00
6.988094110000000470e-01 1.871631264686584473e+00
7.016465849999999893e-01 1.755485057830810547e+00
7.044838150000000132e-01 1.753741621971130371e+00
7.073211019999999793e-01 1.718332648277282715e+00
7.101584450000000270e-01 1.659513473510742188e+00
7.129958440000000452e-01 1.556739807128906250e+00
7.158332990000000340e-01 1.318883657455444336e+00
7.186708109999999650e-01 9.525668621063232422e-01
7.215083789999999775e-01 9.674272537231445312e-01
7.243460029999999605e-01 8.880720138549804688e-01
7.271836830000000251e-01 8.055460453033447266e-01
7.300214200000000320e-01 7.452754974365234375e-01
7.328592130000000093e-01 7.662947177886962891e-01
7.356970619999999572e-01 7.533257007598876953e-01
7.385349669999999866e-01 7.337881326675415039e-01
7.413729289999999583e-01 7.328558564186096191e-01
7.442109470000000115e-01 7.423780560493469238e-01
7.470490210000000353e-01 7.428730130195617676e-01
7.498871510000000296e-01 7.288478612899780273e-01
7.527253379999999661e-01 7.191234827041625977e-01
7.555635800000000124e-01 7.132199406623840332e-01
7.584018790000000010e-01 5.905747413635253906e-01
7.612402350000000428e-01 2.757636010646820068e-01
7.640786459999999725e-01 3.287914991378784180e-01
7.669171139999999554e-01 5.259641408920288086e-01
7.697556380000000198e-01 6.526281237602233887e-01
7.725942180000000548e-01 6.740428209304809570e-01
7.754328539999999492e-01 6.787580251693725586e-01
7.782715470000000080e-01 6.744235754013061523e-01
7.811102960000000373e-01 6.807032227516174316e-01
7.839491010000000371e-01 6.811453104019165039e-01
7.867879620000000074e-01 6.692981719970703125e-01
7.896268800000000310e-01 6.468568444252014160e-01
7.924658540000000251e-01 6.460850834846496582e-01
7.953048839999999897e-01 6.553573012351989746e-01
7.981439700000000359e-01 6.632005572319030762e-01
8.009831130000000243e-01 6.578997969627380371e-01
8.038223119999999833e-01 6.583998799324035645e-01
8.066615670000000238e-01 6.792108416557312012e-01
8.095008780000000348e-01 6.519246697425842285e-01
8.123402459999999881e-01 5.828294754028320312e-01
8.151796700000000229e-01 4.779506921768188477e-01
8.180191500000000282e-01 4.490725100040435791e-01
8.208586860000000041e-01 4.753051996231079102e-01
8.236982790000000332e-01 4.388200640678405762e-01
8.265379269999999501e-01 4.585666656494140625e-01
8.293776320000000313e-01 4.073576331138610840e-01
8.322173940000000547e-01 3.902032673358917236e-01
8.350572109999999659e-01 3.943132460117340088e-01
8.378970850000000414e-01 3.984520137310028076e-01
8.407370149999999764e-01 4.038359224796295166e-01
8.435770009999999930e-01 4.008036255836486816e-01
8.464170429999999801e-01 3.967676460742950439e-01
8.492571420000000204e-01 3.780673742294311523e-01
8.520972970000000313e-01 3.587527275085449219e-01
8.549375080000000127e-01 3.453192710876464844e-01
8.577777749999999646e-01 3.640472888946533203e-01
8.606180989999999698e-01 3.586029112339019775e-01
8.634584789999999455e-01 3.502537906169891357e-01
8.662989150000000027e-01 3.220433592796325684e-01
8.691394070000000305e-01 3.270215988159179688e-01
8.719799560000000005e-01 3.303491473197937012e-01
8.748205610000000521e-01 3.198312819004058838e-01
8.776612219999999631e-01 3.139161765575408936e-01
8.805019389999999557e-01 3.009445667266845703e-01
8.833427130000000016e-01 2.970665097236633301e-01
8.861835430000000180e-01 2.861081063747406006e-01
8.890244290000000049e-01 2.822648286819458008e-01
8.918653709999999624e-01 2.692475318908691406e-01
8.947063699999999731e-01 2.220916152000427246e-01
8.975474239999999826e-01 1.807287037372589111e-01
9.003885350000000454e-01 1.575926840305328369e-01
9.032297030000000504e-01 1.865502744913101196e-01
9.060709260000000542e-01 1.854756474494934082e-01
9.089122060000000003e-01 1.502432972192764282e-01
9.117535420000000279e-01 1.526271700859069824e-01
9.145949340000000261e-01 1.376767456531524658e-01
9.174363819999999947e-01 1.396066099405288696e-01
9.202778870000000166e-01 1.577601134777069092e-01
9.231194480000000091e-01 1.513803750276565552e-01
9.259610649999999721e-01 1.419639587402343750e-01
9.288027380000000166e-01 9.800204634666442871e-02
9.316444680000000034e-01 5.330172926187515259e-02
9.344862539999999607e-01 3.035615570843219757e-02
9.373280959999999995e-01 3.420833125710487366e-02
9.401699940000000089e-01 5.377487465739250183e-02
9.430119489999999605e-01 4.161943495273590088e-02
9.458539599999999936e-01 3.923907130956649780e-02
9.486960269999999973e-01 4.338440299034118652e-02
9.515381499999999715e-01 4.513509199023246765e-02
9.543803299999999989e-01 4.597149416804313660e-02
9.572225659999999969e-01 4.680721089243888855e-02
9.600648579999999654e-01 4.675072431564331055e-02
9.629072060000000155e-01 6.139549985527992249e-02
9.657496110000000078e-01 6.281584501266479492e-02
9.685920709999999989e-01 8.896239846944808960e-02
9.714345880000000433e-01 9.272210299968719482e-02
9.742771620000000299e-01 8.309842646121978760e-02
9.771197910000000153e-01 8.240446448326110840e-02
9.799624770000000540e-01 9.246911108493804932e-02
9.828052189999999522e-01 1.045418977737426758e-01
9.856480170000000429e-01 1.085069403052330017e-01
9.884908709999999932e-01 1.110125258564949036e-01
9.913337819999999967e-01 1.136448085308074951e-01
9.941767489999999707e-01 1.107070893049240112e-01
9.970197720000000263e-01 1.120049804449081421e-01
9.998628510000000524e-01 1.116615980863571167e-01
1.002705986999999910e+00 1.109133735299110413e-01
1.005549178999999960e+00 1.077562719583511353e-01
1.008392426999999980e+00 1.146329864859580994e-01
1.011235730999999971e+00 1.125105172395706177e-01
1.014079092000000015e+00 1.139003857970237732e-01
1.016922509000000030e+00 1.116024106740951538e-01
1.019765982000000015e+00 1.129670441150665283e-01
1.022609510999999971e+00 1.070537120103836060e-01
1.025453096999999980e+00 1.082401126623153687e-01
1.028296738999999960e+00 1.152351722121238708e-01
1.031140436999999910e+00 1.055954098701477051e-01
1.033984191000000052e+00 1.136956736445426941e-01
1.036828002000000026e+00 1.145768165588378906e-01
1.039671868000000110e+00 1.270785629749298096e-01
1.042515791000000025e+00 1.169119775295257568e-01
1.045359770999999993e+00 1.238193884491920471e-01
