3.615872339999999796e-01 1.320612311363220215e+00
3.644177160000000026e-01 1.498837471008300781e+00
3.672482539999999962e-01 1.626783013343811035e+00
3.700788480000000158e-01 1.589058756828308105e+00
3.729094980000000059e-01 1.414983987808227539e+00
3.757402049999999938e-01 1.526327490806579590e+00
3.785709680000000077e-01 1.666090488433837891e+00
3.814017869999999921e-01 1.430554866790771484e+00
3.842326620000000026e-01 1.314020752906799316e+00
3.870635940000000108e-01 1.424678683280944824e+00
3.898945819999999896e-01 1.612784266471862793e+00
3.927256259999999943e-01 1.406942367553710938e+00
3.955567260000000251e-01 1.465561151504516602e+00
3.983878829999999982e-01 1.849065899848937988e+00
4.012190950000000256e-01 2.253624916076660156e+00
4.040503639999999952e-01 2.257988214492797852e+00
4.068816900000000181e-01 2.211903333663940430e+00
4.097130709999999842e-01 2.270041465759277344e+00
4.125445090000000037e-01 2.360171794891357422e+00
4.153760029999999936e-01 2.363892555236816406e+00
4.182075530000000096e-01 2.324827194213867188e+00
4.210391589999999962e-01 2.331273078918457031e+00
4.238708219999999804e-01 2.298106908798217773e+00
4.267025409999999908e-01 2.249759435653686523e+00
4.295343160000000271e-01 2.035193681716918945e+00
4.323661469999999785e-01 2.164806365966796875e+00
4.351980349999999831e-01 2.379718780517578125e+00
4.380299790000000137e-01 2.404757261276245117e+00
4.408619790000000149e-01 2.464664697647094727e+00
4.436940349999999866e-01 2.628022193908691406e+00
4.465261480000000116e-01 2.654872894287109375e+00
4.493583170000000071e-01 2.801700830459594727e+00
4.521905419999999731e-01 2.832356691360473633e+00
4.550228230000000207e-01 2.800596475601196289e+00
4.578551610000000105e-01 2.865792989730834961e+00
4.606875550000000263e-01 2.893783569335937500e+00
4.635200050000000127e-01 2.903692960739135742e+00
4.663525110000000251e-01 2.844716787338256836e+00
4.691850739999999798e-01 2.835921764373779297e+00
4.720176919999999887e-01 2.894511222839355469e+00
4.748503669999999954e-01 2.940361499786376953e+00
4.776830989999999999e-01 2.959453105926513672e+00
4.805158860000000032e-01 3.015788555145263672e+00
4.833487300000000042e-01 2.995078325271606445e+00
4.861816299999999758e-01 2.759219408035278320e+00
4.890145859999999733e-01 2.886435985565185547e+00
4.918475979999999970e-01 2.952517747879028320e+00
4.946806670000000183e-01 3.014198064804077148e+00
4.975137920000000102e-01 3.032367467880249023e+00
5.003469729999999727e-01 2.951946973800659180e+00
5.031802100000000166e-01 2.942036390304565430e+00
5.060135040000000028e-01 3.036421298980712891e+00
5.088468539999999596e-01 3.040502786636352539e+00
5.116802599999999979e-01 3.084164381027221680e+00
5.145137220000000067e-01 3.012008190155029297e+00
5.173472409999999577e-01 2.859296321868896484e+00
5.201808159999999903e-01 2.985199451446533203e+00
5.230144469999999934e-01 3.131833791732788086e+00
5.258481339999999671e-01 3.128613471984863281e+00
5.286818779999999940e-01 3.171632289886474609e+00
5.315156779999999914e-01 3.282738685607910156e+00
5.343495339999999594e-01 3.259235382080078125e+00
5.371834460000000089e-01 3.318020820617675781e+00
5.400174150000000006e-01 3.255169153213500977e+00
5.428514389999999912e-01 3.286468982696533203e+00
5.456855200000000350e-01 3.341382741928100586e+00
5.485196580000000210e-01 3.358248472213745117e+00
5.513538510000000059e-01 3.389863729476928711e+00
5.541881010000000440e-01 3.405018091201782227e+00
5.570224070000000527e-01 3.377912759780883789e+00
5.598567690000000319e-01 3.331364393234252930e+00
5.626911869999999816e-01 3.384201049804687500e+00
5.655256619999999845e-01 3.377830266952514648e+00
5.683601929999999580e-01 3.343551635742187500e+00
5.711947800000000131e-01 3.307639122009277344e+00
5.740294230000000386e-01 3.366539478302001953e+00
5.768641230000000064e-01 3.328659534454345703e+00
5.796988789999999447e-01 3.344272613525390625e+00
5.825336909999999646e-01 3.420363426208496094e+00
5.853685589999999550e-01 3.385007619857788086e+00
5.882034839999999987e-01 3.156152486801147461e+00
5.910384650000000129e-01 3.016397476196289062e+00
5.938735019999999976e-01 3.068976879119873047e+00
5.967085949999999528e-01 3.058647155761718750e+00
5.995437449999999613e-01 3.028595209121704102e+00
6.023789510000000513e-01 2.996888399124145508e+00
6.052142130000000009e-01 2.999791860580444336e+00
6.080495310000000320e-01 2.954756975173950195e+00
6.108849060000000053e-01 2.840948104858398438e+00
6.137203359999999774e-01 2.772399425506591797e+00
6.165558230000000028e-01 2.749407529830932617e+00
6.193913669999999705e-01 2.821403264999389648e+00
6.222269660000000480e-01 2.815041542053222656e+00
6.250626219999999567e-01 2.746537208557128906e+00
6.278983339999999469e-01 2.673866033554077148e+00
6.307341020000000187e-01 2.643993139266967773e+00
6.335699259999999500e-01 2.676840305328369141e+00
6.364058070000000455e-01 2.708599328994750977e+00
6.392417440000000006e-01 2.710009813308715820e+00
6.420777370000000372e-01 2.681714773178100586e+00
6.449137860000000444e-01 2.648696899414062500e+00
6.477498919999999938e-01 2.515811681747436523e+00
6.505860540000000247e-01 2.506543636322021484e+00
6.534222720000000262e-01 2.498935222625732422e+00
6.562585459999999982e-01 2.298679113388061523e+00
6.590948770000000234e-01 2.404301166534423828e+00
6.619312640000000192e-01 2.466044187545776367e+00
6.647677069999999855e-01 2.435832023620605469e+00
6.676042060000000333e-01 2.410387992858886719e+00
6.704407620000000234e-01 2.388710498809814453e+00
6.732773739999999840e-01 2.368717908859252930e+00
6.761140420000000262e-01 2.355933427810668945e+00
6.789507660000000389e-01 2.330894470214843750e+00
6.817875469999999938e-01 2.315330505371093750e+00
6.846243829999999475e-01 2.227579832077026367e+00
6.874612759999999545e-01 1.872330188751220703e+00
6.902982260000000148e-01 1.900943517684936523e+00
6.931352309999999628e-01 1.945481061935424805e+00
6.959722929999999641e-01 1.955214977264404297e+00
6.988094110000000470e-01 1.940181612968444824e+00
7.016465849999999893e-01 1.831526875495910645e+00
7.044838150000000132e-01 1.837998986244201660e+00
7.073211019999999793e-01 1.796883583068847656e+00
7.101584450000000270e-01 1.732423782348632812e+00
7.129958440000000452e-01 1.631240606307983398e+00
7.158332990000000340e-01 1.376991033554077148e+00
7.186708109999999650e-01 1.003173112869262695e+00
7.215083789999999775e-01 1.027610659599304199e+00
7.243460029999999605e-01 9.408656954765319824e-01
7.271836830000000251e-01 8.473589420318603516e-01
7.300214200000000320e-01 7.945587635040283203e-01
7.328592130000000093e-01 8.090096116065979004e-01
7.356970619999999572e-01 8.112533092498779297e-01
7.385349669999999866e-01 7.896023988723754883e-01
7.413729289999999583e-01 7.869039773941040039e-01
7.442109470000000115e-01 7.977015376091003418e-01
7.470490210000000353e-01 8.007361292839050293e-01
7.498871510000000296e-01 7.816708087921142578e-01
7.527253379999999661e-01 7.755517959594726562e-01
7.555635800000000124e-01 7.630826830863952637e-01
7.584018790000000010e-01 6.261400580406188965e-01
7.612402350000000428e-01 2.911503911018371582e-01
7.640786459999999725e-01 3.587748110294342041e-01
7.669171139999999554e-01 5.734622478485107422e-01
7.697556380000000198e-01 7.019482851028442383e-01
7.725942180000000548e-01 7.257135510444641113e-01
7.754328539999999492e-01 7.316138148307800293e-01
7.782715470000000080e-01 7.343344092369079590e-01
7.811102960000000373e-01 7.388365864753723145e-01
7.839491010000000371e-01 7.351272106170654297e-01
7.867879620000000074e-01 7.263165712356567383e-01
7.896268800000000310e-01 7.040473818778991699e-01
7.924658540000000251e-01 6.975422501564025879e-01
7.953048839999999897e-01 7.102435827255249023e-01
7.981439700000000359e-01 7.191073298454284668e-01
8.009831130000000243e-01 7.137063741683959961e-01
8.038223119999999833e-01 7.200837731361389160e-01
8.066615670000000238e-01 7.263933420181274414e-01
8.095008780000000348e-01 7.059594392776489258e-01
8.123402459999999881e-01 6.231054663658142090e-01
8.151796700000000229e-01 5.086430907249450684e-01
8.180191500000000282e-01 4.797909259796142578e-01
8.208586860000000041e-01 5.126156210899353027e-01
8.236982790000000332e-01 4.701274037361145020e-01
8.265379269999999501e-01 4.900613725185394287e-01
8.293776320000000313e-01 4.428416490554809570e-01
8.322173940000000547e-01 4.202237427234649658e-01
8.350572109999999659e-01 4.248718023300170898e-01
8.378970850000000414e-01 4.371705949306488037e-01
8.407370149999999764e-01 4.347828328609466553e-01
8.435770009999999930e-01 4.283923506736755371e-01
8.464170429999999801e-01 4.288754165172576904e-01
8.492571420000000204e-01 4.086290895938873291e-01
8.520972970000000313e-01 3.926225304603576660e-01
8.549375080000000127e-01 3.702429234981536865e-01
8.577777749999999646e-01 3.913674056529998779e-01
8.606180989999999698e-01 3.861269354820251465e-01
8.634584789999999455e-01 3.818178772926330566e-01
8.662989150000000027e-01 3.491157293319702148e-01
8.691394070000000305e-01 3.649944067001342773e-01
8.719799560000000005e-01 3.539251685142517090e-01
8.748205610000000521e-01 3.428444564342498779e-01
8.776612219999999631e-01 3.384322226047515869e-01
8.805019389999999557e-01 3.272021114826202393e-01
8.833427130000000016e-01 3.163180351257324219e-01
8.861835430000000180e-01 3.070099651813507080e-01
8.890244290000000049e-01 3.007968664169311523e-01
8.918653709999999624e-01 2.835723459720611572e-01
8.947063699999999731e-01 2.370870560407638550e-01
8.975474239999999826e-01 1.965904533863067627e-01
9.003885350000000454e-01 1.715502589941024780e-01
9.032297030000000504e-01 1.981887072324752808e-01
9.060709260000000542e-01 1.950584352016448975e-01
9.089122060000000003e-01 1.596306115388870239e-01
9.117535420000000279e-01 1.579604893922805786e-01
9.145949340000000261e-01 1.477645039558410645e-01
9.174363819999999947e-01 1.475300043821334839e-01
9.202778870000000166e-01 1.657145917415618896e-01
9.231194480000000091e-01 1.606764346361160278e-01
9.259610649999999721e-01 1.471218466758728027e-01
9.288027380000000166e-01 1.037060767412185669e-01
9.316444680000000034e-01 5.358777195215225220e-02
9.344862539999999607e-01 2.971518784761428833e-02
9.373280959999999995e-01 3.545574098825454712e-02
9.401699940000000089e-01 5.710717290639877319e-02
9.430119489999999605e-01 3.981305286288261414e-02
9.458539599999999936e-01 4.129133373498916626e-02
9.486960269999999973e-01 4.593268409371376038e-02
9.515381499999999715e-01 4.838234558701515198e-02
9.543803299999999989e-01 4.558902606368064880e-02
9.572225659999999969e-01 4.756750911474227905e-02
9.600648579999999654e-01 5.213980376720428467e-02
9.629072060000000155e-01 6.263827532529830933e-02
9.657496110000000078e-01 6.380409002304077148e-02
9.685920709999999989e-01 9.121662378311157227e-02
9.714345880000000433e-01 9.984102845191955566e-02
9.742771620000000299e-01 8.624656498432159424e-02
9.771197910000000153e-01 9.107161313295364380e-02
9.799624770000000540e-01 9.206527471542358398e-02
9.828052189999999522e-01 1.065132096409797668e-01
9.856480170000000429e-01 1.087403222918510437e-01
9.884908709999999932e-01 1.147266328334808350e-01
9.913337819999999967e-01 1.142496764659881592e-01
9.941767489999999707e-01 1.218711137771606445e-01
9.970197720000000263e-01 1.246570125222206116e-01
9.998628510000000524e-01 1.158296912908554077e-01
1.002705986999999910e+00 1.156921237707138062e-01
1.005549178999999960e+00 1.075377538800239563e-01
1.008392426999999980e+00 1.184354871511459351e-01
1.011235730999999971e+00 1.216175556182861328e-01
1.014079092000000015e+00 1.181415915489196777e-01
1.016922509000000030e+00 1.168803349137306213e-01
1.019765982000000015e+00 1.110570505261421204e-01
1.022609510999999971e+00 1.191217526793479919e-01
1.025453096999999980e+00 1.166279613971710205e-01
1.028296738999999960e+00 1.226504147052764893e-01
1.031140436999999910e+00 1.235966160893440247e-01
1.033984191000000052e+00 1.193319037556648254e-01
1.036828002000000026e+00 1.205556616187095642e-01
1.039671868000000110e+00 1.233155131340026855e-01
1.042515791000000025e+00 1.276023983955383301e-01
1.045359770999999993e+00 1.285114437341690063e-01
