3.615872339999999796e-01 1.306296586990356445e+00
3.644177160000000026e-01 1.445437192916870117e+00
3.672482539999999962e-01 1.588355660438537598e+00
3.700788480000000158e-01 1.585327148437500000e+00
3.729094980000000059e-01 1.469471931457519531e+00
3.757402049999999938e-01 1.530907750129699707e+00
3.785709680000000077e-01 1.695158362388610840e+00
3.814017869999999921e-01 1.430256724357604980e+00
3.842326620000000026e-01 1.300299882888793945e+00
3.870635940000000108e-01 1.446148872375488281e+00
3.898945819999999896e-01 1.639356732368469238e+00
3.927256259999999943e-01 1.455209732055664062e+00
3.955567260000000251e-01 1.495660543441772461e+00
3.983878829999999982e-01 1.881762862205505371e+00
4.012190950000000256e-01 2.309741020202636719e+00
4.040503639999999952e-01 2.335970163345336914e+00
4.068816900000000181e-01 2.269994020462036133e+00
4.097130709999999842e-01 2.341563463211059570e+00
4.125445090000000037e-01 2.423042297363281250e+00
4.153760029999999936e-01 2.442427396774291992e+00
4.182075530000000096e-01 2.391804695129394531e+00
4.210391589999999962e-01 2.419347524642944336e+00
4.238708219999999804e-01 2.360246896743774414e+00
4.267025409999999908e-01 2.328277111053466797e+00
4.295343160000000271e-01 2.106832742691040039e+00
4.323661469999999785e-01 2.233728408813476562e+00
4.351980349999999831e-01 2.448237180709838867e+00
4.380299790000000137e-01 2.486533403396606445e+00
4.408619790000000149e-01 2.569526195526123047e+00
4.436940349999999866e-01 2.708947896957397461e+00
4.465261480000000116e-01 2.752245426177978516e+00
4.493583170000000071e-01 2.913109779357910156e+00
4.521905419999999731e-01 2.940769910812377930e+00
4.550228230000000207e-01 2.893013238906860352e+00
4.578551610000000105e-01 2.973972082138061523e+00
4.606875550000000263e-01 2.969008684158325195e+00
4.635200050000000127e-01 3.014640331268310547e+00
4.663525110000000251e-01 2.952297687530517578e+00
4.691850739999999798e-01 2.941537618637084961e+00
4.720176919999999887e-01 2.991125345230102539e+00
4.748503669999999954e-01 3.046441793441772461e+00
4.776830989999999999e-01 3.072652339935302734e+00
4.805158860000000032e-01 3.137885808944702148e+00
4.833487300000000042e-01 3.103008031845092773e+00
4.861816299999999758e-01 2.862965106964111328e+00
4.890145859999999733e-01 2.980973720550537109e+00
4.918475979999999970e-01 3.073997974395751953e+00
4.946806670000000183e-01 3.130233526229858398e+00
4.975137920000000102e-01 3.145238399505615234e+00
5.003469729999999727e-01 3.074306011199951172e+00
5.031802100000000166e-01 3.061546087265014648e+00
5.060135040000000028e-01 3.149670839309692383e+00
5.088468539999999596e-01 3.162425041198730469e+00
5.116802599999999979e-01 3.203518867492675781e+00
5.145137220000000067e-01 3.125105857849121094e+00
5.173472409999999577e-01 2.968429327011108398e+00
5.201808159999999903e-01 3.103218317031860352e+00
5.230144469999999934e-01 3.231029033660888672e+00
5.258481339999999671e-01 3.251132488250732422e+00
5.286818779999999940e-01 3.289023399353027344e+00
5.315156779999999914e-01 3.391373395919799805e+00
5.343495339999999594e-01 3.386235475540161133e+00
5.371834460000000089e-01 3.427216529846191406e+00
5.400174150000000006e-01 3.361835479736328125e+00
5.428514389999999912e-01 3.395740985870361328e+00
5.456855200000000350e-01 3.461767196655273438e+00
5.485196580000000210e-01 3.476331472396850586e+00
5.513538510000000059e-01 3.496194124221801758e+00
5.541881010000000440e-01 3.529045581817626953e+00
5.570224070000000527e-01 3.498496055603027344e+00
5.598567690000000319e-01 3.444170475006103516e+00
5.626911869999999816e-01 3.506174564361572266e+00
5.655256619999999845e-01 3.479746580123901367e+00
5.683601929999999580e-01 3.454082489013671875e+00
5.711947800000000131e-01 3.425723791122436523e+00
5.740294230000000386e-01 3.474994659423828125e+00
5.768641230000000064e-01 3.440766811370849609e+00
5.796988789999999447e-01 3.464989662170410156e+00
5.825336909999999646e-01 3.539238691329956055e+00
5.853685589999999550e-01 3.502778530120849609e+00
5.882034839999999987e-01 3.278664350509643555e+00
5.910384650000000129e-01 3.145000934600830078e+00
5.938735019999999976e-01 3.206090450286865234e+00
5.967085949999999528e-01 3.192532062530517578e+00
5.995437449999999613e-01 3.178103685379028320e+00
6.023789510000000513e-01 3.143745899200439453e+00
6.052142130000000009e-01 3.165251255035400391e+00
6.080495310000000320e-01 3.122296094894409180e+00
6.108849060000000053e-01 2.994436025619506836e+00
6.137203359999999774e-01 2.926888704299926758e+00
6.165558230000000028e-01 2.917712450027465820e+00
6.193913669999999705e-01 2.988897800445556641e+00
6.222269660000000480e-01 2.972346305847167969e+00
6.250626219999999567e-01 2.905766487121582031e+00
6.278983339999999469e-01 2.834066629409790039e+00
6.307341020000000187e-01 2.815473794937133789e+00
6.335699259999999500e-01 2.852114200592041016e+00
6.364058070000000455e-01 2.883902549743652344e+00
6.392417440000000006e-01 2.882228136062622070e+00
6.420777370000000372e-01 2.855123281478881836e+00
6.449137860000000444e-01 2.817578792572021484e+00
6.477498919999999938e-01 2.683178901672363281e+00
6.505860540000000247e-01 2.682975530624389648e+00
6.534222720000000262e-01 2.674359321594238281e+00
6.562585459999999982e-01 2.464734077453613281e+00
6.590948770000000234e-01 2.591181993484497070e+00
6.619312640000000192e-01 2.658656597137451172e+00
6.647677069999999855e-01 2.626302957534790039e+00
6.676042060000000333e-01 2.606848478317260742e+00
6.704407620000000234e-01 2.587489366531372070e+00
6.732773739999999840e-01 2.564764976501464844e+00
6.761140420000000262e-01 2.546148777008056641e+00
6.789507660000000389e-01 2.534562826156616211e+00
6.817875469999999938e-01 2.511546134948730469e+00
6.846243829999999475e-01 2.420911073684692383e+00
6.874612759999999545e-01 2.036694288253784180e+00
6.902982260000000148e-01 2.058990478515625000e+00
6.931352309999999628e-01 2.111283302307128906e+00
6.959722929999999641e-01 2.128397941589355469e+00
6.988094110000000470e-01 2.116931676864624023e+00
7.016465849999999893e-01 2.011068820953369141e+00
7.044838150000000132e-01 2.009472131729125977e+00
7.073211019999999793e-01 1.984034538269042969e+00
7.101584450000000270e-01 1.925113439559936523e+00
7.129958440000000452e-01 1.818158507347106934e+00
7.158332990000000340e-01 1.553089022636413574e+00
7.186708109999999650e-01 1.134765267372131348e+00
7.215083789999999775e-01 1.174221038818359375e+00
7.243460029999999605e-01 1.085007786750793457e+00
7.271836830000000251e-01 9.840678572654724121e-01
7.300214200000000320e-01 9.356170296669006348e-01
7.328592130000000093e-01 9.595567584037780762e-01
7.356970619999999572e-01 9.552970528602600098e-01
7.385349669999999866e-01 9.412098526954650879e-01
7.413729289999999583e-01 9.427437186241149902e-01
7.442109470000000115e-01 9.557489156723022461e-01
7.470490210000000353e-01 9.599098563194274902e-01
7.498871510000000296e-01 9.437261819839477539e-01
7.527253379999999661e-01 9.426934719085693359e-01
7.555635800000000124e-01 9.321295022964477539e-01
7.584018790000000010e-01 7.575688362121582031e-01
7.612402350000000428e-01 3.586015999317169189e-01
7.640786459999999725e-01 4.343438744544982910e-01
7.669171139999999554e-01 6.964350342750549316e-01
7.697556380000000198e-01 8.587612509727478027e-01
7.725942180000000548e-01 8.841632008552551270e-01
7.754328539999999492e-01 8.903996944427490234e-01
7.782715470000000080e-01 8.950276374816894531e-01
7.811102960000000373e-01 8.975077867507934570e-01
7.839491010000000371e-01 8.980419039726257324e-01
7.867879620000000074e-01 8.872812986373901367e-01
7.896268800000000310e-01 8.549156188964843750e-01
7.924658540000000251e-01 8.597441911697387695e-01
7.953048839999999897e-01 8.636587858200073242e-01
7.981439700000000359e-01 8.730891346931457520e-01
8.009831130000000243e-01 8.651803135871887207e-01
8.038223119999999833e-01 8.704949617385864258e-01
8.066615670000000238e-01 8.860761523246765137e-01
8.095008780000000348e-01 8.516666889190673828e-01
8.123402459999999881e-01 7.570987939834594727e-01
8.151796700000000229e-01 6.209813356399536133e-01
8.180191500000000282e-01 5.940987467765808105e-01
8.208586860000000041e-01 6.297962069511413574e-01
8.236982790000000332e-01 5.805347561836242676e-01
8.265379269999999501e-01 6.073562502861022949e-01
8.293776320000000313e-01 5.409837961196899414e-01
8.322173940000000547e-01 5.245375037193298340e-01
8.350572109999999659e-01 5.341699719429016113e-01
8.378970850000000414e-01 5.496020317077636719e-01
8.407370149999999764e-01 5.503433942794799805e-01
8.435770009999999930e-01 5.422233939170837402e-01
8.464170429999999801e-01 5.440584421157836914e-01
8.492571420000000204e-01 5.181937217712402344e-01
8.520972970000000313e-01 4.947598278522491455e-01
8.549375080000000127e-01 4.734072089195251465e-01
8.577777749999999646e-01 5.043358802795410156e-01
8.606180989999999698e-01 4.900822937488555908e-01
8.634584789999999455e-01 4.801535606384277344e-01
8.662989150000000027e-01 4.481905996799468994e-01
8.691394070000000305e-01 4.591274857521057129e-01
8.719799560000000005e-01 4.550106823444366455e-01
8.748205610000000521e-01 4.434468746185302734e-01
8.776612219999999631e-01 4.325961470603942871e-01
8.805019389999999557e-01 4.210531711578369141e-01
8.833427130000000016e-01 4.140955805778503418e-01
8.861835430000000180e-01 3.977369964122772217e-01
8.890244290000000049e-01 3.909493088722229004e-01
8.918653709999999624e-01 3.721829056739807129e-01
8.947063699999999731e-01 3.124887943267822266e-01
8.975474239999999826e-01 2.522830665111541748e-01
9.003885350000000454e-01 2.271430790424346924e-01
9.032297030000000504e-01 2.596387267112731934e-01
9.060709260000000542e-01 2.597993612289428711e-01
9.089122060000000003e-01 2.107599675655364990e-01
9.117535420000000279e-01 2.105348855257034302e-01
9.145949340000000261e-01 1.959808170795440674e-01
9.174363819999999947e-01 1.957442909479141235e-01
9.202778870000000166e-01 2.267771959304809570e-01
9.231194480000000091e-01 2.125955969095230103e-01
9.259610649999999721e-01 1.963703036308288574e-01
9.288027380000000166e-01 1.380094587802886963e-01
9.316444680000000034e-01 7.645513862371444702e-02
9.344862539999999607e-01 4.408896341919898987e-02
9.373280959999999995e-01 5.105785280466079712e-02
9.401699940000000089e-01 7.666461914777755737e-02
9.430119489999999605e-01 6.992123275995254517e-02
9.458539599999999936e-01 6.031455099582672119e-02
9.486960269999999973e-01 6.378755718469619751e-02
9.515381499999999715e-01 6.478220969438552856e-02
9.543803299999999989e-01 6.304851919412612915e-02
9.572225659999999969e-01 7.046222686767578125e-02
9.600648579999999654e-01 7.724770158529281616e-02
9.629072060000000155e-01 9.172479808330535889e-02
9.657496110000000078e-01 9.737226366996765137e-02
9.685920709999999989e-01 1.295088529586791992e-01
9.714345880000000433e-01 1.374283581972122192e-01
9.742771620000000299e-01 1.238458231091499329e-01
9.771197910000000153e-01 1.241967231035232544e-01
9.799624770000000540e-01 1.353038847446441650e-01
9.828052189999999522e-01 1.498658508062362671e-01
9.856480170000000429e-01 1.609217971563339233e-01
9.884908709999999932e-01 1.638528257608413696e-01
9.913337819999999967e-01 1.665107607841491699e-01
9.941767489999999707e-01 1.746065169572830200e-01
9.970197720000000263e-01 1.706908345222473145e-01
9.998628510000000524e-01 1.685992181301116943e-01
1.002705986999999910e+00 1.711760759353637695e-01
1.005549178999999960e+00 1.645400375127792358e-01
1.008392426999999980e+00 1.680947244167327881e-01
1.011235730999999971e+00 1.645597666501998901e-01
1.014079092000000015e+00 1.704570353031158447e-01
1.016922509000000030e+00 1.739269196987152100e-01
1.019765982000000015e+00 1.678407341241836548e-01
1.022609510999999971e+00 1.701373606920242310e-01
1.025453096999999980e+00 1.687967330217361450e-01
1.028296738999999960e+00 1.783659756183624268e-01
1.031140436999999910e+00 1.759878247976303101e-01
1.033984191000000052e+00 1.744083315134048462e-01
1.036828002000000026e+00 1.747335940599441528e-01
1.039671868000000110e+00 1.826386153697967529e-01
1.042515791000000025e+00 1.814150661230087280e-01
1.045359770999999993e+00 1.796974837779998779e-01
