3.615872339999999796e-01 1.317202448844909668e+00
3.644177160000000026e-01 1.470696806907653809e+00
3.672482539999999962e-01 1.573282361030578613e+00
3.700788480000000158e-01 1.563602805137634277e+00
3.729094980000000059e-01 1.416091203689575195e+00
3.757402049999999938e-01 1.495744228363037109e+00
3.785709680000000077e-01 1.656279444694519043e+00
3.814017869999999921e-01 1.417995333671569824e+00
3.842326620000000026e-01 1.325516343116760254e+00
3.870635940000000108e-01 1.456691384315490723e+00
3.898945819999999896e-01 1.605838775634765625e+00
3.927256259999999943e-01 1.415907859802246094e+00
3.955567260000000251e-01 1.468859434127807617e+00
3.983878829999999982e-01 1.844162344932556152e+00
4.012190950000000256e-01 2.276704788208007812e+00
4.040503639999999952e-01 2.285895109176635742e+00
4.068816900000000181e-01 2.237585067749023438e+00
4.097130709999999842e-01 2.284773588180541992e+00
4.125445090000000037e-01 2.378046035766601562e+00
4.153760029999999936e-01 2.387882947921752930e+00
4.182075530000000096e-01 2.342030048370361328e+00
4.210391589999999962e-01 2.359726428985595703e+00
4.238708219999999804e-01 2.339622020721435547e+00
4.267025409999999908e-01 2.281391143798828125e+00
4.295343160000000271e-01 2.076050519943237305e+00
4.323661469999999785e-01 2.211474180221557617e+00
4.351980349999999831e-01 2.409665107727050781e+00
4.380299790000000137e-01 2.422745227813720703e+00
4.408619790000000149e-01 2.531321763992309570e+00
4.436940349999999866e-01 2.678708076477050781e+00
4.465261480000000116e-01 2.699780464172363281e+00
4.493583170000000071e-01 2.853647470474243164e+00
4.521905419999999731e-01 2.890140771865844727e+00
4.550228230000000207e-01 2.862898349761962891e+00
4.578551610000000105e-01 2.919478654861450195e+00
4.606875550000000263e-01 2.940691471099853516e+00
4.635200050000000127e-01 2.967089891433715820e+00
4.663525110000000251e-01 2.910250663757324219e+00
4.691850739999999798e-01 2.911497354507446289e+00
4.720176919999999887e-01 2.957952499389648438e+00
4.748503669999999954e-01 2.984422445297241211e+00
4.776830989999999999e-01 3.014335632324218750e+00
4.805158860000000032e-01 3.085100412368774414e+00
4.833487300000000042e-01 3.054763555526733398e+00
4.861816299999999758e-01 2.826337575912475586e+00
4.890145859999999733e-01 2.946862697601318359e+00
4.918475979999999970e-01 3.028102397918701172e+00
4.946806670000000183e-01 3.076594591140747070e+00
4.975137920000000102e-01 3.109690904617309570e+00
5.003469729999999727e-01 3.030417680740356445e+00
5.031802100000000166e-01 3.016248703002929688e+00
5.060135040000000028e-01 3.107409954071044922e+00
5.088468539999999596e-01 3.130848646163940430e+00
5.116802599999999979e-01 3.166605710983276367e+00
5.145137220000000067e-01 3.096139192581176758e+00
5.173472409999999577e-01 2.925154209136962891e+00
5.201808159999999903e-01 3.065052032470703125e+00
5.230144469999999934e-01 3.198474884033203125e+00
5.258481339999999671e-01 3.207340955734252930e+00
5.286818779999999940e-01 3.243037700653076172e+00
5.315156779999999914e-01 3.355585336685180664e+00
5.343495339999999594e-01 3.337585449218750000e+00
5.371834460000000089e-01 3.396810770034790039e+00
5.400174150000000006e-01 3.341551542282104492e+00
5.428514389999999912e-01 3.356172561645507812e+00
5.456855200000000350e-01 3.430144786834716797e+00
5.485196580000000210e-01 3.422035694122314453e+00
5.513538510000000059e-01 3.470907211303710938e+00
5.541881010000000440e-01 3.500433206558227539e+00
5.570224070000000527e-01 3.457304000854492188e+00
5.598567690000000319e-01 3.409889221191406250e+00
5.626911869999999816e-01 3.456769704818725586e+00
5.655256619999999845e-01 3.457947015762329102e+00
5.683601929999999580e-01 3.425217866897583008e+00
5.711947800000000131e-01 3.393156290054321289e+00
5.740294230000000386e-01 3.449140310287475586e+00
5.768641230000000064e-01 3.412121534347534180e+00
5.796988789999999447e-01 3.426276683807373047e+00
5.825336909999999646e-01 3.510014057159423828e+00
5.853685589999999550e-01 3.471781730651855469e+00
5.882034839999999987e-01 3.248672962188720703e+00
5.910384650000000129e-01 3.114627838134765625e+00
5.938735019999999976e-01 3.182435274124145508e+00
5.967085949999999528e-01 3.173254013061523438e+00
5.995437449999999613e-01 3.144428730010986328e+00
6.023789510000000513e-01 3.117564916610717773e+00
6.052142130000000009e-01 3.138824939727783203e+00
6.080495310000000320e-01 3.111325979232788086e+00
6.108849060000000053e-01 2.957778453826904297e+00
6.137203359999999774e-01 2.896455764770507812e+00
6.165558230000000028e-01 2.888252973556518555e+00
6.193913669999999705e-01 2.964578390121459961e+00
6.222269660000000480e-01 2.960941314697265625e+00
6.250626219999999567e-01 2.885023593902587891e+00
6.278983339999999469e-01 2.816655874252319336e+00
6.307341020000000187e-01 2.799421548843383789e+00
6.335699259999999500e-01 2.828748941421508789e+00
6.364058070000000455e-01 2.860720157623291016e+00
6.392417440000000006e-01 2.875507354736328125e+00
6.420777370000000372e-01 2.844175338745117188e+00
6.449137860000000444e-01 2.803754568099975586e+00
6.477498919999999938e-01 2.687332868576049805e+00
6.505860540000000247e-01 2.680543184280395508e+00
6.534222720000000262e-01 2.659845590591430664e+00
6.562585459999999982e-01 2.455092668533325195e+00
6.590948770000000234e-01 2.577020168304443359e+00
6.619312640000000192e-01 2.649211645126342773e+00
6.647677069999999855e-01 2.632667064666748047e+00
6.676042060000000333e-01 2.615689039230346680e+00
6.704407620000000234e-01 2.587092399597167969e+00
6.732773739999999840e-01 2.564312458038330078e+00
6.761140420000000262e-01 2.546888113021850586e+00
6.789507660000000389e-01 2.541458606719970703e+00
6.817875469999999938e-01 2.514603376388549805e+00
6.846243829999999475e-01 2.419120788574218750e+00
6.874612759999999545e-01 2.025579214096069336e+00
6.902982260000000148e-01 2.055772066116333008e+00
6.931352309999999628e-01 2.105689287185668945e+00
6.959722929999999641e-01 2.119947671890258789e+00
6.988094110000000470e-01 2.104443550109863281e+00
7.016465849999999893e-01 2.001188755035400391e+00
7.044838150000000132e-01 2.011549472808837891e+00
7.073211019999999793e-01 1.978445887565612793e+00
7.101584450000000270e-01 1.919787168502807617e+00
7.129958440000000452e-01 1.815802335739135742e+00
7.158332990000000340e-01 1.544360756874084473e+00
7.186708109999999650e-01 1.132835865020751953e+00
7.215083789999999775e-01 1.165204763412475586e+00
7.243460029999999605e-01 1.078333258628845215e+00
7.271836830000000251e-01 9.829159975051879883e-01
7.300214200000000320e-01 9.202541708946228027e-01
7.328592130000000093e-01 9.483831524848937988e-01
7.356970619999999572e-01 9.468848705291748047e-01
7.385349669999999866e-01 9.211912751197814941e-01
7.413729289999999583e-01 9.297170042991638184e-01
7.442109470000000115e-01 9.447788596153259277e-01
7.470490210000000353e-01 9.446750879287719727e-01
7.498871510000000296e-01 9.284746050834655762e-01
7.527253379999999661e-01 9.171695113182067871e-01
7.555635800000000124e-01 9.056993126869201660e-01
7.584018790000000010e-01 7.396777868270874023e-01
7.612402350000000428e-01 3.477652966976165771e-01
7.640786459999999725e-01 4.244313836097717285e-01
7.669171139999999554e-01 6.776567101478576660e-01
7.697556380000000198e-01 8.368172645568847656e-01
7.725942180000000548e-01 8.656737208366394043e-01
7.754328539999999492e-01 8.741700649261474609e-01
7.782715470000000080e-01 8.691620826721191406e-01
7.811102960000000373e-01 8.760043978691101074e-01
7.839491010000000371e-01 8.785742521286010742e-01
7.867879620000000074e-01 8.602818846702575684e-01
7.896268800000000310e-01 8.409806489944458008e-01
7.924658540000000251e-01 8.427397608757019043e-01
7.953048839999999897e-01 8.516670465469360352e-01
7.981439700000000359e-01 8.585668802261352539e-01
8.009831130000000243e-01 8.501054048538208008e-01
8.038223119999999833e-01 8.538364171981811523e-01
8.066615670000000238e-01 8.725026249885559082e-01
8.095008780000000348e-01 8.387420773506164551e-01
8.123402459999999881e-01 7.443682551383972168e-01
8.151796700000000229e-01 6.097100377082824707e-01
8.180191500000000282e-01 5.783602595329284668e-01
8.208586860000000041e-01 6.188501715660095215e-01
8.236982790000000332e-01 5.670893788337707520e-01
8.265379269999999501e-01 5.930146574974060059e-01
8.293776320000000313e-01 5.273818373680114746e-01
8.322173940000000547e-01 5.059991478919982910e-01
8.350572109999999659e-01 5.160611271858215332e-01
8.378970850000000414e-01 5.282051563262939453e-01
8.407370149999999764e-01 5.286552906036376953e-01
8.435770009999999930e-01 5.215786695480346680e-01
8.464170429999999801e-01 5.193321704864501953e-01
8.492571420000000204e-01 4.901740550994873047e-01
8.520972970000000313e-01 4.766594171524047852e-01
8.549375080000000127e-01 4.451262652873992920e-01
8.577777749999999646e-01 4.739425778388977051e-01
8.606180989999999698e-01 4.688566327095031738e-01
8.634584789999999455e-01 4.639987349510192871e-01
8.662989150000000027e-01 4.242967367172241211e-01
8.691394070000000305e-01 4.401534795761108398e-01
8.719799560000000005e-01 4.285455048084259033e-01
8.748205610000000521e-01 4.263266921043395996e-01
8.776612219999999631e-01 4.107128679752349854e-01
8.805019389999999557e-01 3.960416018962860107e-01
8.833427130000000016e-01 3.865819871425628662e-01
8.861835430000000180e-01 3.760983645915985107e-01
8.890244290000000049e-01 3.625980615615844727e-01
8.918653709999999624e-01 3.428059816360473633e-01
8.947063699999999731e-01 2.906812727451324463e-01
8.975474239999999826e-01 2.359632104635238647e-01
9.003885350000000454e-01 2.125037759542465210e-01
9.032297030000000504e-01 2.429420799016952515e-01
9.060709260000000542e-01 2.420531809329986572e-01
9.089122060000000003e-01 1.958757489919662476e-01
9.117535420000000279e-01 1.909586340188980103e-01
9.145949340000000261e-01 1.806485950946807861e-01
9.174363819999999947e-01 1.797232478857040405e-01
9.202778870000000166e-01 2.035145163536071777e-01
9.231194480000000091e-01 1.972405165433883667e-01
9.259610649999999721e-01 1.794180572032928467e-01
9.288027380000000166e-01 1.272474676370620728e-01
9.316444680000000034e-01 6.712399423122406006e-02
9.344862539999999607e-01 3.851601853966712952e-02
9.373280959999999995e-01 4.243969172239303589e-02
9.401699940000000089e-01 6.720158457756042480e-02
9.430119489999999605e-01 6.133202090859413147e-02
9.458539599999999936e-01 5.024126917123794556e-02
9.486960269999999973e-01 5.732753500342369080e-02
9.515381499999999715e-01 5.200388282537460327e-02
9.543803299999999989e-01 5.779018625617027283e-02
9.572225659999999969e-01 5.949557572603225708e-02
9.600648579999999654e-01 6.486131250858306885e-02
9.629072060000000155e-01 7.965711504220962524e-02
9.657496110000000078e-01 8.287177234888076782e-02
9.685920709999999989e-01 1.099850833415985107e-01
9.714345880000000433e-01 1.188008561730384827e-01
9.742771620000000299e-01 1.024066209793090820e-01
9.771197910000000153e-01 1.097611263394355774e-01
9.799624770000000540e-01 1.149734929203987122e-01
9.828052189999999522e-01 1.255944818258285522e-01
9.856480170000000429e-01 1.373797059059143066e-01
9.884908709999999932e-01 1.412113904953002930e-01
9.913337819999999967e-01 1.438364833593368530e-01
9.941767489999999707e-01 1.471872180700302124e-01
9.970197720000000263e-01 1.477272659540176392e-01
9.998628510000000524e-01 1.493192613124847412e-01
1.002705986999999910e+00 1.411690860986709595e-01
1.005549178999999960e+00 1.371302157640457153e-01
1.008392426999999980e+00 1.427862793207168579e-01
1.011235730999999971e+00 1.438563764095306396e-01
1.014079092000000015e+00 1.493194997310638428e-01
1.016922509000000030e+00 1.499279439449310303e-01
1.019765982000000015e+00 1.493651568889617920e-01
1.022609510999999971e+00 1.496305763721466064e-01
1.025453096999999980e+00 1.455989181995391846e-01
1.028296738999999960e+00 1.478606760501861572e-01
1.031140436999999910e+00 1.462056785821914673e-01
1.033984191000000052e+00 1.451465338468551636e-01
1.036828002000000026e+00 1.473479270935058594e-01
1.039671868000000110e+00 1.477094590663909912e-01
1.042515791000000025e+00 1.501554995775222778e-01
1.045359770999999993e+00 1.526103913784027100e-01
