3.615872339999999796e-01 1.261272192001342773e+00
3.644177160000000026e-01 1.419818997383117676e+00
3.672482539999999962e-01 1.575608134269714355e+00
3.700788480000000158e-01 1.569620370864868164e+00
3.729094980000000059e-01 1.408800125122070312e+00
3.757402049999999938e-01 1.495886325836181641e+00
3.785709680000000077e-01 1.647652864456176758e+00
3.814017869999999921e-01 1.436613440513610840e+00
3.842326620000000026e-01 1.276803970336914062e+00
3.870635940000000108e-01 1.437418341636657715e+00
3.898945819999999896e-01 1.582597255706787109e+00
3.927256259999999943e-01 1.379697084426879883e+00
3.955567260000000251e-01 1.424142599105834961e+00
3.983878829999999982e-01 1.814607977867126465e+00
4.012190950000000256e-01 2.226557970046997070e+00
4.040503639999999952e-01 2.249666929244995117e+00
4.068816900000000181e-01 2.185238838195800781e+00
4.097130709999999842e-01 2.243321657180786133e+00
4.125445090000000037e-01 2.320705175399780273e+00
4.153760029999999936e-01 2.352924346923828125e+00
4.182075530000000096e-01 2.285734891891479492e+00
4.210391589999999962e-01 2.277279853820800781e+00
4.238708219999999804e-01 2.256510257720947266e+00
4.267025409999999908e-01 2.203963279724121094e+00
4.295343160000000271e-01 2.018342971801757812e+00
4.323661469999999785e-01 2.135163307189941406e+00
4.351980349999999831e-01 2.319741010665893555e+00
4.380299790000000137e-01 2.354441165924072266e+00
4.408619790000000149e-01 2.419123172760009766e+00
4.436940349999999866e-01 2.556164503097534180e+00
4.465261480000000116e-01 2.588819742202758789e+00
4.493583170000000071e-01 2.749909400939941406e+00
4.521905419999999731e-01 2.746669769287109375e+00
4.550228230000000207e-01 2.733900785446166992e+00
4.578551610000000105e-01 2.788592576980590820e+00
4.606875550000000263e-01 2.806533098220825195e+00
4.635200050000000127e-01 2.834406137466430664e+00
4.663525110000000251e-01 2.773442268371582031e+00
4.691850739999999798e-01 2.762900114059448242e+00
4.720176919999999887e-01 2.799108743667602539e+00
4.748503669999999954e-01 2.852252721786499023e+00
4.776830989999999999e-01 2.877215385437011719e+00
4.805158860000000032e-01 2.933719396591186523e+00
4.833487300000000042e-01 2.914225339889526367e+00
4.861816299999999758e-01 2.681365013122558594e+00
4.890145859999999733e-01 2.793057918548583984e+00
4.918475979999999970e-01 2.871910810470581055e+00
4.946806670000000183e-01 2.920384645462036133e+00
4.975137920000000102e-01 2.944587945938110352e+00
5.003469729999999727e-01 2.868099451065063477e+00
5.031802100000000166e-01 2.848859786987304688e+00
5.060135040000000028e-01 2.920680284500122070e+00
5.088468539999999596e-01 2.947748661041259766e+00
5.116802599999999979e-01 2.970390081405639648e+00
5.145137220000000067e-01 2.898272752761840820e+00
5.173472409999999577e-01 2.749016046524047852e+00
5.201808159999999903e-01 2.872568130493164062e+00
5.230144469999999934e-01 3.002257347106933594e+00
5.258481339999999671e-01 2.994050979614257812e+00
5.286818779999999940e-01 3.044328927993774414e+00
5.315156779999999914e-01 3.139853954315185547e+00
5.343495339999999594e-01 3.131147384643554688e+00
5.371834460000000089e-01 3.175872564315795898e+00
5.400174150000000006e-01 3.126026391983032227e+00
5.428514389999999912e-01 3.142300605773925781e+00
5.456855200000000350e-01 3.196990489959716797e+00
5.485196580000000210e-01 3.203502416610717773e+00
5.513538510000000059e-01 3.234078645706176758e+00
5.541881010000000440e-01 3.252322435379028320e+00
5.570224070000000527e-01 3.220247983932495117e+00
5.598567690000000319e-01 3.177986145019531250e+00
5.626911869999999816e-01 3.227009296417236328e+00
5.655256619999999845e-01 3.218947172164916992e+00
5.683601929999999580e-01 3.187748193740844727e+00
5.711947800000000131e-01 3.155493021011352539e+00
5.740294230000000386e-01 3.200708627700805664e+00
5.768641230000000064e-01 3.169577836990356445e+00
5.796988789999999447e-01 3.176637411117553711e+00
5.825336909999999646e-01 3.239729642868041992e+00
5.853685589999999550e-01 3.202201366424560547e+00
5.882034839999999987e-01 2.984527587890625000e+00
5.910384650000000129e-01 2.853674888610839844e+00
5.938735019999999976e-01 2.898965835571289062e+00
5.967085949999999528e-01 2.867548465728759766e+00
5.995437449999999613e-01 2.827535390853881836e+00
6.023789510000000513e-01 2.786062240600585938e+00
6.052142130000000009e-01 2.782202482223510742e+00
6.080495310000000320e-01 2.738481998443603516e+00
6.108849060000000053e-01 2.627782583236694336e+00
6.137203359999999774e-01 2.567095279693603516e+00
6.165558230000000028e-01 2.543878316879272461e+00
6.193913669999999705e-01 2.604998588562011719e+00
6.222269660000000480e-01 2.608274698257446289e+00
6.250626219999999567e-01 2.538890361785888672e+00
6.278983339999999469e-01 2.471838235855102539e+00
6.307341020000000187e-01 2.442097425460815430e+00
6.335699259999999500e-01 2.476860284805297852e+00
6.364058070000000455e-01 2.496019363403320312e+00
6.392417440000000006e-01 2.495791196823120117e+00
6.420777370000000372e-01 2.466916561126708984e+00
6.449137860000000444e-01 2.439132690429687500e+00
6.477498919999999938e-01 2.320736169815063477e+00
6.505860540000000247e-01 2.302947282791137695e+00
6.534222720000000262e-01 2.299737691879272461e+00
6.562585459999999982e-01 2.119195222854614258e+00
6.590948770000000234e-01 2.201550722122192383e+00
6.619312640000000192e-01 2.258168697357177734e+00
6.647677069999999855e-01 2.240379810333251953e+00
6.676042060000000333e-01 2.223080396652221680e+00
6.704407620000000234e-01 2.198197126388549805e+00
6.732773739999999840e-01 2.172358751296997070e+00
6.761140420000000262e-01 2.166907310485839844e+00
6.789507660000000389e-01 2.154540061950683594e+00
6.817875469999999938e-01 2.118119001388549805e+00
6.846243829999999475e-01 2.029591560363769531e+00
6.874612759999999545e-01 1.702099442481994629e+00
6.902982260000000148e-01 1.714501857757568359e+00
6.931352309999999628e-01 1.742374300956726074e+00
6.959722929999999641e-01 1.747038245201110840e+00
6.988094110000000470e-01 1.723653435707092285e+00
7.016465849999999893e-01 1.617098093032836914e+00
7.044838150000000132e-01 1.612322926521301270e+00
7.073211019999999793e-01 1.566446781158447266e+00
7.101584450000000270e-01 1.506860733032226562e+00
7.129958440000000452e-01 1.408483505249023438e+00
7.158332990000000340e-01 1.191719174385070801e+00
7.186708109999999650e-01 8.567259907722473145e-01
7.215083789999999775e-01 8.808318972587585449e-01
7.243460029999999605e-01 8.077751994132995605e-01
7.271836830000000251e-01 7.239953875541687012e-01
7.300214200000000320e-01 6.762834191322326660e-01
7.328592130000000093e-01 6.919495463371276855e-01
7.356970619999999572e-01 6.857018470764160156e-01
7.385349669999999866e-01 6.632934808731079102e-01
7.413729289999999583e-01 6.664137840270996094e-01
7.442109470000000115e-01 6.742363572120666504e-01
7.470490210000000353e-01 6.747370958328247070e-01
7.498871510000000296e-01 6.653532981872558594e-01
7.527253379999999661e-01 6.537665724754333496e-01
7.555635800000000124e-01 6.461018323898315430e-01
7.584018790000000010e-01 5.296740531921386719e-01
7.612402350000000428e-01 2.488609105348587036e-01
7.640786459999999725e-01 3.033816218376159668e-01
7.669171139999999554e-01 4.849249124526977539e-01
7.697556380000000198e-01 5.900226235389709473e-01
7.725942180000000548e-01 6.094974279403686523e-01
7.754328539999999492e-01 6.145420074462890625e-01
7.782715470000000080e-01 6.121671795845031738e-01
7.811102960000000373e-01 6.186239123344421387e-01
7.839491010000000371e-01 6.192280650138854980e-01
7.867879620000000074e-01 6.072165966033935547e-01
7.896268800000000310e-01 5.919175148010253906e-01
7.924658540000000251e-01 5.899284482002258301e-01
7.953048839999999897e-01 5.961535573005676270e-01
7.981439700000000359e-01 5.991810560226440430e-01
8.009831130000000243e-01 5.973183512687683105e-01
8.038223119999999833e-01 5.987633466720581055e-01
8.066615670000000238e-01 6.097494363784790039e-01
8.095008780000000348e-01 5.786223411560058594e-01
8.123402459999999881e-01 5.183739662170410156e-01
8.151796700000000229e-01 4.265228807926177979e-01
8.180191500000000282e-01 4.083162844181060791e-01
8.208586860000000041e-01 4.296498894691467285e-01
8.236982790000000332e-01 3.915541172027587891e-01
8.265379269999999501e-01 4.125686287879943848e-01
8.293776320000000313e-01 3.667782843112945557e-01
8.322173940000000547e-01 3.518191874027252197e-01
8.350572109999999659e-01 3.573004901409149170e-01
8.378970850000000414e-01 3.674195408821105957e-01
8.407370149999999764e-01 3.720043301582336426e-01
8.435770009999999930e-01 3.639994561672210693e-01
8.464170429999999801e-01 3.662554025650024414e-01
8.492571420000000204e-01 3.428745269775390625e-01
8.520972970000000313e-01 3.319334685802459717e-01
8.549375080000000127e-01 3.157688379287719727e-01
8.577777749999999646e-01 3.333060443401336670e-01
8.606180989999999698e-01 3.310518264770507812e-01
8.634584789999999455e-01 3.203874826431274414e-01
8.662989150000000027e-01 2.917664647102355957e-01
8.691394070000000305e-01 3.086152672767639160e-01
8.719799560000000005e-01 2.964175641536712646e-01
8.748205610000000521e-01 2.892619371414184570e-01
8.776612219999999631e-01 2.834952771663665771e-01
8.805019389999999557e-01 2.791414856910705566e-01
8.833427130000000016e-01 2.736818790435791016e-01
8.861835430000000180e-01 2.614341974258422852e-01
8.890244290000000049e-01 2.613301575183868408e-01
8.918653709999999624e-01 2.419970184564590454e-01
8.947063699999999731e-01 2.083740681409835815e-01
8.975474239999999826e-01 1.652595102787017822e-01
9.003885350000000454e-01 1.519054919481277466e-01
9.032297030000000504e-01 1.710358113050460815e-01
9.060709260000000542e-01 1.714270561933517456e-01
9.089122060000000003e-01 1.435239911079406738e-01
9.117535420000000279e-01 1.389106661081314087e-01
9.145949340000000261e-01 1.269616037607192993e-01
9.174363819999999947e-01 1.290799528360366821e-01
9.202778870000000166e-01 1.487490385770797729e-01
9.231194480000000091e-01 1.432084739208221436e-01
9.259610649999999721e-01 1.252427250146865845e-01
9.288027380000000166e-01 9.034887701272964478e-02
9.316444680000000034e-01 5.255528911948204041e-02
9.344862539999999607e-01 2.654474787414073944e-02
9.373280959999999995e-01 3.129546716809272766e-02
9.401699940000000089e-01 5.186734721064567566e-02
9.430119489999999605e-01 4.318211600184440613e-02
9.458539599999999936e-01 4.191655293107032776e-02
9.486960269999999973e-01 4.595033824443817139e-02
9.515381499999999715e-01 4.411691054701805115e-02
9.543803299999999989e-01 4.448530077934265137e-02
9.572225659999999969e-01 5.005030706524848938e-02
9.600648579999999654e-01 5.268433317542076111e-02
9.629072060000000155e-01 6.002755463123321533e-02
9.657496110000000078e-01 6.167557090520858765e-02
9.685920709999999989e-01 8.438277989625930786e-02
9.714345880000000433e-01 9.241412580013275146e-02
9.742771620000000299e-01 8.225297182798385620e-02
9.771197910000000153e-01 8.187975734472274780e-02
9.799624770000000540e-01 9.331593662500381470e-02
9.828052189999999522e-01 9.677785634994506836e-02
9.856480170000000429e-01 1.039947941899299622e-01
9.884908709999999932e-01 1.026060879230499268e-01
9.913337819999999967e-01 1.039994731545448303e-01
9.941767489999999707e-01 1.108845323324203491e-01
9.970197720000000263e-01 1.105022877454757690e-01
9.998628510000000524e-01 1.048174649477005005e-01
1.002705986999999910e+00 1.042358651757240295e-01
1.005549178999999960e+00 1.024050563573837280e-01
1.008392426999999980e+00 1.058620139956474304e-01
1.011235730999999971e+00 1.081133559346199036e-01
1.014079092000000015e+00 1.038249805569648743e-01
1.016922509000000030e+00 1.142856255173683167e-01
1.019765982000000015e+00 1.052399948239326477e-01
1.022609510999999971e+00 1.066461205482482910e-01
1.025453096999999980e+00 1.062968820333480835e-01
1.028296738999999960e+00 1.072598546743392944e-01
1.031140436999999910e+00 1.064458116888999939e-01
1.033984191000000052e+00 1.019126102328300476e-01
1.036828002000000026e+00 1.069565787911415100e-01
1.039671868000000110e+00 1.120095700025558472e-01
1.042515791000000025e+00 1.086531803011894226e-01
1.045359770999999993e+00 1.089740023016929626e-01
