3.615872339999999796e-01 1.274749398231506348e+00
3.644177160000000026e-01 1.455980658531188965e+00
3.672482539999999962e-01 1.554511666297912598e+00
3.700788480000000158e-01 1.588113903999328613e+00
3.729094980000000059e-01 1.430750489234924316e+00
3.757402049999999938e-01 1.513092637062072754e+00
3.785709680000000077e-01 1.635308027267456055e+00
3.814017869999999921e-01 1.399648189544677734e+00
3.842326620000000026e-01 1.284111499786376953e+00
3.870635940000000108e-01 1.420414566993713379e+00
3.898945819999999896e-01 1.605177283287048340e+00
3.927256259999999943e-01 1.421783924102783203e+00
3.955567260000000251e-01 1.452505350112915039e+00
3.983878829999999982e-01 1.825639367103576660e+00
4.012190950000000256e-01 2.258728027343750000e+00
4.040503639999999952e-01 2.258279800415039062e+00
4.068816900000000181e-01 2.204210758209228516e+00
4.097130709999999842e-01 2.270552635192871094e+00
4.125445090000000037e-01 2.359034538269042969e+00
4.153760029999999936e-01 2.366093397140502930e+00
4.182075530000000096e-01 2.307537555694580078e+00
4.210391589999999962e-01 2.342571020126342773e+00
4.238708219999999804e-01 2.303497076034545898e+00
4.267025409999999908e-01 2.245842695236206055e+00
4.295343160000000271e-01 2.041671276092529297e+00
4.323661469999999785e-01 2.185445547103881836e+00
4.351980349999999831e-01 2.372416257858276367e+00
4.380299790000000137e-01 2.396122455596923828e+00
4.408619790000000149e-01 2.487267017364501953e+00
4.436940349999999866e-01 2.620739936828613281e+00
4.465261480000000116e-01 2.650387763977050781e+00
4.493583170000000071e-01 2.799590826034545898e+00
4.521905419999999731e-01 2.807412624359130859e+00
4.550228230000000207e-01 2.798627376556396484e+00
4.578551610000000105e-01 2.853167057037353516e+00
4.606875550000000263e-01 2.882443428039550781e+00
4.635200050000000127e-01 2.912189960479736328e+00
4.663525110000000251e-01 2.837444782257080078e+00
4.691850739999999798e-01 2.856226921081542969e+00
4.720176919999999887e-01 2.881809234619140625e+00
4.748503669999999954e-01 2.931556701660156250e+00
4.776830989999999999e-01 2.959823846817016602e+00
4.805158860000000032e-01 3.025683164596557617e+00
4.833487300000000042e-01 2.997160434722900391e+00
4.861816299999999758e-01 2.774353027343750000e+00
4.890145859999999733e-01 2.882578134536743164e+00
4.918475979999999970e-01 2.961503505706787109e+00
4.946806670000000183e-01 3.025354623794555664e+00
4.975137920000000102e-01 3.031837940216064453e+00
5.003469729999999727e-01 2.969405889511108398e+00
5.031802100000000166e-01 2.943969726562500000e+00
5.060135040000000028e-01 3.033026695251464844e+00
5.088468539999999596e-01 3.050418138504028320e+00
5.116802599999999979e-01 3.082241773605346680e+00
5.145137220000000067e-01 3.012660980224609375e+00
5.173472409999999577e-01 2.872020959854125977e+00
5.201808159999999903e-01 3.001211643218994141e+00
5.230144469999999934e-01 3.137388944625854492e+00
5.258481339999999671e-01 3.132504701614379883e+00
5.286818779999999940e-01 3.174027681350708008e+00
5.315156779999999914e-01 3.277274131774902344e+00
5.343495339999999594e-01 3.279147863388061523e+00
5.371834460000000089e-01 3.309827327728271484e+00
5.400174150000000006e-01 3.251083374023437500e+00
5.428514389999999912e-01 3.275630235671997070e+00
5.456855200000000350e-01 3.333424568176269531e+00
5.485196580000000210e-01 3.364308595657348633e+00
5.513538510000000059e-01 3.393406391143798828e+00
5.541881010000000440e-01 3.420775413513183594e+00
5.570224070000000527e-01 3.379801988601684570e+00
5.598567690000000319e-01 3.338105916976928711e+00
5.626911869999999816e-01 3.400070905685424805e+00
5.655256619999999845e-01 3.369014978408813477e+00
5.683601929999999580e-01 3.350929260253906250e+00
5.711947800000000131e-01 3.318027973175048828e+00
5.740294230000000386e-01 3.370103597640991211e+00
5.768641230000000064e-01 3.332951545715332031e+00
5.796988789999999447e-01 3.358605861663818359e+00
5.825336909999999646e-01 3.427484989166259766e+00
5.853685589999999550e-01 3.382533550262451172e+00
5.882034839999999987e-01 3.175531864166259766e+00
5.910384650000000129e-01 3.035029411315917969e+00
5.938735019999999976e-01 3.084579944610595703e+00
5.967085949999999528e-01 3.084438085556030273e+00
5.995437449999999613e-01 3.050544500350952148e+00
6.023789510000000513e-01 3.011949777603149414e+00
6.052142130000000009e-01 3.036195278167724609e+00
6.080495310000000320e-01 2.978955745697021484e+00
6.108849060000000053e-01 2.884547472000122070e+00
6.137203359999999774e-01 2.807308912277221680e+00
6.165558230000000028e-01 2.788330078125000000e+00
6.193913669999999705e-01 2.864694356918334961e+00
6.222269660000000480e-01 2.846287250518798828e+00
6.250626219999999567e-01 2.773551464080810547e+00
6.278983339999999469e-01 2.711202859878540039e+00
6.307341020000000187e-01 2.687832355499267578e+00
6.335699259999999500e-01 2.712214946746826172e+00
6.364058070000000455e-01 2.744357824325561523e+00
6.392417440000000006e-01 2.761701107025146484e+00
6.420777370000000372e-01 2.729785203933715820e+00
6.449137860000000444e-01 2.687272310256958008e+00
6.477498919999999938e-01 2.562536954879760742e+00
6.505860540000000247e-01 2.556495428085327148e+00
6.534222720000000262e-01 2.542764663696289062e+00
6.562585459999999982e-01 2.350787162780761719e+00
6.590948770000000234e-01 2.456719398498535156e+00
6.619312640000000192e-01 2.518789529800415039e+00
6.647677069999999855e-01 2.497045040130615234e+00
6.676042060000000333e-01 2.481131553649902344e+00
6.704407620000000234e-01 2.451571464538574219e+00
6.732773739999999840e-01 2.428555250167846680e+00
6.761140420000000262e-01 2.409698963165283203e+00
6.789507660000000389e-01 2.397217750549316406e+00
6.817875469999999938e-01 2.374913454055786133e+00
6.846243829999999475e-01 2.284400939941406250e+00
6.874612759999999545e-01 1.921486973762512207e+00
6.902982260000000148e-01 1.946595072746276855e+00
6.931352309999999628e-01 1.990873932838439941e+00
6.959722929999999641e-01 2.001952171325683594e+00
6.988094110000000470e-01 1.986267447471618652e+00
7.016465849999999893e-01 1.877003312110900879e+00
7.044838150000000132e-01 1.881053805351257324e+00
7.073211019999999793e-01 1.843879818916320801e+00
7.101584450000000270e-01 1.783770918846130371e+00
7.129958440000000452e-01 1.679866552352905273e+00
7.158332990000000340e-01 1.429222106933593750e+00
7.186708109999999650e-01 1.037879347801208496e+00
7.215083789999999775e-01 1.071967482566833496e+00
7.243460029999999605e-01 9.784388542175292969e-01
7.271836830000000251e-01 8.953935503959655762e-01
7.300214200000000320e-01 8.411574959754943848e-01
7.328592130000000093e-01 8.545328378677368164e-01
7.356970619999999572e-01 8.492974638938903809e-01
7.385349669999999866e-01 8.292720913887023926e-01
7.413729289999999583e-01 8.395328521728515625e-01
7.442109470000000115e-01 8.464497923851013184e-01
7.470490210000000353e-01 8.452004790306091309e-01
7.498871510000000296e-01 8.337467312812805176e-01
7.527253379999999661e-01 8.233600854873657227e-01
7.555635800000000124e-01 8.089888691902160645e-01
7.584018790000000010e-01 6.666344404220581055e-01
7.612402350000000428e-01 3.114655911922454834e-01
7.640786459999999725e-01 3.793228864669799805e-01
7.669171139999999554e-01 6.149902343750000000e-01
7.697556380000000198e-01 7.488747239112854004e-01
7.725942180000000548e-01 7.733940482139587402e-01
7.754328539999999492e-01 7.863197326660156250e-01
7.782715470000000080e-01 7.807704806327819824e-01
7.811102960000000373e-01 7.832182049751281738e-01
7.839491010000000371e-01 7.856311798095703125e-01
7.867879620000000074e-01 7.696853876113891602e-01
7.896268800000000310e-01 7.547909021377563477e-01
7.924658540000000251e-01 7.545731067657470703e-01
7.953048839999999897e-01 7.642886042594909668e-01
7.981439700000000359e-01 7.784595489501953125e-01
8.009831130000000243e-01 7.586323022842407227e-01
8.038223119999999833e-01 7.630377411842346191e-01
8.066615670000000238e-01 7.828484773635864258e-01
8.095008780000000348e-01 7.537850737571716309e-01
8.123402459999999881e-01 6.688462495803833008e-01
8.151796700000000229e-01 5.464612245559692383e-01
8.180191500000000282e-01 5.159795284271240234e-01
8.208586860000000041e-01 5.539264678955078125e-01
8.236982790000000332e-01 5.114036202430725098e-01
8.265379269999999501e-01 5.250900387763977051e-01
8.293776320000000313e-01 4.699193537235260010e-01
8.322173940000000547e-01 4.495923817157745361e-01
8.350572109999999659e-01 4.614086449146270752e-01
8.378970850000000414e-01 4.696682989597320557e-01
8.407370149999999764e-01 4.727814793586730957e-01
8.435770009999999930e-01 4.645625650882720947e-01
8.464170429999999801e-01 4.646485447883605957e-01
8.492571420000000204e-01 4.432701170444488525e-01
8.520972970000000313e-01 4.219803512096405029e-01
8.549375080000000127e-01 3.996469974517822266e-01
8.577777749999999646e-01 4.225170612335205078e-01
8.606180989999999698e-01 4.169514477252960205e-01
8.634584789999999455e-01 4.105357527732849121e-01
8.662989150000000027e-01 3.765565752983093262e-01
8.691394070000000305e-01 3.869288265705108643e-01
8.719799560000000005e-01 3.867399692535400391e-01
8.748205610000000521e-01 3.726825416088104248e-01
8.776612219999999631e-01 3.658206462860107422e-01
8.805019389999999557e-01 3.563895225524902344e-01
8.833427130000000016e-01 3.514706194400787354e-01
8.861835430000000180e-01 3.301962018013000488e-01
8.890244290000000049e-01 3.288607001304626465e-01
8.918653709999999624e-01 3.081221282482147217e-01
8.947063699999999731e-01 2.589905261993408203e-01
8.975474239999999826e-01 2.068916112184524536e-01
9.003885350000000454e-01 1.862223744392395020e-01
9.032297030000000504e-01 2.146259844303131104e-01
9.060709260000000542e-01 2.152859419584274292e-01
9.089122060000000003e-01 1.782573759555816650e-01
9.117535420000000279e-01 1.749932765960693359e-01
9.145949340000000261e-01 1.600616723299026489e-01
9.174363819999999947e-01 1.604236364364624023e-01
9.202778870000000166e-01 1.865144819021224976e-01
9.231194480000000091e-01 1.738829016685485840e-01
9.259610649999999721e-01 1.634333878755569458e-01
9.288027380000000166e-01 1.144257485866546631e-01
9.316444680000000034e-01 6.268770992755889893e-02
9.344862539999999607e-01 3.739557042717933655e-02
9.373280959999999995e-01 4.088735580444335938e-02
9.401699940000000089e-01 5.926559865474700928e-02
9.430119489999999605e-01 5.196937918663024902e-02
9.458539599999999936e-01 4.825992882251739502e-02
9.486960269999999973e-01 5.402652174234390259e-02
9.515381499999999715e-01 4.941319301724433899e-02
9.543803299999999989e-01 5.181625485420227051e-02
9.572225659999999969e-01 5.734393373131752014e-02
9.600648579999999654e-01 6.005520746111869812e-02
9.629072060000000155e-01 7.071749120950698853e-02
9.657496110000000078e-01 7.630639523267745972e-02
9.685920709999999989e-01 1.005964130163192749e-01
9.714345880000000433e-01 1.074847877025604248e-01
9.742771620000000299e-01 9.308205544948577881e-02
9.771197910000000153e-01 9.501378983259201050e-02
9.799624770000000540e-01 1.029204353690147400e-01
9.828052189999999522e-01 1.148164197802543640e-01
9.856480170000000429e-01 1.199774444103240967e-01
9.884908709999999932e-01 1.247024536132812500e-01
9.913337819999999967e-01 1.251782923936843872e-01
9.941767489999999707e-01 1.285291016101837158e-01
9.970197720000000263e-01 1.280792802572250366e-01
9.998628510000000524e-01 1.336297690868377686e-01
1.002705986999999910e+00 1.205161511898040771e-01
1.005549178999999960e+00 1.285632401704788208e-01
1.008392426999999980e+00 1.263833791017532349e-01
1.011235730999999971e+00 1.293839216232299805e-01
1.014079092000000015e+00 1.269823014736175537e-01
1.016922509000000030e+00 1.319686025381088257e-01
1.019765982000000015e+00 1.369595080614089966e-01
1.022609510999999971e+00 1.289898753166198730e-01
1.025453096999999980e+00 1.314167827367782593e-01
1.028296738999999960e+00 1.315280795097351074e-01
1.031140436999999910e+00 1.380913555622100830e-01
1.033984191000000052e+00 1.414490044116973877e-01
1.036828002000000026e+00 1.308892369270324707e-01
1.039671868000000110e+00 1.436963379383087158e-01
1.042515791000000025e+00 1.427133232355117798e-01
1.045359770999999993e+00 1.542904078960418701e-01
