3.615872339999999796e-01 1.272684216499328613e+00
3.644177160000000026e-01 1.442668199539184570e+00
3.672482539999999962e-01 1.578973054885864258e+00
3.700788480000000158e-01 1.587857604026794434e+00
3.729094980000000059e-01 1.430079102516174316e+00
3.757402049999999938e-01 1.516187548637390137e+00
3.785709680000000077e-01 1.661507606506347656e+00
3.814017869999999921e-01 1.416361093521118164e+00
3.842326620000000026e-01 1.295659303665161133e+00
3.870635940000000108e-01 1.433518767356872559e+00
3.898945819999999896e-01 1.604512929916381836e+00
3.927256259999999943e-01 1.426628112792968750e+00
3.955567260000000251e-01 1.462628483772277832e+00
3.983878829999999982e-01 1.836206674575805664e+00
4.012190950000000256e-01 2.257567405700683594e+00
4.040503639999999952e-01 2.268361091613769531e+00
4.068816900000000181e-01 2.210483551025390625e+00
4.097130709999999842e-01 2.292780876159667969e+00
4.125445090000000037e-01 2.367439508438110352e+00
4.153760029999999936e-01 2.393675327301025391e+00
4.182075530000000096e-01 2.318767786026000977e+00
4.210391589999999962e-01 2.350008726119995117e+00
4.238708219999999804e-01 2.304011583328247070e+00
4.267025409999999908e-01 2.257425785064697266e+00
4.295343160000000271e-01 2.063889026641845703e+00
4.323661469999999785e-01 2.180171489715576172e+00
4.351980349999999831e-01 2.392311811447143555e+00
4.380299790000000137e-01 2.406229019165039062e+00
4.408619790000000149e-01 2.503370523452758789e+00
4.436940349999999866e-01 2.643627643585205078e+00
4.465261480000000116e-01 2.677663803100585938e+00
4.493583170000000071e-01 2.842349529266357422e+00
4.521905419999999731e-01 2.837933778762817383e+00
4.550228230000000207e-01 2.829815149307250977e+00
4.578551610000000105e-01 2.895433187484741211e+00
4.606875550000000263e-01 2.900008440017700195e+00
4.635200050000000127e-01 2.931748628616333008e+00
4.663525110000000251e-01 2.881349563598632812e+00
4.691850739999999798e-01 2.877214431762695312e+00
4.720176919999999887e-01 2.917279720306396484e+00
4.748503669999999954e-01 2.969801664352416992e+00
4.776830989999999999e-01 2.995061874389648438e+00
4.805158860000000032e-01 3.048606395721435547e+00
4.833487300000000042e-01 3.034915924072265625e+00
4.861816299999999758e-01 2.794523715972900391e+00
4.890145859999999733e-01 2.916748762130737305e+00
4.918475979999999970e-01 2.993615150451660156e+00
4.946806670000000183e-01 3.061184406280517578e+00
4.975137920000000102e-01 3.073318481445312500e+00
5.003469729999999727e-01 3.000490188598632812e+00
5.031802100000000166e-01 2.976935863494873047e+00
5.060135040000000028e-01 3.077499628067016602e+00
5.088468539999999596e-01 3.082757234573364258e+00
5.116802599999999979e-01 3.131332635879516602e+00
5.145137220000000067e-01 3.059790611267089844e+00
5.173472409999999577e-01 2.900894403457641602e+00
5.201808159999999903e-01 3.036055088043212891e+00
5.230144469999999934e-01 3.166054725646972656e+00
5.258481339999999671e-01 3.171075344085693359e+00
5.286818779999999940e-01 3.222695827484130859e+00
5.315156779999999914e-01 3.317729234695434570e+00
5.343495339999999594e-01 3.318675041198730469e+00
5.371834460000000089e-01 3.363710641860961914e+00
5.400174150000000006e-01 3.301457405090332031e+00
5.428514389999999912e-01 3.338450908660888672e+00
5.456855200000000350e-01 3.392968177795410156e+00
5.485196580000000210e-01 3.404545783996582031e+00
5.513538510000000059e-01 3.430997610092163086e+00
5.541881010000000440e-01 3.455191850662231445e+00
5.570224070000000527e-01 3.425513267517089844e+00
5.598567690000000319e-01 3.385707616806030273e+00
5.626911869999999816e-01 3.430617809295654297e+00
5.655256619999999845e-01 3.418664693832397461e+00
5.683601929999999580e-01 3.397724866867065430e+00
5.711947800000000131e-01 3.369347810745239258e+00
5.740294230000000386e-01 3.411817073822021484e+00
5.768641230000000064e-01 3.386091947555541992e+00
5.796988789999999447e-01 3.401740312576293945e+00
5.825336909999999646e-01 3.475332021713256836e+00
5.853685589999999550e-01 3.437374591827392578e+00
5.882034839999999987e-01 3.217402219772338867e+00
5.910384650000000129e-01 3.081693887710571289e+00
5.938735019999999976e-01 3.139426469802856445e+00
5.967085949999999528e-01 3.141685009002685547e+00
5.995437449999999613e-01 3.118844747543334961e+00
6.023789510000000513e-01 3.087001085281372070e+00
6.052142130000000009e-01 3.102321624755859375e+00
6.080495310000000320e-01 3.052533626556396484e+00
6.108849060000000053e-01 2.957228422164916992e+00
6.137203359999999774e-01 2.878230333328247070e+00
6.165558230000000028e-01 2.851406812667846680e+00
6.193913669999999705e-01 2.925514936447143555e+00
6.222269660000000480e-01 2.915131330490112305e+00
6.250626219999999567e-01 2.853397607803344727e+00
6.278983339999999469e-01 2.786949157714843750e+00
6.307341020000000187e-01 2.764621973037719727e+00
6.335699259999999500e-01 2.793369293212890625e+00
6.364058070000000455e-01 2.831135034561157227e+00
6.392417440000000006e-01 2.829524517059326172e+00
6.420777370000000372e-01 2.798646450042724609e+00
6.449137860000000444e-01 2.762156963348388672e+00
6.477498919999999938e-01 2.634706258773803711e+00
6.505860540000000247e-01 2.635526657104492188e+00
6.534222720000000262e-01 2.626017332077026367e+00
6.562585459999999982e-01 2.419920682907104492e+00
6.590948770000000234e-01 2.536026239395141602e+00
6.619312640000000192e-01 2.599416494369506836e+00
6.647677069999999855e-01 2.582956552505493164e+00
6.676042060000000333e-01 2.557465076446533203e+00
6.704407620000000234e-01 2.548511028289794922e+00
6.732773739999999840e-01 2.514461040496826172e+00
6.761140420000000262e-01 2.502369880676269531e+00
6.789507660000000389e-01 2.484794139862060547e+00
6.817875469999999938e-01 2.457856416702270508e+00
6.846243829999999475e-01 2.375095844268798828e+00
6.874612759999999545e-01 1.998064041137695312e+00
6.902982260000000148e-01 2.023778676986694336e+00
6.931352309999999628e-01 2.065825462341308594e+00
6.959722929999999641e-01 2.091004371643066406e+00
6.988094110000000470e-01 2.077238082885742188e+00
7.016465849999999893e-01 1.969127297401428223e+00
7.044838150000000132e-01 1.966298222541809082e+00
7.073211019999999793e-01 1.945468783378601074e+00
7.101584450000000270e-01 1.886484742164611816e+00
7.129958440000000452e-01 1.783227443695068359e+00
7.158332990000000340e-01 1.511547684669494629e+00
7.186708109999999650e-01 1.105809092521667480e+00
7.215083789999999775e-01 1.145517468452453613e+00
7.243460029999999605e-01 1.055579066276550293e+00
7.271836830000000251e-01 9.604669809341430664e-01
7.300214200000000320e-01 9.034568667411804199e-01
7.328592130000000093e-01 9.208239316940307617e-01
7.356970619999999572e-01 9.159069657325744629e-01
7.385349669999999866e-01 9.001439809799194336e-01
7.413729289999999583e-01 8.987130522727966309e-01
7.442109470000000115e-01 9.167494773864746094e-01
7.470490210000000353e-01 9.157320857048034668e-01
7.498871510000000296e-01 8.981549739837646484e-01
7.527253379999999661e-01 8.980936408042907715e-01
7.555635800000000124e-01 8.890786170959472656e-01
7.584018790000000010e-01 7.242462635040283203e-01
7.612402350000000428e-01 3.400741517543792725e-01
7.640786459999999725e-01 4.147428870201110840e-01
7.669171139999999554e-01 6.655869483947753906e-01
7.697556380000000198e-01 8.176605105400085449e-01
7.725942180000000548e-01 8.432249426841735840e-01
7.754328539999999492e-01 8.479668498039245605e-01
7.782715470000000080e-01 8.482368588447570801e-01
7.811102960000000373e-01 8.565694093704223633e-01
7.839491010000000371e-01 8.559570908546447754e-01
7.867879620000000074e-01 8.415108919143676758e-01
7.896268800000000310e-01 8.165295124053955078e-01
7.924658540000000251e-01 8.158565163612365723e-01
7.953048839999999897e-01 8.271686434745788574e-01
7.981439700000000359e-01 8.341917395591735840e-01
8.009831130000000243e-01 8.296031355857849121e-01
8.038223119999999833e-01 8.363578915596008301e-01
8.066615670000000238e-01 8.440911769866943359e-01
8.095008780000000348e-01 8.179110288619995117e-01
8.123402459999999881e-01 7.280890941619873047e-01
8.151796700000000229e-01 5.968330502510070801e-01
8.180191500000000282e-01 5.665974617004394531e-01
8.208586860000000041e-01 6.014412641525268555e-01
8.236982790000000332e-01 5.516321063041687012e-01
8.265379269999999501e-01 5.771298408508300781e-01
8.293776320000000313e-01 5.108115077018737793e-01
8.322173940000000547e-01 4.898138642311096191e-01
8.350572109999999659e-01 4.945562183856964111e-01
8.378970850000000414e-01 5.109813213348388672e-01
8.407370149999999764e-01 5.083190798759460449e-01
8.435770009999999930e-01 5.043532848358154297e-01
8.464170429999999801e-01 5.018860697746276855e-01
8.492571420000000204e-01 4.731637239456176758e-01
8.520972970000000313e-01 4.574917554855346680e-01
8.549375080000000127e-01 4.358705878257751465e-01
8.577777749999999646e-01 4.581594765186309814e-01
8.606180989999999698e-01 4.531980454921722412e-01
8.634584789999999455e-01 4.394132494926452637e-01
8.662989150000000027e-01 4.141550660133361816e-01
8.691394070000000305e-01 4.183012843132019043e-01
8.719799560000000005e-01 4.142859578132629395e-01
8.748205610000000521e-01 4.047645926475524902e-01
8.776612219999999631e-01 3.918479382991790771e-01
8.805019389999999557e-01 3.788169026374816895e-01
8.833427130000000016e-01 3.743319511413574219e-01
8.861835430000000180e-01 3.589931726455688477e-01
8.890244290000000049e-01 3.511394262313842773e-01
8.918653709999999624e-01 3.319118022918701172e-01
8.947063699999999731e-01 2.818209826946258545e-01
8.975474239999999826e-01 2.281180173158645630e-01
9.003885350000000454e-01 2.033760100603103638e-01
9.032297030000000504e-01 2.316431701183319092e-01
9.060709260000000542e-01 2.332761734724044800e-01
9.089122060000000003e-01 1.880651712417602539e-01
9.117535420000000279e-01 1.871950477361679077e-01
9.145949340000000261e-01 1.728036850690841675e-01
9.174363819999999947e-01 1.715138107538223267e-01
9.202778870000000166e-01 1.992411017417907715e-01
9.231194480000000091e-01 1.888684034347534180e-01
9.259610649999999721e-01 1.675204485654830933e-01
9.288027380000000166e-01 1.228698566555976868e-01
9.316444680000000034e-01 6.382060050964355469e-02
9.344862539999999607e-01 3.772056102752685547e-02
9.373280959999999995e-01 4.138021916151046753e-02
9.401699940000000089e-01 6.329485028982162476e-02
9.430119489999999605e-01 5.405382066965103149e-02
9.458539599999999936e-01 4.933242127299308777e-02
9.486960269999999973e-01 5.397408455610275269e-02
9.515381499999999715e-01 5.186116695404052734e-02
9.543803299999999989e-01 5.256954208016395569e-02
9.572225659999999969e-01 6.059751659631729126e-02
9.600648579999999654e-01 6.036099418997764587e-02
9.629072060000000155e-01 6.785122305154800415e-02
9.657496110000000078e-01 8.014626055955886841e-02
9.685920709999999989e-01 1.025979220867156982e-01
9.714345880000000433e-01 1.124587133526802063e-01
9.742771620000000299e-01 1.014337837696075439e-01
9.771197910000000153e-01 1.040621027350425720e-01
9.799624770000000540e-01 1.073936671018600464e-01
9.828052189999999522e-01 1.186093017458915710e-01
9.856480170000000429e-01 1.272454559803009033e-01
9.884908709999999932e-01 1.320346444845199585e-01
9.913337819999999967e-01 1.328948587179183960e-01
9.941767489999999707e-01 1.361610442399978638e-01
9.970197720000000263e-01 1.402103304862976074e-01
9.998628510000000524e-01 1.370019465684890747e-01
1.002705986999999910e+00 1.345849931240081787e-01
1.005549178999999960e+00 1.316320300102233887e-01
1.008392426999999980e+00 1.336206048727035522e-01
1.011235730999999971e+00 1.355526298284530640e-01
1.014079092000000015e+00 1.392794102430343628e-01
1.016922509000000030e+00 1.436121910810470581e-01
1.019765982000000015e+00 1.357924044132232666e-01
1.022609510999999971e+00 1.449835896492004395e-01
1.025453096999999980e+00 1.372632831335067749e-01
1.028296738999999960e+00 1.414072513580322266e-01
1.031140436999999910e+00 1.382458508014678955e-01
1.033984191000000052e+00 1.395266652107238770e-01
1.036828002000000026e+00 1.409782469272613525e-01
1.039671868000000110e+00 1.344046741724014282e-01
1.042515791000000025e+00 1.324155032634735107e-01
1.045359770999999993e+00 1.498537361621856689e-01
