3.615872339999999796e-01 1.328811407089233398e+00
3.644177160000000026e-01 1.492709040641784668e+00
3.672482539999999962e-01 1.613686203956604004e+00
3.700788480000000158e-01 1.544813156127929688e+00
3.729094980000000059e-01 1.436060070991516113e+00
3.757402049999999938e-01 1.521146178245544434e+00
3.785709680000000077e-01 1.694133400917053223e+00
3.814017869999999921e-01 1.442824602127075195e+00
3.842326620000000026e-01 1.312214136123657227e+00
3.870635940000000108e-01 1.480180740356445312e+00
3.898945819999999896e-01 1.608870983123779297e+00
3.927256259999999943e-01 1.444347977638244629e+00
3.955567260000000251e-01 1.493586778640747070e+00
3.983878829999999982e-01 1.865433573722839355e+00
4.012190950000000256e-01 2.300053358078002930e+00
4.040503639999999952e-01 2.311616659164428711e+00
4.068816900000000181e-01 2.267342567443847656e+00
4.097130709999999842e-01 2.320898056030273438e+00
4.125445090000000037e-01 2.429632186889648438e+00
4.153760029999999936e-01 2.435869455337524414e+00
4.182075530000000096e-01 2.377454519271850586e+00
4.210391589999999962e-01 2.403587102890014648e+00
4.238708219999999804e-01 2.348336935043334961e+00
4.267025409999999908e-01 2.298506498336791992e+00
4.295343160000000271e-01 2.106823205947875977e+00
4.323661469999999785e-01 2.245390653610229492e+00
4.351980349999999831e-01 2.453048944473266602e+00
4.380299790000000137e-01 2.488031387329101562e+00
4.408619790000000149e-01 2.555949449539184570e+00
4.436940349999999866e-01 2.718786239624023438e+00
4.465261480000000116e-01 2.730090618133544922e+00
4.493583170000000071e-01 2.888863086700439453e+00
4.521905419999999731e-01 2.906998395919799805e+00
4.550228230000000207e-01 2.884387493133544922e+00
4.578551610000000105e-01 2.952214241027832031e+00
4.606875550000000263e-01 2.976340532302856445e+00
4.635200050000000127e-01 3.000378370285034180e+00
4.663525110000000251e-01 2.937697887420654297e+00
4.691850739999999798e-01 2.942474603652954102e+00
4.720176919999999887e-01 2.981931209564208984e+00
4.748503669999999954e-01 3.038689136505126953e+00
4.776830989999999999e-01 3.060336351394653320e+00
4.805158860000000032e-01 3.118813037872314453e+00
4.833487300000000042e-01 3.109793663024902344e+00
4.861816299999999758e-01 2.863839626312255859e+00
4.890145859999999733e-01 2.993231534957885742e+00
4.918475979999999970e-01 3.069370508193969727e+00
4.946806670000000183e-01 3.125293731689453125e+00
4.975137920000000102e-01 3.147197246551513672e+00
5.003469729999999727e-01 3.067058086395263672e+00
5.031802100000000166e-01 3.051926612854003906e+00
5.060135040000000028e-01 3.139224290847778320e+00
5.088468539999999596e-01 3.152502775192260742e+00
5.116802599999999979e-01 3.193435430526733398e+00
5.145137220000000067e-01 3.114703893661499023e+00
5.173472409999999577e-01 2.960209846496582031e+00
5.201808159999999903e-01 3.084569215774536133e+00
5.230144469999999934e-01 3.231710195541381836e+00
5.258481339999999671e-01 3.230614185333251953e+00
5.286818779999999940e-01 3.281893730163574219e+00
5.315156779999999914e-01 3.388567686080932617e+00
5.343495339999999594e-01 3.372501850128173828e+00
5.371834460000000089e-01 3.427334070205688477e+00
5.400174150000000006e-01 3.365573883056640625e+00
5.428514389999999912e-01 3.378144741058349609e+00
5.456855200000000350e-01 3.449249267578125000e+00
5.485196580000000210e-01 3.453974485397338867e+00
5.513538510000000059e-01 3.494390487670898438e+00
5.541881010000000440e-01 3.515188455581665039e+00
5.570224070000000527e-01 3.482148647308349609e+00
5.598567690000000319e-01 3.444039106369018555e+00
5.626911869999999816e-01 3.497125148773193359e+00
5.655256619999999845e-01 3.483444690704345703e+00
5.683601929999999580e-01 3.464489936828613281e+00
5.711947800000000131e-01 3.418087244033813477e+00
5.740294230000000386e-01 3.468310117721557617e+00
5.768641230000000064e-01 3.439587831497192383e+00
5.796988789999999447e-01 3.462169885635375977e+00
5.825336909999999646e-01 3.527427196502685547e+00
5.853685589999999550e-01 3.492656946182250977e+00
5.882034839999999987e-01 3.269204139709472656e+00
5.910384650000000129e-01 3.133533716201782227e+00
5.938735019999999976e-01 3.200723648071289062e+00
5.967085949999999528e-01 3.195911645889282227e+00
5.995437449999999613e-01 3.156474113464355469e+00
6.023789510000000513e-01 3.127144813537597656e+00
6.052142130000000009e-01 3.144429445266723633e+00
6.080495310000000320e-01 3.089635372161865234e+00
6.108849060000000053e-01 3.018149852752685547e+00
6.137203359999999774e-01 2.932715177536010742e+00
6.165558230000000028e-01 2.904245138168334961e+00
6.193913669999999705e-01 2.980353116989135742e+00
6.222269660000000480e-01 2.962522506713867188e+00
6.250626219999999567e-01 2.886866092681884766e+00
6.278983339999999469e-01 2.820647716522216797e+00
6.307341020000000187e-01 2.808325052261352539e+00
6.335699259999999500e-01 2.826514482498168945e+00
6.364058070000000455e-01 2.863575935363769531e+00
6.392417440000000006e-01 2.869405031204223633e+00
6.420777370000000372e-01 2.852501392364501953e+00
6.449137860000000444e-01 2.807718038558959961e+00
6.477498919999999938e-01 2.675804853439331055e+00
6.505860540000000247e-01 2.667053461074829102e+00
6.534222720000000262e-01 2.666428089141845703e+00
6.562585459999999982e-01 2.460671901702880859e+00
6.590948770000000234e-01 2.574574470520019531e+00
6.619312640000000192e-01 2.643501043319702148e+00
6.647677069999999855e-01 2.622102022171020508e+00
6.676042060000000333e-01 2.598639011383056641e+00
6.704407620000000234e-01 2.578745126724243164e+00
6.732773739999999840e-01 2.555451869964599609e+00
6.761140420000000262e-01 2.525304079055786133e+00
6.789507660000000389e-01 2.516192674636840820e+00
6.817875469999999938e-01 2.499276876449584961e+00
6.846243829999999475e-01 2.408410787582397461e+00
6.874612759999999545e-01 2.023428678512573242e+00
6.902982260000000148e-01 2.057438611984252930e+00
6.931352309999999628e-01 2.101236343383789062e+00
6.959722929999999641e-01 2.115224599838256836e+00
6.988094110000000470e-01 2.098776817321777344e+00
7.016465849999999893e-01 1.999458432197570801e+00
7.044838150000000132e-01 1.999091029167175293e+00
7.073211019999999793e-01 1.968576312065124512e+00
7.101584450000000270e-01 1.909610748291015625e+00
7.129958440000000452e-01 1.808576345443725586e+00
7.158332990000000340e-01 1.534401774406433105e+00
7.186708109999999650e-01 1.126064062118530273e+00
7.215083789999999775e-01 1.164152264595031738e+00
7.243460029999999605e-01 1.069283366203308105e+00
7.271836830000000251e-01 9.771170020103454590e-01
7.300214200000000320e-01 9.261298179626464844e-01
7.328592130000000093e-01 9.445549845695495605e-01
7.356970619999999572e-01 9.402250051498413086e-01
7.385349669999999866e-01 9.246878027915954590e-01
7.413729289999999583e-01 9.258097410202026367e-01
7.442109470000000115e-01 9.427593946456909180e-01
7.470490210000000353e-01 9.386794567108154297e-01
7.498871510000000296e-01 9.267174601554870605e-01
7.527253379999999661e-01 9.250154495239257812e-01
7.555635800000000124e-01 9.018315076828002930e-01
7.584018790000000010e-01 7.516757845878601074e-01
7.612402350000000428e-01 3.512504696846008301e-01
7.640786459999999725e-01 4.234122633934020996e-01
7.669171139999999554e-01 6.877920031547546387e-01
7.697556380000000198e-01 8.403322100639343262e-01
7.725942180000000548e-01 8.716213703155517578e-01
7.754328539999999492e-01 8.686127066612243652e-01
7.782715470000000080e-01 8.740841746330261230e-01
7.811102960000000373e-01 8.766059875488281250e-01
7.839491010000000371e-01 8.827098608016967773e-01
7.867879620000000074e-01 8.644014596939086914e-01
7.896268800000000310e-01 8.410707712173461914e-01
7.924658540000000251e-01 8.388923406600952148e-01
7.953048839999999897e-01 8.468421101570129395e-01
7.981439700000000359e-01 8.588056564331054688e-01
8.009831130000000243e-01 8.459928035736083984e-01
8.038223119999999833e-01 8.551491498947143555e-01
8.066615670000000238e-01 8.715549111366271973e-01
8.095008780000000348e-01 8.329787254333496094e-01
8.123402459999999881e-01 7.461887598037719727e-01
8.151796700000000229e-01 6.045448184013366699e-01
8.180191500000000282e-01 5.838528871536254883e-01
8.208586860000000041e-01 6.203002333641052246e-01
8.236982790000000332e-01 5.708509683609008789e-01
8.265379269999999501e-01 5.965504050254821777e-01
8.293776320000000313e-01 5.326021909713745117e-01
8.322173940000000547e-01 5.136384963989257812e-01
8.350572109999999659e-01 5.247606039047241211e-01
8.378970850000000414e-01 5.381138324737548828e-01
8.407370149999999764e-01 5.422999858856201172e-01
8.435770009999999930e-01 5.331159234046936035e-01
8.464170429999999801e-01 5.340420603752136230e-01
8.492571420000000204e-01 5.056577920913696289e-01
8.520972970000000313e-01 4.844654798507690430e-01
8.549375080000000127e-01 4.570276141166687012e-01
8.577777749999999646e-01 4.849941432476043701e-01
8.606180989999999698e-01 4.813225269317626953e-01
8.634584789999999455e-01 4.728992581367492676e-01
8.662989150000000027e-01 4.380719661712646484e-01
8.691394070000000305e-01 4.456523656845092773e-01
8.719799560000000005e-01 4.458569586277008057e-01
8.748205610000000521e-01 4.290747642517089844e-01
8.776612219999999631e-01 4.241189658641815186e-01
8.805019389999999557e-01 4.116837680339813232e-01
8.833427130000000016e-01 4.025085270404815674e-01
8.861835430000000180e-01 3.885669112205505371e-01
8.890244290000000049e-01 3.804136514663696289e-01
8.918653709999999624e-01 3.579372167587280273e-01
8.947063699999999731e-01 3.042689561843872070e-01
8.975474239999999826e-01 2.438013404607772827e-01
9.003885350000000454e-01 2.204406857490539551e-01
9.032297030000000504e-01 2.551538050174713135e-01
9.060709260000000542e-01 2.540482878684997559e-01
9.089122060000000003e-01 2.052097171545028687e-01
9.117535420000000279e-01 2.038949131965637207e-01
9.145949340000000261e-01 1.896840184926986694e-01
9.174363819999999947e-01 1.917808353900909424e-01
9.202778870000000166e-01 2.189501374959945679e-01
9.231194480000000091e-01 2.083440870046615601e-01
9.259610649999999721e-01 1.942867934703826904e-01
9.288027380000000166e-01 1.389679759740829468e-01
9.316444680000000034e-01 7.078498601913452148e-02
9.344862539999999607e-01 4.754667356610298157e-02
9.373280959999999995e-01 4.803827032446861267e-02
9.401699940000000089e-01 7.160640507936477661e-02
9.430119489999999605e-01 6.125061586499214172e-02
9.458539599999999936e-01 5.775979906320571899e-02
9.486960269999999973e-01 6.100896745920181274e-02
9.515381499999999715e-01 6.571398675441741943e-02
9.543803299999999989e-01 6.321939826011657715e-02
9.572225659999999969e-01 7.294216006994247437e-02
9.600648579999999654e-01 7.694578170776367188e-02
9.629072060000000155e-01 8.680495619773864746e-02
9.657496110000000078e-01 1.027229577302932739e-01
9.685920709999999989e-01 1.253059953451156616e-01
9.714345880000000433e-01 1.354734003543853760e-01
9.742771620000000299e-01 1.185732856392860413e-01
9.771197910000000153e-01 1.234675347805023193e-01
9.799624770000000540e-01 1.330932676792144775e-01
9.828052189999999522e-01 1.459312289953231812e-01
9.856480170000000429e-01 1.526118665933609009e-01
9.884908709999999932e-01 1.603782176971435547e-01
9.913337819999999967e-01 1.616562455892562866e-01
9.941767489999999707e-01 1.718721538782119751e-01
9.970197720000000263e-01 1.638568937778472900e-01
9.998628510000000524e-01 1.659945845603942871e-01
1.002705986999999910e+00 1.586982160806655884e-01
1.005549178999999960e+00 1.659982502460479736e-01
1.008392426999999980e+00 1.608474701642990112e-01
1.011235730999999971e+00 1.600241214036941528e-01
1.014079092000000015e+00 1.680464148521423340e-01
1.016922509000000030e+00 1.618519276380538940e-01
1.019765982000000015e+00 1.656322330236434937e-01
1.022609510999999971e+00 1.666880100965499878e-01
1.025453096999999980e+00 1.740342974662780762e-01
1.028296738999999960e+00 1.686148047447204590e-01
1.031140436999999910e+00 1.787519156932830811e-01
1.033984191000000052e+00 1.731192767620086670e-01
1.036828002000000026e+00 1.619893759489059448e-01
1.039671868000000110e+00 1.769063025712966919e-01
1.042515791000000025e+00 1.693048626184463501e-01
1.045359770999999993e+00 1.739535629749298096e-01
