3.615872339999999796e-01 1.235897541046142578e+00
3.644177160000000026e-01 1.424032092094421387e+00
3.672482539999999962e-01 1.593010783195495605e+00
3.700788480000000158e-01 1.548205137252807617e+00
3.729094980000000059e-01 1.430020570755004883e+00
3.757402049999999938e-01 1.495886325836181641e+00
3.785709680000000077e-01 1.683311820030212402e+00
3.814017869999999921e-01 1.424600005149841309e+00
3.842326620000000026e-01 1.284347772598266602e+00
3.870635940000000108e-01 1.449297785758972168e+00
3.898945819999999896e-01 1.598815798759460449e+00
3.927256259999999943e-01 1.386044144630432129e+00
3.955567260000000251e-01 1.426399588584899902e+00
3.983878829999999982e-01 1.808017373085021973e+00
4.012190950000000256e-01 2.235631704330444336e+00
4.040503639999999952e-01 2.244127511978149414e+00
4.068816900000000181e-01 2.179262876510620117e+00
4.097130709999999842e-01 2.242036342620849609e+00
4.125445090000000037e-01 2.320092678070068359e+00
4.153760029999999936e-01 2.354767560958862305e+00
4.182075530000000096e-01 2.289805173873901367e+00
4.210391589999999962e-01 2.286905288696289062e+00
4.238708219999999804e-01 2.262059926986694336e+00
4.267025409999999908e-01 2.210483789443969727e+00
4.295343160000000271e-01 2.020452737808227539e+00
4.323661469999999785e-01 2.137706995010375977e+00
4.351980349999999831e-01 2.329677820205688477e+00
4.380299790000000137e-01 2.350166320800781250e+00
4.408619790000000149e-01 2.431383848190307617e+00
4.436940349999999866e-01 2.567200422286987305e+00
4.465261480000000116e-01 2.603322744369506836e+00
4.493583170000000071e-01 2.759567499160766602e+00
4.521905419999999731e-01 2.762290716171264648e+00
4.550228230000000207e-01 2.736440420150756836e+00
4.578551610000000105e-01 2.786533117294311523e+00
4.606875550000000263e-01 2.814179420471191406e+00
4.635200050000000127e-01 2.840424060821533203e+00
4.663525110000000251e-01 2.781183958053588867e+00
4.691850739999999798e-01 2.770492792129516602e+00
4.720176919999999887e-01 2.808746576309204102e+00
4.748503669999999954e-01 2.849678993225097656e+00
4.776830989999999999e-01 2.878658771514892578e+00
4.805158860000000032e-01 2.947859287261962891e+00
4.833487300000000042e-01 2.906373977661132812e+00
4.861816299999999758e-01 2.691938877105712891e+00
4.890145859999999733e-01 2.803109645843505859e+00
4.918475979999999970e-01 2.867011308670043945e+00
4.946806670000000183e-01 2.935125827789306641e+00
4.975137920000000102e-01 2.943955421447753906e+00
5.003469729999999727e-01 2.868412971496582031e+00
5.031802100000000166e-01 2.849166870117187500e+00
5.060135040000000028e-01 2.929136276245117188e+00
5.088468539999999596e-01 2.941056013107299805e+00
5.116802599999999979e-01 2.975924730300903320e+00
5.145137220000000067e-01 2.903735160827636719e+00
5.173472409999999577e-01 2.752693176269531250e+00
5.201808159999999903e-01 2.872848272323608398e+00
5.230144469999999934e-01 3.005587816238403320e+00
5.258481339999999671e-01 3.005274772644042969e+00
5.286818779999999940e-01 3.040017366409301758e+00
5.315156779999999914e-01 3.147645235061645508e+00
5.343495339999999594e-01 3.132485628128051758e+00
5.371834460000000089e-01 3.166371822357177734e+00
5.400174150000000006e-01 3.121020078659057617e+00
5.428514389999999912e-01 3.145635604858398438e+00
5.456855200000000350e-01 3.203391551971435547e+00
5.485196580000000210e-01 3.209307670593261719e+00
5.513538510000000059e-01 3.231062412261962891e+00
5.541881010000000440e-01 3.255573034286499023e+00
5.570224070000000527e-01 3.217776775360107422e+00
5.598567690000000319e-01 3.178229093551635742e+00
5.626911869999999816e-01 3.224583864212036133e+00
5.655256619999999845e-01 3.219433546066284180e+00
5.683601929999999580e-01 3.192559480667114258e+00
5.711947800000000131e-01 3.150786161422729492e+00
5.740294230000000386e-01 3.200473308563232422e+00
5.768641230000000064e-01 3.161157369613647461e+00
5.796988789999999447e-01 3.172557592391967773e+00
5.825336909999999646e-01 3.238122701644897461e+00
5.853685589999999550e-01 3.193754673004150391e+00
5.882034839999999987e-01 2.982023477554321289e+00
5.910384650000000129e-01 2.840634346008300781e+00
5.938735019999999976e-01 2.894932508468627930e+00
5.967085949999999528e-01 2.875440835952758789e+00
5.995437449999999613e-01 2.823724985122680664e+00
6.023789510000000513e-01 2.789616823196411133e+00
6.052142130000000009e-01 2.788546085357666016e+00
6.080495310000000320e-01 2.734172821044921875e+00
6.108849060000000053e-01 2.659205913543701172e+00
6.137203359999999774e-01 2.568403959274291992e+00
6.165558230000000028e-01 2.551483631134033203e+00
6.193913669999999705e-01 2.619404792785644531e+00
6.222269660000000480e-01 2.602060317993164062e+00
6.250626219999999567e-01 2.528038740158081055e+00
6.278983339999999469e-01 2.467399120330810547e+00
6.307341020000000187e-01 2.441498994827270508e+00
6.335699259999999500e-01 2.476074457168579102e+00
6.364058070000000455e-01 2.496019363403320312e+00
6.392417440000000006e-01 2.492212533950805664e+00
6.420777370000000372e-01 2.466722249984741211e+00
6.449137860000000444e-01 2.431992769241333008e+00
6.477498919999999938e-01 2.317857265472412109e+00
6.505860540000000247e-01 2.306387662887573242e+00
6.534222720000000262e-01 2.291841506958007812e+00
6.562585459999999982e-01 2.115968465805053711e+00
6.590948770000000234e-01 2.200598478317260742e+00
6.619312640000000192e-01 2.256292343139648438e+00
6.647677069999999855e-01 2.234972238540649414e+00
6.676042060000000333e-01 2.216920137405395508e+00
6.704407620000000234e-01 2.191554307937622070e+00
6.732773739999999840e-01 2.169233798980712891e+00
6.761140420000000262e-01 2.152718305587768555e+00
6.789507660000000389e-01 2.143778324127197266e+00
6.817875469999999938e-01 2.110848903656005859e+00
6.846243829999999475e-01 2.023264884948730469e+00
6.874612759999999545e-01 1.695756435394287109e+00
6.902982260000000148e-01 1.709835529327392578e+00
6.931352309999999628e-01 1.737001061439514160e+00
6.959722929999999641e-01 1.743841767311096191e+00
6.988094110000000470e-01 1.718691706657409668e+00
7.016465849999999893e-01 1.616920471191406250e+00
7.044838150000000132e-01 1.613035082817077637e+00
7.073211019999999793e-01 1.565739989280700684e+00
7.101584450000000270e-01 1.498844504356384277e+00
7.129958440000000452e-01 1.409878730773925781e+00
7.158332990000000340e-01 1.183300852775573730e+00
7.186708109999999650e-01 8.591534495353698730e-01
7.215083789999999775e-01 8.776766657829284668e-01
7.243460029999999605e-01 8.053326606750488281e-01
7.271836830000000251e-01 7.212147712707519531e-01
7.300214200000000320e-01 6.780161857604980469e-01
7.328592130000000093e-01 6.910826563835144043e-01
7.356970619999999572e-01 6.811711788177490234e-01
7.385349669999999866e-01 6.610237360000610352e-01
7.413729289999999583e-01 6.634464859962463379e-01
7.442109470000000115e-01 6.766424775123596191e-01
7.470490210000000353e-01 6.780209541320800781e-01
7.498871510000000296e-01 6.648357510566711426e-01
7.527253379999999661e-01 6.548045873641967773e-01
7.555635800000000124e-01 6.461018323898315430e-01
7.584018790000000010e-01 5.327836871147155762e-01
7.612402350000000428e-01 2.530376017093658447e-01
7.640786459999999725e-01 3.042559325695037842e-01
7.669171139999999554e-01 4.856105744838714600e-01
7.697556380000000198e-01 5.912384390830993652e-01
7.725942180000000548e-01 6.108933687210083008e-01
7.754328539999999492e-01 6.128001213073730469e-01
7.782715470000000080e-01 6.182783842086791992e-01
7.811102960000000373e-01 6.191496253013610840e-01
7.839491010000000371e-01 6.207926273345947266e-01
7.867879620000000074e-01 6.018460988998413086e-01
7.896268800000000310e-01 5.896382331848144531e-01
7.924658540000000251e-01 5.906239151954650879e-01
7.953048839999999897e-01 5.961535573005676270e-01
7.981439700000000359e-01 6.010965108871459961e-01
8.009831130000000243e-01 5.990834832191467285e-01
8.038223119999999833e-01 5.947681665420532227e-01
8.066615670000000238e-01 6.100977063179016113e-01
8.095008780000000348e-01 5.819690227508544922e-01
8.123402459999999881e-01 5.169710516929626465e-01
8.151796700000000229e-01 4.309055805206298828e-01
8.180191500000000282e-01 4.045930504798889160e-01
8.208586860000000041e-01 4.307107627391815186e-01
8.236982790000000332e-01 3.926181197166442871e-01
8.265379269999999501e-01 4.109865725040435791e-01
8.293776320000000313e-01 3.667782843112945557e-01
8.322173940000000547e-01 3.567421734333038330e-01
8.350572109999999659e-01 3.599497675895690918e-01
8.378970850000000414e-01 3.726960122585296631e-01
8.407370149999999764e-01 3.734035193920135498e-01
8.435770009999999930e-01 3.655699193477630615e-01
8.464170429999999801e-01 3.679741024971008301e-01
8.492571420000000204e-01 3.416562080383300781e-01
8.520972970000000313e-01 3.319334685802459717e-01
8.549375080000000127e-01 3.132085502147674561e-01
8.577777749999999646e-01 3.358725607395172119e-01
8.606180989999999698e-01 3.313894569873809814e-01
8.634584789999999455e-01 3.231011927127838135e-01
8.662989150000000027e-01 2.974939644336700439e-01
8.691394070000000305e-01 3.074411749839782715e-01
8.719799560000000005e-01 3.024125397205352783e-01
8.748205610000000521e-01 2.961212396621704102e-01
8.776612219999999631e-01 2.871192693710327148e-01
8.805019389999999557e-01 2.801319360733032227e-01
8.833427130000000016e-01 2.759803235530853271e-01
8.861835430000000180e-01 2.638729512691497803e-01
8.890244290000000049e-01 2.601875662803649902e-01
8.918653709999999624e-01 2.445731610059738159e-01
8.947063699999999731e-01 2.096623033285140991e-01
8.975474239999999826e-01 1.660648733377456665e-01
9.003885350000000454e-01 1.549532115459442139e-01
9.032297030000000504e-01 1.710358113050460815e-01
9.060709260000000542e-01 1.728569269180297852e-01
9.089122060000000003e-01 1.435240060091018677e-01
9.117535420000000279e-01 1.420570015907287598e-01
9.145949340000000261e-01 1.299507915973663330e-01
9.174363819999999947e-01 1.309712380170822144e-01
9.202778870000000166e-01 1.512836217880249023e-01
9.231194480000000091e-01 1.400366425514221191e-01
9.259610649999999721e-01 1.297386139631271362e-01
9.288027380000000166e-01 9.293027222156524658e-02
9.316444680000000034e-01 5.223187059164047241e-02
9.344862539999999607e-01 3.033685497939586639e-02
9.373280959999999995e-01 3.213674575090408325e-02
9.401699940000000089e-01 4.981995373964309692e-02
9.430119489999999605e-01 4.561981558799743652e-02
9.458539599999999936e-01 4.451468959450721741e-02
9.486960269999999973e-01 4.473195970058441162e-02
9.515381499999999715e-01 4.655816033482551575e-02
9.543803299999999989e-01 4.676210880279541016e-02
9.572225659999999969e-01 5.162531509995460510e-02
9.600648579999999654e-01 4.898409545421600342e-02
9.629072060000000155e-01 6.146533787250518799e-02
9.657496110000000078e-01 6.406895071268081665e-02
9.685920709999999989e-01 8.289586007595062256e-02
9.714345880000000433e-01 9.069922566413879395e-02
9.742771620000000299e-01 8.128071576356887817e-02
9.771197910000000153e-01 8.583530038595199585e-02
9.799624770000000540e-01 9.229720383882522583e-02
9.828052189999999522e-01 1.021890863776206970e-01
9.856480170000000429e-01 1.067538410425186157e-01
9.884908709999999932e-01 1.074089258909225464e-01
9.913337819999999967e-01 1.051105782389640808e-01
9.941767489999999707e-01 1.122506633400917053e-01
9.970197720000000263e-01 1.144654527306556702e-01
9.998628510000000524e-01 1.148455590009689331e-01
1.002705986999999910e+00 1.072140336036682129e-01
1.005549178999999960e+00 1.059892326593399048e-01
1.008392426999999980e+00 1.077286005020141602e-01
1.011235730999999971e+00 1.139951720833778381e-01
1.014079092000000015e+00 1.061581224203109741e-01
1.016922509000000030e+00 1.145945042371749878e-01
1.019765982000000015e+00 1.091619804501533508e-01
1.022609510999999971e+00 1.063021048903465271e-01
1.025453096999999980e+00 1.066646948456764221e-01
1.028296738999999960e+00 1.112032309174537659e-01
1.031140436999999910e+00 1.098250448703765869e-01
1.033984191000000052e+00 1.060256734490394592e-01
1.036828002000000026e+00 1.099139079451560974e-01
1.039671868000000110e+00 1.120095700025558472e-01
1.042515791000000025e+00 1.115897521376609802e-01
1.045359770999999993e+00 1.140721961855888367e-01
