3.615872339999999796e-01 1.292319416999816895e+00
3.644177160000000026e-01 1.485965251922607422e+00
3.672482539999999962e-01 1.527504444122314453e+00
3.700788480000000158e-01 1.559060573577880859e+00
3.729094980000000059e-01 1.378389716148376465e+00
3.757402049999999938e-01 1.482822775840759277e+00
3.785709680000000077e-01 1.650515198707580566e+00
3.814017869999999921e-01 1.402197122573852539e+00
3.842326620000000026e-01 1.289811849594116211e+00
3.870635940000000108e-01 1.432518005371093750e+00
3.898945819999999896e-01 1.605683565139770508e+00
3.927256259999999943e-01 1.415528535842895508e+00
3.955567260000000251e-01 1.461765766143798828e+00
3.983878829999999982e-01 1.822288513183593750e+00
4.012190950000000256e-01 2.264867544174194336e+00
4.040503639999999952e-01 2.257628679275512695e+00
4.068816900000000181e-01 2.240273475646972656e+00
4.097130709999999842e-01 2.258211851119995117e+00
4.125445090000000037e-01 2.333187580108642578e+00
4.153760029999999936e-01 2.363809585571289062e+00
4.182075530000000096e-01 2.295227050781250000e+00
4.210391589999999962e-01 2.304188013076782227e+00
4.238708219999999804e-01 2.275127887725830078e+00
4.267025409999999908e-01 2.217360019683837891e+00
4.295343160000000271e-01 2.013545751571655273e+00
4.323661469999999785e-01 2.150624275207519531e+00
4.351980349999999831e-01 2.354744672775268555e+00
4.380299790000000137e-01 2.365006685256958008e+00
4.408619790000000149e-01 2.450283050537109375e+00
4.436940349999999866e-01 2.582524061203002930e+00
4.465261480000000116e-01 2.601412296295166016e+00
4.493583170000000071e-01 2.762525081634521484e+00
4.521905419999999731e-01 2.775801181793212891e+00
4.550228230000000207e-01 2.750013589859008789e+00
4.578551610000000105e-01 2.797698736190795898e+00
4.606875550000000263e-01 2.834034919738769531e+00
4.635200050000000127e-01 2.830995559692382812e+00
4.663525110000000251e-01 2.791300535202026367e+00
4.691850739999999798e-01 2.775822401046752930e+00
4.720176919999999887e-01 2.822514772415161133e+00
4.748503669999999954e-01 2.860238552093505859e+00
4.776830989999999999e-01 2.896716594696044922e+00
4.805158860000000032e-01 2.954694271087646484e+00
4.833487300000000042e-01 2.917757511138916016e+00
4.861816299999999758e-01 2.693911790847778320e+00
4.890145859999999733e-01 2.816823005676269531e+00
4.918475979999999970e-01 2.883613348007202148e+00
4.946806670000000183e-01 2.951019048690795898e+00
4.975137920000000102e-01 2.968651056289672852e+00
5.003469729999999727e-01 2.888399839401245117e+00
5.031802100000000166e-01 2.872950315475463867e+00
5.060135040000000028e-01 2.941759824752807617e+00
5.088468539999999596e-01 2.964834451675415039e+00
5.116802599999999979e-01 2.980050325393676758e+00
5.145137220000000067e-01 2.926312685012817383e+00
5.173472409999999577e-01 2.776692628860473633e+00
5.201808159999999903e-01 2.900463819503784180e+00
5.230144469999999934e-01 3.009894847869873047e+00
5.258481339999999671e-01 3.016645431518554688e+00
5.286818779999999940e-01 3.059741258621215820e+00
5.315156779999999914e-01 3.166896104812622070e+00
5.343495339999999594e-01 3.152030706405639648e+00
5.371834460000000089e-01 3.193161249160766602e+00
5.400174150000000006e-01 3.132628202438354492e+00
5.428514389999999912e-01 3.146516323089599609e+00
5.456855200000000350e-01 3.205915451049804688e+00
5.485196580000000210e-01 3.208820581436157227e+00
5.513538510000000059e-01 3.244232654571533203e+00
5.541881010000000440e-01 3.281490564346313477e+00
5.570224070000000527e-01 3.241918087005615234e+00
5.598567690000000319e-01 3.199796438217163086e+00
5.626911869999999816e-01 3.245007038116455078e+00
5.655256619999999845e-01 3.242088794708251953e+00
5.683601929999999580e-01 3.210445404052734375e+00
5.711947800000000131e-01 3.174346208572387695e+00
5.740294230000000386e-01 3.219660997390747070e+00
5.768641230000000064e-01 3.182417154312133789e+00
5.796988789999999447e-01 3.194859981536865234e+00
5.825336909999999646e-01 3.262103557586669922e+00
5.853685589999999550e-01 3.217335939407348633e+00
5.882034839999999987e-01 2.991254568099975586e+00
5.910384650000000129e-01 2.865553617477416992e+00
5.938735019999999976e-01 2.909759998321533203e+00
5.967085949999999528e-01 2.888124704360961914e+00
5.995437449999999613e-01 2.841577053070068359e+00
6.023789510000000513e-01 2.795847892761230469e+00
6.052142130000000009e-01 2.805218458175659180e+00
6.080495310000000320e-01 2.759087085723876953e+00
6.108849060000000053e-01 2.667486667633056641e+00
6.137203359999999774e-01 2.573446512222290039e+00
6.165558230000000028e-01 2.571790456771850586e+00
6.193913669999999705e-01 2.629881381988525391e+00
6.222269660000000480e-01 2.617055892944335938e+00
6.250626219999999567e-01 2.551250219345092773e+00
6.278983339999999469e-01 2.485271215438842773e+00
6.307341020000000187e-01 2.459945201873779297e+00
6.335699259999999500e-01 2.481514453887939453e+00
6.364058070000000455e-01 2.509975910186767578e+00
6.392417440000000006e-01 2.516429185867309570e+00
6.420777370000000372e-01 2.477894306182861328e+00
6.449137860000000444e-01 2.449544906616210938e+00
6.477498919999999938e-01 2.327686786651611328e+00
6.505860540000000247e-01 2.321177721023559570e+00
6.534222720000000262e-01 2.309361934661865234e+00
6.562585459999999982e-01 2.124920845031738281e+00
6.590948770000000234e-01 2.208646774291992188e+00
6.619312640000000192e-01 2.267544031143188477e+00
6.647677069999999855e-01 2.251100540161132812e+00
6.676042060000000333e-01 2.228741407394409180e+00
6.704407620000000234e-01 2.211767911911010742e+00
6.732773739999999840e-01 2.175374507904052734e+00
6.761140420000000262e-01 2.169096469879150391e+00
6.789507660000000389e-01 2.152287721633911133e+00
6.817875469999999938e-01 2.125588417053222656e+00
6.846243829999999475e-01 2.037126779556274414e+00
6.874612759999999545e-01 1.702122330665588379e+00
6.902982260000000148e-01 1.721793651580810547e+00
6.931352309999999628e-01 1.753776073455810547e+00
6.959722929999999641e-01 1.753769159317016602e+00
6.988094110000000470e-01 1.731232166290283203e+00
7.016465849999999893e-01 1.625642299652099609e+00
7.044838150000000132e-01 1.621929645538330078e+00
7.073211019999999793e-01 1.582354187965393066e+00
7.101584450000000270e-01 1.514046192169189453e+00
7.129958440000000452e-01 1.418891787528991699e+00
7.158332990000000340e-01 1.200143694877624512e+00
7.186708109999999650e-01 8.751355409622192383e-01
7.215083789999999775e-01 8.906649351119995117e-01
7.243460029999999605e-01 8.122754096984863281e-01
7.271836830000000251e-01 7.326735258102416992e-01
7.300214200000000320e-01 6.846041083335876465e-01
7.328592130000000093e-01 7.002519369125366211e-01
7.356970619999999572e-01 6.945381760597229004e-01
7.385349669999999866e-01 6.776036620140075684e-01
7.413729289999999583e-01 6.753236055374145508e-01
7.442109470000000115e-01 6.895912885665893555e-01
7.470490210000000353e-01 6.816954016685485840e-01
7.498871510000000296e-01 6.738995909690856934e-01
7.527253379999999661e-01 6.650483012199401855e-01
7.555635800000000124e-01 6.562839150428771973e-01
7.584018790000000010e-01 5.366420149803161621e-01
7.612402350000000428e-01 2.580196261405944824e-01
7.640786459999999725e-01 3.081234097480773926e-01
7.669171139999999554e-01 4.905069172382354736e-01
7.697556380000000198e-01 5.967143774032592773e-01
7.725942180000000548e-01 6.138879060745239258e-01
7.754328539999999492e-01 6.223430037498474121e-01
7.782715470000000080e-01 6.188672184944152832e-01
7.811102960000000373e-01 6.240687370300292969e-01
7.839491010000000371e-01 6.256936788558959961e-01
7.867879620000000074e-01 6.081021428108215332e-01
7.896268800000000310e-01 5.990663766860961914e-01
7.924658540000000251e-01 5.957754850387573242e-01
7.953048839999999897e-01 6.000463962554931641e-01
7.981439700000000359e-01 6.077525615692138672e-01
8.009831130000000243e-01 6.008282899856567383e-01
8.038223119999999833e-01 6.037847399711608887e-01
8.066615670000000238e-01 6.084179878234863281e-01
8.095008780000000348e-01 5.943648219108581543e-01
8.123402459999999881e-01 5.212995409965515137e-01
8.151796700000000229e-01 4.313599765300750732e-01
8.180191500000000282e-01 4.059440195560455322e-01
8.208586860000000041e-01 4.347568154335021973e-01
8.236982790000000332e-01 3.997815847396850586e-01
8.265379269999999501e-01 4.228534698486328125e-01
8.293776320000000313e-01 3.742543458938598633e-01
8.322173940000000547e-01 3.630144298076629639e-01
8.350572109999999659e-01 3.655738830566406250e-01
8.378970850000000414e-01 3.748322129249572754e-01
8.407370149999999764e-01 3.778451383113861084e-01
8.435770009999999930e-01 3.724157810211181641e-01
8.464170429999999801e-01 3.726406097412109375e-01
8.492571420000000204e-01 3.516821265220642090e-01
8.520972970000000313e-01 3.395003378391265869e-01
8.549375080000000127e-01 3.212339282035827637e-01
8.577777749999999646e-01 3.381128609180450439e-01
8.606180989999999698e-01 3.378421962261199951e-01
8.634584789999999455e-01 3.298421800136566162e-01
8.662989150000000027e-01 3.015497922897338867e-01
8.691394070000000305e-01 3.113668859004974365e-01
8.719799560000000005e-01 3.056269288063049316e-01
8.748205610000000521e-01 2.997768223285675049e-01
8.776612219999999631e-01 2.907116115093231201e-01
8.805019389999999557e-01 2.818543314933776855e-01
8.833427130000000016e-01 2.798043787479400635e-01
8.861835430000000180e-01 2.704105675220489502e-01
8.890244290000000049e-01 2.619872093200683594e-01
8.918653709999999624e-01 2.503137886524200439e-01
8.947063699999999731e-01 2.091388404369354248e-01
8.975474239999999826e-01 1.689444631338119507e-01
9.003885350000000454e-01 1.523610949516296387e-01
9.032297030000000504e-01 1.742159873247146606e-01
9.060709260000000542e-01 1.755822449922561646e-01
9.089122060000000003e-01 1.402537971735000610e-01
9.117535420000000279e-01 1.463946700096130371e-01
9.145949340000000261e-01 1.320507079362869263e-01
9.174363819999999947e-01 1.322069466114044189e-01
9.202778870000000166e-01 1.539563685655593872e-01
9.231194480000000091e-01 1.482447534799575806e-01
9.259610649999999721e-01 1.334153562784194946e-01
9.288027380000000166e-01 9.320495277643203735e-02
9.316444680000000034e-01 5.054071918129920959e-02
9.344862539999999607e-01 3.152589872479438782e-02
9.373280959999999995e-01 3.274452313780784607e-02
9.401699940000000089e-01 5.171455815434455872e-02
9.430119489999999605e-01 4.381231963634490967e-02
9.458539599999999936e-01 3.747099265456199646e-02
9.486960269999999973e-01 4.316871613264083862e-02
9.515381499999999715e-01 4.463430866599082947e-02
9.543803299999999989e-01 4.654777795076370239e-02
9.572225659999999969e-01 4.993233829736709595e-02
9.600648579999999654e-01 5.182666331529617310e-02
9.629072060000000155e-01 6.122076883912086487e-02
9.657496110000000078e-01 6.816009432077407837e-02
9.685920709999999989e-01 8.287563920021057129e-02
9.714345880000000433e-01 9.558967500925064087e-02
9.742771620000000299e-01 8.339210599660873413e-02
9.771197910000000153e-01 8.517257869243621826e-02
9.799624770000000540e-01 9.266950935125350952e-02
9.828052189999999522e-01 1.022648513317108154e-01
9.856480170000000429e-01 1.047577038407325745e-01
9.884908709999999932e-01 1.094609349966049194e-01
9.913337819999999967e-01 1.128057986497879028e-01
9.941767489999999707e-01 1.157279759645462036e-01
9.970197720000000263e-01 1.143438220024108887e-01
9.998628510000000524e-01 1.103345155715942383e-01
1.002705986999999910e+00 1.107950657606124878e-01
1.005549178999999960e+00 1.104062050580978394e-01
1.008392426999999980e+00 1.047587245702743530e-01
1.011235730999999971e+00 1.119734719395637512e-01
1.014079092000000015e+00 1.088984981179237366e-01
1.016922509000000030e+00 1.101370230317115784e-01
1.019765982000000015e+00 1.082532554864883423e-01
1.022609510999999971e+00 1.102526113390922546e-01
1.025453096999999980e+00 1.051325723528862000e-01
1.028296738999999960e+00 1.057446971535682678e-01
1.031140436999999910e+00 1.095338985323905945e-01
1.033984191000000052e+00 1.102969795465469360e-01
1.036828002000000026e+00 1.096887663006782532e-01
1.039671868000000110e+00 1.170864328742027283e-01
1.042515791000000025e+00 1.160394400358200073e-01
1.045359770999999993e+00 1.190398186445236206e-01
