3.615872339999999796e-01 1.376520752906799316e+00
3.644177160000000026e-01 1.460208296775817871e+00
3.672482539999999962e-01 1.604914665222167969e+00
3.700788480000000158e-01 1.570553302764892578e+00
3.729094980000000059e-01 1.430572867393493652e+00
3.757402049999999938e-01 1.488894939422607422e+00
3.785709680000000077e-01 1.648635149002075195e+00
3.814017869999999921e-01 1.436244130134582520e+00
3.842326620000000026e-01 1.308074116706848145e+00
3.870635940000000108e-01 1.457869887351989746e+00
3.898945819999999896e-01 1.635730504989624023e+00
3.927256259999999943e-01 1.424739599227905273e+00
3.955567260000000251e-01 1.426431536674499512e+00
3.983878829999999982e-01 1.845766782760620117e+00
4.012190950000000256e-01 2.270659208297729492e+00
4.040503639999999952e-01 2.274955272674560547e+00
4.068816900000000181e-01 2.249881744384765625e+00
4.097130709999999842e-01 2.275218009948730469e+00
4.125445090000000037e-01 2.364065885543823242e+00
4.153760029999999936e-01 2.389668464660644531e+00
4.182075530000000096e-01 2.336024999618530273e+00
4.210391589999999962e-01 2.353296041488647461e+00
4.238708219999999804e-01 2.290712594985961914e+00
4.267025409999999908e-01 2.243515014648437500e+00
4.295343160000000271e-01 2.041353225708007812e+00
4.323661469999999785e-01 2.160848379135131836e+00
4.351980349999999831e-01 2.357465505599975586e+00
4.380299790000000137e-01 2.399491071701049805e+00
4.408619790000000149e-01 2.479759931564331055e+00
4.436940349999999866e-01 2.629667043685913086e+00
4.465261480000000116e-01 2.630707502365112305e+00
4.493583170000000071e-01 2.798829317092895508e+00
4.521905419999999731e-01 2.809652090072631836e+00
4.550228230000000207e-01 2.793643236160278320e+00
4.578551610000000105e-01 2.846950531005859375e+00
4.606875550000000263e-01 2.850351095199584961e+00
4.635200050000000127e-01 2.896821975708007812e+00
4.663525110000000251e-01 2.829457521438598633e+00
4.691850739999999798e-01 2.822914361953735352e+00
4.720176919999999887e-01 2.844817161560058594e+00
4.748503669999999954e-01 2.899149417877197266e+00
4.776830989999999999e-01 2.928220510482788086e+00
4.805158860000000032e-01 2.996967315673828125e+00
4.833487300000000042e-01 2.970930337905883789e+00
4.861816299999999758e-01 2.741672039031982422e+00
4.890145859999999733e-01 2.852596282958984375e+00
4.918475979999999970e-01 2.923599958419799805e+00
4.946806670000000183e-01 2.978087663650512695e+00
4.975137920000000102e-01 3.001962423324584961e+00
5.003469729999999727e-01 2.927992343902587891e+00
5.031802100000000166e-01 2.911700725555419922e+00
5.060135040000000028e-01 2.991019248962402344e+00
5.088468539999999596e-01 3.008369922637939453e+00
5.116802599999999979e-01 3.040708065032958984e+00
5.145137220000000067e-01 2.972015619277954102e+00
5.173472409999999577e-01 2.819018363952636719e+00
5.201808159999999903e-01 2.935078144073486328e+00
5.230144469999999934e-01 3.077580213546752930e+00
5.258481339999999671e-01 3.070067882537841797e+00
5.286818779999999940e-01 3.117019653320312500e+00
5.315156779999999914e-01 3.222040891647338867e+00
5.343495339999999594e-01 3.208028078079223633e+00
5.371834460000000089e-01 3.248111963272094727e+00
5.400174150000000006e-01 3.188550472259521484e+00
5.428514389999999912e-01 3.200529575347900391e+00
5.456855200000000350e-01 3.263911008834838867e+00
5.485196580000000210e-01 3.281759977340698242e+00
5.513538510000000059e-01 3.330060720443725586e+00
5.541881010000000440e-01 3.345094442367553711e+00
5.570224070000000527e-01 3.304793596267700195e+00
5.598567690000000319e-01 3.260724306106567383e+00
5.626911869999999816e-01 3.311598062515258789e+00
5.655256619999999845e-01 3.303296566009521484e+00
5.683601929999999580e-01 3.268379688262939453e+00
5.711947800000000131e-01 3.240788459777832031e+00
5.740294230000000386e-01 3.289976835250854492e+00
5.768641230000000064e-01 3.253886699676513672e+00
5.796988789999999447e-01 3.267815828323364258e+00
5.825336909999999646e-01 3.332786083221435547e+00
5.853685589999999550e-01 3.295815944671630859e+00
5.882034839999999987e-01 3.072027206420898438e+00
5.910384650000000129e-01 2.941499948501586914e+00
5.938735019999999976e-01 2.989404439926147461e+00
5.967085949999999528e-01 2.981049776077270508e+00
5.995437449999999613e-01 2.940503835678100586e+00
6.023789510000000513e-01 2.898226022720336914e+00
6.052142130000000009e-01 2.905319213867187500e+00
6.080495310000000320e-01 2.863952398300170898e+00
6.108849060000000053e-01 2.763017892837524414e+00
6.137203359999999774e-01 2.700834274291992188e+00
6.165558230000000028e-01 2.668955802917480469e+00
6.193913669999999705e-01 2.723486900329589844e+00
6.222269660000000480e-01 2.716433525085449219e+00
6.250626219999999567e-01 2.649507999420166016e+00
6.278983339999999469e-01 2.579158067703247070e+00
6.307341020000000187e-01 2.560247421264648438e+00
6.335699259999999500e-01 2.588298320770263672e+00
6.364058070000000455e-01 2.608325481414794922e+00
6.392417440000000006e-01 2.620720624923706055e+00
6.420777370000000372e-01 2.589403152465820312e+00
6.449137860000000444e-01 2.547738552093505859e+00
6.477498919999999938e-01 2.432764768600463867e+00
6.505860540000000247e-01 2.427421808242797852e+00
6.534222720000000262e-01 2.413213491439819336e+00
6.562585459999999982e-01 2.222972393035888672e+00
6.590948770000000234e-01 2.315005779266357422e+00
6.619312640000000192e-01 2.380655288696289062e+00
6.647677069999999855e-01 2.352092266082763672e+00
6.676042060000000333e-01 2.338367223739624023e+00
6.704407620000000234e-01 2.307709693908691406e+00
6.732773739999999840e-01 2.278702259063720703e+00
6.761140420000000262e-01 2.269595384597778320e+00
6.789507660000000389e-01 2.251104831695556641e+00
6.817875469999999938e-01 2.227637290954589844e+00
6.846243829999999475e-01 2.140520334243774414e+00
6.874612759999999545e-01 1.791320443153381348e+00
6.902982260000000148e-01 1.819064378738403320e+00
6.931352309999999628e-01 1.850340366363525391e+00
6.959722929999999641e-01 1.856857061386108398e+00
6.988094110000000470e-01 1.835807561874389648e+00
7.016465849999999893e-01 1.728588342666625977e+00
7.044838150000000132e-01 1.732339859008789062e+00
7.073211019999999793e-01 1.692609071731567383e+00
7.101584450000000270e-01 1.627495765686035156e+00
7.129958440000000452e-01 1.522443771362304688e+00
7.158332990000000340e-01 1.290992617607116699e+00
7.186708109999999650e-01 9.405246973037719727e-01
7.215083789999999775e-01 9.620398879051208496e-01
7.243460029999999605e-01 8.746133446693420410e-01
7.271836830000000251e-01 7.946115732192993164e-01
7.300214200000000320e-01 7.511463165283203125e-01
7.328592130000000093e-01 7.556660175323486328e-01
7.356970619999999572e-01 7.496109008789062500e-01
7.385349669999999866e-01 7.318316102027893066e-01
7.413729289999999583e-01 7.351006865501403809e-01
7.442109470000000115e-01 7.399352192878723145e-01
7.470490210000000353e-01 7.390620708465576172e-01
7.498871510000000296e-01 7.300429344177246094e-01
7.527253379999999661e-01 7.231050133705139160e-01
7.555635800000000124e-01 7.160063982009887695e-01
7.584018790000000010e-01 5.888641476631164551e-01
7.612402350000000428e-01 2.752081453800201416e-01
7.640786459999999725e-01 3.345111608505249023e-01
7.669171139999999554e-01 5.364474058151245117e-01
7.697556380000000198e-01 6.581584811210632324e-01
7.725942180000000548e-01 6.706453561782836914e-01
7.754328539999999492e-01 6.748548746109008789e-01
7.782715470000000080e-01 6.806012988090515137e-01
7.811102960000000373e-01 6.807700395584106445e-01
7.839491010000000371e-01 6.823523044586181641e-01
7.867879620000000074e-01 6.704762578010559082e-01
7.896268800000000310e-01 6.516724824905395508e-01
7.924658540000000251e-01 6.534718871116638184e-01
7.953048839999999897e-01 6.622803807258605957e-01
7.981439700000000359e-01 6.679155230522155762e-01
8.009831130000000243e-01 6.671451926231384277e-01
8.038223119999999833e-01 6.628312468528747559e-01
8.066615670000000238e-01 6.794157028198242188e-01
8.095008780000000348e-01 6.501652598381042480e-01
8.123402459999999881e-01 5.776334404945373535e-01
8.151796700000000229e-01 4.736388325691223145e-01
8.180191500000000282e-01 4.433686435222625732e-01
8.208586860000000041e-01 4.794498383998870850e-01
8.236982790000000332e-01 4.412441849708557129e-01
8.265379269999999501e-01 4.609907865524291992e-01
8.293776320000000313e-01 4.119844138622283936e-01
8.322173940000000547e-01 3.921920657157897949e-01
8.350572109999999659e-01 4.021879434585571289e-01
8.378970850000000414e-01 4.067869186401367188e-01
8.407370149999999764e-01 4.124353826045989990e-01
8.435770009999999930e-01 4.059579670429229736e-01
8.464170429999999801e-01 3.989427983760833740e-01
8.492571420000000204e-01 3.829236924648284912e-01
8.520972970000000313e-01 3.686340749263763428e-01
8.549375080000000127e-01 3.453209400177001953e-01
8.577777749999999646e-01 3.716849684715270996e-01
8.606180989999999698e-01 3.646070361137390137e-01
8.634584789999999455e-01 3.529094755649566650e-01
8.662989150000000027e-01 3.279734253883361816e-01
8.691394070000000305e-01 3.384258151054382324e-01
8.719799560000000005e-01 3.325997292995452881e-01
8.748205610000000521e-01 3.240210115909576416e-01
8.776612219999999631e-01 3.176205456256866455e-01
8.805019389999999557e-01 3.052838444709777832e-01
8.833427130000000016e-01 3.024087846279144287e-01
8.861835430000000180e-01 2.899772524833679199e-01
8.890244290000000049e-01 2.853346467018127441e-01
8.918653709999999624e-01 2.649716138839721680e-01
8.947063699999999731e-01 2.285369932651519775e-01
8.975474239999999826e-01 1.828716844320297241e-01
9.003885350000000454e-01 1.638754755258560181e-01
9.032297030000000504e-01 1.900137364864349365e-01
9.060709260000000542e-01 1.922482997179031372e-01
9.089122060000000003e-01 1.556476652622222900e-01
9.117535420000000279e-01 1.564300805330276489e-01
9.145949340000000261e-01 1.432729065418243408e-01
9.174363819999999947e-01 1.436393707990646362e-01
9.202778870000000166e-01 1.642372161149978638e-01
9.231194480000000091e-01 1.543005704879760742e-01
9.259610649999999721e-01 1.422539949417114258e-01
9.288027380000000166e-01 1.037253662943840027e-01
9.316444680000000034e-01 5.889255180954933167e-02
9.344862539999999607e-01 3.388596698641777039e-02
9.373280959999999995e-01 3.793656453490257263e-02
9.401699940000000089e-01 5.971033498644828796e-02
9.430119489999999605e-01 4.643336310982704163e-02
9.458539599999999936e-01 4.754687473177909851e-02
9.486960269999999973e-01 4.556933790445327759e-02
9.515381499999999715e-01 4.876974225044250488e-02
9.543803299999999989e-01 4.539908096194267273e-02
9.572225659999999969e-01 5.833327770233154297e-02
9.600648579999999654e-01 5.640925094485282898e-02
9.629072060000000155e-01 6.533862650394439697e-02
9.657496110000000078e-01 6.646140664815902710e-02
9.685920709999999989e-01 9.186326712369918823e-02
9.714345880000000433e-01 9.935091435909271240e-02
9.742771620000000299e-01 8.757600188255310059e-02
9.771197910000000153e-01 8.931585401296615601e-02
9.799624770000000540e-01 9.053997695446014404e-02
9.828052189999999522e-01 1.036040261387825012e-01
9.856480170000000429e-01 1.104521900415420532e-01
9.884908709999999932e-01 1.151797249913215637e-01
9.913337819999999967e-01 1.184827387332916260e-01
9.941767489999999707e-01 1.187970414757728577e-01
9.970197720000000263e-01 1.195498108863830566e-01
9.998628510000000524e-01 1.206573545932769775e-01
1.002705986999999910e+00 1.135925278067588806e-01
1.005549178999999960e+00 1.160029396414756775e-01
1.008392426999999980e+00 1.137570440769195557e-01
1.011235730999999971e+00 1.188573166728019714e-01
1.014079092000000015e+00 1.210210248827934265e-01
1.016922509000000030e+00 1.201140731573104858e-01
1.019765982000000015e+00 1.219398975372314453e-01
1.022609510999999971e+00 1.222626790404319763e-01
1.025453096999999980e+00 1.256165504455566406e-01
1.028296738999999960e+00 1.206630021333694458e-01
1.031140436999999910e+00 1.238333359360694885e-01
1.033984191000000052e+00 1.217047870159149170e-01
1.036828002000000026e+00 1.254820972681045532e-01
1.039671868000000110e+00 1.302303075790405273e-01
1.042515791000000025e+00 1.287998706102371216e-01
1.045359770999999993e+00 1.271477192640304565e-01
