3.615872339999999796e-01 1.358743309974670410e+00
3.644177160000000026e-01 1.450775623321533203e+00
3.672482539999999962e-01 1.588328719139099121e+00
3.700788480000000158e-01 1.571509838104248047e+00
3.729094980000000059e-01 1.444996953010559082e+00
3.757402049999999938e-01 1.497349739074707031e+00
3.785709680000000077e-01 1.646954417228698730e+00
3.814017869999999921e-01 1.385575771331787109e+00
3.842326620000000026e-01 1.272451519966125488e+00
3.870635940000000108e-01 1.415986657142639160e+00
3.898945819999999896e-01 1.591851115226745605e+00
3.927256259999999943e-01 1.396574258804321289e+00
3.955567260000000251e-01 1.439584016799926758e+00
3.983878829999999982e-01 1.823786139488220215e+00
4.012190950000000256e-01 2.261107683181762695e+00
4.040503639999999952e-01 2.242012023925781250e+00
4.068816900000000181e-01 2.200798511505126953e+00
4.097130709999999842e-01 2.256385087966918945e+00
4.125445090000000037e-01 2.346823453903198242e+00
4.153760029999999936e-01 2.343568086624145508e+00
4.182075530000000096e-01 2.281462430953979492e+00
4.210391589999999962e-01 2.319978237152099609e+00
4.238708219999999804e-01 2.259247064590454102e+00
4.267025409999999908e-01 2.218206405639648438e+00
4.295343160000000271e-01 2.024557828903198242e+00
4.323661469999999785e-01 2.155056476593017578e+00
4.351980349999999831e-01 2.341927766799926758e+00
4.380299790000000137e-01 2.361954212188720703e+00
4.408619790000000149e-01 2.426070213317871094e+00
4.436940349999999866e-01 2.582598686218261719e+00
4.465261480000000116e-01 2.595201015472412109e+00
4.493583170000000071e-01 2.752094984054565430e+00
4.521905419999999731e-01 2.767522096633911133e+00
4.550228230000000207e-01 2.747064113616943359e+00
4.578551610000000105e-01 2.803672790527343750e+00
4.606875550000000263e-01 2.840312242507934570e+00
4.635200050000000127e-01 2.856517553329467773e+00
4.663525110000000251e-01 2.793106317520141602e+00
4.691850739999999798e-01 2.788493871688842773e+00
4.720176919999999887e-01 2.816483974456787109e+00
4.748503669999999954e-01 2.857651710510253906e+00
4.776830989999999999e-01 2.884293794631958008e+00
4.805158860000000032e-01 2.954332113265991211e+00
4.833487300000000042e-01 2.928710222244262695e+00
4.861816299999999758e-01 2.692350625991821289e+00
4.890145859999999733e-01 2.807298660278320312e+00
4.918475979999999970e-01 2.874582290649414062e+00
4.946806670000000183e-01 2.940667867660522461e+00
4.975137920000000102e-01 2.956369161605834961e+00
5.003469729999999727e-01 2.877677917480468750e+00
5.031802100000000166e-01 2.860986232757568359e+00
5.060135040000000028e-01 2.941789388656616211e+00
5.088468539999999596e-01 2.959192752838134766e+00
5.116802599999999979e-01 2.995652914047241211e+00
5.145137220000000067e-01 2.918770551681518555e+00
5.173472409999999577e-01 2.774738550186157227e+00
5.201808159999999903e-01 2.901381015777587891e+00
5.230144469999999934e-01 3.023851394653320312e+00
5.258481339999999671e-01 3.015790939331054688e+00
5.286818779999999940e-01 3.072593212127685547e+00
5.315156779999999914e-01 3.167619705200195312e+00
5.343495339999999594e-01 3.147101640701293945e+00
5.371834460000000089e-01 3.198035955429077148e+00
5.400174150000000006e-01 3.130614995956420898e+00
5.428514389999999912e-01 3.160737276077270508e+00
5.456855200000000350e-01 3.213851213455200195e+00
5.485196580000000210e-01 3.218359708786010742e+00
5.513538510000000059e-01 3.262680292129516602e+00
5.541881010000000440e-01 3.287592649459838867e+00
5.570224070000000527e-01 3.243714570999145508e+00
5.598567690000000319e-01 3.208518981933593750e+00
5.626911869999999816e-01 3.254901885986328125e+00
5.655256619999999845e-01 3.240371227264404297e+00
5.683601929999999580e-01 3.215379238128662109e+00
5.711947800000000131e-01 3.180999040603637695e+00
5.740294230000000386e-01 3.222491502761840820e+00
5.768641230000000064e-01 3.188119649887084961e+00
5.796988789999999447e-01 3.205260992050170898e+00
5.825336909999999646e-01 3.283042907714843750e+00
5.853685589999999550e-01 3.232289314270019531e+00
5.882034839999999987e-01 3.012042760848999023e+00
5.910384650000000129e-01 2.881560564041137695e+00
5.938735019999999976e-01 2.924157857894897461e+00
5.967085949999999528e-01 2.905955553054809570e+00
5.995437449999999613e-01 2.867890119552612305e+00
6.023789510000000513e-01 2.821665525436401367e+00
6.052142130000000009e-01 2.822078227996826172e+00
6.080495310000000320e-01 2.788677930831909180e+00
6.108849060000000053e-01 2.658937215805053711e+00
6.137203359999999774e-01 2.608643293380737305e+00
6.165558230000000028e-01 2.581580400466918945e+00
6.193913669999999705e-01 2.650322675704956055e+00
6.222269660000000480e-01 2.635564804077148438e+00
6.250626219999999567e-01 2.569171667098999023e+00
6.278983339999999469e-01 2.511136293411254883e+00
6.307341020000000187e-01 2.487217426300048828e+00
6.335699259999999500e-01 2.512722730636596680e+00
6.364058070000000455e-01 2.535770893096923828e+00
6.392417440000000006e-01 2.542667388916015625e+00
6.420777370000000372e-01 2.518070697784423828e+00
6.449137860000000444e-01 2.472118854522705078e+00
6.477498919999999938e-01 2.355217695236206055e+00
6.505860540000000247e-01 2.341533660888671875e+00
6.534222720000000262e-01 2.329459905624389648e+00
6.562585459999999982e-01 2.152671575546264648e+00
6.590948770000000234e-01 2.238382577896118164e+00
6.619312640000000192e-01 2.302465677261352539e+00
6.647677069999999855e-01 2.278238058090209961e+00
6.676042060000000333e-01 2.258247613906860352e+00
6.704407620000000234e-01 2.237701416015625000e+00
6.732773739999999840e-01 2.220169782638549805e+00
6.761140420000000262e-01 2.195536613464355469e+00
6.789507660000000389e-01 2.181216955184936523e+00
6.817875469999999938e-01 2.157445192337036133e+00
6.846243829999999475e-01 2.067305564880371094e+00
6.874612759999999545e-01 1.746390342712402344e+00
6.902982260000000148e-01 1.742940187454223633e+00
6.931352309999999628e-01 1.771395564079284668e+00
6.959722929999999641e-01 1.789301872253417969e+00
6.988094110000000470e-01 1.757079243659973145e+00
7.016465849999999893e-01 1.655790805816650391e+00
7.044838150000000132e-01 1.646616101264953613e+00
7.073211019999999793e-01 1.609779357910156250e+00
7.101584450000000270e-01 1.538093090057373047e+00
7.129958440000000452e-01 1.448618292808532715e+00
7.158332990000000340e-01 1.213000535964965820e+00
7.186708109999999650e-01 8.848862648010253906e-01
7.215083789999999775e-01 9.037541747093200684e-01
7.243460029999999605e-01 8.225095868110656738e-01
7.271836830000000251e-01 7.431668639183044434e-01
7.300214200000000320e-01 6.892879605293273926e-01
7.328592130000000093e-01 7.055108547210693359e-01
7.356970619999999572e-01 7.041966319084167480e-01
7.385349669999999866e-01 6.759349703788757324e-01
7.413729289999999583e-01 6.817181706428527832e-01
7.442109470000000115e-01 6.872681379318237305e-01
7.470490210000000353e-01 6.865724325180053711e-01
7.498871510000000296e-01 6.794421672821044922e-01
7.527253379999999661e-01 6.716015338897705078e-01
7.555635800000000124e-01 6.537121534347534180e-01
7.584018790000000010e-01 5.402573347091674805e-01
7.612402350000000428e-01 2.537927031517028809e-01
7.640786459999999725e-01 3.107381463050842285e-01
7.669171139999999554e-01 4.967335164546966553e-01
7.697556380000000198e-01 6.004600524902343750e-01
7.725942180000000548e-01 6.269244551658630371e-01
7.754328539999999492e-01 6.331549882888793945e-01
7.782715470000000080e-01 6.304776072502136230e-01
7.811102960000000373e-01 6.323741078376770020e-01
7.839491010000000371e-01 6.302634477615356445e-01
7.867879620000000074e-01 6.197929382324218750e-01
7.896268800000000310e-01 6.033819913864135742e-01
7.924658540000000251e-01 6.052181124687194824e-01
7.953048839999999897e-01 6.055653691291809082e-01
7.981439700000000359e-01 6.134335398674011230e-01
8.009831130000000243e-01 6.113651394844055176e-01
8.038223119999999833e-01 6.116094589233398438e-01
8.066615670000000238e-01 6.145437955856323242e-01
8.095008780000000348e-01 5.975458025932312012e-01
8.123402459999999881e-01 5.324650406837463379e-01
8.151796700000000229e-01 4.393643438816070557e-01
8.180191500000000282e-01 4.123482406139373779e-01
8.208586860000000041e-01 4.401519298553466797e-01
8.236982790000000332e-01 4.050760567188262939e-01
8.265379269999999501e-01 4.165806770324707031e-01
8.293776320000000313e-01 3.758386671543121338e-01
8.322173940000000547e-01 3.564329743385314941e-01
8.350572109999999659e-01 3.671130537986755371e-01
8.378970850000000414e-01 3.730516135692596436e-01
8.407370149999999764e-01 3.754168748855590820e-01
8.435770009999999930e-01 3.683583140373229980e-01
8.464170429999999801e-01 3.691490590572357178e-01
8.492571420000000204e-01 3.454085886478424072e-01
8.520972970000000313e-01 3.368029594421386719e-01
8.549375080000000127e-01 3.192740380764007568e-01
8.577777749999999646e-01 3.394694924354553223e-01
8.606180989999999698e-01 3.324609100818634033e-01
8.634584789999999455e-01 3.239772319793701172e-01
8.662989150000000027e-01 2.982707917690277100e-01
8.691394070000000305e-01 3.070499002933502197e-01
8.719799560000000005e-01 3.035641610622406006e-01
8.748205610000000521e-01 2.977241873741149902e-01
8.776612219999999631e-01 2.863723635673522949e-01
8.805019389999999557e-01 2.752982079982757568e-01
8.833427130000000016e-01 2.718649804592132568e-01
8.861835430000000180e-01 2.650001645088195801e-01
8.890244290000000049e-01 2.569864392280578613e-01
8.918653709999999624e-01 2.416441440582275391e-01
8.947063699999999731e-01 2.059897929430007935e-01
8.975474239999999826e-01 1.649850904941558838e-01
9.003885350000000454e-01 1.522304862737655640e-01
9.032297030000000504e-01 1.718579977750778198e-01
9.060709260000000542e-01 1.754531264305114746e-01
9.089122060000000003e-01 1.387694776058197021e-01
9.117535420000000279e-01 1.421375870704650879e-01
9.145949340000000261e-01 1.296024620532989502e-01
9.174363819999999947e-01 1.337782889604568481e-01
9.202778870000000166e-01 1.510768681764602661e-01
9.231194480000000091e-01 1.399006694555282593e-01
9.259610649999999721e-01 1.277628540992736816e-01
9.288027380000000166e-01 9.071650356054306030e-02
9.316444680000000034e-01 4.962786287069320679e-02
9.344862539999999607e-01 3.128059953451156616e-02
9.373280959999999995e-01 3.034693375229835510e-02
9.401699940000000089e-01 4.806676879525184631e-02
9.430119489999999605e-01 4.381221905350685120e-02
9.458539599999999936e-01 3.792026638984680176e-02
9.486960269999999973e-01 4.065150022506713867e-02
9.515381499999999715e-01 4.044685512781143188e-02
9.543803299999999989e-01 4.393777623772621155e-02
9.572225659999999969e-01 4.693633690476417542e-02
9.600648579999999654e-01 4.811335727572441101e-02
9.629072060000000155e-01 5.855013057589530945e-02
9.657496110000000078e-01 6.054378673434257507e-02
9.685920709999999989e-01 8.411132544279098511e-02
9.714345880000000433e-01 9.383403509855270386e-02
9.742771620000000299e-01 7.901892066001892090e-02
9.771197910000000153e-01 7.756129652261734009e-02
9.799624770000000540e-01 8.162745088338851929e-02
9.828052189999999522e-01 9.456919878721237183e-02
9.856480170000000429e-01 1.013777330517768860e-01
9.884908709999999932e-01 1.069506704807281494e-01
9.913337819999999967e-01 1.039161682128906250e-01
9.941767489999999707e-01 1.035986766219139099e-01
9.970197720000000263e-01 1.002771556377410889e-01
9.998628510000000524e-01 1.054192930459976196e-01
1.002705986999999910e+00 1.049170345067977905e-01
1.005549178999999960e+00 9.719756245613098145e-02
1.008392426999999980e+00 1.054162383079528809e-01
1.011235730999999971e+00 1.052012369036674500e-01
1.014079092000000015e+00 1.050870344042778015e-01
1.016922509000000030e+00 1.015620902180671692e-01
1.019765982000000015e+00 1.060340180993080139e-01
1.022609510999999971e+00 1.047163754701614380e-01
1.025453096999999980e+00 9.850845485925674438e-02
1.028296738999999960e+00 1.020003408193588257e-01
1.031140436999999910e+00 1.155357733368873596e-01
1.033984191000000052e+00 1.107202246785163879e-01
1.036828002000000026e+00 1.091119199991226196e-01
1.039671868000000110e+00 1.140755340456962585e-01
1.042515791000000025e+00 1.045879572629928589e-01
1.045359770999999993e+00 1.009559705853462219e-01
