3.615872339999999796e-01 1.359812974929809570e+00
3.644177160000000026e-01 1.498457670211791992e+00
3.672482539999999962e-01 1.550703048706054688e+00
3.700788480000000158e-01 1.562231659889221191e+00
3.729094980000000059e-01 1.406023263931274414e+00
3.757402049999999938e-01 1.491552233695983887e+00
3.785709680000000077e-01 1.645848274230957031e+00
3.814017869999999921e-01 1.422891139984130859e+00
3.842326620000000026e-01 1.312642097473144531e+00
3.870635940000000108e-01 1.417334914207458496e+00
3.898945819999999896e-01 1.598307490348815918e+00
3.927256259999999943e-01 1.418307423591613770e+00
3.955567260000000251e-01 1.461735486984252930e+00
3.983878829999999982e-01 1.810742020606994629e+00
4.012190950000000256e-01 2.258145093917846680e+00
4.040503639999999952e-01 2.244970798492431641e+00
4.068816900000000181e-01 2.202181100845336914e+00
4.097130709999999842e-01 2.246263504028320312e+00
4.125445090000000037e-01 2.327687740325927734e+00
4.153760029999999936e-01 2.347311019897460938e+00
4.182075530000000096e-01 2.300403356552124023e+00
4.210391589999999962e-01 2.324382781982421875e+00
4.238708219999999804e-01 2.264451980590820312e+00
4.267025409999999908e-01 2.242295026779174805e+00
4.295343160000000271e-01 2.018857717514038086e+00
4.323661469999999785e-01 2.135890960693359375e+00
4.351980349999999831e-01 2.330267906188964844e+00
4.380299790000000137e-01 2.364601373672485352e+00
4.408619790000000149e-01 2.446191549301147461e+00
4.436940349999999866e-01 2.572746753692626953e+00
4.465261480000000116e-01 2.608971595764160156e+00
4.493583170000000071e-01 2.756064414978027344e+00
4.521905419999999731e-01 2.791006803512573242e+00
4.550228230000000207e-01 2.759638786315917969e+00
4.578551610000000105e-01 2.811993122100830078e+00
4.606875550000000263e-01 2.810748338699340820e+00
4.635200050000000127e-01 2.852135658264160156e+00
4.663525110000000251e-01 2.800206899642944336e+00
4.691850739999999798e-01 2.800032138824462891e+00
4.720176919999999887e-01 2.823811054229736328e+00
4.748503669999999954e-01 2.867039203643798828e+00
4.776830989999999999e-01 2.908778905868530273e+00
4.805158860000000032e-01 2.954898357391357422e+00
4.833487300000000042e-01 2.932797193527221680e+00
4.861816299999999758e-01 2.708370447158813477e+00
4.890145859999999733e-01 2.814225435256958008e+00
4.918475979999999970e-01 2.899244785308837891e+00
4.946806670000000183e-01 2.936469316482543945e+00
4.975137920000000102e-01 2.962568283081054688e+00
5.003469729999999727e-01 2.895566701889038086e+00
5.031802100000000166e-01 2.871536016464233398e+00
5.060135040000000028e-01 2.951241016387939453e+00
5.088468539999999596e-01 2.965700864791870117e+00
5.116802599999999979e-01 2.998835325241088867e+00
5.145137220000000067e-01 2.938136577606201172e+00
5.173472409999999577e-01 2.772204399108886719e+00
5.201808159999999903e-01 2.891913175582885742e+00
5.230144469999999934e-01 3.023978948593139648e+00
5.258481339999999671e-01 3.025609731674194336e+00
5.286818779999999940e-01 3.056190729141235352e+00
5.315156779999999914e-01 3.176428794860839844e+00
5.343495339999999594e-01 3.152155160903930664e+00
5.371834460000000089e-01 3.190584421157836914e+00
5.400174150000000006e-01 3.133587837219238281e+00
5.428514389999999912e-01 3.155404806137084961e+00
5.456855200000000350e-01 3.215383768081665039e+00
5.485196580000000210e-01 3.226038217544555664e+00
5.513538510000000059e-01 3.258021831512451172e+00
5.541881010000000440e-01 3.282074451446533203e+00
5.570224070000000527e-01 3.247271299362182617e+00
5.598567690000000319e-01 3.210861682891845703e+00
5.626911869999999816e-01 3.258544206619262695e+00
5.655256619999999845e-01 3.237858772277832031e+00
5.683601929999999580e-01 3.218447446823120117e+00
5.711947800000000131e-01 3.184771060943603516e+00
5.740294230000000386e-01 3.220264196395874023e+00
5.768641230000000064e-01 3.180566310882568359e+00
5.796988789999999447e-01 3.201461076736450195e+00
5.825336909999999646e-01 3.254003286361694336e+00
5.853685589999999550e-01 3.219829797744750977e+00
5.882034839999999987e-01 3.005202293395996094e+00
5.910384650000000129e-01 2.864807128906250000e+00
5.938735019999999976e-01 2.915861845016479492e+00
5.967085949999999528e-01 2.891658306121826172e+00
5.995437449999999613e-01 2.853492259979248047e+00
6.023789510000000513e-01 2.809767007827758789e+00
6.052142130000000009e-01 2.827798604965209961e+00
6.080495310000000320e-01 2.759620666503906250e+00
6.108849060000000053e-01 2.667410850524902344e+00
6.137203359999999774e-01 2.591797351837158203e+00
6.165558230000000028e-01 2.565162658691406250e+00
6.193913669999999705e-01 2.640611171722412109e+00
6.222269660000000480e-01 2.622892379760742188e+00
6.250626219999999567e-01 2.545554637908935547e+00
6.278983339999999469e-01 2.505125999450683594e+00
6.307341020000000187e-01 2.474775075912475586e+00
6.335699259999999500e-01 2.503212213516235352e+00
6.364058070000000455e-01 2.529973745346069336e+00
6.392417440000000006e-01 2.527394771575927734e+00
6.420777370000000372e-01 2.499245882034301758e+00
6.449137860000000444e-01 2.461987257003784180e+00
6.477498919999999938e-01 2.348764181137084961e+00
6.505860540000000247e-01 2.338856935501098633e+00
6.534222720000000262e-01 2.323639392852783203e+00
6.562585459999999982e-01 2.132934570312500000e+00
6.590948770000000234e-01 2.222238302230834961e+00
6.619312640000000192e-01 2.292345285415649414e+00
6.647677069999999855e-01 2.265444755554199219e+00
6.676042060000000333e-01 2.243642091751098633e+00
6.704407620000000234e-01 2.225537300109863281e+00
6.732773739999999840e-01 2.202523708343505859e+00
6.761140420000000262e-01 2.188772439956665039e+00
6.789507660000000389e-01 2.165891647338867188e+00
6.817875469999999938e-01 2.142631530761718750e+00
6.846243829999999475e-01 2.048292398452758789e+00
6.874612759999999545e-01 1.723463296890258789e+00
6.902982260000000148e-01 1.736514687538146973e+00
6.931352309999999628e-01 1.759263992309570312e+00
6.959722929999999641e-01 1.763421535491943359e+00
6.988094110000000470e-01 1.741106152534484863e+00
7.016465849999999893e-01 1.639808058738708496e+00
7.044838150000000132e-01 1.625187039375305176e+00
7.073211019999999793e-01 1.589165329933166504e+00
7.101584450000000270e-01 1.529755592346191406e+00
7.129958440000000452e-01 1.431416988372802734e+00
7.158332990000000340e-01 1.213600158691406250e+00
7.186708109999999650e-01 8.791726827621459961e-01
7.215083789999999775e-01 8.911399245262145996e-01
7.243460029999999605e-01 8.179046511650085449e-01
7.271836830000000251e-01 7.459175586700439453e-01
7.300214200000000320e-01 6.970427632331848145e-01
7.328592130000000093e-01 7.029583454132080078e-01
7.356970619999999572e-01 7.040915489196777344e-01
7.385349669999999866e-01 6.855941414833068848e-01
7.413729289999999583e-01 6.865102648735046387e-01
7.442109470000000115e-01 6.936198472976684570e-01
7.470490210000000353e-01 6.911234259605407715e-01
7.498871510000000296e-01 6.798509359359741211e-01
7.527253379999999661e-01 6.720854640007019043e-01
7.555635800000000124e-01 6.581723690032958984e-01
7.584018790000000010e-01 5.466304421424865723e-01
7.612402350000000428e-01 2.621687054634094238e-01
7.640786459999999725e-01 3.084724545478820801e-01
7.669171139999999554e-01 4.927309155464172363e-01
7.697556380000000198e-01 6.080055236816406250e-01
7.725942180000000548e-01 6.268023848533630371e-01
7.754328539999999492e-01 6.280695796012878418e-01
7.782715470000000080e-01 6.253961920738220215e-01
7.811102960000000373e-01 6.279244422912597656e-01
7.839491010000000371e-01 6.307929754257202148e-01
7.867879620000000074e-01 6.232122778892517090e-01
7.896268800000000310e-01 6.005696058273315430e-01
7.924658540000000251e-01 6.072780489921569824e-01
7.953048839999999897e-01 6.040883064270019531e-01
7.981439700000000359e-01 6.184015870094299316e-01
8.009831130000000243e-01 6.044445633888244629e-01
8.038223119999999833e-01 6.070494651794433594e-01
8.066615670000000238e-01 6.231518983840942383e-01
8.095008780000000348e-01 5.976806282997131348e-01
8.123402459999999881e-01 5.319430828094482422e-01
8.151796700000000229e-01 4.409255683422088623e-01
8.180191500000000282e-01 4.117444157600402832e-01
8.208586860000000041e-01 4.432554543018341064e-01
8.236982790000000332e-01 4.091468751430511475e-01
8.265379269999999501e-01 4.238440096378326416e-01
8.293776320000000313e-01 3.764085173606872559e-01
8.322173940000000547e-01 3.686307668685913086e-01
8.350572109999999659e-01 3.743233084678649902e-01
8.378970850000000414e-01 3.783781528472900391e-01
8.407370149999999764e-01 3.829370141029357910e-01
8.435770009999999930e-01 3.791710734367370605e-01
8.464170429999999801e-01 3.749172687530517578e-01
8.492571420000000204e-01 3.605833649635314941e-01
8.520972970000000313e-01 3.450110554695129395e-01
8.549375080000000127e-01 3.297967314720153809e-01
8.577777749999999646e-01 3.466811776161193848e-01
8.606180989999999698e-01 3.435231745243072510e-01
8.634584789999999455e-01 3.334161937236785889e-01
8.662989150000000027e-01 3.038241267204284668e-01
8.691394070000000305e-01 3.135449588298797607e-01
8.719799560000000005e-01 3.152491450309753418e-01
8.748205610000000521e-01 2.991036176681518555e-01
8.776612219999999631e-01 3.002692461013793945e-01
8.805019389999999557e-01 2.850006222724914551e-01
8.833427130000000016e-01 2.860798835754394531e-01
8.861835430000000180e-01 2.745054960250854492e-01
8.890244290000000049e-01 2.680334746837615967e-01
8.918653709999999624e-01 2.537105381488800049e-01
8.947063699999999731e-01 2.136027216911315918e-01
8.975474239999999826e-01 1.748088300228118896e-01
9.003885350000000454e-01 1.534469425678253174e-01
9.032297030000000504e-01 1.777114868164062500e-01
9.060709260000000542e-01 1.777379363775253296e-01
9.089122060000000003e-01 1.458348035812377930e-01
9.117535420000000279e-01 1.464419811964035034e-01
9.145949340000000261e-01 1.307425498962402344e-01
9.174363819999999947e-01 1.339320540428161621e-01
9.202778870000000166e-01 1.559537798166275024e-01
9.231194480000000091e-01 1.487265378236770630e-01
9.259610649999999721e-01 1.371307671070098877e-01
9.288027380000000166e-01 9.476942569017410278e-02
9.316444680000000034e-01 5.185956507921218872e-02
9.344862539999999607e-01 2.598653361201286316e-02
9.373280959999999995e-01 3.131562471389770508e-02
9.401699940000000089e-01 5.422003939747810364e-02
9.430119489999999605e-01 4.637052491307258606e-02
9.458539599999999936e-01 4.380305111408233643e-02
9.486960269999999973e-01 4.213533177971839905e-02
9.515381499999999715e-01 4.453723132610321045e-02
9.543803299999999989e-01 4.666798561811447144e-02
9.572225659999999969e-01 4.996117576956748962e-02
9.600648579999999654e-01 5.075604468584060669e-02
9.629072060000000155e-01 5.941733345389366150e-02
9.657496110000000078e-01 6.129440292716026306e-02
9.685920709999999989e-01 8.916723728179931641e-02
9.714345880000000433e-01 9.870810061693191528e-02
9.742771620000000299e-01 8.713035285472869873e-02
9.771197910000000153e-01 8.641536533832550049e-02
9.799624770000000540e-01 9.304446727037429810e-02
9.828052189999999522e-01 1.039114743471145630e-01
9.856480170000000429e-01 1.090232655405998230e-01
9.884908709999999932e-01 1.114154383540153503e-01
9.913337819999999967e-01 1.135884150862693787e-01
9.941767489999999707e-01 1.160012111067771912e-01
9.970197720000000263e-01 1.189207583665847778e-01
9.998628510000000524e-01 1.126343011856079102e-01
1.002705986999999910e+00 1.177518740296363831e-01
1.005549178999999960e+00 1.084373295307159424e-01
1.008392426999999980e+00 1.121070161461830139e-01
1.011235730999999971e+00 1.191284805536270142e-01
1.014079092000000015e+00 1.056791841983795166e-01
1.016922509000000030e+00 1.100079268217086792e-01
1.019765982000000015e+00 1.075244769454002380e-01
1.022609510999999971e+00 1.108311414718627930e-01
1.025453096999999980e+00 1.076193600893020630e-01
1.028296738999999960e+00 1.133997365832328796e-01
1.031140436999999910e+00 1.172341480851173401e-01
1.033984191000000052e+00 1.172465160489082336e-01
1.036828002000000026e+00 1.190052032470703125e-01
1.039671868000000110e+00 1.162550821900367737e-01
1.042515791000000025e+00 1.163152381777763367e-01
1.045359770999999993e+00 1.174129396677017212e-01
