3.615872339999999796e-01 1.279354095458984375e+00
3.644177160000000026e-01 1.414289712905883789e+00
3.672482539999999962e-01 1.530979514122009277e+00
3.700788480000000158e-01 1.569604873657226562e+00
3.729094980000000059e-01 1.416235446929931641e+00
3.757402049999999938e-01 1.475944519042968750e+00
3.785709680000000077e-01 1.628885507583618164e+00
3.814017869999999921e-01 1.421384215354919434e+00
3.842326620000000026e-01 1.292939543724060059e+00
3.870635940000000108e-01 1.435420274734497070e+00
3.898945819999999896e-01 1.603157043457031250e+00
3.927256259999999943e-01 1.414424300193786621e+00
3.955567260000000251e-01 1.421045660972595215e+00
3.983878829999999982e-01 1.788129568099975586e+00
4.012190950000000256e-01 2.244915485382080078e+00
4.040503639999999952e-01 2.240497112274169922e+00
4.068816900000000181e-01 2.186048269271850586e+00
4.097130709999999842e-01 2.239917993545532227e+00
4.125445090000000037e-01 2.328157186508178711e+00
4.153760029999999936e-01 2.345178842544555664e+00
4.182075530000000096e-01 2.297315359115600586e+00
4.210391589999999962e-01 2.310773372650146484e+00
4.238708219999999804e-01 2.285993576049804688e+00
4.267025409999999908e-01 2.214662790298461914e+00
4.295343160000000271e-01 1.996513724327087402e+00
4.323661469999999785e-01 2.119405984878540039e+00
4.351980349999999831e-01 2.317220211029052734e+00
4.380299790000000137e-01 2.333173036575317383e+00
4.408619790000000149e-01 2.414946556091308594e+00
4.436940349999999866e-01 2.568524837493896484e+00
4.465261480000000116e-01 2.570440292358398438e+00
4.493583170000000071e-01 2.727758884429931641e+00
4.521905419999999731e-01 2.756748199462890625e+00
4.550228230000000207e-01 2.714429616928100586e+00
4.578551610000000105e-01 2.782873153686523438e+00
4.606875550000000263e-01 2.801563739776611328e+00
4.635200050000000127e-01 2.817606687545776367e+00
4.663525110000000251e-01 2.763861894607543945e+00
4.691850739999999798e-01 2.764162778854370117e+00
4.720176919999999887e-01 2.781903505325317383e+00
4.748503669999999954e-01 2.829890489578247070e+00
4.776830989999999999e-01 2.862699508666992188e+00
4.805158860000000032e-01 2.926303386688232422e+00
4.833487300000000042e-01 2.916986227035522461e+00
4.861816299999999758e-01 2.666803359985351562e+00
4.890145859999999733e-01 2.783845901489257812e+00
4.918475979999999970e-01 2.870367050170898438e+00
4.946806670000000183e-01 2.925848484039306641e+00
4.975137920000000102e-01 2.937216520309448242e+00
5.003469729999999727e-01 2.864215850830078125e+00
5.031802100000000166e-01 2.828854084014892578e+00
5.060135040000000028e-01 2.926834583282470703e+00
5.088468539999999596e-01 2.941958665847778320e+00
5.116802599999999979e-01 2.966928482055664062e+00
5.145137220000000067e-01 2.895600080490112305e+00
5.173472409999999577e-01 2.737982749938964844e+00
5.201808159999999903e-01 2.857880830764770508e+00
5.230144469999999934e-01 2.984028577804565430e+00
5.258481339999999671e-01 2.985674619674682617e+00
5.286818779999999940e-01 3.029568672180175781e+00
5.315156779999999914e-01 3.131169319152832031e+00
5.343495339999999594e-01 3.120478391647338867e+00
5.371834460000000089e-01 3.168139219284057617e+00
5.400174150000000006e-01 3.099938869476318359e+00
5.428514389999999912e-01 3.129719257354736328e+00
5.456855200000000350e-01 3.184385061264038086e+00
5.485196580000000210e-01 3.193263530731201172e+00
5.513538510000000059e-01 3.222021579742431641e+00
5.541881010000000440e-01 3.256606578826904297e+00
5.570224070000000527e-01 3.222478628158569336e+00
5.598567690000000319e-01 3.175586938858032227e+00
5.626911869999999816e-01 3.220295190811157227e+00
5.655256619999999845e-01 3.218291044235229492e+00
5.683601929999999580e-01 3.179539918899536133e+00
5.711947800000000131e-01 3.153932094573974609e+00
5.740294230000000386e-01 3.198360204696655273e+00
5.768641230000000064e-01 3.167279243469238281e+00
5.796988789999999447e-01 3.172940492630004883e+00
5.825336909999999646e-01 3.227169036865234375e+00
5.853685589999999550e-01 3.197639703750610352e+00
5.882034839999999987e-01 2.978946924209594727e+00
5.910384650000000129e-01 2.839978933334350586e+00
5.938735019999999976e-01 2.883348703384399414e+00
5.967085949999999528e-01 2.868720054626464844e+00
5.995437449999999613e-01 2.824626207351684570e+00
6.023789510000000513e-01 2.793564796447753906e+00
6.052142130000000009e-01 2.804805517196655273e+00
6.080495310000000320e-01 2.776105642318725586e+00
6.108849060000000053e-01 2.610466957092285156e+00
6.137203359999999774e-01 2.512970685958862305e+00
6.165558230000000028e-01 2.527148008346557617e+00
6.193913669999999705e-01 2.610080480575561523e+00
6.222269660000000480e-01 2.602056741714477539e+00
6.250626219999999567e-01 2.526987075805664062e+00
6.278983339999999469e-01 2.470059394836425781e+00
6.307341020000000187e-01 2.433599948883056641e+00
6.335699259999999500e-01 2.464441776275634766e+00
6.364058070000000455e-01 2.487423658370971680e+00
6.392417440000000006e-01 2.494376182556152344e+00
6.420777370000000372e-01 2.467097520828247070e+00
6.449137860000000444e-01 2.429974794387817383e+00
6.477498919999999938e-01 2.320155143737792969e+00
6.505860540000000247e-01 2.306098461151123047e+00
6.534222720000000262e-01 2.301517486572265625e+00
6.562585459999999982e-01 2.103922128677368164e+00
6.590948770000000234e-01 2.199119806289672852e+00
6.619312640000000192e-01 2.257566690444946289e+00
6.647677069999999855e-01 2.235529661178588867e+00
6.676042060000000333e-01 2.216618537902832031e+00
6.704407620000000234e-01 2.189306020736694336e+00
6.732773739999999840e-01 2.159872055053710938e+00
6.761140420000000262e-01 2.154216527938842773e+00
6.789507660000000389e-01 2.137508630752563477e+00
6.817875469999999938e-01 2.116930961608886719e+00
6.846243829999999475e-01 2.036583423614501953e+00
6.874612759999999545e-01 1.696388244628906250e+00
6.902982260000000148e-01 1.706375122070312500e+00
6.931352309999999628e-01 1.735883474349975586e+00
6.959722929999999641e-01 1.742283821105957031e+00
6.988094110000000470e-01 1.718696713447570801e+00
7.016465849999999893e-01 1.612889528274536133e+00
7.044838150000000132e-01 1.602455735206604004e+00
7.073211019999999793e-01 1.568812131881713867e+00
7.101584450000000270e-01 1.503093600273132324e+00
7.129958440000000452e-01 1.412693500518798828e+00
7.158332990000000340e-01 1.196485161781311035e+00
7.186708109999999650e-01 8.594485521316528320e-01
7.215083789999999775e-01 8.799085617065429688e-01
7.243460029999999605e-01 8.055090308189392090e-01
7.271836830000000251e-01 7.215589284896850586e-01
7.300214200000000320e-01 6.754461526870727539e-01
7.328592130000000093e-01 6.892558932304382324e-01
7.356970619999999572e-01 6.837158799171447754e-01
7.385349669999999866e-01 6.595930457115173340e-01
7.413729289999999583e-01 6.682084202766418457e-01
7.442109470000000115e-01 6.729240417480468750e-01
7.470490210000000353e-01 6.732977628707885742e-01
7.498871510000000296e-01 6.583777666091918945e-01
7.527253379999999661e-01 6.506637334823608398e-01
7.555635800000000124e-01 6.502285599708557129e-01
7.584018790000000010e-01 5.428016185760498047e-01
7.612402350000000428e-01 2.505396008491516113e-01
7.640786459999999725e-01 2.945945858955383301e-01
7.669171139999999554e-01 4.818438887596130371e-01
7.697556380000000198e-01 5.804075002670288086e-01
7.725942180000000548e-01 6.095946431159973145e-01
7.754328539999999492e-01 6.119329929351806641e-01
7.782715470000000080e-01 6.116225123405456543e-01
7.811102960000000373e-01 6.125767827033996582e-01
7.839491010000000371e-01 6.123409271240234375e-01
7.867879620000000074e-01 6.066297888755798340e-01
7.896268800000000310e-01 5.905992984771728516e-01
7.924658540000000251e-01 5.856786966323852539e-01
7.953048839999999897e-01 5.926243662834167480e-01
7.981439700000000359e-01 5.930970311164855957e-01
8.009831130000000243e-01 5.928053855895996094e-01
8.038223119999999833e-01 5.921374559402465820e-01
8.066615670000000238e-01 6.010407209396362305e-01
8.095008780000000348e-01 5.879712104797363281e-01
8.123402459999999881e-01 5.199338197708129883e-01
8.151796700000000229e-01 4.267995953559875488e-01
8.180191500000000282e-01 3.985576629638671875e-01
8.208586860000000041e-01 4.322029948234558105e-01
8.236982790000000332e-01 3.994732499122619629e-01
8.265379269999999501e-01 4.089014828205108643e-01
8.293776320000000313e-01 3.636747598648071289e-01
8.322173940000000547e-01 3.507216870784759521e-01
8.350572109999999659e-01 3.560263216495513916e-01
8.378970850000000414e-01 3.653784394264221191e-01
8.407370149999999764e-01 3.672237694263458252e-01
8.435770009999999930e-01 3.651671409606933594e-01
8.464170429999999801e-01 3.592171072959899902e-01
8.492571420000000204e-01 3.444703221321105957e-01
8.520972970000000313e-01 3.314534425735473633e-01
8.549375080000000127e-01 3.123335838317871094e-01
8.577777749999999646e-01 3.292768001556396484e-01
8.606180989999999698e-01 3.234412074089050293e-01
8.634584789999999455e-01 3.250247538089752197e-01
8.662989150000000027e-01 2.944276332855224609e-01
8.691394070000000305e-01 3.018952012062072754e-01
8.719799560000000005e-01 2.999567687511444092e-01
8.748205610000000521e-01 2.872432172298431396e-01
8.776612219999999631e-01 2.846570014953613281e-01
8.805019389999999557e-01 2.718591988086700439e-01
8.833427130000000016e-01 2.696172595024108887e-01
8.861835430000000180e-01 2.581528425216674805e-01
8.890244290000000049e-01 2.587044537067413330e-01
8.918653709999999624e-01 2.430513501167297363e-01
8.947063699999999731e-01 2.047749608755111694e-01
8.975474239999999826e-01 1.669523119926452637e-01
9.003885350000000454e-01 1.453007906675338745e-01
9.032297030000000504e-01 1.689656376838684082e-01
9.060709260000000542e-01 1.718867421150207520e-01
9.089122060000000003e-01 1.414867192506790161e-01
9.117535420000000279e-01 1.419198811054229736e-01
9.145949340000000261e-01 1.311547160148620605e-01
9.174363819999999947e-01 1.297747045755386353e-01
9.202778870000000166e-01 1.449291259050369263e-01
9.231194480000000091e-01 1.363865584135055542e-01
9.259610649999999721e-01 1.311802119016647339e-01
9.288027380000000166e-01 9.336350113153457642e-02
9.316444680000000034e-01 5.157722160220146179e-02
9.344862539999999607e-01 3.157044202089309692e-02
9.373280959999999995e-01 3.074049949645996094e-02
9.401699940000000089e-01 5.129987001419067383e-02
9.430119489999999605e-01 4.295412823557853699e-02
9.458539599999999936e-01 3.925657272338867188e-02
9.486960269999999973e-01 4.214552044868469238e-02
9.515381499999999715e-01 3.946569934487342834e-02
9.543803299999999989e-01 4.494222626090049744e-02
9.572225659999999969e-01 5.038272589445114136e-02
9.600648579999999654e-01 5.149164050817489624e-02
9.629072060000000155e-01 5.988280102610588074e-02
9.657496110000000078e-01 6.746063381433486938e-02
9.685920709999999989e-01 8.413816243410110474e-02
9.714345880000000433e-01 9.049741923809051514e-02
9.742771620000000299e-01 8.129233121871948242e-02
9.771197910000000153e-01 8.358182013034820557e-02
9.799624770000000540e-01 8.419194817543029785e-02
9.828052189999999522e-01 9.596952050924301147e-02
9.856480170000000429e-01 1.022823974490165710e-01
9.884908709999999932e-01 1.056018248200416565e-01
9.913337819999999967e-01 1.092319861054420471e-01
9.941767489999999707e-01 1.103170216083526611e-01
9.970197720000000263e-01 1.121876537799835205e-01
9.998628510000000524e-01 1.070564985275268555e-01
1.002705986999999910e+00 1.057785451412200928e-01
1.005549178999999960e+00 1.008021235466003418e-01
1.008392426999999980e+00 1.079985052347183228e-01
1.011235730999999971e+00 1.070529222488403320e-01
1.014079092000000015e+00 1.099626719951629639e-01
1.016922509000000030e+00 1.101960763335227966e-01
1.019765982000000015e+00 1.154934689402580261e-01
1.022609510999999971e+00 1.037886366248130798e-01
1.025453096999999980e+00 1.077001467347145081e-01
1.028296738999999960e+00 1.084498241543769836e-01
1.031140436999999910e+00 1.067608296871185303e-01
1.033984191000000052e+00 1.111267805099487305e-01
1.036828002000000026e+00 1.086461171507835388e-01
1.039671868000000110e+00 9.895100444555282593e-02
1.042515791000000025e+00 1.110384240746498108e-01
1.045359770999999993e+00 1.137536689639091492e-01
