3.615872339999999796e-01 1.327111005783081055e+00
3.644177160000000026e-01 1.504334330558776855e+00
3.672482539999999962e-01 1.606787085533142090e+00
3.700788480000000158e-01 1.526894211769104004e+00
3.729094980000000059e-01 1.413082718849182129e+00
3.757402049999999938e-01 1.493953585624694824e+00
3.785709680000000077e-01 1.649595260620117188e+00
3.814017869999999921e-01 1.425631523132324219e+00
3.842326620000000026e-01 1.317452430725097656e+00
3.870635940000000108e-01 1.433491230010986328e+00
3.898945819999999896e-01 1.608447074890136719e+00
3.927256259999999943e-01 1.431899666786193848e+00
3.955567260000000251e-01 1.483112931251525879e+00
3.983878829999999982e-01 1.857067823410034180e+00
4.012190950000000256e-01 2.280328750610351562e+00
4.040503639999999952e-01 2.285232067108154297e+00
4.068816900000000181e-01 2.249296665191650391e+00
4.097130709999999842e-01 2.314450979232788086e+00
4.125445090000000037e-01 2.402699232101440430e+00
4.153760029999999936e-01 2.415965557098388672e+00
4.182075530000000096e-01 2.370845317840576172e+00
4.210391589999999962e-01 2.358348846435546875e+00
4.238708219999999804e-01 2.333089828491210938e+00
4.267025409999999908e-01 2.281720399856567383e+00
4.295343160000000271e-01 2.075477123260498047e+00
4.323661469999999785e-01 2.207474470138549805e+00
4.351980349999999831e-01 2.421481847763061523e+00
4.380299790000000137e-01 2.458105564117431641e+00
4.408619790000000149e-01 2.545717239379882812e+00
4.436940349999999866e-01 2.695383548736572266e+00
4.465261480000000116e-01 2.706399679183959961e+00
4.493583170000000071e-01 2.885072708129882812e+00
4.521905419999999731e-01 2.888683319091796875e+00
4.550228230000000207e-01 2.873845338821411133e+00
4.578551610000000105e-01 2.937851428985595703e+00
4.606875550000000263e-01 2.937278985977172852e+00
4.635200050000000127e-01 2.973361492156982422e+00
4.663525110000000251e-01 2.919297456741333008e+00
4.691850739999999798e-01 2.911914825439453125e+00
4.720176919999999887e-01 2.952621936798095703e+00
4.748503669999999954e-01 3.008578538894653320e+00
4.776830989999999999e-01 3.041647195816040039e+00
4.805158860000000032e-01 3.104862213134765625e+00
4.833487300000000042e-01 3.077550172805786133e+00
4.861816299999999758e-01 2.845092773437500000e+00
4.890145859999999733e-01 2.964974164962768555e+00
4.918475979999999970e-01 3.043666124343872070e+00
4.946806670000000183e-01 3.108764171600341797e+00
4.975137920000000102e-01 3.118548870086669922e+00
5.003469729999999727e-01 3.044954061508178711e+00
5.031802100000000166e-01 3.023495674133300781e+00
5.060135040000000028e-01 3.116368532180786133e+00
5.088468539999999596e-01 3.137396097183227539e+00
5.116802599999999979e-01 3.174407243728637695e+00
5.145137220000000067e-01 3.092866897583007812e+00
5.173472409999999577e-01 2.936910629272460938e+00
5.201808159999999903e-01 3.071063756942749023e+00
5.230144469999999934e-01 3.206910848617553711e+00
5.258481339999999671e-01 3.214543104171752930e+00
5.286818779999999940e-01 3.253643751144409180e+00
5.315156779999999914e-01 3.365026712417602539e+00
5.343495339999999594e-01 3.357413768768310547e+00
5.371834460000000089e-01 3.405995130538940430e+00
5.400174150000000006e-01 3.350757122039794922e+00
5.428514389999999912e-01 3.372867345809936523e+00
5.456855200000000350e-01 3.430680036544799805e+00
5.485196580000000210e-01 3.441033363342285156e+00
5.513538510000000059e-01 3.473179817199707031e+00
5.541881010000000440e-01 3.502659320831298828e+00
5.570224070000000527e-01 3.460608243942260742e+00
5.598567690000000319e-01 3.419803857803344727e+00
5.626911869999999816e-01 3.479109764099121094e+00
5.655256619999999845e-01 3.464733600616455078e+00
5.683601929999999580e-01 3.428561925888061523e+00
5.711947800000000131e-01 3.398881196975708008e+00
5.740294230000000386e-01 3.466737985610961914e+00
5.768641230000000064e-01 3.428445816040039062e+00
5.796988789999999447e-01 3.440120458602905273e+00
5.825336909999999646e-01 3.520694494247436523e+00
5.853685589999999550e-01 3.496007442474365234e+00
5.882034839999999987e-01 3.260419845581054688e+00
5.910384650000000129e-01 3.132618665695190430e+00
5.938735019999999976e-01 3.185695409774780273e+00
5.967085949999999528e-01 3.181291103363037109e+00
5.995437449999999613e-01 3.160137414932250977e+00
6.023789510000000513e-01 3.127832412719726562e+00
6.052142130000000009e-01 3.147155046463012695e+00
6.080495310000000320e-01 3.099664688110351562e+00
6.108849060000000053e-01 2.993313074111938477e+00
6.137203359999999774e-01 2.923790931701660156e+00
6.165558230000000028e-01 2.895766496658325195e+00
6.193913669999999705e-01 2.976102352142333984e+00
6.222269660000000480e-01 2.958558082580566406e+00
6.250626219999999567e-01 2.885161876678466797e+00
6.278983339999999469e-01 2.821916341781616211e+00
6.307341020000000187e-01 2.798007965087890625e+00
6.335699259999999500e-01 2.835766315460205078e+00
6.364058070000000455e-01 2.864722728729248047e+00
6.392417440000000006e-01 2.868456602096557617e+00
6.420777370000000372e-01 2.851455450057983398e+00
6.449137860000000444e-01 2.811368942260742188e+00
6.477498919999999938e-01 2.681479454040527344e+00
6.505860540000000247e-01 2.673068046569824219e+00
6.534222720000000262e-01 2.671164274215698242e+00
6.562585459999999982e-01 2.460401773452758789e+00
6.590948770000000234e-01 2.581703186035156250e+00
6.619312640000000192e-01 2.645447969436645508e+00
6.647677069999999855e-01 2.629220008850097656e+00
6.676042060000000333e-01 2.609496593475341797e+00
6.704407620000000234e-01 2.574861526489257812e+00
6.732773739999999840e-01 2.549393415451049805e+00
6.761140420000000262e-01 2.544076681137084961e+00
6.789507660000000389e-01 2.525629043579101562e+00
6.817875469999999938e-01 2.510211706161499023e+00
6.846243829999999475e-01 2.411168813705444336e+00
6.874612759999999545e-01 2.032819509506225586e+00
6.902982260000000148e-01 2.063599586486816406e+00
6.931352309999999628e-01 2.101282119750976562e+00
6.959722929999999641e-01 2.119119644165039062e+00
6.988094110000000470e-01 2.121909856796264648e+00
7.016465849999999893e-01 1.997460961341857910e+00
7.044838150000000132e-01 2.004549980163574219e+00
7.073211019999999793e-01 1.977024435997009277e+00
7.101584450000000270e-01 1.920101881027221680e+00
7.129958440000000452e-01 1.817499637603759766e+00
7.158332990000000340e-01 1.545705318450927734e+00
7.186708109999999650e-01 1.132486701011657715e+00
7.215083789999999775e-01 1.166445136070251465e+00
7.243460029999999605e-01 1.081328749656677246e+00
7.271836830000000251e-01 9.794322252273559570e-01
7.300214200000000320e-01 9.251816272735595703e-01
7.328592130000000093e-01 9.452524781227111816e-01
7.356970619999999572e-01 9.424529671669006348e-01
7.385349669999999866e-01 9.220564961433410645e-01
7.413729289999999583e-01 9.274863600730895996e-01
7.442109470000000115e-01 9.422838687896728516e-01
7.470490210000000353e-01 9.437311291694641113e-01
7.498871510000000296e-01 9.230555295944213867e-01
7.527253379999999661e-01 9.146380424499511719e-01
7.555635800000000124e-01 9.065721631050109863e-01
7.584018790000000010e-01 7.447198033332824707e-01
7.612402350000000428e-01 3.461228907108306885e-01
7.640786459999999725e-01 4.228360056877136230e-01
7.669171139999999554e-01 6.828607916831970215e-01
7.697556380000000198e-01 8.359584808349609375e-01
7.725942180000000548e-01 8.651384115219116211e-01
7.754328539999999492e-01 8.741478323936462402e-01
7.782715470000000080e-01 8.668940067291259766e-01
7.811102960000000373e-01 8.810233473777770996e-01
7.839491010000000371e-01 8.748459219932556152e-01
7.867879620000000074e-01 8.706343173980712891e-01
7.896268800000000310e-01 8.426094651222229004e-01
7.924658540000000251e-01 8.398549556732177734e-01
7.953048839999999897e-01 8.511724472045898438e-01
7.981439700000000359e-01 8.592543005943298340e-01
8.009831130000000243e-01 8.512241840362548828e-01
8.038223119999999833e-01 8.525298237800598145e-01
8.066615670000000238e-01 8.664312362670898438e-01
8.095008780000000348e-01 8.330470919609069824e-01
8.123402459999999881e-01 7.452870011329650879e-01
8.151796700000000229e-01 6.123228669166564941e-01
8.180191500000000282e-01 5.743008255958557129e-01
8.208586860000000041e-01 6.173644065856933594e-01
8.236982790000000332e-01 5.634537935256958008e-01
8.265379269999999501e-01 5.900297164916992188e-01
8.293776320000000313e-01 5.248399376869201660e-01
8.322173940000000547e-01 5.077875852584838867e-01
8.350572109999999659e-01 5.126397609710693359e-01
8.378970850000000414e-01 5.299398899078369141e-01
8.407370149999999764e-01 5.365566611289978027e-01
8.435770009999999930e-01 5.246998071670532227e-01
8.464170429999999801e-01 5.226334333419799805e-01
8.492571420000000204e-01 4.926924705505371094e-01
8.520972970000000313e-01 4.758554995059967041e-01
8.549375080000000127e-01 4.498353898525238037e-01
8.577777749999999646e-01 4.772203862667083740e-01
8.606180989999999698e-01 4.739575684070587158e-01
8.634584789999999455e-01 4.622362852096557617e-01
8.662989150000000027e-01 4.247878193855285645e-01
8.691394070000000305e-01 4.355599880218505859e-01
8.719799560000000005e-01 4.315120875835418701e-01
8.748205610000000521e-01 4.199653565883636475e-01
8.776612219999999631e-01 4.095483720302581787e-01
8.805019389999999557e-01 3.953767418861389160e-01
8.833427130000000016e-01 3.918679356575012207e-01
8.861835430000000180e-01 3.770369887351989746e-01
8.890244290000000049e-01 3.685730099678039551e-01
8.918653709999999624e-01 3.475377559661865234e-01
8.947063699999999731e-01 2.896015048027038574e-01
8.975474239999999826e-01 2.351704239845275879e-01
9.003885350000000454e-01 2.071916908025741577e-01
9.032297030000000504e-01 2.428706288337707520e-01
9.060709260000000542e-01 2.418942302465438843e-01
9.089122060000000003e-01 1.994383186101913452e-01
9.117535420000000279e-01 1.967888623476028442e-01
9.145949340000000261e-01 1.807625293731689453e-01
9.174363819999999947e-01 1.797458231449127197e-01
9.202778870000000166e-01 2.078438103199005127e-01
9.231194480000000091e-01 1.965995430946350098e-01
9.259610649999999721e-01 1.800806075334548950e-01
9.288027380000000166e-01 1.244804039597511292e-01
9.316444680000000034e-01 7.104869186878204346e-02
9.344862539999999607e-01 3.997298330068588257e-02
9.373280959999999995e-01 4.443310946226119995e-02
9.401699940000000089e-01 6.605993956327438354e-02
9.430119489999999605e-01 5.711760371923446655e-02
9.458539599999999936e-01 4.921988397836685181e-02
9.486960269999999973e-01 6.125064939260482788e-02
9.515381499999999715e-01 5.517441406846046448e-02
9.543803299999999989e-01 5.912479385733604431e-02
9.572225659999999969e-01 6.096999347209930420e-02
9.600648579999999654e-01 6.699799001216888428e-02
9.629072060000000155e-01 7.571683079004287720e-02
9.657496110000000078e-01 8.866947144269943237e-02
9.685920709999999989e-01 1.132543683052062988e-01
9.714345880000000433e-01 1.213996037840843201e-01
9.742771620000000299e-01 1.094111725687980652e-01
9.771197910000000153e-01 1.160467341542243958e-01
9.799624770000000540e-01 1.156793609261512756e-01
9.828052189999999522e-01 1.316134184598922729e-01
9.856480170000000429e-01 1.380571722984313965e-01
9.884908709999999932e-01 1.460768282413482666e-01
9.913337819999999967e-01 1.455593407154083252e-01
9.941767489999999707e-01 1.504332274198532104e-01
9.970197720000000263e-01 1.464198529720306396e-01
9.998628510000000524e-01 1.501380801200866699e-01
1.002705986999999910e+00 1.452236622571945190e-01
1.005549178999999960e+00 1.450367271900177002e-01
1.008392426999999980e+00 1.508353352546691895e-01
1.011235730999999971e+00 1.461102962493896484e-01
1.014079092000000015e+00 1.527297049760818481e-01
1.016922509000000030e+00 1.459992527961730957e-01
1.019765982000000015e+00 1.489694416522979736e-01
1.022609510999999971e+00 1.537438333034515381e-01
1.025453096999999980e+00 1.503519862890243530e-01
1.028296738999999960e+00 1.460861414670944214e-01
1.031140436999999910e+00 1.530361026525497437e-01
1.033984191000000052e+00 1.503204852342605591e-01
1.036828002000000026e+00 1.494868397712707520e-01
1.039671868000000110e+00 1.535096317529678345e-01
1.042515791000000025e+00 1.484079211950302124e-01
1.045359770999999993e+00 1.559801697731018066e-01
