3.615872339999999796e-01 1.321849703788757324e+00
3.644177160000000026e-01 1.432539463043212891e+00
3.672482539999999962e-01 1.602703571319580078e+00
3.700788480000000158e-01 1.587622642517089844e+00
3.729094980000000059e-01 1.424320340156555176e+00
3.757402049999999938e-01 1.501429319381713867e+00
3.785709680000000077e-01 1.681339144706726074e+00
3.814017869999999921e-01 1.430880546569824219e+00
3.842326620000000026e-01 1.315858721733093262e+00
3.870635940000000108e-01 1.422421336174011230e+00
3.898945819999999896e-01 1.610427975654602051e+00
3.927256259999999943e-01 1.412208199501037598e+00
3.955567260000000251e-01 1.441091656684875488e+00
3.983878829999999982e-01 1.792925596237182617e+00
4.012190950000000256e-01 2.257181406021118164e+00
4.040503639999999952e-01 2.261322021484375000e+00
4.068816900000000181e-01 2.184673070907592773e+00
4.097130709999999842e-01 2.226962804794311523e+00
4.125445090000000037e-01 2.338947534561157227e+00
4.153760029999999936e-01 2.344789743423461914e+00
4.182075530000000096e-01 2.290142297744750977e+00
4.210391589999999962e-01 2.288312435150146484e+00
4.238708219999999804e-01 2.250539064407348633e+00
4.267025409999999908e-01 2.207183599472045898e+00
4.295343160000000271e-01 1.984974861145019531e+00
4.323661469999999785e-01 2.108962535858154297e+00
4.351980349999999831e-01 2.317470073699951172e+00
4.380299790000000137e-01 2.326419591903686523e+00
4.408619790000000149e-01 2.405440330505371094e+00
4.436940349999999866e-01 2.555703639984130859e+00
4.465261480000000116e-01 2.550508260726928711e+00
4.493583170000000071e-01 2.713851451873779297e+00
4.521905419999999731e-01 2.726445198059082031e+00
4.550228230000000207e-01 2.694956064224243164e+00
4.578551610000000105e-01 2.752417564392089844e+00
4.606875550000000263e-01 2.767265081405639648e+00
4.635200050000000127e-01 2.786665916442871094e+00
4.663525110000000251e-01 2.721560001373291016e+00
4.691850739999999798e-01 2.716079950332641602e+00
4.720176919999999887e-01 2.766912460327148438e+00
4.748503669999999954e-01 2.828442811965942383e+00
4.776830989999999999e-01 2.844005584716796875e+00
4.805158860000000032e-01 2.900842189788818359e+00
4.833487300000000042e-01 2.870476722717285156e+00
4.861816299999999758e-01 2.651849031448364258e+00
4.890145859999999733e-01 2.757989883422851562e+00
4.918475979999999970e-01 2.837983131408691406e+00
4.946806670000000183e-01 2.884546041488647461e+00
4.975137920000000102e-01 2.901569843292236328e+00
5.003469729999999727e-01 2.817399263381958008e+00
5.031802100000000166e-01 2.804070711135864258e+00
5.060135040000000028e-01 2.896412372589111328e+00
5.088468539999999596e-01 2.904756069183349609e+00
5.116802599999999979e-01 2.925506353378295898e+00
5.145137220000000067e-01 2.863872528076171875e+00
5.173472409999999577e-01 2.715461730957031250e+00
5.201808159999999903e-01 2.827633142471313477e+00
5.230144469999999934e-01 2.952243566513061523e+00
5.258481339999999671e-01 2.963635444641113281e+00
5.286818779999999940e-01 2.997851610183715820e+00
5.315156779999999914e-01 3.093793392181396484e+00
5.343495339999999594e-01 3.078111648559570312e+00
5.371834460000000089e-01 3.122994184494018555e+00
5.400174150000000006e-01 3.070757627487182617e+00
5.428514389999999912e-01 3.098926305770874023e+00
5.456855200000000350e-01 3.142624616622924805e+00
5.485196580000000210e-01 3.144854784011840820e+00
5.513538510000000059e-01 3.176803588867187500e+00
5.541881010000000440e-01 3.206342458724975586e+00
5.570224070000000527e-01 3.166974544525146484e+00
5.598567690000000319e-01 3.125910520553588867e+00
5.626911869999999816e-01 3.172620773315429688e+00
5.655256619999999845e-01 3.152206420898437500e+00
5.683601929999999580e-01 3.137395858764648438e+00
5.711947800000000131e-01 3.109124183654785156e+00
5.740294230000000386e-01 3.149274587631225586e+00
5.768641230000000064e-01 3.104419231414794922e+00
5.796988789999999447e-01 3.123817443847656250e+00
5.825336909999999646e-01 3.186170816421508789e+00
5.853685589999999550e-01 3.138768911361694336e+00
5.882034839999999987e-01 2.917700767517089844e+00
5.910384650000000129e-01 2.797938823699951172e+00
5.938735019999999976e-01 2.834185123443603516e+00
5.967085949999999528e-01 2.805652856826782227e+00
5.995437449999999613e-01 2.755394220352172852e+00
6.023789510000000513e-01 2.707204341888427734e+00
6.052142130000000009e-01 2.713824272155761719e+00
6.080495310000000320e-01 2.668069362640380859e+00
6.108849060000000053e-01 2.557111263275146484e+00
6.137203359999999774e-01 2.511561155319213867e+00
6.165558230000000028e-01 2.485059261322021484e+00
6.193913669999999705e-01 2.537800788879394531e+00
6.222269660000000480e-01 2.531684637069702148e+00
6.250626219999999567e-01 2.459805727005004883e+00
6.278983339999999469e-01 2.396606445312500000e+00
6.307341020000000187e-01 2.373830080032348633e+00
6.335699259999999500e-01 2.394595384597778320e+00
6.364058070000000455e-01 2.418044328689575195e+00
6.392417440000000006e-01 2.427748203277587891e+00
6.420777370000000372e-01 2.391212940216064453e+00
6.449137860000000444e-01 2.354500055313110352e+00
6.477498919999999938e-01 2.248912334442138672e+00
6.505860540000000247e-01 2.237711668014526367e+00
6.534222720000000262e-01 2.224249839782714844e+00
6.562585459999999982e-01 2.030546188354492188e+00
6.590948770000000234e-01 2.132229566574096680e+00
6.619312640000000192e-01 2.172002792358398438e+00
6.647677069999999855e-01 2.143208742141723633e+00
6.676042060000000333e-01 2.128157854080200195e+00
6.704407620000000234e-01 2.101447820663452148e+00
6.732773739999999840e-01 2.084093570709228516e+00
6.761140420000000262e-01 2.069131374359130859e+00
6.789507660000000389e-01 2.046947002410888672e+00
6.817875469999999938e-01 2.020554542541503906e+00
6.846243829999999475e-01 1.944515347480773926e+00
6.874612759999999545e-01 1.625661730766296387e+00
6.902982260000000148e-01 1.636352062225341797e+00
6.931352309999999628e-01 1.665188908576965332e+00
6.959722929999999641e-01 1.668159365653991699e+00
6.988094110000000470e-01 1.650277376174926758e+00
7.016465849999999893e-01 1.546881914138793945e+00
7.044838150000000132e-01 1.534060120582580566e+00
7.073211019999999793e-01 1.496790647506713867e+00
7.101584450000000270e-01 1.431841015815734863e+00
7.129958440000000452e-01 1.338085174560546875e+00
7.158332990000000340e-01 1.125835895538330078e+00
7.186708109999999650e-01 8.156281709671020508e-01
7.215083789999999775e-01 8.315816521644592285e-01
7.243460029999999605e-01 7.559516429901123047e-01
7.271836830000000251e-01 6.872662901878356934e-01
7.300214200000000320e-01 6.402495503425598145e-01
7.328592130000000093e-01 6.550002098083496094e-01
7.356970619999999572e-01 6.455307602882385254e-01
7.385349669999999866e-01 6.330081224441528320e-01
7.413729289999999583e-01 6.266517043113708496e-01
7.442109470000000115e-01 6.384078264236450195e-01
7.470490210000000353e-01 6.349579095840454102e-01
7.498871510000000296e-01 6.276252865791320801e-01
7.527253379999999661e-01 6.133292317390441895e-01
7.555635800000000124e-01 6.124785542488098145e-01
7.584018790000000010e-01 4.995347559452056885e-01
7.612402350000000428e-01 2.380284816026687622e-01
7.640786459999999725e-01 2.885125577449798584e-01
7.669171139999999554e-01 4.588311016559600830e-01
7.697556380000000198e-01 5.569505691528320312e-01
7.725942180000000548e-01 5.780996084213256836e-01
7.754328539999999492e-01 5.775982141494750977e-01
7.782715470000000080e-01 5.715650320053100586e-01
7.811102960000000373e-01 5.804097652435302734e-01
7.839491010000000371e-01 5.778663754463195801e-01
7.867879620000000074e-01 5.716874003410339355e-01
7.896268800000000310e-01 5.553973913192749023e-01
7.924658540000000251e-01 5.584650635719299316e-01
7.953048839999999897e-01 5.576990246772766113e-01
7.981439700000000359e-01 5.627383589744567871e-01
8.009831130000000243e-01 5.589078068733215332e-01
8.038223119999999833e-01 5.525760054588317871e-01
8.066615670000000238e-01 5.733930468559265137e-01
8.095008780000000348e-01 5.458835363388061523e-01
8.123402459999999881e-01 4.858966767787933350e-01
8.151796700000000229e-01 3.994585573673248291e-01
8.180191500000000282e-01 3.738449513912200928e-01
8.208586860000000041e-01 4.047935307025909424e-01
8.236982790000000332e-01 3.738422095775604248e-01
8.265379269999999501e-01 3.851981759071350098e-01
8.293776320000000313e-01 3.476280272006988525e-01
8.322173940000000547e-01 3.361832499504089355e-01
8.350572109999999659e-01 3.366877734661102295e-01
8.378970850000000414e-01 3.461941480636596680e-01
8.407370149999999764e-01 3.508255779743194580e-01
8.435770009999999930e-01 3.436295390129089355e-01
8.464170429999999801e-01 3.416782617568969727e-01
8.492571420000000204e-01 3.281902074813842773e-01
8.520972970000000313e-01 3.123987913131713867e-01
8.549375080000000127e-01 2.949343323707580566e-01
8.577777749999999646e-01 3.108579218387603760e-01
8.606180989999999698e-01 3.048927187919616699e-01
8.634584789999999455e-01 3.016576170921325684e-01
8.662989150000000027e-01 2.806801497936248779e-01
8.691394070000000305e-01 2.860017120838165283e-01
8.719799560000000005e-01 2.819404304027557373e-01
8.748205610000000521e-01 2.719389498233795166e-01
8.776612219999999631e-01 2.734055519104003906e-01
8.805019389999999557e-01 2.593678236007690430e-01
8.833427130000000016e-01 2.549639046192169189e-01
8.861835430000000180e-01 2.472733110189437866e-01
8.890244290000000049e-01 2.402487993240356445e-01
8.918653709999999624e-01 2.287825942039489746e-01
8.947063699999999731e-01 1.909512430429458618e-01
8.975474239999999826e-01 1.585141271352767944e-01
9.003885350000000454e-01 1.378861665725708008e-01
9.032297030000000504e-01 1.629327535629272461e-01
9.060709260000000542e-01 1.632076948881149292e-01
9.089122060000000003e-01 1.320267319679260254e-01
9.117535420000000279e-01 1.296193152666091919e-01
9.145949340000000261e-01 1.234404295682907104e-01
9.174363819999999947e-01 1.251399070024490356e-01
9.202778870000000166e-01 1.424600332975387573e-01
9.231194480000000091e-01 1.327830553054809570e-01
9.259610649999999721e-01 1.211116090416908264e-01
9.288027380000000166e-01 8.553665876388549805e-02
9.316444680000000034e-01 5.136550217866897583e-02
9.344862539999999607e-01 2.949115820229053497e-02
9.373280959999999995e-01 3.107477724552154541e-02
9.401699940000000089e-01 5.059878900647163391e-02
9.430119489999999605e-01 4.550689458847045898e-02
9.458539599999999936e-01 3.959954530000686646e-02
9.486960269999999973e-01 4.069092497229576111e-02
9.515381499999999715e-01 4.206666350364685059e-02
9.543803299999999989e-01 4.125820845365524292e-02
9.572225659999999969e-01 4.516603052616119385e-02
9.600648579999999654e-01 5.026046931743621826e-02
9.629072060000000155e-01 5.961281806230545044e-02
9.657496110000000078e-01 6.234308332204818726e-02
9.685920709999999989e-01 7.843782007694244385e-02
9.714345880000000433e-01 8.783850818872451782e-02
9.742771620000000299e-01 7.196626812219619751e-02
9.771197910000000153e-01 8.306574076414108276e-02
9.799624770000000540e-01 8.254909515380859375e-02
9.828052189999999522e-01 9.160211682319641113e-02
9.856480170000000429e-01 9.634742140769958496e-02
9.884908709999999932e-01 1.020327880978584290e-01
9.913337819999999967e-01 9.894825518131256104e-02
9.941767489999999707e-01 9.927181154489517212e-02
9.970197720000000263e-01 9.815061092376708984e-02
9.998628510000000524e-01 1.006014421582221985e-01
1.002705986999999910e+00 9.672193229198455811e-02
1.005549178999999960e+00 1.003631427884101868e-01
1.008392426999999980e+00 1.012876331806182861e-01
1.011235730999999971e+00 9.663192927837371826e-02
1.014079092000000015e+00 1.002692282199859619e-01
1.016922509000000030e+00 1.026413887739181519e-01
1.019765982000000015e+00 1.003829687833786011e-01
1.022609510999999971e+00 1.063076853752136230e-01
1.025453096999999980e+00 9.786346554756164551e-02
1.028296738999999960e+00 9.961322695016860962e-02
1.031140436999999910e+00 1.010250374674797058e-01
1.033984191000000052e+00 1.032018512487411499e-01
1.036828002000000026e+00 1.075741499662399292e-01
1.039671868000000110e+00 1.082820966839790344e-01
1.042515791000000025e+00 9.843672066926956177e-02
1.045359770999999993e+00 1.014773696660995483e-01
