3.615872339999999796e-01 1.262559175491333008e+00
3.644177160000000026e-01 1.479011297225952148e+00
3.672482539999999962e-01 1.589959979057312012e+00
3.700788480000000158e-01 1.592660069465637207e+00
3.729094980000000059e-01 1.431091189384460449e+00
3.757402049999999938e-01 1.499444484710693359e+00
3.785709680000000077e-01 1.650337100028991699e+00
3.814017869999999921e-01 1.424337387084960938e+00
3.842326620000000026e-01 1.322133779525756836e+00
3.870635940000000108e-01 1.440994977951049805e+00
3.898945819999999896e-01 1.639002203941345215e+00
3.927256259999999943e-01 1.429524540901184082e+00
3.955567260000000251e-01 1.461262226104736328e+00
3.983878829999999982e-01 1.853804469108581543e+00
4.012190950000000256e-01 2.300960302352905273e+00
4.040503639999999952e-01 2.301427841186523438e+00
4.068816900000000181e-01 2.272570371627807617e+00
4.097130709999999842e-01 2.307839870452880859e+00
4.125445090000000037e-01 2.420150756835937500e+00
4.153760029999999936e-01 2.431956052780151367e+00
4.182075530000000096e-01 2.372996568679809570e+00
4.210391589999999962e-01 2.378467321395874023e+00
4.238708219999999804e-01 2.327241182327270508e+00
4.267025409999999908e-01 2.294094085693359375e+00
4.295343160000000271e-01 2.060070753097534180e+00
4.323661469999999785e-01 2.222261667251586914e+00
4.351980349999999831e-01 2.409828424453735352e+00
4.380299790000000137e-01 2.460114955902099609e+00
4.408619790000000149e-01 2.534936904907226562e+00
4.436940349999999866e-01 2.687204360961914062e+00
4.465261480000000116e-01 2.719253540039062500e+00
4.493583170000000071e-01 2.864151000976562500e+00
4.521905419999999731e-01 2.913489103317260742e+00
4.550228230000000207e-01 2.868751764297485352e+00
4.578551610000000105e-01 2.925879955291748047e+00
4.606875550000000263e-01 2.954140901565551758e+00
4.635200050000000127e-01 2.984315872192382812e+00
4.663525110000000251e-01 2.914022922515869141e+00
4.691850739999999798e-01 2.922120571136474609e+00
4.720176919999999887e-01 2.953474044799804688e+00
4.748503669999999954e-01 3.004848003387451172e+00
4.776830989999999999e-01 3.021963596343994141e+00
4.805158860000000032e-01 3.102478742599487305e+00
4.833487300000000042e-01 3.080634593963623047e+00
4.861816299999999758e-01 2.834511756896972656e+00
4.890145859999999733e-01 2.957617521286010742e+00
4.918475979999999970e-01 3.038052082061767578e+00
4.946806670000000183e-01 3.092429161071777344e+00
4.975137920000000102e-01 3.119201183319091797e+00
5.003469729999999727e-01 3.033970832824707031e+00
5.031802100000000166e-01 3.019688129425048828e+00
5.060135040000000028e-01 3.103715181350708008e+00
5.088468539999999596e-01 3.136265039443969727e+00
5.116802599999999979e-01 3.169640064239501953e+00
5.145137220000000067e-01 3.094457864761352539e+00
5.173472409999999577e-01 2.932863712310791016e+00
5.201808159999999903e-01 3.062349081039428711e+00
5.230144469999999934e-01 3.205523014068603516e+00
5.258481339999999671e-01 3.204380035400390625e+00
5.286818779999999940e-01 3.239778995513916016e+00
5.315156779999999914e-01 3.370686054229736328e+00
5.343495339999999594e-01 3.353876352310180664e+00
5.371834460000000089e-01 3.397945642471313477e+00
5.400174150000000006e-01 3.327498435974121094e+00
5.428514389999999912e-01 3.356718063354492188e+00
5.456855200000000350e-01 3.417926549911499023e+00
5.485196580000000210e-01 3.431321144104003906e+00
5.513538510000000059e-01 3.459206819534301758e+00
5.541881010000000440e-01 3.499465942382812500e+00
5.570224070000000527e-01 3.456908464431762695e+00
5.598567690000000319e-01 3.409294605255126953e+00
5.626911869999999816e-01 3.463072538375854492e+00
5.655256619999999845e-01 3.451997280120849609e+00
5.683601929999999580e-01 3.419949054718017578e+00
5.711947800000000131e-01 3.386325120925903320e+00
5.740294230000000386e-01 3.444335222244262695e+00
5.768641230000000064e-01 3.414776086807250977e+00
5.796988789999999447e-01 3.431133508682250977e+00
5.825336909999999646e-01 3.517430543899536133e+00
5.853685589999999550e-01 3.468110084533691406e+00
5.882034839999999987e-01 3.244724750518798828e+00
5.910384650000000129e-01 3.112058639526367188e+00
5.938735019999999976e-01 3.165475606918334961e+00
5.967085949999999528e-01 3.165386438369750977e+00
5.995437449999999613e-01 3.130764961242675781e+00
6.023789510000000513e-01 3.104529142379760742e+00
6.052142130000000009e-01 3.116981029510498047e+00
6.080495310000000320e-01 3.060658216476440430e+00
6.108849060000000053e-01 2.953935146331787109e+00
6.137203359999999774e-01 2.898058652877807617e+00
6.165558230000000028e-01 2.867755413055419922e+00
6.193913669999999705e-01 2.946414709091186523e+00
6.222269660000000480e-01 2.930171728134155273e+00
6.250626219999999567e-01 2.860707759857177734e+00
6.278983339999999469e-01 2.796000242233276367e+00
6.307341020000000187e-01 2.773849725723266602e+00
6.335699259999999500e-01 2.813605070114135742e+00
6.364058070000000455e-01 2.849944353103637695e+00
6.392417440000000006e-01 2.853856563568115234e+00
6.420777370000000372e-01 2.817495107650756836e+00
6.449137860000000444e-01 2.785716295242309570e+00
6.477498919999999938e-01 2.651320695877075195e+00
6.505860540000000247e-01 2.641102313995361328e+00
6.534222720000000262e-01 2.637409687042236328e+00
6.562585459999999982e-01 2.427608966827392578e+00
6.590948770000000234e-01 2.547626495361328125e+00
6.619312640000000192e-01 2.615076065063476562e+00
6.647677069999999855e-01 2.591587305068969727e+00
6.676042060000000333e-01 2.573545694351196289e+00
6.704407620000000234e-01 2.542024850845336914e+00
6.732773739999999840e-01 2.523120164871215820e+00
6.761140420000000262e-01 2.510681629180908203e+00
6.789507660000000389e-01 2.489062786102294922e+00
6.817875469999999938e-01 2.463815450668334961e+00
6.846243829999999475e-01 2.372231006622314453e+00
6.874612759999999545e-01 2.003930568695068359e+00
6.902982260000000148e-01 2.027340650558471680e+00
6.931352309999999628e-01 2.073477745056152344e+00
6.959722929999999641e-01 2.089844465255737305e+00
6.988094110000000470e-01 2.067964792251586914e+00
7.016465849999999893e-01 1.971520781517028809e+00
7.044838150000000132e-01 1.975849747657775879e+00
7.073211019999999793e-01 1.942052841186523438e+00
7.101584450000000270e-01 1.882404565811157227e+00
7.129958440000000452e-01 1.782669425010681152e+00
7.158332990000000340e-01 1.507375836372375488e+00
7.186708109999999650e-01 1.111760616302490234e+00
7.215083789999999775e-01 1.146575927734375000e+00
7.243460029999999605e-01 1.057068586349487305e+00
7.271836830000000251e-01 9.599123001098632812e-01
7.300214200000000320e-01 9.054118990898132324e-01
7.328592130000000093e-01 9.247429370880126953e-01
7.356970619999999572e-01 9.280476570129394531e-01
7.385349669999999866e-01 9.120336771011352539e-01
7.413729289999999583e-01 9.105225801467895508e-01
7.442109470000000115e-01 9.255180358886718750e-01
7.470490210000000353e-01 9.183909296989440918e-01
7.498871510000000296e-01 9.102139472961425781e-01
7.527253379999999661e-01 9.028877615928649902e-01
7.555635800000000124e-01 8.897965550422668457e-01
7.584018790000000010e-01 7.327033281326293945e-01
7.612402350000000428e-01 3.486844003200531006e-01
7.640786459999999725e-01 4.206486642360687256e-01
7.669171139999999554e-01 6.813027262687683105e-01
7.697556380000000198e-01 8.233862519264221191e-01
7.725942180000000548e-01 8.476803302764892578e-01
7.754328539999999492e-01 8.590055108070373535e-01
7.782715470000000080e-01 8.552390933036804199e-01
7.811102960000000373e-01 8.606287240982055664e-01
7.839491010000000371e-01 8.630588650703430176e-01
7.867879620000000074e-01 8.562352657318115234e-01
7.896268800000000310e-01 8.187602758407592773e-01
7.924658540000000251e-01 8.238320946693420410e-01
7.953048839999999897e-01 8.315559625625610352e-01
7.981439700000000359e-01 8.452621698379516602e-01
8.009831130000000243e-01 8.295255303382873535e-01
8.038223119999999833e-01 8.394423127174377441e-01
8.066615670000000238e-01 8.536835908889770508e-01
8.095008780000000348e-01 8.161784410476684570e-01
8.123402459999999881e-01 7.314092516899108887e-01
8.151796700000000229e-01 6.024503707885742188e-01
8.180191500000000282e-01 5.701268911361694336e-01
8.208586860000000041e-01 6.052511930465698242e-01
8.236982790000000332e-01 5.601884722709655762e-01
8.265379269999999501e-01 5.823740959167480469e-01
8.293776320000000313e-01 5.209976434707641602e-01
8.322173940000000547e-01 5.020028948783874512e-01
8.350572109999999659e-01 5.098430514335632324e-01
8.378970850000000414e-01 5.210458040237426758e-01
8.407370149999999764e-01 5.235283970832824707e-01
8.435770009999999930e-01 5.187940001487731934e-01
8.464170429999999801e-01 5.198718905448913574e-01
8.492571420000000204e-01 4.958667755126953125e-01
8.520972970000000313e-01 4.680134952068328857e-01
8.549375080000000127e-01 4.490185081958770752e-01
8.577777749999999646e-01 4.789717197418212891e-01
8.606180989999999698e-01 4.707771241664886475e-01
8.634584789999999455e-01 4.619912505149841309e-01
8.662989150000000027e-01 4.247536063194274902e-01
8.691394070000000305e-01 4.394862949848175049e-01
8.719799560000000005e-01 4.353575110435485840e-01
8.748205610000000521e-01 4.207316040992736816e-01
8.776612219999999631e-01 4.095276892185211182e-01
8.805019389999999557e-01 3.977330029010772705e-01
8.833427130000000016e-01 3.895498514175415039e-01
8.861835430000000180e-01 3.794702291488647461e-01
8.890244290000000049e-01 3.717786371707916260e-01
8.918653709999999624e-01 3.528763651847839355e-01
8.947063699999999731e-01 2.957635819911956787e-01
8.975474239999999826e-01 2.371054887771606445e-01
9.003885350000000454e-01 2.141172140836715698e-01
9.032297030000000504e-01 2.479134798049926758e-01
9.060709260000000542e-01 2.448582649230957031e-01
9.089122060000000003e-01 2.026820033788681030e-01
9.117535420000000279e-01 1.991546005010604858e-01
9.145949340000000261e-01 1.868147253990173340e-01
9.174363819999999947e-01 1.879076957702636719e-01
9.202778870000000166e-01 2.180891036987304688e-01
9.231194480000000091e-01 2.067621052265167236e-01
9.259610649999999721e-01 1.899029910564422607e-01
9.288027380000000166e-01 1.322420835494995117e-01
9.316444680000000034e-01 7.149028778076171875e-02
9.344862539999999607e-01 4.244949668645858765e-02
9.373280959999999995e-01 4.942938685417175293e-02
9.401699940000000089e-01 7.474938780069351196e-02
9.430119489999999605e-01 6.275194138288497925e-02
9.458539599999999936e-01 5.838979408144950867e-02
9.486960269999999973e-01 6.217763945460319519e-02
9.515381499999999715e-01 6.096013262867927551e-02
9.543803299999999989e-01 6.194788217544555664e-02
9.572225659999999969e-01 6.997058540582656860e-02
9.600648579999999654e-01 7.346702367067337036e-02
9.629072060000000155e-01 8.541699498891830444e-02
9.657496110000000078e-01 9.190568327903747559e-02
9.685920709999999989e-01 1.152788549661636353e-01
9.714345880000000433e-01 1.294135302305221558e-01
9.742771620000000299e-01 1.138962581753730774e-01
9.771197910000000153e-01 1.189949065446853638e-01
9.799624770000000540e-01 1.243355944752693176e-01
9.828052189999999522e-01 1.380227804183959961e-01
9.856480170000000429e-01 1.481081694364547729e-01
9.884908709999999932e-01 1.530209630727767944e-01
9.913337819999999967e-01 1.537180840969085693e-01
9.941767489999999707e-01 1.579974591732025146e-01
9.970197720000000263e-01 1.605482399463653564e-01
9.998628510000000524e-01 1.578842997550964355e-01
1.002705986999999910e+00 1.503825783729553223e-01
1.005549178999999960e+00 1.544501781463623047e-01
1.008392426999999980e+00 1.548464000225067139e-01
1.011235730999999971e+00 1.541521400213241577e-01
1.014079092000000015e+00 1.539051383733749390e-01
1.016922509000000030e+00 1.552696079015731812e-01
1.019765982000000015e+00 1.563190519809722900e-01
1.022609510999999971e+00 1.624747216701507568e-01
1.025453096999999980e+00 1.594503223896026611e-01
1.028296738999999960e+00 1.660539507865905762e-01
1.031140436999999910e+00 1.578167825937271118e-01
1.033984191000000052e+00 1.693001836538314819e-01
1.036828002000000026e+00 1.634201705455780029e-01
1.039671868000000110e+00 1.631496399641036987e-01
1.042515791000000025e+00 1.792807579040527344e-01
1.045359770999999993e+00 1.758745610713958740e-01
