3.615872339999999796e-01 1.421513080596923828e+00
3.644177160000000026e-01 1.576499581336975098e+00
3.672482539999999962e-01 1.662913560867309570e+00
3.700788480000000158e-01 1.625196933746337891e+00
3.729094980000000059e-01 1.463076353073120117e+00
3.757402049999999938e-01 1.547469973564147949e+00
3.785709680000000077e-01 1.680522918701171875e+00
3.814017869999999921e-01 1.471210479736328125e+00
3.842326620000000026e-01 1.295241951942443848e+00
3.870635940000000108e-01 1.431068181991577148e+00
3.898945819999999896e-01 1.617671847343444824e+00
3.927256259999999943e-01 1.416932225227355957e+00
3.955567260000000251e-01 1.455518841743469238e+00
3.983878829999999982e-01 1.863036394119262695e+00
4.012190950000000256e-01 2.325140237808227539e+00
4.040503639999999952e-01 2.292284250259399414e+00
4.068816900000000181e-01 2.275314092636108398e+00
4.097130709999999842e-01 2.283694267272949219e+00
4.125445090000000037e-01 2.400361299514770508e+00
4.153760029999999936e-01 2.399862289428710938e+00
4.182075530000000096e-01 2.331413030624389648e+00
4.210391589999999962e-01 2.342692852020263672e+00
4.238708219999999804e-01 2.294817209243774414e+00
4.267025409999999908e-01 2.262958288192749023e+00
4.295343160000000271e-01 2.015192031860351562e+00
4.323661469999999785e-01 2.172821521759033203e+00
4.351980349999999831e-01 2.370508193969726562e+00
4.380299790000000137e-01 2.412407636642456055e+00
4.408619790000000149e-01 2.490276575088500977e+00
4.436940349999999866e-01 2.623307228088378906e+00
4.465261480000000116e-01 2.656304597854614258e+00
4.493583170000000071e-01 2.826204538345336914e+00
4.521905419999999731e-01 2.832178115844726562e+00
4.550228230000000207e-01 2.810689449310302734e+00
4.578551610000000105e-01 2.882404804229736328e+00
4.606875550000000263e-01 2.901389598846435547e+00
4.635200050000000127e-01 2.931128501892089844e+00
4.663525110000000251e-01 2.858810186386108398e+00
4.691850739999999798e-01 2.855874538421630859e+00
4.720176919999999887e-01 2.898046731948852539e+00
4.748503669999999954e-01 2.936861753463745117e+00
4.776830989999999999e-01 2.971453666687011719e+00
4.805158860000000032e-01 3.030500888824462891e+00
4.833487300000000042e-01 3.020291805267333984e+00
4.861816299999999758e-01 2.762397289276123047e+00
4.890145859999999733e-01 2.894647359848022461e+00
4.918475979999999970e-01 2.969000577926635742e+00
4.946806670000000183e-01 3.023921966552734375e+00
4.975137920000000102e-01 3.061287403106689453e+00
5.003469729999999727e-01 2.970112800598144531e+00
5.031802100000000166e-01 2.960020303726196289e+00
5.060135040000000028e-01 3.046689510345458984e+00
5.088468539999999596e-01 3.052971601486206055e+00
5.116802599999999979e-01 3.108980894088745117e+00
5.145137220000000067e-01 3.038786649703979492e+00
5.173472409999999577e-01 2.866492748260498047e+00
5.201808159999999903e-01 3.020497322082519531e+00
5.230144469999999934e-01 3.150332689285278320e+00
5.258481339999999671e-01 3.155512332916259766e+00
5.286818779999999940e-01 3.200154304504394531e+00
5.315156779999999914e-01 3.311253547668457031e+00
5.343495339999999594e-01 3.292271852493286133e+00
5.371834460000000089e-01 3.347651481628417969e+00
5.400174150000000006e-01 3.279686450958251953e+00
5.428514389999999912e-01 3.303757905960083008e+00
5.456855200000000350e-01 3.386080980300903320e+00
5.485196580000000210e-01 3.378854990005493164e+00
5.513538510000000059e-01 3.415403127670288086e+00
5.541881010000000440e-01 3.453299999237060547e+00
5.570224070000000527e-01 3.411976337432861328e+00
5.598567690000000319e-01 3.366861820220947266e+00
5.626911869999999816e-01 3.420970439910888672e+00
5.655256619999999845e-01 3.399036645889282227e+00
5.683601929999999580e-01 3.384982585906982422e+00
5.711947800000000131e-01 3.331352472305297852e+00
5.740294230000000386e-01 3.393405437469482422e+00
5.768641230000000064e-01 3.370206594467163086e+00
5.796988789999999447e-01 3.390424966812133789e+00
5.825336909999999646e-01 3.467322349548339844e+00
5.853685589999999550e-01 3.426523208618164062e+00
5.882034839999999987e-01 3.182068109512329102e+00
5.910384650000000129e-01 3.044595241546630859e+00
5.938735019999999976e-01 3.106332778930664062e+00
5.967085949999999528e-01 3.094047546386718750e+00
5.995437449999999613e-01 3.060755491256713867e+00
6.023789510000000513e-01 3.021775722503662109e+00
6.052142130000000009e-01 3.022915124893188477e+00
6.080495310000000320e-01 3.001403808593750000e+00
6.108849060000000053e-01 2.849652767181396484e+00
6.137203359999999774e-01 2.822939872741699219e+00
6.165558230000000028e-01 2.798941850662231445e+00
6.193913669999999705e-01 2.879816532135009766e+00
6.222269660000000480e-01 2.859056949615478516e+00
6.250626219999999567e-01 2.790526151657104492e+00
6.278983339999999469e-01 2.723443746566772461e+00
6.307341020000000187e-01 2.709253311157226562e+00
6.335699259999999500e-01 2.731205701828002930e+00
6.364058070000000455e-01 2.760090827941894531e+00
6.392417440000000006e-01 2.773519277572631836e+00
6.420777370000000372e-01 2.730885267257690430e+00
6.449137860000000444e-01 2.703022241592407227e+00
6.477498919999999938e-01 2.566726207733154297e+00
6.505860540000000247e-01 2.565022706985473633e+00
6.534222720000000262e-01 2.558282375335693359e+00
6.562585459999999982e-01 2.343514919281005859e+00
6.590948770000000234e-01 2.450536489486694336e+00
6.619312640000000192e-01 2.500679969787597656e+00
6.647677069999999855e-01 2.485187292098999023e+00
6.676042060000000333e-01 2.463721990585327148e+00
6.704407620000000234e-01 2.424334526062011719e+00
6.732773739999999840e-01 2.404502630233764648e+00
6.761140420000000262e-01 2.384637355804443359e+00
6.789507660000000389e-01 2.374273061752319336e+00
6.817875469999999938e-01 2.351451635360717773e+00
6.846243829999999475e-01 2.267877340316772461e+00
6.874612759999999545e-01 1.913766145706176758e+00
6.902982260000000148e-01 1.950725793838500977e+00
6.931352309999999628e-01 1.983592152595520020e+00
6.959722929999999641e-01 2.013758182525634766e+00
6.988094110000000470e-01 1.992838978767395020e+00
7.016465849999999893e-01 1.887419104576110840e+00
7.044838150000000132e-01 1.891215562820434570e+00
7.073211019999999793e-01 1.853975534439086914e+00
7.101584450000000270e-01 1.794857740402221680e+00
7.129958440000000452e-01 1.682760715484619141e+00
7.158332990000000340e-01 1.427396774291992188e+00
7.186708109999999650e-01 1.023402571678161621e+00
7.215083789999999775e-01 1.065655708312988281e+00
7.243460029999999605e-01 9.657396674156188965e-01
7.271836830000000251e-01 8.807706832885742188e-01
7.300214200000000320e-01 8.263068795204162598e-01
7.328592130000000093e-01 8.446792364120483398e-01
7.356970619999999572e-01 8.298283815383911133e-01
7.385349669999999866e-01 8.109107017517089844e-01
7.413729289999999583e-01 8.217822313308715820e-01
7.442109470000000115e-01 8.225041627883911133e-01
7.470490210000000353e-01 8.341295123100280762e-01
7.498871510000000296e-01 8.180941939353942871e-01
7.527253379999999661e-01 8.062037229537963867e-01
7.555635800000000124e-01 8.018689155578613281e-01
7.584018790000000010e-01 6.572071909904479980e-01
7.612402350000000428e-01 2.981483936309814453e-01
7.640786459999999725e-01 3.639898598194122314e-01
7.669171139999999554e-01 6.005789637565612793e-01
7.697556380000000198e-01 7.382792830467224121e-01
7.725942180000000548e-01 7.603619098663330078e-01
7.754328539999999492e-01 7.649758458137512207e-01
7.782715470000000080e-01 7.667270302772521973e-01
7.811102960000000373e-01 7.734133601188659668e-01
7.839491010000000371e-01 7.648360133171081543e-01
7.867879620000000074e-01 7.527911067008972168e-01
7.896268800000000310e-01 7.322930693626403809e-01
7.924658540000000251e-01 7.337687611579895020e-01
7.953048839999999897e-01 7.401666641235351562e-01
7.981439700000000359e-01 7.540379762649536133e-01
8.009831130000000243e-01 7.427728176116943359e-01
8.038223119999999833e-01 7.477141022682189941e-01
8.066615670000000238e-01 7.636701464653015137e-01
8.095008780000000348e-01 7.268321514129638672e-01
8.123402459999999881e-01 6.530978083610534668e-01
8.151796700000000229e-01 5.361394286155700684e-01
8.180191500000000282e-01 5.021066069602966309e-01
8.208586860000000041e-01 5.372631549835205078e-01
8.236982790000000332e-01 4.999831616878509521e-01
8.265379269999999501e-01 5.183871984481811523e-01
8.293776320000000313e-01 4.620342552661895752e-01
8.322173940000000547e-01 4.440448582172393799e-01
8.350572109999999659e-01 4.505640864372253418e-01
8.378970850000000414e-01 4.543088674545288086e-01
8.407370149999999764e-01 4.579840302467346191e-01
8.435770009999999930e-01 4.555208683013916016e-01
8.464170429999999801e-01 4.578039050102233887e-01
8.492571420000000204e-01 4.334908723831176758e-01
8.520972970000000313e-01 4.132163524627685547e-01
8.549375080000000127e-01 3.924642205238342285e-01
8.577777749999999646e-01 4.147715866565704346e-01
8.606180989999999698e-01 4.136692881584167480e-01
8.634584789999999455e-01 4.076667129993438721e-01
8.662989150000000027e-01 3.701870143413543701e-01
8.691394070000000305e-01 3.775727748870849609e-01
8.719799560000000005e-01 3.741185963153839111e-01
8.748205610000000521e-01 3.648540377616882324e-01
8.776612219999999631e-01 3.539594113826751709e-01
8.805019389999999557e-01 3.446633815765380859e-01
8.833427130000000016e-01 3.340986967086791992e-01
8.861835430000000180e-01 3.226400315761566162e-01
8.890244290000000049e-01 3.216677010059356689e-01
8.918653709999999624e-01 3.018340170383453369e-01
8.947063699999999731e-01 2.580697238445281982e-01
8.975474239999999826e-01 2.036434561014175415e-01
9.003885350000000454e-01 1.769069135189056396e-01
9.032297030000000504e-01 2.111683487892150879e-01
9.060709260000000542e-01 2.070692777633666992e-01
9.089122060000000003e-01 1.728221476078033447e-01
9.117535420000000279e-01 1.706615239381790161e-01
9.145949340000000261e-01 1.561364084482192993e-01
9.174363819999999947e-01 1.571379452943801880e-01
9.202778870000000166e-01 1.804502457380294800e-01
9.231194480000000091e-01 1.770880818367004395e-01
9.259610649999999721e-01 1.584800779819488525e-01
9.288027380000000166e-01 1.108293011784553528e-01
9.316444680000000034e-01 5.853333696722984314e-02
9.344862539999999607e-01 3.241372853517532349e-02
9.373280959999999995e-01 3.637998551130294800e-02
9.401699940000000089e-01 5.744858086109161377e-02
9.430119489999999605e-01 4.684561863541603088e-02
9.458539599999999936e-01 3.881712630391120911e-02
9.486960269999999973e-01 4.949418455362319946e-02
9.515381499999999715e-01 4.769100621342658997e-02
9.543803299999999989e-01 4.651626572012901306e-02
9.572225659999999969e-01 5.093669518828392029e-02
9.600648579999999654e-01 5.682725459337234497e-02
9.629072060000000155e-01 6.706260889768600464e-02
9.657496110000000078e-01 7.646481692790985107e-02
9.685920709999999989e-01 9.847056865692138672e-02
9.714345880000000433e-01 1.047295182943344116e-01
9.742771620000000299e-01 9.545005112886428833e-02
9.771197910000000153e-01 1.013249829411506653e-01
9.799624770000000540e-01 1.054912805557250977e-01
9.828052189999999522e-01 1.149634197354316711e-01
9.856480170000000429e-01 1.219160258769989014e-01
9.884908709999999932e-01 1.267794370651245117e-01
9.913337819999999967e-01 1.249373778700828552e-01
9.941767489999999707e-01 1.295430213212966919e-01
9.970197720000000263e-01 1.306332647800445557e-01
9.998628510000000524e-01 1.348820626735687256e-01
1.002705986999999910e+00 1.219017803668975830e-01
1.005549178999999960e+00 1.344138234853744507e-01
1.008392426999999980e+00 1.348039507865905762e-01
1.011235730999999971e+00 1.260017901659011841e-01
1.014079092000000015e+00 1.225160509347915649e-01
1.016922509000000030e+00 1.268197447061538696e-01
1.019765982000000015e+00 1.181133389472961426e-01
1.022609510999999971e+00 1.200433894991874695e-01
1.025453096999999980e+00 1.279500871896743774e-01
1.028296738999999960e+00 1.273741424083709717e-01
1.031140436999999910e+00 1.328793019056320190e-01
1.033984191000000052e+00 1.271229237318038940e-01
1.036828002000000026e+00 1.284197568893432617e-01
1.039671868000000110e+00 1.288659274578094482e-01
1.042515791000000025e+00 1.148970425128936768e-01
1.045359770999999993e+00 1.307740360498428345e-01
