3.615872339999999796e-01 1.338611602783203125e+00
3.644177160000000026e-01 1.440001726150512695e+00
3.672482539999999962e-01 1.591752171516418457e+00
3.700788480000000158e-01 1.606438040733337402e+00
3.729094980000000059e-01 1.435361623764038086e+00
3.757402049999999938e-01 1.485925793647766113e+00
3.785709680000000077e-01 1.681869983673095703e+00
3.814017869999999921e-01 1.401374340057373047e+00
3.842326620000000026e-01 1.301893234252929688e+00
3.870635940000000108e-01 1.438502907752990723e+00
3.898945819999999896e-01 1.614159226417541504e+00
3.927256259999999943e-01 1.414962768554687500e+00
3.955567260000000251e-01 1.425132513046264648e+00
3.983878829999999982e-01 1.829232215881347656e+00
4.012190950000000256e-01 2.282270193099975586e+00
4.040503639999999952e-01 2.248978376388549805e+00
4.068816900000000181e-01 2.205628395080566406e+00
4.097130709999999842e-01 2.268089056015014648e+00
4.125445090000000037e-01 2.334869861602783203e+00
4.153760029999999936e-01 2.367696762084960938e+00
4.182075530000000096e-01 2.286377191543579102e+00
4.210391589999999962e-01 2.330106735229492188e+00
4.238708219999999804e-01 2.275227546691894531e+00
4.267025409999999908e-01 2.238603830337524414e+00
4.295343160000000271e-01 2.016893625259399414e+00
4.323661469999999785e-01 2.148988246917724609e+00
4.351980349999999831e-01 2.354524135589599609e+00
4.380299790000000137e-01 2.381177186965942383e+00
4.408619790000000149e-01 2.450957298278808594e+00
4.436940349999999866e-01 2.607617855072021484e+00
4.465261480000000116e-01 2.620582580566406250e+00
4.493583170000000071e-01 2.752673387527465820e+00
4.521905419999999731e-01 2.798385858535766602e+00
4.550228230000000207e-01 2.774044036865234375e+00
4.578551610000000105e-01 2.827014923095703125e+00
4.606875550000000263e-01 2.822441577911376953e+00
4.635200050000000127e-01 2.873113155364990234e+00
4.663525110000000251e-01 2.805613040924072266e+00
4.691850739999999798e-01 2.826658725738525391e+00
4.720176919999999887e-01 2.843818902969360352e+00
4.748503669999999954e-01 2.882084369659423828e+00
4.776830989999999999e-01 2.913187742233276367e+00
4.805158860000000032e-01 2.981853723526000977e+00
4.833487300000000042e-01 2.945584058761596680e+00
4.861816299999999758e-01 2.712645769119262695e+00
4.890145859999999733e-01 2.836597442626953125e+00
4.918475979999999970e-01 2.903798341751098633e+00
4.946806670000000183e-01 2.979440212249755859e+00
4.975137920000000102e-01 2.999881029129028320e+00
5.003469729999999727e-01 2.903015613555908203e+00
5.031802100000000166e-01 2.892572641372680664e+00
5.060135040000000028e-01 2.972139120101928711e+00
5.088468539999999596e-01 3.008080959320068359e+00
5.116802599999999979e-01 3.028882741928100586e+00
5.145137220000000067e-01 2.972954988479614258e+00
5.173472409999999577e-01 2.809339761734008789e+00
5.201808159999999903e-01 2.933905124664306641e+00
5.230144469999999934e-01 3.068963289260864258e+00
5.258481339999999671e-01 3.064468622207641602e+00
5.286818779999999940e-01 3.109296083450317383e+00
5.315156779999999914e-01 3.213066577911376953e+00
5.343495339999999594e-01 3.196223497390747070e+00
5.371834460000000089e-01 3.251612901687622070e+00
5.400174150000000006e-01 3.186837196350097656e+00
5.428514389999999912e-01 3.211577415466308594e+00
5.456855200000000350e-01 3.268350124359130859e+00
5.485196580000000210e-01 3.272111892700195312e+00
5.513538510000000059e-01 3.300999164581298828e+00
5.541881010000000440e-01 3.333512783050537109e+00
5.570224070000000527e-01 3.301959276199340820e+00
5.598567690000000319e-01 3.259662151336669922e+00
5.626911869999999816e-01 3.298330783843994141e+00
5.655256619999999845e-01 3.301933050155639648e+00
5.683601929999999580e-01 3.269572973251342773e+00
5.711947800000000131e-01 3.237053871154785156e+00
5.740294230000000386e-01 3.284294128417968750e+00
5.768641230000000064e-01 3.238797664642333984e+00
5.796988789999999447e-01 3.260052442550659180e+00
5.825336909999999646e-01 3.326174974441528320e+00
5.853685589999999550e-01 3.292927265167236328e+00
5.882034839999999987e-01 3.061101198196411133e+00
5.910384650000000129e-01 2.933504104614257812e+00
5.938735019999999976e-01 2.986609220504760742e+00
5.967085949999999528e-01 2.957505226135253906e+00
5.995437449999999613e-01 2.902482271194458008e+00
6.023789510000000513e-01 2.873828411102294922e+00
6.052142130000000009e-01 2.878215312957763672e+00
6.080495310000000320e-01 2.827880144119262695e+00
6.108849060000000053e-01 2.720113515853881836e+00
6.137203359999999774e-01 2.646411180496215820e+00
6.165558230000000028e-01 2.636760234832763672e+00
6.193913669999999705e-01 2.705596923828125000e+00
6.222269660000000480e-01 2.679603815078735352e+00
6.250626219999999567e-01 2.614137649536132812e+00
6.278983339999999469e-01 2.552234888076782227e+00
6.307341020000000187e-01 2.534244775772094727e+00
6.335699259999999500e-01 2.553628206253051758e+00
6.364058070000000455e-01 2.581451654434204102e+00
6.392417440000000006e-01 2.577461719512939453e+00
6.420777370000000372e-01 2.551884651184082031e+00
6.449137860000000444e-01 2.507213592529296875e+00
6.477498919999999938e-01 2.396775007247924805e+00
6.505860540000000247e-01 2.392700910568237305e+00
6.534222720000000262e-01 2.374671220779418945e+00
6.562585459999999982e-01 2.185993432998657227e+00
6.590948770000000234e-01 2.272015333175659180e+00
6.619312640000000192e-01 2.325922489166259766e+00
6.647677069999999855e-01 2.306221961975097656e+00
6.676042060000000333e-01 2.286643028259277344e+00
6.704407620000000234e-01 2.255558967590332031e+00
6.732773739999999840e-01 2.229280710220336914e+00
6.761140420000000262e-01 2.218317985534667969e+00
6.789507660000000389e-01 2.193775892257690430e+00
6.817875469999999938e-01 2.178110361099243164e+00
6.846243829999999475e-01 2.091600179672241211e+00
6.874612759999999545e-01 1.764520406723022461e+00
6.902982260000000148e-01 1.776638746261596680e+00
6.931352309999999628e-01 1.810347437858581543e+00
6.959722929999999641e-01 1.820716500282287598e+00
6.988094110000000470e-01 1.802454113960266113e+00
7.016465849999999893e-01 1.693155288696289062e+00
7.044838150000000132e-01 1.685907363891601562e+00
7.073211019999999793e-01 1.642147898674011230e+00
7.101584450000000270e-01 1.589443922042846680e+00
7.129958440000000452e-01 1.479768633842468262e+00
7.158332990000000340e-01 1.248740911483764648e+00
7.186708109999999650e-01 9.103257060050964355e-01
7.215083789999999775e-01 9.242393970489501953e-01
7.243460029999999605e-01 8.451109528541564941e-01
7.271836830000000251e-01 7.631108760833740234e-01
7.300214200000000320e-01 7.160897850990295410e-01
7.328592130000000093e-01 7.234457731246948242e-01
7.356970619999999572e-01 7.098088264465332031e-01
7.385349669999999866e-01 6.928834915161132812e-01
7.413729289999999583e-01 7.021847367286682129e-01
7.442109470000000115e-01 7.078539729118347168e-01
7.470490210000000353e-01 7.030291557312011719e-01
7.498871510000000296e-01 6.955410242080688477e-01
7.527253379999999661e-01 6.845304965972900391e-01
7.555635800000000124e-01 6.675024628639221191e-01
7.584018790000000010e-01 5.581390261650085449e-01
7.612402350000000428e-01 2.659336626529693604e-01
7.640786459999999725e-01 3.169820308685302734e-01
7.669171139999999554e-01 5.075227618217468262e-01
7.697556380000000198e-01 6.180148720741271973e-01
7.725942180000000548e-01 6.381091475486755371e-01
7.754328539999999492e-01 6.376226544380187988e-01
7.782715470000000080e-01 6.433380246162414551e-01
7.811102960000000373e-01 6.456924080848693848e-01
7.839491010000000371e-01 6.479832530021667480e-01
7.867879620000000074e-01 6.304595470428466797e-01
7.896268800000000310e-01 6.160166859626770020e-01
7.924658540000000251e-01 6.196761131286621094e-01
7.953048839999999897e-01 6.219338178634643555e-01
7.981439700000000359e-01 6.284595727920532227e-01
8.009831130000000243e-01 6.244351863861083984e-01
8.038223119999999833e-01 6.249275207519531250e-01
8.066615670000000238e-01 6.422443389892578125e-01
8.095008780000000348e-01 6.111539602279663086e-01
8.123402459999999881e-01 5.505567789077758789e-01
8.151796700000000229e-01 4.495239853858947754e-01
8.180191500000000282e-01 4.237248599529266357e-01
8.208586860000000041e-01 4.506703019142150879e-01
8.236982790000000332e-01 4.149105548858642578e-01
8.265379269999999501e-01 4.276809096336364746e-01
8.293776320000000313e-01 3.811964988708496094e-01
8.322173940000000547e-01 3.704005181789398193e-01
8.350572109999999659e-01 3.712038993835449219e-01
8.378970850000000414e-01 3.826276957988739014e-01
8.407370149999999764e-01 3.820182979106903076e-01
8.435770009999999930e-01 3.789269328117370605e-01
8.464170429999999801e-01 3.740612268447875977e-01
8.492571420000000204e-01 3.591371476650238037e-01
8.520972970000000313e-01 3.416615128517150879e-01
8.549375080000000127e-01 3.251779079437255859e-01
8.577777749999999646e-01 3.407748341560363770e-01
8.606180989999999698e-01 3.427366912364959717e-01
8.634584789999999455e-01 3.350192904472351074e-01
8.662989150000000027e-01 3.092876076698303223e-01
8.691394070000000305e-01 3.163640797138214111e-01
8.719799560000000005e-01 3.117305338382720947e-01
8.748205610000000521e-01 3.060432970523834229e-01
8.776612219999999631e-01 2.954773902893066406e-01
8.805019389999999557e-01 2.867653071880340576e-01
8.833427130000000016e-01 2.788277864456176758e-01
8.861835430000000180e-01 2.683485746383666992e-01
8.890244290000000049e-01 2.635718286037445068e-01
8.918653709999999624e-01 2.497136443853378296e-01
8.947063699999999731e-01 2.093800008296966553e-01
8.975474239999999826e-01 1.712419390678405762e-01
9.003885350000000454e-01 1.539935022592544556e-01
9.032297030000000504e-01 1.753185391426086426e-01
9.060709260000000542e-01 1.739955097436904907e-01
9.089122060000000003e-01 1.442521959543228149e-01
9.117535420000000279e-01 1.433643549680709839e-01
9.145949340000000261e-01 1.310868263244628906e-01
9.174363819999999947e-01 1.326660960912704468e-01
9.202778870000000166e-01 1.495885848999023438e-01
9.231194480000000091e-01 1.429090499877929688e-01
9.259610649999999721e-01 1.277147382497787476e-01
9.288027380000000166e-01 9.474935382604598999e-02
9.316444680000000034e-01 4.862400516867637634e-02
9.344862539999999607e-01 3.022533282637596130e-02
9.373280959999999995e-01 3.188233077526092529e-02
9.401699940000000089e-01 5.035481974482536316e-02
9.430119489999999605e-01 4.479509219527244568e-02
9.458539599999999936e-01 3.941467031836509705e-02
9.486960269999999973e-01 4.543113708496093750e-02
9.515381499999999715e-01 4.088413342833518982e-02
9.543803299999999989e-01 4.497193545103073120e-02
9.572225659999999969e-01 4.628603532910346985e-02
9.600648579999999654e-01 4.985151439905166626e-02
9.629072060000000155e-01 6.367293745279312134e-02
9.657496110000000078e-01 6.532797962427139282e-02
9.685920709999999989e-01 8.225934952497482300e-02
9.714345880000000433e-01 9.271358698606491089e-02
9.742771620000000299e-01 8.105497807264328003e-02
9.771197910000000153e-01 7.941478490829467773e-02
9.799624770000000540e-01 8.774555474519729614e-02
9.828052189999999522e-01 9.723671525716781616e-02
9.856480170000000429e-01 1.028892025351524353e-01
9.884908709999999932e-01 1.008711531758308411e-01
9.913337819999999967e-01 1.083057820796966553e-01
9.941767489999999707e-01 1.103221401572227478e-01
9.970197720000000263e-01 1.078840494155883789e-01
9.998628510000000524e-01 1.115583553910255432e-01
1.002705986999999910e+00 1.071770936250686646e-01
1.005549178999999960e+00 1.002338677644729614e-01
1.008392426999999980e+00 1.044816300272941589e-01
1.011235730999999971e+00 1.099030897021293640e-01
1.014079092000000015e+00 1.031735092401504517e-01
1.016922509000000030e+00 1.052441895008087158e-01
1.019765982000000015e+00 1.091598793864250183e-01
1.022609510999999971e+00 1.075172796845436096e-01
1.025453096999999980e+00 1.085518822073936462e-01
1.028296738999999960e+00 1.116750165820121765e-01
1.031140436999999910e+00 1.049963161349296570e-01
1.033984191000000052e+00 1.065733730792999268e-01
1.036828002000000026e+00 1.184227690100669861e-01
1.039671868000000110e+00 9.762369096279144287e-02
1.042515791000000025e+00 1.013969257473945618e-01
1.045359770999999993e+00 1.086040958762168884e-01
