3.615872339999999796e-01 1.220216393470764160e+00
3.644177160000000026e-01 1.427209496498107910e+00
3.672482539999999962e-01 1.591907382011413574e+00
3.700788480000000158e-01 1.572800159454345703e+00
3.729094980000000059e-01 1.395362377166748047e+00
3.757402049999999938e-01 1.501894593238830566e+00
3.785709680000000077e-01 1.660326838493347168e+00
3.814017869999999921e-01 1.462068915367126465e+00
3.842326620000000026e-01 1.289178967475891113e+00
3.870635940000000108e-01 1.440727591514587402e+00
3.898945819999999896e-01 1.604752421379089355e+00
3.927256259999999943e-01 1.431774020195007324e+00
3.955567260000000251e-01 1.475673794746398926e+00
3.983878829999999982e-01 1.848935604095458984e+00
4.012190950000000256e-01 2.254190921783447266e+00
4.040503639999999952e-01 2.288774251937866211e+00
4.068816900000000181e-01 2.207401037216186523e+00
4.097130709999999842e-01 2.302273511886596680e+00
4.125445090000000037e-01 2.350724220275878906e+00
4.153760029999999936e-01 2.383338928222656250e+00
4.182075530000000096e-01 2.332591533660888672e+00
4.210391589999999962e-01 2.341277360916137695e+00
4.238708219999999804e-01 2.283344030380249023e+00
4.267025409999999908e-01 2.238187551498413086e+00
4.295343160000000271e-01 2.034036397933959961e+00
4.323661469999999785e-01 2.164689064025878906e+00
4.351980349999999831e-01 2.375849246978759766e+00
4.380299790000000137e-01 2.404377460479736328e+00
4.408619790000000149e-01 2.485486984252929688e+00
4.436940349999999866e-01 2.624132156372070312e+00
4.465261480000000116e-01 2.646259069442749023e+00
4.493583170000000071e-01 2.786555528640747070e+00
4.521905419999999731e-01 2.803537368774414062e+00
4.550228230000000207e-01 2.798999071121215820e+00
4.578551610000000105e-01 2.834242343902587891e+00
4.606875550000000263e-01 2.870253562927246094e+00
4.635200050000000127e-01 2.894298076629638672e+00
4.663525110000000251e-01 2.823324918746948242e+00
4.691850739999999798e-01 2.817767858505249023e+00
4.720176919999999887e-01 2.860160112380981445e+00
4.748503669999999954e-01 2.909446239471435547e+00
4.776830989999999999e-01 2.940788269042968750e+00
4.805158860000000032e-01 2.989434480667114258e+00
4.833487300000000042e-01 2.976402282714843750e+00
4.861816299999999758e-01 2.729997873306274414e+00
4.890145859999999733e-01 2.865694761276245117e+00
4.918475979999999970e-01 2.933792352676391602e+00
4.946806670000000183e-01 2.984085559844970703e+00
4.975137920000000102e-01 3.001532316207885742e+00
5.003469729999999727e-01 2.934689760208129883e+00
5.031802100000000166e-01 2.908810853958129883e+00
5.060135040000000028e-01 3.005117893218994141e+00
5.088468539999999596e-01 3.017788648605346680e+00
5.116802599999999979e-01 3.048260688781738281e+00
5.145137220000000067e-01 2.978319644927978516e+00
5.173472409999999577e-01 2.813534259796142578e+00
5.201808159999999903e-01 2.943565845489501953e+00
5.230144469999999934e-01 3.091179370880126953e+00
5.258481339999999671e-01 3.086328506469726562e+00
5.286818779999999940e-01 3.120700120925903320e+00
5.315156779999999914e-01 3.227442026138305664e+00
5.343495339999999594e-01 3.203797101974487305e+00
5.371834460000000089e-01 3.251065015792846680e+00
5.400174150000000006e-01 3.192856788635253906e+00
5.428514389999999912e-01 3.220565319061279297e+00
5.456855200000000350e-01 3.279186248779296875e+00
5.485196580000000210e-01 3.290823459625244141e+00
5.513538510000000059e-01 3.312848329544067383e+00
5.541881010000000440e-01 3.339309215545654297e+00
5.570224070000000527e-01 3.309213876724243164e+00
5.598567690000000319e-01 3.265222072601318359e+00
5.626911869999999816e-01 3.321007966995239258e+00
5.655256619999999845e-01 3.300624132156372070e+00
5.683601929999999580e-01 3.273006200790405273e+00
5.711947800000000131e-01 3.230521917343139648e+00
5.740294230000000386e-01 3.290372371673583984e+00
5.768641230000000064e-01 3.253314733505249023e+00
5.796988789999999447e-01 3.259325027465820312e+00
5.825336909999999646e-01 3.337360858917236328e+00
5.853685589999999550e-01 3.294420957565307617e+00
5.882034839999999987e-01 3.081072330474853516e+00
5.910384650000000129e-01 2.937989950180053711e+00
5.938735019999999976e-01 2.982677936553955078e+00
5.967085949999999528e-01 2.978009700775146484e+00
5.995437449999999613e-01 2.937903642654418945e+00
6.023789510000000513e-01 2.895400047302246094e+00
6.052142130000000009e-01 2.912307024002075195e+00
6.080495310000000320e-01 2.856104850769042969e+00
6.108849060000000053e-01 2.748422861099243164e+00
6.137203359999999774e-01 2.680570602416992188e+00
6.165558230000000028e-01 2.664913892745971680e+00
6.193913669999999705e-01 2.725840330123901367e+00
6.222269660000000480e-01 2.715137720108032227e+00
6.250626219999999567e-01 2.637078285217285156e+00
6.278983339999999469e-01 2.571218490600585938e+00
6.307341020000000187e-01 2.557477235794067383e+00
6.335699259999999500e-01 2.579381942749023438e+00
6.364058070000000455e-01 2.614632844924926758e+00
6.392417440000000006e-01 2.616172075271606445e+00
6.420777370000000372e-01 2.583031654357910156e+00
6.449137860000000444e-01 2.553462505340576172e+00
6.477498919999999938e-01 2.439070701599121094e+00
6.505860540000000247e-01 2.423706054687500000e+00
6.534222720000000262e-01 2.419000387191772461e+00
6.562585459999999982e-01 2.201245069503784180e+00
6.590948770000000234e-01 2.319559335708618164e+00
6.619312640000000192e-01 2.367128372192382812e+00
6.647677069999999855e-01 2.344124555587768555e+00
6.676042060000000333e-01 2.330057859420776367e+00
6.704407620000000234e-01 2.298949241638183594e+00
6.732773739999999840e-01 2.276459217071533203e+00
6.761140420000000262e-01 2.269497871398925781e+00
6.789507660000000389e-01 2.244682550430297852e+00
6.817875469999999938e-01 2.223092317581176758e+00
6.846243829999999475e-01 2.137354612350463867e+00
6.874612759999999545e-01 1.788438081741333008e+00
6.902982260000000148e-01 1.817109942436218262e+00
6.931352309999999628e-01 1.840680480003356934e+00
6.959722929999999641e-01 1.852723956108093262e+00
6.988094110000000470e-01 1.840491890907287598e+00
7.016465849999999893e-01 1.726247072219848633e+00
7.044838150000000132e-01 1.722222447395324707e+00
7.073211019999999793e-01 1.692654371261596680e+00
7.101584450000000270e-01 1.620698928833007812e+00
7.129958440000000452e-01 1.520294547080993652e+00
7.158332990000000340e-01 1.283814549446105957e+00
7.186708109999999650e-01 9.320976734161376953e-01
7.215083789999999775e-01 9.476087689399719238e-01
7.243460029999999605e-01 8.718252778053283691e-01
7.271836830000000251e-01 7.881505489349365234e-01
7.300214200000000320e-01 7.380290031433105469e-01
7.328592130000000093e-01 7.497972846031188965e-01
7.356970619999999572e-01 7.437139153480529785e-01
7.385349669999999866e-01 7.230108976364135742e-01
7.413729289999999583e-01 7.242794036865234375e-01
7.442109470000000115e-01 7.289205789566040039e-01
7.470490210000000353e-01 7.318266630172729492e-01
7.498871510000000296e-01 7.170898318290710449e-01
7.527253379999999661e-01 7.114692926406860352e-01
7.555635800000000124e-01 7.026126384735107422e-01
7.584018790000000010e-01 5.814515352249145508e-01
7.612402350000000428e-01 2.685402631759643555e-01
7.640786459999999725e-01 3.248144686222076416e-01
7.669171139999999554e-01 5.290734767913818359e-01
7.697556380000000198e-01 6.449104547500610352e-01
7.725942180000000548e-01 6.646283864974975586e-01
7.754328539999999492e-01 6.660918593406677246e-01
7.782715470000000080e-01 6.730830669403076172e-01
7.811102960000000373e-01 6.725358366966247559e-01
7.839491010000000371e-01 6.707494258880615234e-01
7.867879620000000074e-01 6.597680449485778809e-01
7.896268800000000310e-01 6.431922912597656250e-01
7.924658540000000251e-01 6.399433016777038574e-01
7.953048839999999897e-01 6.472800970077514648e-01
7.981439700000000359e-01 6.581115722656250000e-01
8.009831130000000243e-01 6.492999196052551270e-01
8.038223119999999833e-01 6.557295918464660645e-01
8.066615670000000238e-01 6.668784618377685547e-01
8.095008780000000348e-01 6.407366991043090820e-01
8.123402459999999881e-01 5.721285343170166016e-01
8.151796700000000229e-01 4.655753970146179199e-01
8.180191500000000282e-01 4.406616687774658203e-01
8.208586860000000041e-01 4.725470840930938721e-01
8.236982790000000332e-01 4.318485260009765625e-01
8.265379269999999501e-01 4.488357305526733398e-01
8.293776320000000313e-01 3.966405987739562988e-01
8.322173940000000547e-01 3.855980634689331055e-01
8.350572109999999659e-01 3.861520588397979736e-01
8.378970850000000414e-01 3.963440060615539551e-01
8.407370149999999764e-01 3.963719308376312256e-01
8.435770009999999930e-01 3.901596665382385254e-01
8.464170429999999801e-01 3.912360668182373047e-01
8.492571420000000204e-01 3.763025999069213867e-01
8.520972970000000313e-01 3.536433875560760498e-01
8.549375080000000127e-01 3.364344835281372070e-01
8.577777749999999646e-01 3.575500845909118652e-01
8.606180989999999698e-01 3.571345508098602295e-01
8.634584789999999455e-01 3.466855287551879883e-01
8.662989150000000027e-01 3.110320568084716797e-01
8.691394070000000305e-01 3.247872889041900635e-01
8.719799560000000005e-01 3.235140740871429443e-01
8.748205610000000521e-01 3.107729852199554443e-01
8.776612219999999631e-01 3.065977692604064941e-01
8.805019389999999557e-01 2.932380139827728271e-01
8.833427130000000016e-01 2.942194938659667969e-01
8.861835430000000180e-01 2.795743942260742188e-01
8.890244290000000049e-01 2.720369696617126465e-01
8.918653709999999624e-01 2.601595818996429443e-01
8.947063699999999731e-01 2.196553200483322144e-01
8.975474239999999826e-01 1.759240627288818359e-01
9.003885350000000454e-01 1.541167348623275757e-01
9.032297030000000504e-01 1.813896447420120239e-01
9.060709260000000542e-01 1.867059469223022461e-01
9.089122060000000003e-01 1.462516933679580688e-01
9.117535420000000279e-01 1.493749171495437622e-01
9.145949340000000261e-01 1.344496905803680420e-01
9.174363819999999947e-01 1.342040151357650757e-01
9.202778870000000166e-01 1.553406864404678345e-01
9.231194480000000091e-01 1.437755972146987915e-01
9.259610649999999721e-01 1.342933923006057739e-01
9.288027380000000166e-01 9.588467329740524292e-02
9.316444680000000034e-01 5.172143504023551941e-02
9.344862539999999607e-01 3.359512612223625183e-02
9.373280959999999995e-01 3.093939088284969330e-02
9.401699940000000089e-01 5.137436836957931519e-02
9.430119489999999605e-01 4.132884740829467773e-02
9.458539599999999936e-01 3.978918120265007019e-02
9.486960269999999973e-01 4.563289135694503784e-02
9.515381499999999715e-01 4.416012763977050781e-02
9.543803299999999989e-01 4.192616418004035950e-02
9.572225659999999969e-01 4.813588783144950867e-02
9.600648579999999654e-01 4.813000559806823730e-02
9.629072060000000155e-01 5.851765722036361694e-02
9.657496110000000078e-01 6.141332909464836121e-02
9.685920709999999989e-01 8.367973566055297852e-02
9.714345880000000433e-01 8.803742378950119019e-02
9.742771620000000299e-01 7.688621431589126587e-02
9.771197910000000153e-01 8.221919834613800049e-02
9.799624770000000540e-01 8.904252201318740845e-02
9.828052189999999522e-01 9.572044759988784790e-02
9.856480170000000429e-01 1.039357185363769531e-01
9.884908709999999932e-01 1.080735325813293457e-01
9.913337819999999967e-01 1.058510094881057739e-01
9.941767489999999707e-01 1.098879277706146240e-01
9.970197720000000263e-01 1.086317375302314758e-01
9.998628510000000524e-01 1.024691760540008545e-01
1.002705986999999910e+00 1.012171879410743713e-01
1.005549178999999960e+00 1.047767996788024902e-01
1.008392426999999980e+00 1.003233492374420166e-01
1.011235730999999971e+00 9.989407658576965332e-02
1.014079092000000015e+00 1.044677644968032837e-01
1.016922509000000030e+00 1.108235046267509460e-01
1.019765982000000015e+00 1.096851751208305359e-01
1.022609510999999971e+00 1.024455800652503967e-01
1.025453096999999980e+00 1.025453507900238037e-01
1.028296738999999960e+00 1.046833768486976624e-01
1.031140436999999910e+00 1.090735122561454773e-01
1.033984191000000052e+00 1.116923093795776367e-01
1.036828002000000026e+00 1.146088093519210815e-01
1.039671868000000110e+00 1.080427691340446472e-01
1.042515791000000025e+00 1.137831062078475952e-01
1.045359770999999993e+00 1.016005203127861023e-01
