3.615872339999999796e-01 1.329965591430664062e+00
3.644177160000000026e-01 1.447588443756103516e+00
3.672482539999999962e-01 1.592652559280395508e+00
3.700788480000000158e-01 1.574400544166564941e+00
3.729094980000000059e-01 1.452919483184814453e+00
3.757402049999999938e-01 1.508464574813842773e+00
3.785709680000000077e-01 1.667833447456359863e+00
3.814017869999999921e-01 1.409278512001037598e+00
3.842326620000000026e-01 1.302967548370361328e+00
3.870635940000000108e-01 1.472020149230957031e+00
3.898945819999999896e-01 1.616588711738586426e+00
3.927256259999999943e-01 1.425935864448547363e+00
3.955567260000000251e-01 1.457933545112609863e+00
3.983878829999999982e-01 1.850017070770263672e+00
4.012190950000000256e-01 2.274943828582763672e+00
4.040503639999999952e-01 2.272895574569702148e+00
4.068816900000000181e-01 2.244890451431274414e+00
4.097130709999999842e-01 2.300265789031982422e+00
4.125445090000000037e-01 2.391362905502319336e+00
4.153760029999999936e-01 2.384204626083374023e+00
4.182075530000000096e-01 2.367101430892944336e+00
4.210391589999999962e-01 2.336244583129882812e+00
4.238708219999999804e-01 2.335861444473266602e+00
4.267025409999999908e-01 2.278963088989257812e+00
4.295343160000000271e-01 2.072007179260253906e+00
4.323661469999999785e-01 2.212370634078979492e+00
4.351980349999999831e-01 2.400664567947387695e+00
4.380299790000000137e-01 2.437148809432983398e+00
4.408619790000000149e-01 2.512810230255126953e+00
4.436940349999999866e-01 2.659097671508789062e+00
4.465261480000000116e-01 2.692800760269165039e+00
4.493583170000000071e-01 2.853863477706909180e+00
4.521905419999999731e-01 2.880801916122436523e+00
4.550228230000000207e-01 2.854248046875000000e+00
4.578551610000000105e-01 2.911227464675903320e+00
4.606875550000000263e-01 2.941035032272338867e+00
4.635200050000000127e-01 2.967278242111206055e+00
4.663525110000000251e-01 2.906522750854492188e+00
4.691850739999999798e-01 2.912604808807373047e+00
4.720176919999999887e-01 2.958311080932617188e+00
4.748503669999999954e-01 2.990529775619506836e+00
4.776830989999999999e-01 3.022488117218017578e+00
4.805158860000000032e-01 3.090088844299316406e+00
4.833487300000000042e-01 3.065292119979858398e+00
4.861816299999999758e-01 2.822550773620605469e+00
4.890145859999999733e-01 2.953157901763916016e+00
4.918475979999999970e-01 3.030390501022338867e+00
4.946806670000000183e-01 3.085319757461547852e+00
4.975137920000000102e-01 3.103389024734497070e+00
5.003469729999999727e-01 3.032143354415893555e+00
5.031802100000000166e-01 3.021935701370239258e+00
5.060135040000000028e-01 3.117426395416259766e+00
5.088468539999999596e-01 3.136685132980346680e+00
5.116802599999999979e-01 3.167911291122436523e+00
5.145137220000000067e-01 3.113222599029541016e+00
5.173472409999999577e-01 2.937184333801269531e+00
5.201808159999999903e-01 3.070344924926757812e+00
5.230144469999999934e-01 3.205444335937500000e+00
5.258481339999999671e-01 3.222124099731445312e+00
5.286818779999999940e-01 3.267263412475585938e+00
5.315156779999999914e-01 3.371416807174682617e+00
5.343495339999999594e-01 3.363865613937377930e+00
5.371834460000000089e-01 3.404507160186767578e+00
5.400174150000000006e-01 3.345871925354003906e+00
5.428514389999999912e-01 3.378719091415405273e+00
5.456855200000000350e-01 3.431702375411987305e+00
5.485196580000000210e-01 3.446614742279052734e+00
5.513538510000000059e-01 3.478216648101806641e+00
5.541881010000000440e-01 3.506192684173583984e+00
5.570224070000000527e-01 3.476279735565185547e+00
5.598567690000000319e-01 3.425390720367431641e+00
5.626911869999999816e-01 3.482360363006591797e+00
5.655256619999999845e-01 3.472198486328125000e+00
5.683601929999999580e-01 3.436739206314086914e+00
5.711947800000000131e-01 3.408266544342041016e+00
5.740294230000000386e-01 3.461900949478149414e+00
5.768641230000000064e-01 3.429651021957397461e+00
5.796988789999999447e-01 3.447211503982543945e+00
5.825336909999999646e-01 3.523041963577270508e+00
5.853685589999999550e-01 3.489833116531372070e+00
5.882034839999999987e-01 3.265528678894042969e+00
5.910384650000000129e-01 3.127100467681884766e+00
5.938735019999999976e-01 3.186901807785034180e+00
5.967085949999999528e-01 3.185308218002319336e+00
5.995437449999999613e-01 3.150406837463378906e+00
6.023789510000000513e-01 3.121972322463989258e+00
6.052142130000000009e-01 3.139472961425781250e+00
6.080495310000000320e-01 3.093066215515136719e+00
6.108849060000000053e-01 2.980465888977050781e+00
6.137203359999999774e-01 2.903937101364135742e+00
6.165558230000000028e-01 2.879415750503540039e+00
6.193913669999999705e-01 2.959600448608398438e+00
6.222269660000000480e-01 2.949717283248901367e+00
6.250626219999999567e-01 2.880813837051391602e+00
6.278983339999999469e-01 2.802812814712524414e+00
6.307341020000000187e-01 2.783760309219360352e+00
6.335699259999999500e-01 2.820428133010864258e+00
6.364058070000000455e-01 2.851666212081909180e+00
6.392417440000000006e-01 2.860266923904418945e+00
6.420777370000000372e-01 2.820269584655761719e+00
6.449137860000000444e-01 2.793522834777832031e+00
6.477498919999999938e-01 2.663314104080200195e+00
6.505860540000000247e-01 2.657634496688842773e+00
6.534222720000000262e-01 2.646131038665771484e+00
6.562585459999999982e-01 2.438942909240722656e+00
6.590948770000000234e-01 2.550652265548706055e+00
6.619312640000000192e-01 2.616149425506591797e+00
6.647677069999999855e-01 2.596249341964721680e+00
6.676042060000000333e-01 2.576464653015136719e+00
6.704407620000000234e-01 2.544226884841918945e+00
6.732773739999999840e-01 2.510743856430053711e+00
6.761140420000000262e-01 2.500723123550415039e+00
6.789507660000000389e-01 2.483007192611694336e+00
6.817875469999999938e-01 2.476168632507324219e+00
6.846243829999999475e-01 2.382695674896240234e+00
6.874612759999999545e-01 2.007533788681030273e+00
6.902982260000000148e-01 2.042393445968627930e+00
6.931352309999999628e-01 2.085211992263793945e+00
6.959722929999999641e-01 2.109722137451171875e+00
6.988094110000000470e-01 2.096609354019165039e+00
7.016465849999999893e-01 1.983829498291015625e+00
7.044838150000000132e-01 1.977943539619445801e+00
7.073211019999999793e-01 1.951936721801757812e+00
7.101584450000000270e-01 1.896915793418884277e+00
7.129958440000000452e-01 1.779165863990783691e+00
7.158332990000000340e-01 1.516231656074523926e+00
7.186708109999999650e-01 1.102140784263610840e+00
7.215083789999999775e-01 1.129641056060791016e+00
7.243460029999999605e-01 1.039715886116027832e+00
7.271836830000000251e-01 9.359236359596252441e-01
7.300214200000000320e-01 8.789006471633911133e-01
7.328592130000000093e-01 8.936558961868286133e-01
7.356970619999999572e-01 8.871093392372131348e-01
7.385349669999999866e-01 8.643482327461242676e-01
7.413729289999999583e-01 8.646972775459289551e-01
7.442109470000000115e-01 8.733909130096435547e-01
7.470490210000000353e-01 8.698399066925048828e-01
7.498871510000000296e-01 8.622789382934570312e-01
7.527253379999999661e-01 8.472921252250671387e-01
7.555635800000000124e-01 8.440191745758056641e-01
7.584018790000000010e-01 6.821410655975341797e-01
7.612402350000000428e-01 3.236090838909149170e-01
7.640786459999999725e-01 3.871780931949615479e-01
7.669171139999999554e-01 6.270059943199157715e-01
7.697556380000000198e-01 7.714855074882507324e-01
7.725942180000000548e-01 7.976844310760498047e-01
7.754328539999999492e-01 8.100142478942871094e-01
7.782715470000000080e-01 8.041552305221557617e-01
7.811102960000000373e-01 8.104168772697448730e-01
7.839491010000000371e-01 8.103001117706298828e-01
7.867879620000000074e-01 8.013609051704406738e-01
7.896268800000000310e-01 7.737507224082946777e-01
7.924658540000000251e-01 7.807613015174865723e-01
7.953048839999999897e-01 7.863144278526306152e-01
7.981439700000000359e-01 7.948817610740661621e-01
8.009831130000000243e-01 7.885554432868957520e-01
8.038223119999999833e-01 7.933604121208190918e-01
8.066615670000000238e-01 8.093410730361938477e-01
8.095008780000000348e-01 7.801581025123596191e-01
8.123402459999999881e-01 6.905447244644165039e-01
8.151796700000000229e-01 5.695104598999023438e-01
8.180191500000000282e-01 5.351710319519042969e-01
8.208586860000000041e-01 5.686788558959960938e-01
8.236982790000000332e-01 5.219374895095825195e-01
8.265379269999999501e-01 5.414485335350036621e-01
8.293776320000000313e-01 4.794982969760894775e-01
8.322173940000000547e-01 4.650852978229522705e-01
8.350572109999999659e-01 4.630690515041351318e-01
8.378970850000000414e-01 4.736814200878143311e-01
8.407370149999999764e-01 4.769412279129028320e-01
8.435770009999999930e-01 4.629312753677368164e-01
8.464170429999999801e-01 4.636585414409637451e-01
8.492571420000000204e-01 4.455937147140502930e-01
8.520972970000000313e-01 4.199254512786865234e-01
8.549375080000000127e-01 4.005207121372222900e-01
8.577777749999999646e-01 4.213494658470153809e-01
8.606180989999999698e-01 4.110596179962158203e-01
8.634584789999999455e-01 4.034138321876525879e-01
8.662989150000000027e-01 3.735667169094085693e-01
8.691394070000000305e-01 3.828113675117492676e-01
8.719799560000000005e-01 3.785572648048400879e-01
8.748205610000000521e-01 3.659560382366180420e-01
8.776612219999999631e-01 3.592944145202636719e-01
8.805019389999999557e-01 3.365012705326080322e-01
8.833427130000000016e-01 3.364070057868957520e-01
8.861835430000000180e-01 3.225626945495605469e-01
8.890244290000000049e-01 3.200264871120452881e-01
8.918653709999999624e-01 2.982431054115295410e-01
8.947063699999999731e-01 2.537886500358581543e-01
8.975474239999999826e-01 2.010282278060913086e-01
9.003885350000000454e-01 1.752710193395614624e-01
9.032297030000000504e-01 2.090529203414916992e-01
9.060709260000000542e-01 2.033101618289947510e-01
9.089122060000000003e-01 1.664550453424453735e-01
9.117535420000000279e-01 1.670724153518676758e-01
9.145949340000000261e-01 1.522424370050430298e-01
9.174363819999999947e-01 1.540853381156921387e-01
9.202778870000000166e-01 1.761707365512847900e-01
9.231194480000000091e-01 1.608204394578933716e-01
9.259610649999999721e-01 1.489690542221069336e-01
9.288027380000000166e-01 1.025195717811584473e-01
9.316444680000000034e-01 5.497732385993003845e-02
9.344862539999999607e-01 2.917329967021942139e-02
9.373280959999999995e-01 3.582395613193511963e-02
9.401699940000000089e-01 5.369083955883979797e-02
9.430119489999999605e-01 4.650952666997909546e-02
9.458539599999999936e-01 4.106616601347923279e-02
9.486960269999999973e-01 4.473765939474105835e-02
9.515381499999999715e-01 4.465835541486740112e-02
9.543803299999999989e-01 4.182302951812744141e-02
9.572225659999999969e-01 4.903829842805862427e-02
9.600648579999999654e-01 4.687298089265823364e-02
9.629072060000000155e-01 5.336406454443931580e-02
9.657496110000000078e-01 6.256639212369918823e-02
9.685920709999999989e-01 8.603858947753906250e-02
9.714345880000000433e-01 9.255394339561462402e-02
9.742771620000000299e-01 7.541476935148239136e-02
9.771197910000000153e-01 8.664583414793014526e-02
9.799624770000000540e-01 8.977349847555160522e-02
9.828052189999999522e-01 9.904246032238006592e-02
9.856480170000000429e-01 1.079807952046394348e-01
9.884908709999999932e-01 1.097069680690765381e-01
9.913337819999999967e-01 1.101054474711418152e-01
9.941767489999999707e-01 1.153471320867538452e-01
9.970197720000000263e-01 1.143527776002883911e-01
9.998628510000000524e-01 1.079030260443687439e-01
1.002705986999999910e+00 1.107790023088455200e-01
1.005549178999999960e+00 1.112191379070281982e-01
1.008392426999999980e+00 1.032863184809684753e-01
1.011235730999999971e+00 1.120916008949279785e-01
1.014079092000000015e+00 1.098444834351539612e-01
1.016922509000000030e+00 1.118286848068237305e-01
1.019765982000000015e+00 1.050365790724754333e-01
1.022609510999999971e+00 1.123422533273696899e-01
1.025453096999999980e+00 1.093843802809715271e-01
1.028296738999999960e+00 1.101685836911201477e-01
1.031140436999999910e+00 1.167901530861854553e-01
1.033984191000000052e+00 1.222649589180946350e-01
1.036828002000000026e+00 1.193435713648796082e-01
1.039671868000000110e+00 1.209296807646751404e-01
1.042515791000000025e+00 1.190706342458724976e-01
1.045359770999999993e+00 1.251793503761291504e-01
