3.615872339999999796e-01 1.303889751434326172e+00
3.644177160000000026e-01 1.432218432426452637e+00
3.672482539999999962e-01 1.528332352638244629e+00
3.700788480000000158e-01 1.573582053184509277e+00
3.729094980000000059e-01 1.388685584068298340e+00
3.757402049999999938e-01 1.457343578338623047e+00
3.785709680000000077e-01 1.657652854919433594e+00
3.814017869999999921e-01 1.398339152336120605e+00
3.842326620000000026e-01 1.266358971595764160e+00
3.870635940000000108e-01 1.399454832077026367e+00
3.898945819999999896e-01 1.599139094352722168e+00
3.927256259999999943e-01 1.417494416236877441e+00
3.955567260000000251e-01 1.443470239639282227e+00
3.983878829999999982e-01 1.810334801673889160e+00
4.012190950000000256e-01 2.262796401977539062e+00
4.040503639999999952e-01 2.236947059631347656e+00
4.068816900000000181e-01 2.207093000411987305e+00
4.097130709999999842e-01 2.244718790054321289e+00
4.125445090000000037e-01 2.342991352081298828e+00
4.153760029999999936e-01 2.347830057144165039e+00
4.182075530000000096e-01 2.288806915283203125e+00
4.210391589999999962e-01 2.320228099822998047e+00
4.238708219999999804e-01 2.270797967910766602e+00
4.267025409999999908e-01 2.233077526092529297e+00
4.295343160000000271e-01 2.017642259597778320e+00
4.323661469999999785e-01 2.140524148941040039e+00
4.351980349999999831e-01 2.339637279510498047e+00
4.380299790000000137e-01 2.366590499877929688e+00
4.408619790000000149e-01 2.452359199523925781e+00
4.436940349999999866e-01 2.597124814987182617e+00
4.465261480000000116e-01 2.607900142669677734e+00
4.493583170000000071e-01 2.761943101882934570e+00
4.521905419999999731e-01 2.790217399597167969e+00
4.550228230000000207e-01 2.740585327148437500e+00
4.578551610000000105e-01 2.793865203857421875e+00
4.606875550000000263e-01 2.813383579254150391e+00
4.635200050000000127e-01 2.857349872589111328e+00
4.663525110000000251e-01 2.788739681243896484e+00
4.691850739999999798e-01 2.785283088684082031e+00
4.720176919999999887e-01 2.811393260955810547e+00
4.748503669999999954e-01 2.874250173568725586e+00
4.776830989999999999e-01 2.888033390045166016e+00
4.805158860000000032e-01 2.949315309524536133e+00
4.833487300000000042e-01 2.932914495468139648e+00
4.861816299999999758e-01 2.695771455764770508e+00
4.890145859999999733e-01 2.815408706665039062e+00
4.918475979999999970e-01 2.881274461746215820e+00
4.946806670000000183e-01 2.951878786087036133e+00
4.975137920000000102e-01 2.955704212188720703e+00
5.003469729999999727e-01 2.874220371246337891e+00
5.031802100000000166e-01 2.865756511688232422e+00
5.060135040000000028e-01 2.931848764419555664e+00
5.088468539999999596e-01 2.957998752593994141e+00
5.116802599999999979e-01 2.998567819595336914e+00
5.145137220000000067e-01 2.934868574142456055e+00
5.173472409999999577e-01 2.767530441284179688e+00
5.201808159999999903e-01 2.894053936004638672e+00
5.230144469999999934e-01 3.020163297653198242e+00
5.258481339999999671e-01 3.023130893707275391e+00
5.286818779999999940e-01 3.054762363433837891e+00
5.315156779999999914e-01 3.161672830581665039e+00
5.343495339999999594e-01 3.163451194763183594e+00
5.371834460000000089e-01 3.197946786880493164e+00
5.400174150000000006e-01 3.141526937484741211e+00
5.428514389999999912e-01 3.157715320587158203e+00
5.456855200000000350e-01 3.223001480102539062e+00
5.485196580000000210e-01 3.227805376052856445e+00
5.513538510000000059e-01 3.270603179931640625e+00
5.541881010000000440e-01 3.276294469833374023e+00
5.570224070000000527e-01 3.251696348190307617e+00
5.598567690000000319e-01 3.209028005599975586e+00
5.626911869999999816e-01 3.255631923675537109e+00
5.655256619999999845e-01 3.241700410842895508e+00
5.683601929999999580e-01 3.219926834106445312e+00
5.711947800000000131e-01 3.186171054840087891e+00
5.740294230000000386e-01 3.223618030548095703e+00
5.768641230000000064e-01 3.200404167175292969e+00
5.796988789999999447e-01 3.212899923324584961e+00
5.825336909999999646e-01 3.271811962127685547e+00
5.853685589999999550e-01 3.226176977157592773e+00
5.882034839999999987e-01 3.017453670501708984e+00
5.910384650000000129e-01 2.871190547943115234e+00
5.938735019999999976e-01 2.919173955917358398e+00
5.967085949999999528e-01 2.904110670089721680e+00
5.995437449999999613e-01 2.862262964248657227e+00
6.023789510000000513e-01 2.812011241912841797e+00
6.052142130000000009e-01 2.822449445724487305e+00
6.080495310000000320e-01 2.788393735885620117e+00
6.108849060000000053e-01 2.640583515167236328e+00
6.137203359999999774e-01 2.579070091247558594e+00
6.165558230000000028e-01 2.567097902297973633e+00
6.193913669999999705e-01 2.640975952148437500e+00
6.222269660000000480e-01 2.618809223175048828e+00
6.250626219999999567e-01 2.556977033615112305e+00
6.278983339999999469e-01 2.494614362716674805e+00
6.307341020000000187e-01 2.473527669906616211e+00
6.335699259999999500e-01 2.490078210830688477e+00
6.364058070000000455e-01 2.527729749679565430e+00
6.392417440000000006e-01 2.525053977966308594e+00
6.420777370000000372e-01 2.488497972488403320e+00
6.449137860000000444e-01 2.460129499435424805e+00
6.477498919999999938e-01 2.353053331375122070e+00
6.505860540000000247e-01 2.331831455230712891e+00
6.534222720000000262e-01 2.326473474502563477e+00
6.562585459999999982e-01 2.135877370834350586e+00
6.590948770000000234e-01 2.226165294647216797e+00
6.619312640000000192e-01 2.276231288909912109e+00
6.647677069999999855e-01 2.264523983001708984e+00
6.676042060000000333e-01 2.242740631103515625e+00
6.704407620000000234e-01 2.209557533264160156e+00
6.732773739999999840e-01 2.195576667785644531e+00
6.761140420000000262e-01 2.176328420639038086e+00
6.789507660000000389e-01 2.159348726272583008e+00
6.817875469999999938e-01 2.142084360122680664e+00
6.846243829999999475e-01 2.060575723648071289e+00
6.874612759999999545e-01 1.715804457664489746e+00
6.902982260000000148e-01 1.736358284950256348e+00
6.931352309999999628e-01 1.759222865104675293e+00
6.959722929999999641e-01 1.759540915489196777e+00
6.988094110000000470e-01 1.734809160232543945e+00
7.016465849999999893e-01 1.633181929588317871e+00
7.044838150000000132e-01 1.625247716903686523e+00
7.073211019999999793e-01 1.582889318466186523e+00
7.101584450000000270e-01 1.523522377014160156e+00
7.129958440000000452e-01 1.429666161537170410e+00
7.158332990000000340e-01 1.203459262847900391e+00
7.186708109999999650e-01 8.674045205116271973e-01
7.215083789999999775e-01 8.913369178771972656e-01
7.243460029999999605e-01 8.156549334526062012e-01
7.271836830000000251e-01 7.330554127693176270e-01
7.300214200000000320e-01 6.796887516975402832e-01
7.328592130000000093e-01 6.987839937210083008e-01
7.356970619999999572e-01 6.838837862014770508e-01
7.385349669999999866e-01 6.690824031829833984e-01
7.413729289999999583e-01 6.709653139114379883e-01
7.442109470000000115e-01 6.834652423858642578e-01
7.470490210000000353e-01 6.748419404029846191e-01
7.498871510000000296e-01 6.654731631278991699e-01
7.527253379999999661e-01 6.554420590400695801e-01
7.555635800000000124e-01 6.494858264923095703e-01
7.584018790000000010e-01 5.398632287979125977e-01
7.612402350000000428e-01 2.510029077529907227e-01
7.640786459999999725e-01 3.000297546386718750e-01
7.669171139999999554e-01 4.824713170528411865e-01
7.697556380000000198e-01 5.911000370979309082e-01
7.725942180000000548e-01 6.092156171798706055e-01
7.754328539999999492e-01 6.156459450721740723e-01
7.782715470000000080e-01 6.135137081146240234e-01
7.811102960000000373e-01 6.124210357666015625e-01
7.839491010000000371e-01 6.156267523765563965e-01
7.867879620000000074e-01 6.081762313842773438e-01
7.896268800000000310e-01 5.921423435211181641e-01
7.924658540000000251e-01 5.940414071083068848e-01
7.953048839999999897e-01 5.989473462104797363e-01
7.981439700000000359e-01 6.035004258155822754e-01
8.009831130000000243e-01 5.967060923576354980e-01
8.038223119999999833e-01 5.974764227867126465e-01
8.066615670000000238e-01 6.067707538604736328e-01
8.095008780000000348e-01 5.827893018722534180e-01
8.123402459999999881e-01 5.230484008789062500e-01
8.151796700000000229e-01 4.313595592975616455e-01
8.180191500000000282e-01 4.012517929077148438e-01
8.208586860000000041e-01 4.265660643577575684e-01
8.236982790000000332e-01 3.933584690093994141e-01
8.265379269999999501e-01 4.115343689918518066e-01
8.293776320000000313e-01 3.661620020866394043e-01
8.322173940000000547e-01 3.513722419738769531e-01
8.350572109999999659e-01 3.590301275253295898e-01
8.378970850000000414e-01 3.665746450424194336e-01
8.407370149999999764e-01 3.669681549072265625e-01
8.435770009999999930e-01 3.632149696350097656e-01
8.464170429999999801e-01 3.591334819793701172e-01
8.492571420000000204e-01 3.471459746360778809e-01
8.520972970000000313e-01 3.342266380786895752e-01
8.549375080000000127e-01 3.145164251327514648e-01
8.577777749999999646e-01 3.317573070526123047e-01
8.606180989999999698e-01 3.263587355613708496e-01
8.634584789999999455e-01 3.196136653423309326e-01
8.662989150000000027e-01 2.971121370792388916e-01
8.691394070000000305e-01 2.994567453861236572e-01
8.719799560000000005e-01 2.944988012313842773e-01
8.748205610000000521e-01 2.904922068119049072e-01
8.776612219999999631e-01 2.776639461517333984e-01
8.805019389999999557e-01 2.770722806453704834e-01
8.833427130000000016e-01 2.702634930610656738e-01
8.861835430000000180e-01 2.569758594036102295e-01
8.890244290000000049e-01 2.571715712547302246e-01
8.918653709999999624e-01 2.402883321046829224e-01
8.947063699999999731e-01 2.062240689992904663e-01
8.975474239999999826e-01 1.659006625413894653e-01
9.003885350000000454e-01 1.480143666267395020e-01
9.032297030000000504e-01 1.694014817476272583e-01
9.060709260000000542e-01 1.700740605592727661e-01
9.089122060000000003e-01 1.396981179714202881e-01
9.117535420000000279e-01 1.382786035537719727e-01
9.145949340000000261e-01 1.299042850732803345e-01
9.174363819999999947e-01 1.259122788906097412e-01
9.202778870000000166e-01 1.431579291820526123e-01
9.231194480000000091e-01 1.383318454027175903e-01
9.259610649999999721e-01 1.279440820217132568e-01
9.288027380000000166e-01 9.415212273597717285e-02
9.316444680000000034e-01 4.887814819812774658e-02
9.344862539999999607e-01 2.925577014684677124e-02
9.373280959999999995e-01 3.429966792464256287e-02
9.401699940000000089e-01 5.004564300179481506e-02
9.430119489999999605e-01 4.271870478987693787e-02
9.458539599999999936e-01 4.113193973898887634e-02
9.486960269999999973e-01 4.192110151052474976e-02
9.515381499999999715e-01 4.583125561475753784e-02
9.543803299999999989e-01 4.479923844337463379e-02
9.572225659999999969e-01 4.577451199293136597e-02
9.600648579999999654e-01 4.830517992377281189e-02
9.629072060000000155e-01 5.524746701121330261e-02
9.657496110000000078e-01 6.391703337430953979e-02
9.685920709999999989e-01 8.054227381944656372e-02
9.714345880000000433e-01 8.814826607704162598e-02
9.742771620000000299e-01 7.643163949251174927e-02
9.771197910000000153e-01 7.724381983280181885e-02
9.799624770000000540e-01 8.302360773086547852e-02
9.828052189999999522e-01 9.080222249031066895e-02
9.856480170000000429e-01 9.772067517042160034e-02
9.884908709999999932e-01 1.052139103412628174e-01
9.913337819999999967e-01 1.040141955018043518e-01
9.941767489999999707e-01 1.061485782265663147e-01
9.970197720000000263e-01 1.093809530138969421e-01
9.998628510000000524e-01 1.048889234662055969e-01
1.002705986999999910e+00 9.899424761533737183e-02
1.005549178999999960e+00 1.072109639644622803e-01
1.008392426999999980e+00 1.001230254769325256e-01
1.011235730999999971e+00 9.759058803319931030e-02
1.014079092000000015e+00 1.043004468083381653e-01
1.016922509000000030e+00 1.043588370084762573e-01
1.019765982000000015e+00 1.031925305724143982e-01
1.022609510999999971e+00 1.038179844617843628e-01
1.025453096999999980e+00 1.049591004848480225e-01
1.028296738999999960e+00 9.544268250465393066e-02
1.031140436999999910e+00 1.077084168791770935e-01
1.033984191000000052e+00 1.102681085467338562e-01
1.036828002000000026e+00 1.027437523007392883e-01
1.039671868000000110e+00 1.090896129608154297e-01
1.042515791000000025e+00 1.012973487377166748e-01
1.045359770999999993e+00 1.079890131950378418e-01
