3.615872339999999796e-01 1.370724916458129883e+00
3.644177160000000026e-01 1.450549840927124023e+00
3.672482539999999962e-01 1.609176039695739746e+00
3.700788480000000158e-01 1.621339321136474609e+00
3.729094980000000059e-01 1.454052925109863281e+00
3.757402049999999938e-01 1.483902335166931152e+00
3.785709680000000077e-01 1.657521963119506836e+00
3.814017869999999921e-01 1.444157123565673828e+00
3.842326620000000026e-01 1.301772713661193848e+00
3.870635940000000108e-01 1.447640061378479004e+00
3.898945819999999896e-01 1.622618675231933594e+00
3.927256259999999943e-01 1.425220727920532227e+00
3.955567260000000251e-01 1.436369180679321289e+00
3.983878829999999982e-01 1.847311258316040039e+00
4.012190950000000256e-01 2.261026382446289062e+00
4.040503639999999952e-01 2.278128147125244141e+00
4.068816900000000181e-01 2.234038114547729492e+00
4.097130709999999842e-01 2.284299612045288086e+00
4.125445090000000037e-01 2.340260505676269531e+00
4.153760029999999936e-01 2.363757610321044922e+00
4.182075530000000096e-01 2.302588939666748047e+00
4.210391589999999962e-01 2.338466882705688477e+00
4.238708219999999804e-01 2.287588119506835938e+00
4.267025409999999908e-01 2.249223470687866211e+00
4.295343160000000271e-01 2.047016143798828125e+00
4.323661469999999785e-01 2.137392520904541016e+00
4.351980349999999831e-01 2.386861324310302734e+00
4.380299790000000137e-01 2.391864061355590820e+00
4.408619790000000149e-01 2.486626863479614258e+00
4.436940349999999866e-01 2.613311529159545898e+00
4.465261480000000116e-01 2.656242609024047852e+00
4.493583170000000071e-01 2.801942348480224609e+00
4.521905419999999731e-01 2.830142974853515625e+00
4.550228230000000207e-01 2.782582521438598633e+00
4.578551610000000105e-01 2.849014997482299805e+00
4.606875550000000263e-01 2.876735687255859375e+00
4.635200050000000127e-01 2.902753829956054688e+00
4.663525110000000251e-01 2.839946031570434570e+00
4.691850739999999798e-01 2.853528022766113281e+00
4.720176919999999887e-01 2.888236522674560547e+00
4.748503669999999954e-01 2.922671556472778320e+00
4.776830989999999999e-01 2.959580898284912109e+00
4.805158860000000032e-01 3.021082639694213867e+00
4.833487300000000042e-01 2.997236013412475586e+00
4.861816299999999758e-01 2.756269931793212891e+00
4.890145859999999733e-01 2.868252754211425781e+00
4.918475979999999970e-01 2.944577217102050781e+00
4.946806670000000183e-01 3.027491807937622070e+00
4.975137920000000102e-01 3.043793678283691406e+00
5.003469729999999727e-01 2.952648639678955078e+00
5.031802100000000166e-01 2.945713281631469727e+00
5.060135040000000028e-01 3.033693313598632812e+00
5.088468539999999596e-01 3.062694311141967773e+00
5.116802599999999979e-01 3.093219518661499023e+00
5.145137220000000067e-01 3.022957801818847656e+00
5.173472409999999577e-01 2.861612319946289062e+00
5.201808159999999903e-01 2.991814851760864258e+00
5.230144469999999934e-01 3.133741140365600586e+00
5.258481339999999671e-01 3.148713588714599609e+00
5.286818779999999940e-01 3.172435283660888672e+00
5.315156779999999914e-01 3.291179418563842773e+00
5.343495339999999594e-01 3.266919136047363281e+00
5.371834460000000089e-01 3.328792095184326172e+00
5.400174150000000006e-01 3.259809255599975586e+00
5.428514389999999912e-01 3.290847301483154297e+00
5.456855200000000350e-01 3.349421501159667969e+00
5.485196580000000210e-01 3.358002424240112305e+00
5.513538510000000059e-01 3.389995098114013672e+00
5.541881010000000440e-01 3.416163921356201172e+00
5.570224070000000527e-01 3.393615722656250000e+00
5.598567690000000319e-01 3.348746538162231445e+00
5.626911869999999816e-01 3.401226282119750977e+00
5.655256619999999845e-01 3.385140180587768555e+00
5.683601929999999580e-01 3.356266021728515625e+00
5.711947800000000131e-01 3.323748588562011719e+00
5.740294230000000386e-01 3.369955062866210938e+00
5.768641230000000064e-01 3.341936826705932617e+00
5.796988789999999447e-01 3.361744165420532227e+00
5.825336909999999646e-01 3.433297157287597656e+00
5.853685589999999550e-01 3.393076419830322266e+00
5.882034839999999987e-01 3.166459083557128906e+00
5.910384650000000129e-01 3.022052288055419922e+00
5.938735019999999976e-01 3.087979316711425781e+00
5.967085949999999528e-01 3.075769662857055664e+00
5.995437449999999613e-01 3.044083595275878906e+00
6.023789510000000513e-01 2.994259357452392578e+00
6.052142130000000009e-01 3.004479408264160156e+00
6.080495310000000320e-01 2.960880756378173828e+00
6.108849060000000053e-01 2.875417709350585938e+00
6.137203359999999774e-01 2.784146547317504883e+00
6.165558230000000028e-01 2.771479368209838867e+00
6.193913669999999705e-01 2.835322380065917969e+00
6.222269660000000480e-01 2.819074869155883789e+00
6.250626219999999567e-01 2.746705770492553711e+00
6.278983339999999469e-01 2.677747964859008789e+00
6.307341020000000187e-01 2.661051273345947266e+00
6.335699259999999500e-01 2.691554546356201172e+00
6.364058070000000455e-01 2.719193220138549805e+00
6.392417440000000006e-01 2.724934577941894531e+00
6.420777370000000372e-01 2.689749717712402344e+00
6.449137860000000444e-01 2.657978296279907227e+00
6.477498919999999938e-01 2.531871318817138672e+00
6.505860540000000247e-01 2.522304296493530273e+00
6.534222720000000262e-01 2.516750574111938477e+00
6.562585459999999982e-01 2.305891036987304688e+00
6.590948770000000234e-01 2.415633678436279297e+00
6.619312640000000192e-01 2.465845108032226562e+00
6.647677069999999855e-01 2.447534084320068359e+00
6.676042060000000333e-01 2.416608572006225586e+00
6.704407620000000234e-01 2.394223690032958984e+00
6.732773739999999840e-01 2.365969896316528320e+00
6.761140420000000262e-01 2.349662303924560547e+00
6.789507660000000389e-01 2.339715957641601562e+00
6.817875469999999938e-01 2.319503307342529297e+00
6.846243829999999475e-01 2.231065511703491211e+00
6.874612759999999545e-01 1.874313950538635254e+00
6.902982260000000148e-01 1.911587357521057129e+00
6.931352309999999628e-01 1.956900000572204590e+00
6.959722929999999641e-01 1.968369603157043457e+00
6.988094110000000470e-01 1.959063768386840820e+00
7.016465849999999893e-01 1.848690032958984375e+00
7.044838150000000132e-01 1.848890662193298340e+00
7.073211019999999793e-01 1.811784148216247559e+00
7.101584450000000270e-01 1.746523976325988770e+00
7.129958440000000452e-01 1.639864563941955566e+00
7.158332990000000340e-01 1.393790483474731445e+00
7.186708109999999650e-01 1.007170319557189941e+00
7.215083789999999775e-01 1.038242459297180176e+00
7.243460029999999605e-01 9.470882415771484375e-01
7.271836830000000251e-01 8.536417484283447266e-01
7.300214200000000320e-01 7.963505983352661133e-01
7.328592130000000093e-01 8.210126161575317383e-01
7.356970619999999572e-01 8.070859313011169434e-01
7.385349669999999866e-01 7.896945476531982422e-01
7.413729289999999583e-01 7.903850674629211426e-01
7.442109470000000115e-01 7.975661158561706543e-01
7.470490210000000353e-01 8.000704050064086914e-01
7.498871510000000296e-01 7.902708649635314941e-01
7.527253379999999661e-01 7.696406245231628418e-01
7.555635800000000124e-01 7.685340046882629395e-01
7.584018790000000010e-01 6.303793191909790039e-01
7.612402350000000428e-01 2.962332665920257568e-01
7.640786459999999725e-01 3.614828884601593018e-01
7.669171139999999554e-01 5.758967995643615723e-01
7.697556380000000198e-01 7.106061577796936035e-01
7.725942180000000548e-01 7.287435531616210938e-01
7.754328539999999492e-01 7.238954305648803711e-01
7.782715470000000080e-01 7.356253266334533691e-01
7.811102960000000373e-01 7.397715449333190918e-01
7.839491010000000371e-01 7.366564273834228516e-01
7.867879620000000074e-01 7.274641394615173340e-01
7.896268800000000310e-01 7.089708447456359863e-01
7.924658540000000251e-01 7.068511247634887695e-01
7.953048839999999897e-01 7.172791957855224609e-01
7.981439700000000359e-01 7.250652909278869629e-01
8.009831130000000243e-01 7.171299457550048828e-01
8.038223119999999833e-01 7.166581749916076660e-01
8.066615670000000238e-01 7.324532866477966309e-01
8.095008780000000348e-01 7.083103060722351074e-01
8.123402459999999881e-01 6.248260140419006348e-01
8.151796700000000229e-01 5.115470290184020996e-01
8.180191500000000282e-01 4.818874299526214600e-01
8.208586860000000041e-01 5.193192362785339355e-01
8.236982790000000332e-01 4.743189215660095215e-01
8.265379269999999501e-01 4.953429698944091797e-01
8.293776320000000313e-01 4.433194696903228760e-01
8.322173940000000547e-01 4.212672114372253418e-01
8.350572109999999659e-01 4.282972812652587891e-01
8.378970850000000414e-01 4.320496022701263428e-01
8.407370149999999764e-01 4.402645826339721680e-01
8.435770009999999930e-01 4.347444176673889160e-01
8.464170429999999801e-01 4.283896684646606445e-01
8.492571420000000204e-01 4.097894728183746338e-01
8.520972970000000313e-01 3.938433229923248291e-01
8.549375080000000127e-01 3.694995045661926270e-01
8.577777749999999646e-01 3.932886421680450439e-01
8.606180989999999698e-01 3.874383568763732910e-01
8.634584789999999455e-01 3.777632415294647217e-01
8.662989150000000027e-01 3.493833839893341064e-01
8.691394070000000305e-01 3.589541018009185791e-01
8.719799560000000005e-01 3.575338423252105713e-01
8.748205610000000521e-01 3.438908159732818604e-01
8.776612219999999631e-01 3.371868729591369629e-01
8.805019389999999557e-01 3.218695521354675293e-01
8.833427130000000016e-01 3.162270486354827881e-01
8.861835430000000180e-01 3.066525757312774658e-01
8.890244290000000049e-01 3.005491793155670166e-01
8.918653709999999624e-01 2.830042541027069092e-01
8.947063699999999731e-01 2.394691556692123413e-01
8.975474239999999826e-01 1.896188855171203613e-01
9.003885350000000454e-01 1.731647402048110962e-01
9.032297030000000504e-01 1.988284140825271606e-01
9.060709260000000542e-01 1.987806856632232666e-01
9.089122060000000003e-01 1.621228009462356567e-01
9.117535420000000279e-01 1.579632908105850220e-01
9.145949340000000261e-01 1.473085731267929077e-01
9.174363819999999947e-01 1.468036770820617676e-01
9.202778870000000166e-01 1.710100322961807251e-01
9.231194480000000091e-01 1.621366441249847412e-01
9.259610649999999721e-01 1.436963677406311035e-01
9.288027380000000166e-01 1.057916283607482910e-01
9.316444680000000034e-01 5.753521993756294250e-02
9.344862539999999607e-01 3.004667721688747406e-02
9.373280959999999995e-01 3.271622583270072937e-02
9.401699940000000089e-01 5.332735180854797363e-02
9.430119489999999605e-01 4.447064176201820374e-02
9.458539599999999936e-01 4.667295888066291809e-02
9.486960269999999973e-01 4.662059247493743896e-02
9.515381499999999715e-01 4.621616005897521973e-02
9.543803299999999989e-01 4.722979664802551270e-02
9.572225659999999969e-01 5.042779818177223206e-02
9.600648579999999654e-01 5.226587504148483276e-02
9.629072060000000155e-01 6.323215365409851074e-02
9.657496110000000078e-01 6.929250806570053101e-02
9.685920709999999989e-01 9.260884672403335571e-02
9.714345880000000433e-01 9.714488685131072998e-02
9.742771620000000299e-01 8.377426117658615112e-02
9.771197910000000153e-01 8.914190530776977539e-02
9.799624770000000540e-01 9.809850156307220459e-02
9.828052189999999522e-01 1.027295291423797607e-01
9.856480170000000429e-01 1.130304932594299316e-01
9.884908709999999932e-01 1.138738840818405151e-01
9.913337819999999967e-01 1.179628297686576843e-01
9.941767489999999707e-01 1.182181090116500854e-01
9.970197720000000263e-01 1.205799728631973267e-01
9.998628510000000524e-01 1.238829195499420166e-01
1.002705986999999910e+00 1.194595843553543091e-01
1.005549178999999960e+00 1.102406457066535950e-01
1.008392426999999980e+00 1.118926480412483215e-01
1.011235730999999971e+00 1.241588667035102844e-01
1.014079092000000015e+00 1.209913268685340881e-01
1.016922509000000030e+00 1.193650066852569580e-01
1.019765982000000015e+00 1.138028204441070557e-01
1.022609510999999971e+00 1.110999733209609985e-01
1.025453096999999980e+00 1.179620921611785889e-01
1.028296738999999960e+00 1.209691315889358521e-01
1.031140436999999910e+00 1.194893568754196167e-01
1.033984191000000052e+00 1.183821931481361389e-01
1.036828002000000026e+00 1.190204992890357971e-01
1.039671868000000110e+00 1.248806938529014587e-01
1.042515791000000025e+00 1.138617023825645447e-01
1.045359770999999993e+00 1.269893944263458252e-01
