3.615872339999999796e-01 1.296151518821716309e+00
3.644177160000000026e-01 1.465619683265686035e+00
3.672482539999999962e-01 1.569585919380187988e+00
3.700788480000000158e-01 1.564442873001098633e+00
3.729094980000000059e-01 1.410418748855590820e+00
3.757402049999999938e-01 1.498213171958923340e+00
3.785709680000000077e-01 1.657692790031433105e+00
3.814017869999999921e-01 1.427105545997619629e+00
3.842326620000000026e-01 1.311041474342346191e+00
3.870635940000000108e-01 1.433841586112976074e+00
3.898945819999999896e-01 1.618148565292358398e+00
3.927256259999999943e-01 1.412003636360168457e+00
3.955567260000000251e-01 1.443553805351257324e+00
3.983878829999999982e-01 1.841784834861755371e+00
4.012190950000000256e-01 2.284240961074829102e+00
4.040503639999999952e-01 2.283761739730834961e+00
4.068816900000000181e-01 2.245975971221923828e+00
4.097130709999999842e-01 2.282788276672363281e+00
4.125445090000000037e-01 2.371761798858642578e+00
4.153760029999999936e-01 2.362928390502929688e+00
4.182075530000000096e-01 2.323523283004760742e+00
4.210391589999999962e-01 2.342924118041992188e+00
4.238708219999999804e-01 2.297634124755859375e+00
4.267025409999999908e-01 2.256402969360351562e+00
4.295343160000000271e-01 2.051638126373291016e+00
4.323661469999999785e-01 2.181644439697265625e+00
4.351980349999999831e-01 2.372175931930541992e+00
4.380299790000000137e-01 2.413457155227661133e+00
4.408619790000000149e-01 2.486521720886230469e+00
4.436940349999999866e-01 2.637358903884887695e+00
4.465261480000000116e-01 2.672181606292724609e+00
4.493583170000000071e-01 2.816986322402954102e+00
4.521905419999999731e-01 2.843871355056762695e+00
4.550228230000000207e-01 2.814693927764892578e+00
4.578551610000000105e-01 2.878152370452880859e+00
4.606875550000000263e-01 2.899015188217163086e+00
4.635200050000000127e-01 2.925997257232666016e+00
4.663525110000000251e-01 2.866340637207031250e+00
4.691850739999999798e-01 2.860678911209106445e+00
4.720176919999999887e-01 2.901879787445068359e+00
4.748503669999999954e-01 2.948710918426513672e+00
4.776830989999999999e-01 2.982245922088623047e+00
4.805158860000000032e-01 3.035363435745239258e+00
4.833487300000000042e-01 3.021454572677612305e+00
4.861816299999999758e-01 2.781492710113525391e+00
4.890145859999999733e-01 2.898047208786010742e+00
4.918475979999999970e-01 2.981647253036499023e+00
4.946806670000000183e-01 3.040935039520263672e+00
4.975137920000000102e-01 3.058473110198974609e+00
5.003469729999999727e-01 2.983539581298828125e+00
5.031802100000000166e-01 2.974363565444946289e+00
5.060135040000000028e-01 3.047616243362426758e+00
5.088468539999999596e-01 3.074522256851196289e+00
5.116802599999999979e-01 3.106503486633300781e+00
5.145137220000000067e-01 3.035123109817504883e+00
5.173472409999999577e-01 2.880108118057250977e+00
5.201808159999999903e-01 3.002954244613647461e+00
5.230144469999999934e-01 3.146119356155395508e+00
5.258481339999999671e-01 3.145291805267333984e+00
5.286818779999999940e-01 3.185119867324829102e+00
5.315156779999999914e-01 3.301056146621704102e+00
5.343495339999999594e-01 3.291623592376708984e+00
5.371834460000000089e-01 3.336999177932739258e+00
5.400174150000000006e-01 3.280196905136108398e+00
5.428514389999999912e-01 3.305315732955932617e+00
5.456855200000000350e-01 3.369525671005249023e+00
5.485196580000000210e-01 3.379397630691528320e+00
5.513538510000000059e-01 3.398726463317871094e+00
5.541881010000000440e-01 3.426736116409301758e+00
5.570224070000000527e-01 3.397556781768798828e+00
5.598567690000000319e-01 3.349573135375976562e+00
5.626911869999999816e-01 3.404159784317016602e+00
5.655256619999999845e-01 3.403473615646362305e+00
5.683601929999999580e-01 3.358530282974243164e+00
5.711947800000000131e-01 3.324163436889648438e+00
5.740294230000000386e-01 3.382572412490844727e+00
5.768641230000000064e-01 3.352289915084838867e+00
5.796988789999999447e-01 3.366249561309814453e+00
5.825336909999999646e-01 3.440804243087768555e+00
5.853685589999999550e-01 3.399649381637573242e+00
5.882034839999999987e-01 3.181271791458129883e+00
5.910384650000000129e-01 3.043918609619140625e+00
5.938735019999999976e-01 3.114109516143798828e+00
5.967085949999999528e-01 3.102014541625976562e+00
5.995437449999999613e-01 3.057643175125122070e+00
6.023789510000000513e-01 3.039579868316650391e+00
6.052142130000000009e-01 3.052010059356689453e+00
6.080495310000000320e-01 3.003763914108276367e+00
6.108849060000000053e-01 2.913888216018676758e+00
6.137203359999999774e-01 2.823971271514892578e+00
6.165558230000000028e-01 2.809967279434204102e+00
6.193913669999999705e-01 2.875921964645385742e+00
6.222269660000000480e-01 2.865230798721313477e+00
6.250626219999999567e-01 2.786777973175048828e+00
6.278983339999999469e-01 2.725428581237792969e+00
6.307341020000000187e-01 2.705346345901489258e+00
6.335699259999999500e-01 2.742356777191162109e+00
6.364058070000000455e-01 2.757898092269897461e+00
6.392417440000000006e-01 2.780416250228881836e+00
6.420777370000000372e-01 2.744944810867309570e+00
6.449137860000000444e-01 2.708408832550048828e+00
6.477498919999999938e-01 2.590659856796264648e+00
6.505860540000000247e-01 2.580310821533203125e+00
6.534222720000000262e-01 2.565720319747924805e+00
6.562585459999999982e-01 2.358788728713989258e+00
6.590948770000000234e-01 2.478088855743408203e+00
6.619312640000000192e-01 2.547993421554565430e+00
6.647677069999999855e-01 2.522367000579833984e+00
6.676042060000000333e-01 2.502367973327636719e+00
6.704407620000000234e-01 2.475609779357910156e+00
6.732773739999999840e-01 2.449926614761352539e+00
6.761140420000000262e-01 2.435779809951782227e+00
6.789507660000000389e-01 2.420454025268554688e+00
6.817875469999999938e-01 2.397733926773071289e+00
6.846243829999999475e-01 2.305678606033325195e+00
6.874612759999999545e-01 1.938659191131591797e+00
6.902982260000000148e-01 1.955246090888977051e+00
6.931352309999999628e-01 2.003094673156738281e+00
6.959722929999999641e-01 2.022818565368652344e+00
6.988094110000000470e-01 1.992202758789062500e+00
7.016465849999999893e-01 1.896433949470520020e+00
7.044838150000000132e-01 1.899995684623718262e+00
7.073211019999999793e-01 1.866747617721557617e+00
7.101584450000000270e-01 1.800252437591552734e+00
7.129958440000000452e-01 1.695382237434387207e+00
7.158332990000000340e-01 1.443519473075866699e+00
7.186708109999999650e-01 1.051825165748596191e+00
7.215083789999999775e-01 1.088398098945617676e+00
7.243460029999999605e-01 9.968096017837524414e-01
7.271836830000000251e-01 8.997649550437927246e-01
7.300214200000000320e-01 8.481502532958984375e-01
7.328592130000000093e-01 8.664926886558532715e-01
7.356970619999999572e-01 8.651531934738159180e-01
7.385349669999999866e-01 8.460301756858825684e-01
7.413729289999999583e-01 8.498728275299072266e-01
7.442109470000000115e-01 8.579041957855224609e-01
7.470490210000000353e-01 8.554248213768005371e-01
7.498871510000000296e-01 8.414124250411987305e-01
7.527253379999999661e-01 8.335894346237182617e-01
7.555635800000000124e-01 8.290873765945434570e-01
7.584018790000000010e-01 6.835885047912597656e-01
7.612402350000000428e-01 3.214337825775146484e-01
7.640786459999999725e-01 3.862152099609375000e-01
7.669171139999999554e-01 6.214172840118408203e-01
7.697556380000000198e-01 7.577846646308898926e-01
7.725942180000000548e-01 7.913661003112792969e-01
7.754328539999999492e-01 7.940171957015991211e-01
7.782715470000000080e-01 7.913130521774291992e-01
7.811102960000000373e-01 8.018069267272949219e-01
7.839491010000000371e-01 7.999027967453002930e-01
7.867879620000000074e-01 7.868043780326843262e-01
7.896268800000000310e-01 7.655200362205505371e-01
7.924658540000000251e-01 7.711780667304992676e-01
7.953048839999999897e-01 7.779773473739624023e-01
7.981439700000000359e-01 7.818508148193359375e-01
8.009831130000000243e-01 7.780541777610778809e-01
8.038223119999999833e-01 7.799097895622253418e-01
8.066615670000000238e-01 7.975933551788330078e-01
8.095008780000000348e-01 7.684355974197387695e-01
8.123402459999999881e-01 6.809858679771423340e-01
8.151796700000000229e-01 5.560950636863708496e-01
8.180191500000000282e-01 5.251316428184509277e-01
8.208586860000000041e-01 5.581348538398742676e-01
8.236982790000000332e-01 5.187877416610717773e-01
8.265379269999999501e-01 5.373043417930603027e-01
8.293776320000000313e-01 4.767008125782012939e-01
8.322173940000000547e-01 4.647046029567718506e-01
8.350572109999999659e-01 4.700442850589752197e-01
8.378970850000000414e-01 4.812084734439849854e-01
8.407370149999999764e-01 4.793924689292907715e-01
8.435770009999999930e-01 4.783581495285034180e-01
8.464170429999999801e-01 4.747221171855926514e-01
8.492571420000000204e-01 4.536160528659820557e-01
8.520972970000000313e-01 4.329878389835357666e-01
8.549375080000000127e-01 4.081208407878875732e-01
8.577777749999999646e-01 4.375004470348358154e-01
8.606180989999999698e-01 4.269303083419799805e-01
8.634584789999999455e-01 4.202836453914642334e-01
8.662989150000000027e-01 3.824916481971740723e-01
8.691394070000000305e-01 3.962943851947784424e-01
8.719799560000000005e-01 3.881506621837615967e-01
8.748205610000000521e-01 3.806481361389160156e-01
8.776612219999999631e-01 3.751810193061828613e-01
8.805019389999999557e-01 3.586233556270599365e-01
8.833427130000000016e-01 3.530724048614501953e-01
8.861835430000000180e-01 3.405911028385162354e-01
8.890244290000000049e-01 3.323250412940979004e-01
8.918653709999999624e-01 3.161335885524749756e-01
8.947063699999999731e-01 2.688260674476623535e-01
8.975474239999999826e-01 2.148663103580474854e-01
9.003885350000000454e-01 1.925257891416549683e-01
9.032297030000000504e-01 2.199671715497970581e-01
9.060709260000000542e-01 2.206463068723678589e-01
9.089122060000000003e-01 1.791811734437942505e-01
9.117535420000000279e-01 1.802684962749481201e-01
9.145949340000000261e-01 1.625940650701522827e-01
9.174363819999999947e-01 1.630445718765258789e-01
9.202778870000000166e-01 1.899610161781311035e-01
9.231194480000000091e-01 1.806653738021850586e-01
9.259610649999999721e-01 1.604548096656799316e-01
9.288027380000000166e-01 1.156278401613235474e-01
9.316444680000000034e-01 6.469865143299102783e-02
9.344862539999999607e-01 4.065200686454772949e-02
9.373280959999999995e-01 3.965720161795616150e-02
9.401699940000000089e-01 6.505319476127624512e-02
9.430119489999999605e-01 5.647985264658927917e-02
9.458539599999999936e-01 4.868696257472038269e-02
9.486960269999999973e-01 5.220057815313339233e-02
9.515381499999999715e-01 5.441850051283836365e-02
9.543803299999999989e-01 5.452274903655052185e-02
9.572225659999999969e-01 5.804371088743209839e-02
9.600648579999999654e-01 5.860128626227378845e-02
9.629072060000000155e-01 7.162273675203323364e-02
9.657496110000000078e-01 7.999096810817718506e-02
9.685920709999999989e-01 9.734270721673965454e-02
9.714345880000000433e-01 1.116871684789657593e-01
9.742771620000000299e-01 9.680885076522827148e-02
9.771197910000000153e-01 9.980323910713195801e-02
9.799624770000000540e-01 1.052347868680953979e-01
9.828052189999999522e-01 1.151594594120979309e-01
9.856480170000000429e-01 1.252137273550033569e-01
9.884908709999999932e-01 1.309030205011367798e-01
9.913337819999999967e-01 1.315678507089614868e-01
9.941767489999999707e-01 1.353866010904312134e-01
9.970197720000000263e-01 1.342677623033523560e-01
9.998628510000000524e-01 1.390277594327926636e-01
1.002705986999999910e+00 1.282592117786407471e-01
1.005549178999999960e+00 1.319061666727066040e-01
1.008392426999999980e+00 1.266561299562454224e-01
1.011235730999999971e+00 1.336227506399154663e-01
1.014079092000000015e+00 1.401984244585037231e-01
1.016922509000000030e+00 1.379456818103790283e-01
1.019765982000000015e+00 1.319234520196914673e-01
1.022609510999999971e+00 1.372575014829635620e-01
1.025453096999999980e+00 1.364022642374038696e-01
1.028296738999999960e+00 1.318248212337493896e-01
1.031140436999999910e+00 1.476958543062210083e-01
1.033984191000000052e+00 1.385137885808944702e-01
1.036828002000000026e+00 1.418172866106033325e-01
1.039671868000000110e+00 1.418558508157730103e-01
1.042515791000000025e+00 1.526786684989929199e-01
1.045359770999999993e+00 1.395389437675476074e-01
