3.615872339999999796e-01 1.286239147186279297e+00
3.644177160000000026e-01 1.429455518722534180e+00
3.672482539999999962e-01 1.564763426780700684e+00
3.700788480000000158e-01 1.565219283103942871e+00
3.729094980000000059e-01 1.425582528114318848e+00
3.757402049999999938e-01 1.455619573593139648e+00
3.785709680000000077e-01 1.651540040969848633e+00
3.814017869999999921e-01 1.412259101867675781e+00
3.842326620000000026e-01 1.305920481681823730e+00
3.870635940000000108e-01 1.437417984008789062e+00
3.898945819999999896e-01 1.644990801811218262e+00
3.927256259999999943e-01 1.419589996337890625e+00
3.955567260000000251e-01 1.456194281578063965e+00
3.983878829999999982e-01 1.812187910079956055e+00
4.012190950000000256e-01 2.287314891815185547e+00
4.040503639999999952e-01 2.268619298934936523e+00
4.068816900000000181e-01 2.224725961685180664e+00
4.097130709999999842e-01 2.265196323394775391e+00
4.125445090000000037e-01 2.352574586868286133e+00
4.153760029999999936e-01 2.368925571441650391e+00
4.182075530000000096e-01 2.322561740875244141e+00
4.210391589999999962e-01 2.332137584686279297e+00
4.238708219999999804e-01 2.275650262832641602e+00
4.267025409999999908e-01 2.236227512359619141e+00
4.295343160000000271e-01 2.036140441894531250e+00
4.323661469999999785e-01 2.151541471481323242e+00
4.351980349999999831e-01 2.364670753479003906e+00
4.380299790000000137e-01 2.390598535537719727e+00
4.408619790000000149e-01 2.447952985763549805e+00
4.436940349999999866e-01 2.590766429901123047e+00
4.465261480000000116e-01 2.624463558197021484e+00
4.493583170000000071e-01 2.773703098297119141e+00
4.521905419999999731e-01 2.778974771499633789e+00
4.550228230000000207e-01 2.757568120956420898e+00
4.578551610000000105e-01 2.812904357910156250e+00
4.606875550000000263e-01 2.832334280014038086e+00
4.635200050000000127e-01 2.858281850814819336e+00
4.663525110000000251e-01 2.784347295761108398e+00
4.691850739999999798e-01 2.781538248062133789e+00
4.720176919999999887e-01 2.823699474334716797e+00
4.748503669999999954e-01 2.857991695404052734e+00
4.776830989999999999e-01 2.895878791809082031e+00
4.805158860000000032e-01 2.948819160461425781e+00
4.833487300000000042e-01 2.929049491882324219e+00
4.861816299999999758e-01 2.692263841629028320e+00
4.890145859999999733e-01 2.813911199569702148e+00
4.918475979999999970e-01 2.881375789642333984e+00
4.946806670000000183e-01 2.937461853027343750e+00
4.975137920000000102e-01 2.946615219116210938e+00
5.003469729999999727e-01 2.882493972778320312e+00
5.031802100000000166e-01 2.858820915222167969e+00
5.060135040000000028e-01 2.942948341369628906e+00
5.088468539999999596e-01 2.960455894470214844e+00
5.116802599999999979e-01 2.994201421737670898e+00
5.145137220000000067e-01 2.924697875976562500e+00
5.173472409999999577e-01 2.769788980484008789e+00
5.201808159999999903e-01 2.888872146606445312e+00
5.230144469999999934e-01 3.022344589233398438e+00
5.258481339999999671e-01 3.015972614288330078e+00
5.286818779999999940e-01 3.059264659881591797e+00
5.315156779999999914e-01 3.161703824996948242e+00
5.343495339999999594e-01 3.149237632751464844e+00
5.371834460000000089e-01 3.183047056198120117e+00
5.400174150000000006e-01 3.127290964126586914e+00
5.428514389999999912e-01 3.153066158294677734e+00
5.456855200000000350e-01 3.204636573791503906e+00
5.485196580000000210e-01 3.210549116134643555e+00
5.513538510000000059e-01 3.254417181015014648e+00
5.541881010000000440e-01 3.273763895034790039e+00
5.570224070000000527e-01 3.237565040588378906e+00
5.598567690000000319e-01 3.200035572052001953e+00
5.626911869999999816e-01 3.239084482192993164e+00
5.655256619999999845e-01 3.233546018600463867e+00
5.683601929999999580e-01 3.206105709075927734e+00
5.711947800000000131e-01 3.164863109588623047e+00
5.740294230000000386e-01 3.219155311584472656e+00
5.768641230000000064e-01 3.183890342712402344e+00
5.796988789999999447e-01 3.199109077453613281e+00
5.825336909999999646e-01 3.265652894973754883e+00
5.853685589999999550e-01 3.231658935546875000e+00
5.882034839999999987e-01 3.016279220581054688e+00
5.910384650000000129e-01 2.883976221084594727e+00
5.938735019999999976e-01 2.935360908508300781e+00
5.967085949999999528e-01 2.923224210739135742e+00
5.995437449999999613e-01 2.880913496017456055e+00
6.023789510000000513e-01 2.839717149734497070e+00
6.052142130000000009e-01 2.850348234176635742e+00
6.080495310000000320e-01 2.811892747879028320e+00
6.108849060000000053e-01 2.718843221664428711e+00
6.137203359999999774e-01 2.643317937850952148e+00
6.165558230000000028e-01 2.613200187683105469e+00
6.193913669999999705e-01 2.677757740020751953e+00
6.222269660000000480e-01 2.664617061614990234e+00
6.250626219999999567e-01 2.595199823379516602e+00
6.278983339999999469e-01 2.540571451187133789e+00
6.307341020000000187e-01 2.521063089370727539e+00
6.335699259999999500e-01 2.545119285583496094e+00
6.364058070000000455e-01 2.570161819458007812e+00
6.392417440000000006e-01 2.571011304855346680e+00
6.420777370000000372e-01 2.540576934814453125e+00
6.449137860000000444e-01 2.508238077163696289e+00
6.477498919999999938e-01 2.396341562271118164e+00
6.505860540000000247e-01 2.383445978164672852e+00
6.534222720000000262e-01 2.376880645751953125e+00
6.562585459999999982e-01 2.186343669891357422e+00
6.590948770000000234e-01 2.288324832916259766e+00
6.619312640000000192e-01 2.337356090545654297e+00
6.647677069999999855e-01 2.317312717437744141e+00
6.676042060000000333e-01 2.305984497070312500e+00
6.704407620000000234e-01 2.280037879943847656e+00
6.732773739999999840e-01 2.250801801681518555e+00
6.761140420000000262e-01 2.241067886352539062e+00
6.789507660000000389e-01 2.221302032470703125e+00
6.817875469999999938e-01 2.201948165893554688e+00
6.846243829999999475e-01 2.117254495620727539e+00
6.874612759999999545e-01 1.776105165481567383e+00
6.902982260000000148e-01 1.793749451637268066e+00
6.931352309999999628e-01 1.823859930038452148e+00
6.959722929999999641e-01 1.832718491554260254e+00
6.988094110000000470e-01 1.815801858901977539e+00
7.016465849999999893e-01 1.713158488273620605e+00
7.044838150000000132e-01 1.707597494125366211e+00
7.073211019999999793e-01 1.668953776359558105e+00
7.101584450000000270e-01 1.609767794609069824e+00
7.129958440000000452e-01 1.502417445182800293e+00
7.158332990000000340e-01 1.273877739906311035e+00
7.186708109999999650e-01 9.299884438514709473e-01
7.215083789999999775e-01 9.462493658065795898e-01
7.243460029999999605e-01 8.677619099617004395e-01
7.271836830000000251e-01 7.846799492835998535e-01
7.300214200000000320e-01 7.293439507484436035e-01
7.328592130000000093e-01 7.503927350044250488e-01
7.356970619999999572e-01 7.327694892883300781e-01
7.385349669999999866e-01 7.190763950347900391e-01
7.413729289999999583e-01 7.174202799797058105e-01
7.442109470000000115e-01 7.272042036056518555e-01
7.470490210000000353e-01 7.308862209320068359e-01
7.498871510000000296e-01 7.130745649337768555e-01
7.527253379999999661e-01 7.058625221252441406e-01
7.555635800000000124e-01 6.995602846145629883e-01
7.584018790000000010e-01 5.769110918045043945e-01
7.612402350000000428e-01 2.703290283679962158e-01
7.640786459999999725e-01 3.288064301013946533e-01
7.669171139999999554e-01 5.233160853385925293e-01
7.697556380000000198e-01 6.391180753707885742e-01
7.725942180000000548e-01 6.584792733192443848e-01
7.754328539999999492e-01 6.630950570106506348e-01
7.782715470000000080e-01 6.690902113914489746e-01
7.811102960000000373e-01 6.703310012817382812e-01
7.839491010000000371e-01 6.667637228965759277e-01
7.867879620000000074e-01 6.642119288444519043e-01
7.896268800000000310e-01 6.359210014343261719e-01
7.924658540000000251e-01 6.390737295150756836e-01
7.953048839999999897e-01 6.452867984771728516e-01
7.981439700000000359e-01 6.557013392448425293e-01
8.009831130000000243e-01 6.448426246643066406e-01
8.038223119999999833e-01 6.476731300354003906e-01
8.066615670000000238e-01 6.645046472549438477e-01
8.095008780000000348e-01 6.359142661094665527e-01
8.123402459999999881e-01 5.675317049026489258e-01
8.151796700000000229e-01 4.650229215621948242e-01
8.180191500000000282e-01 4.395203888416290283e-01
8.208586860000000041e-01 4.690176546573638916e-01
8.236982790000000332e-01 4.290535449981689453e-01
8.265379269999999501e-01 4.445660710334777832e-01
8.293776320000000313e-01 4.016825258731842041e-01
8.322173940000000547e-01 3.823344111442565918e-01
8.350572109999999659e-01 3.938036262989044189e-01
8.378970850000000414e-01 3.944955170154571533e-01
8.407370149999999764e-01 3.976011574268341064e-01
8.435770009999999930e-01 3.925878107547760010e-01
8.464170429999999801e-01 3.896549046039581299e-01
8.492571420000000204e-01 3.687717318534851074e-01
8.520972970000000313e-01 3.615159988403320312e-01
8.549375080000000127e-01 3.391664028167724609e-01
8.577777749999999646e-01 3.552028834819793701e-01
8.606180989999999698e-01 3.512010276317596436e-01
8.634584789999999455e-01 3.467915952205657959e-01
8.662989150000000027e-01 3.171143829822540283e-01
8.691394070000000305e-01 3.252984285354614258e-01
8.719799560000000005e-01 3.248740434646606445e-01
8.748205610000000521e-01 3.170867562294006348e-01
8.776612219999999631e-01 3.075312674045562744e-01
8.805019389999999557e-01 2.967638373374938965e-01
8.833427130000000016e-01 2.896086871623992920e-01
8.861835430000000180e-01 2.800137996673583984e-01
8.890244290000000049e-01 2.711099386215209961e-01
8.918653709999999624e-01 2.572267353534698486e-01
8.947063699999999731e-01 2.188064008951187134e-01
8.975474239999999826e-01 1.726849079132080078e-01
9.003885350000000454e-01 1.568066179752349854e-01
9.032297030000000504e-01 1.810258328914642334e-01
9.060709260000000542e-01 1.796606481075286865e-01
9.089122060000000003e-01 1.473019719123840332e-01
9.117535420000000279e-01 1.502525508403778076e-01
9.145949340000000261e-01 1.373203396797180176e-01
9.174363819999999947e-01 1.381451487541198730e-01
9.202778870000000166e-01 1.529731303453445435e-01
9.231194480000000091e-01 1.459071487188339233e-01
9.259610649999999721e-01 1.353132426738739014e-01
9.288027380000000166e-01 9.798115491867065430e-02
9.316444680000000034e-01 5.229267477989196777e-02
9.344862539999999607e-01 3.098183311522006989e-02
9.373280959999999995e-01 3.091351315379142761e-02
9.401699940000000089e-01 5.252077430486679077e-02
9.430119489999999605e-01 4.635591804981231689e-02
9.458539599999999936e-01 4.162819683551788330e-02
9.486960269999999973e-01 4.403501376509666443e-02
9.515381499999999715e-01 4.250278696417808533e-02
9.543803299999999989e-01 4.720052331686019897e-02
9.572225659999999969e-01 4.802799224853515625e-02
9.600648579999999654e-01 5.151107907295227051e-02
9.629072060000000155e-01 5.913259834051132202e-02
9.657496110000000078e-01 6.523472070693969727e-02
9.685920709999999989e-01 8.549782633781433105e-02
9.714345880000000433e-01 9.391465783119201660e-02
9.742771620000000299e-01 7.934755831956863403e-02
9.771197910000000153e-01 8.240564167499542236e-02
9.799624770000000540e-01 8.476140350103378296e-02
9.828052189999999522e-01 9.608724713325500488e-02
9.856480170000000429e-01 1.006200239062309265e-01
9.884908709999999932e-01 1.067439913749694824e-01
9.913337819999999967e-01 1.056578755378723145e-01
9.941767489999999707e-01 1.053903475403785706e-01
9.970197720000000263e-01 1.094634830951690674e-01
9.998628510000000524e-01 1.127760037779808044e-01
1.002705986999999910e+00 1.073896363377571106e-01
1.005549178999999960e+00 9.841813147068023682e-02
1.008392426999999980e+00 1.070864424109458923e-01
1.011235730999999971e+00 1.076962202787399292e-01
1.014079092000000015e+00 1.108482703566551208e-01
1.016922509000000030e+00 1.118761897087097168e-01
1.019765982000000015e+00 1.129689440131187439e-01
1.022609510999999971e+00 1.149315387010574341e-01
1.025453096999999980e+00 1.061016991734504700e-01
1.028296738999999960e+00 1.090669408440589905e-01
1.031140436999999910e+00 1.151045113801956177e-01
1.033984191000000052e+00 1.149851307272911072e-01
1.036828002000000026e+00 1.143222376704216003e-01
1.039671868000000110e+00 1.210863590240478516e-01
1.042515791000000025e+00 9.417707473039627075e-02
1.045359770999999993e+00 1.119137555360794067e-01
