3.615872339999999796e-01 1.266263604164123535e+00
3.644177160000000026e-01 1.462353348731994629e+00
3.672482539999999962e-01 1.562440276145935059e+00
3.700788480000000158e-01 1.562915563583374023e+00
3.729094980000000059e-01 1.449879407882690430e+00
3.757402049999999938e-01 1.487841248512268066e+00
3.785709680000000077e-01 1.642555713653564453e+00
3.814017869999999921e-01 1.415495038032531738e+00
3.842326620000000026e-01 1.312488913536071777e+00
3.870635940000000108e-01 1.417288064956665039e+00
3.898945819999999896e-01 1.577871680259704590e+00
3.927256259999999943e-01 1.413747429847717285e+00
3.955567260000000251e-01 1.455258846282958984e+00
3.983878829999999982e-01 1.819312810897827148e+00
4.012190950000000256e-01 2.259086132049560547e+00
4.040503639999999952e-01 2.237442016601562500e+00
4.068816900000000181e-01 2.183453798294067383e+00
4.097130709999999842e-01 2.233957052230834961e+00
4.125445090000000037e-01 2.333981752395629883e+00
4.153760029999999936e-01 2.371143817901611328e+00
4.182075530000000096e-01 2.278902769088745117e+00
4.210391589999999962e-01 2.278906822204589844e+00
4.238708219999999804e-01 2.252616167068481445e+00
4.267025409999999908e-01 2.211937904357910156e+00
4.295343160000000271e-01 1.995702981948852539e+00
4.323661469999999785e-01 2.130264997482299805e+00
4.351980349999999831e-01 2.302337884902954102e+00
4.380299790000000137e-01 2.331291675567626953e+00
4.408619790000000149e-01 2.401520729064941406e+00
4.436940349999999866e-01 2.545166969299316406e+00
4.465261480000000116e-01 2.551726102828979492e+00
4.493583170000000071e-01 2.707792997360229492e+00
4.521905419999999731e-01 2.731750011444091797e+00
4.550228230000000207e-01 2.690112829208374023e+00
4.578551610000000105e-01 2.733265638351440430e+00
4.606875550000000263e-01 2.750696897506713867e+00
4.635200050000000127e-01 2.786042451858520508e+00
4.663525110000000251e-01 2.735267877578735352e+00
4.691850739999999798e-01 2.747095823287963867e+00
4.720176919999999887e-01 2.759235143661499023e+00
4.748503669999999954e-01 2.799865007400512695e+00
4.776830989999999999e-01 2.827175140380859375e+00
4.805158860000000032e-01 2.873599767684936523e+00
4.833487300000000042e-01 2.867438077926635742e+00
4.861816299999999758e-01 2.633121967315673828e+00
4.890145859999999733e-01 2.746437072753906250e+00
4.918475979999999970e-01 2.829776525497436523e+00
4.946806670000000183e-01 2.878790616989135742e+00
4.975137920000000102e-01 2.888430118560791016e+00
5.003469729999999727e-01 2.812321186065673828e+00
5.031802100000000166e-01 2.802374124526977539e+00
5.060135040000000028e-01 2.880590200424194336e+00
5.088468539999999596e-01 2.898505449295043945e+00
5.116802599999999979e-01 2.934335470199584961e+00
5.145137220000000067e-01 2.861123561859130859e+00
5.173472409999999577e-01 2.707387208938598633e+00
5.201808159999999903e-01 2.835777044296264648e+00
5.230144469999999934e-01 2.961037635803222656e+00
5.258481339999999671e-01 2.953835248947143555e+00
5.286818779999999940e-01 2.996982574462890625e+00
5.315156779999999914e-01 3.097460985183715820e+00
5.343495339999999594e-01 3.086484909057617188e+00
5.371834460000000089e-01 3.135108470916748047e+00
5.400174150000000006e-01 3.067470550537109375e+00
5.428514389999999912e-01 3.095748186111450195e+00
5.456855200000000350e-01 3.143490314483642578e+00
5.485196580000000210e-01 3.148293972015380859e+00
5.513538510000000059e-01 3.179664850234985352e+00
5.541881010000000440e-01 3.203950405120849609e+00
5.570224070000000527e-01 3.185781955718994141e+00
5.598567690000000319e-01 3.130538702011108398e+00
5.626911869999999816e-01 3.175917387008666992e+00
5.655256619999999845e-01 3.161611080169677734e+00
5.683601929999999580e-01 3.139930486679077148e+00
5.711947800000000131e-01 3.104756832122802734e+00
5.740294230000000386e-01 3.150629043579101562e+00
5.768641230000000064e-01 3.111459732055664062e+00
5.796988789999999447e-01 3.131344795227050781e+00
5.825336909999999646e-01 3.188751935958862305e+00
5.853685589999999550e-01 3.147693157196044922e+00
5.882034839999999987e-01 2.930576086044311523e+00
5.910384650000000129e-01 2.792874097824096680e+00
5.938735019999999976e-01 2.841848373413085938e+00
5.967085949999999528e-01 2.824138402938842773e+00
5.995437449999999613e-01 2.768800258636474609e+00
6.023789510000000513e-01 2.720846176147460938e+00
6.052142130000000009e-01 2.724581718444824219e+00
6.080495310000000320e-01 2.674814462661743164e+00
6.108849060000000053e-01 2.565389394760131836e+00
6.137203359999999774e-01 2.503452062606811523e+00
6.165558230000000028e-01 2.485487461090087891e+00
6.193913669999999705e-01 2.541847229003906250e+00
6.222269660000000480e-01 2.534011363983154297e+00
6.250626219999999567e-01 2.464994192123413086e+00
6.278983339999999469e-01 2.406800746917724609e+00
6.307341020000000187e-01 2.384728670120239258e+00
6.335699259999999500e-01 2.407195806503295898e+00
6.364058070000000455e-01 2.432228326797485352e+00
6.392417440000000006e-01 2.431863069534301758e+00
6.420777370000000372e-01 2.394477367401123047e+00
6.449137860000000444e-01 2.368860960006713867e+00
6.477498919999999938e-01 2.252183198928833008e+00
6.505860540000000247e-01 2.244803667068481445e+00
6.534222720000000262e-01 2.230984687805175781e+00
6.562585459999999982e-01 2.036132335662841797e+00
6.590948770000000234e-01 2.128697395324707031e+00
6.619312640000000192e-01 2.172635555267333984e+00
6.647677069999999855e-01 2.156538724899291992e+00
6.676042060000000333e-01 2.131773948669433594e+00
6.704407620000000234e-01 2.105525970458984375e+00
6.732773739999999840e-01 2.082672119140625000e+00
6.761140420000000262e-01 2.070905208587646484e+00
6.789507660000000389e-01 2.052230596542358398e+00
6.817875469999999938e-01 2.030624628067016602e+00
6.846243829999999475e-01 1.950334072113037109e+00
6.874612759999999545e-01 1.633270859718322754e+00
6.902982260000000148e-01 1.652148008346557617e+00
6.931352309999999628e-01 1.680459380149841309e+00
6.959722929999999641e-01 1.677723884582519531e+00
6.988094110000000470e-01 1.654652953147888184e+00
7.016465849999999893e-01 1.551594376564025879e+00
7.044838150000000132e-01 1.539561748504638672e+00
7.073211019999999793e-01 1.505363106727600098e+00
7.101584450000000270e-01 1.439907550811767578e+00
7.129958440000000452e-01 1.350157618522644043e+00
7.158332990000000340e-01 1.135403156280517578e+00
7.186708109999999650e-01 8.281651735305786133e-01
7.215083789999999775e-01 8.406290411949157715e-01
7.243460029999999605e-01 7.676071524620056152e-01
7.271836830000000251e-01 6.853700876235961914e-01
7.300214200000000320e-01 6.465722918510437012e-01
7.328592130000000093e-01 6.636058092117309570e-01
7.356970619999999572e-01 6.541126370429992676e-01
7.385349669999999866e-01 6.353707909584045410e-01
7.413729289999999583e-01 6.346676349639892578e-01
7.442109470000000115e-01 6.463922858238220215e-01
7.470490210000000353e-01 6.379128694534301758e-01
7.498871510000000296e-01 6.244785785675048828e-01
7.527253379999999661e-01 6.231935620307922363e-01
7.555635800000000124e-01 6.132327318191528320e-01
7.584018790000000010e-01 5.094090700149536133e-01
7.612402350000000428e-01 2.413830310106277466e-01
7.640786459999999725e-01 2.906007170677185059e-01
7.669171139999999554e-01 4.658404886722564697e-01
7.697556380000000198e-01 5.682286024093627930e-01
7.725942180000000548e-01 5.838586091995239258e-01
7.754328539999999492e-01 5.830448269844055176e-01
7.782715470000000080e-01 5.823445916175842285e-01
7.811102960000000373e-01 5.830635428428649902e-01
7.839491010000000371e-01 5.869863629341125488e-01
7.867879620000000074e-01 5.752922892570495605e-01
7.896268800000000310e-01 5.516635775566101074e-01
7.924658540000000251e-01 5.586531758308410645e-01
7.953048839999999897e-01 5.614900588989257812e-01
7.981439700000000359e-01 5.693907141685485840e-01
8.009831130000000243e-01 5.673309564590454102e-01
8.038223119999999833e-01 5.522676706314086914e-01
8.066615670000000238e-01 5.831381678581237793e-01
8.095008780000000348e-01 5.525058507919311523e-01
8.123402459999999881e-01 4.940098226070404053e-01
8.151796700000000229e-01 4.117527902126312256e-01
8.180191500000000282e-01 3.861327469348907471e-01
8.208586860000000041e-01 4.106799066066741943e-01
8.236982790000000332e-01 3.744627237319946289e-01
8.265379269999999501e-01 3.901318311691284180e-01
8.293776320000000313e-01 3.518776297569274902e-01
8.322173940000000547e-01 3.404189646244049072e-01
8.350572109999999659e-01 3.446389734745025635e-01
8.378970850000000414e-01 3.485065400600433350e-01
8.407370149999999764e-01 3.533927202224731445e-01
8.435770009999999930e-01 3.505042195320129395e-01
8.464170429999999801e-01 3.504663705825805664e-01
8.492571420000000204e-01 3.282607793807983398e-01
8.520972970000000313e-01 3.185744881629943848e-01
8.549375080000000127e-01 3.010329604148864746e-01
8.577777749999999646e-01 3.192237913608551025e-01
8.606180989999999698e-01 3.111625015735626221e-01
8.634584789999999455e-01 3.055577874183654785e-01
8.662989150000000027e-01 2.829039692878723145e-01
8.691394070000000305e-01 2.933664917945861816e-01
8.719799560000000005e-01 2.909357845783233643e-01
8.748205610000000521e-01 2.831253111362457275e-01
8.776612219999999631e-01 2.778753638267517090e-01
8.805019389999999557e-01 2.658943235874176025e-01
8.833427130000000016e-01 2.607574760913848877e-01
8.861835430000000180e-01 2.527351677417755127e-01
8.890244290000000049e-01 2.464678585529327393e-01
8.918653709999999624e-01 2.373974025249481201e-01
8.947063699999999731e-01 2.019442617893218994e-01
8.975474239999999826e-01 1.612017899751663208e-01
9.003885350000000454e-01 1.479205042123794556e-01
9.032297030000000504e-01 1.693012118339538574e-01
9.060709260000000542e-01 1.674643158912658691e-01
9.089122060000000003e-01 1.370113343000411987e-01
9.117535420000000279e-01 1.398607194423675537e-01
9.145949340000000261e-01 1.267352700233459473e-01
9.174363819999999947e-01 1.290583908557891846e-01
9.202778870000000166e-01 1.467681974172592163e-01
9.231194480000000091e-01 1.403272897005081177e-01
9.259610649999999721e-01 1.296470016241073608e-01
9.288027380000000166e-01 9.052100032567977905e-02
9.316444680000000034e-01 5.144147947430610657e-02
9.344862539999999607e-01 3.122305683791637421e-02
9.373280959999999995e-01 3.128524497151374817e-02
9.401699940000000089e-01 5.406237021088600159e-02
9.430119489999999605e-01 4.524419456720352173e-02
9.458539599999999936e-01 3.858281299471855164e-02
9.486960269999999973e-01 4.548639804124832153e-02
9.515381499999999715e-01 4.189819097518920898e-02
9.543803299999999989e-01 4.613457247614860535e-02
9.572225659999999969e-01 4.801537096500396729e-02
9.600648579999999654e-01 5.421210452914237976e-02
9.629072060000000155e-01 6.074591353535652161e-02
9.657496110000000078e-01 6.645508855581283569e-02
9.685920709999999989e-01 8.432035148143768311e-02
9.714345880000000433e-01 9.187043458223342896e-02
9.742771620000000299e-01 8.230704814195632935e-02
9.771197910000000153e-01 7.729990035295486450e-02
9.799624770000000540e-01 8.718974143266677856e-02
9.828052189999999522e-01 9.508647024631500244e-02
9.856480170000000429e-01 1.042588800191879272e-01
9.884908709999999932e-01 1.113386526703834534e-01
9.913337819999999967e-01 1.047806367278099060e-01
9.941767489999999707e-01 1.083568409085273743e-01
9.970197720000000263e-01 1.109167262911796570e-01
9.998628510000000524e-01 1.085331663489341736e-01
1.002705986999999910e+00 1.095300987362861633e-01
1.005549178999999960e+00 1.037492603063583374e-01
1.008392426999999980e+00 1.074015274643898010e-01
1.011235730999999971e+00 1.064941585063934326e-01
1.014079092000000015e+00 1.078097671270370483e-01
1.016922509000000030e+00 1.108083724975585938e-01
1.019765982000000015e+00 1.113637760281562805e-01
1.022609510999999971e+00 1.076156944036483765e-01
1.025453096999999980e+00 1.153293922543525696e-01
1.028296738999999960e+00 1.105856522917747498e-01
1.031140436999999910e+00 1.059783697128295898e-01
1.033984191000000052e+00 1.077646687626838684e-01
1.036828002000000026e+00 1.122991368174552917e-01
1.039671868000000110e+00 1.115642189979553223e-01
1.042515791000000025e+00 1.150320470333099365e-01
1.045359770999999993e+00 1.267730742692947388e-01
