3.615872339999999796e-01 1.281675696372985840e+00
3.644177160000000026e-01 1.460212826728820801e+00
3.672482539999999962e-01 1.571894168853759766e+00
3.700788480000000158e-01 1.583421230316162109e+00
3.729094980000000059e-01 1.387696743011474609e+00
3.757402049999999938e-01 1.513688325881958008e+00
3.785709680000000077e-01 1.662144064903259277e+00
3.814017869999999921e-01 1.421589016914367676e+00
3.842326620000000026e-01 1.284970521926879883e+00
3.870635940000000108e-01 1.394369006156921387e+00
3.898945819999999896e-01 1.602254509925842285e+00
3.927256259999999943e-01 1.404109239578247070e+00
3.955567260000000251e-01 1.446110367774963379e+00
3.983878829999999982e-01 1.822048544883728027e+00
4.012190950000000256e-01 2.273636102676391602e+00
4.040503639999999952e-01 2.256949663162231445e+00
4.068816900000000181e-01 2.206210374832153320e+00
4.097130709999999842e-01 2.263183116912841797e+00
4.125445090000000037e-01 2.342838764190673828e+00
4.153760029999999936e-01 2.364577770233154297e+00
4.182075530000000096e-01 2.302552461624145508e+00
4.210391589999999962e-01 2.323132276535034180e+00
4.238708219999999804e-01 2.281600475311279297e+00
4.267025409999999908e-01 2.244316101074218750e+00
4.295343160000000271e-01 2.037827253341674805e+00
4.323661469999999785e-01 2.169884920120239258e+00
4.351980349999999831e-01 2.369544029235839844e+00
4.380299790000000137e-01 2.401441097259521484e+00
4.408619790000000149e-01 2.466346025466918945e+00
4.436940349999999866e-01 2.625211477279663086e+00
4.465261480000000116e-01 2.660895347595214844e+00
4.493583170000000071e-01 2.796757459640502930e+00
4.521905419999999731e-01 2.823026895523071289e+00
4.550228230000000207e-01 2.799236059188842773e+00
4.578551610000000105e-01 2.859070301055908203e+00
4.606875550000000263e-01 2.874310970306396484e+00
4.635200050000000127e-01 2.917039632797241211e+00
4.663525110000000251e-01 2.835871458053588867e+00
4.691850739999999798e-01 2.831426382064819336e+00
4.720176919999999887e-01 2.873002290725708008e+00
4.748503669999999954e-01 2.928546190261840820e+00
4.776830989999999999e-01 2.965157508850097656e+00
4.805158860000000032e-01 3.030394077301025391e+00
4.833487300000000042e-01 2.992160797119140625e+00
4.861816299999999758e-01 2.760930061340332031e+00
4.890145859999999733e-01 2.880930662155151367e+00
4.918475979999999970e-01 2.958750247955322266e+00
4.946806670000000183e-01 3.014140367507934570e+00
4.975137920000000102e-01 3.039505720138549805e+00
5.003469729999999727e-01 2.965752601623535156e+00
5.031802100000000166e-01 2.941829204559326172e+00
5.060135040000000028e-01 3.026592493057250977e+00
5.088468539999999596e-01 3.061106204986572266e+00
5.116802599999999979e-01 3.088437318801879883e+00
5.145137220000000067e-01 3.021271228790283203e+00
5.173472409999999577e-01 2.855656385421752930e+00
5.201808159999999903e-01 2.998700857162475586e+00
5.230144469999999934e-01 3.123913526535034180e+00
5.258481339999999671e-01 3.131972551345825195e+00
5.286818779999999940e-01 3.157948493957519531e+00
5.315156779999999914e-01 3.280153274536132812e+00
5.343495339999999594e-01 3.269253730773925781e+00
5.371834460000000089e-01 3.315043449401855469e+00
5.400174150000000006e-01 3.251388549804687500e+00
5.428514389999999912e-01 3.285069227218627930e+00
5.456855200000000350e-01 3.339791059494018555e+00
5.485196580000000210e-01 3.341649770736694336e+00
5.513538510000000059e-01 3.383815765380859375e+00
5.541881010000000440e-01 3.412442684173583984e+00
5.570224070000000527e-01 3.381648063659667969e+00
5.598567690000000319e-01 3.334761857986450195e+00
5.626911869999999816e-01 3.382278919219970703e+00
5.655256619999999845e-01 3.368031978607177734e+00
5.683601929999999580e-01 3.349815607070922852e+00
5.711947800000000131e-01 3.304178237915039062e+00
5.740294230000000386e-01 3.358334779739379883e+00
5.768641230000000064e-01 3.332098245620727539e+00
5.796988789999999447e-01 3.345816373825073242e+00
5.825336909999999646e-01 3.422376394271850586e+00
5.853685589999999550e-01 3.379588603973388672e+00
5.882034839999999987e-01 3.169836044311523438e+00
5.910384650000000129e-01 3.026908159255981445e+00
5.938735019999999976e-01 3.086822032928466797e+00
5.967085949999999528e-01 3.075534820556640625e+00
5.995437449999999613e-01 3.052596092224121094e+00
6.023789510000000513e-01 3.017445802688598633e+00
6.052142130000000009e-01 3.024201631546020508e+00
6.080495310000000320e-01 2.987512350082397461e+00
6.108849060000000053e-01 2.872989892959594727e+00
6.137203359999999774e-01 2.813019275665283203e+00
6.165558230000000028e-01 2.782329320907592773e+00
6.193913669999999705e-01 2.854093074798583984e+00
6.222269660000000480e-01 2.838583946228027344e+00
6.250626219999999567e-01 2.762905836105346680e+00
6.278983339999999469e-01 2.710313081741333008e+00
6.307341020000000187e-01 2.692139625549316406e+00
6.335699259999999500e-01 2.722069978713989258e+00
6.364058070000000455e-01 2.748078107833862305e+00
6.392417440000000006e-01 2.755254507064819336e+00
6.420777370000000372e-01 2.721219062805175781e+00
6.449137860000000444e-01 2.694854497909545898e+00
6.477498919999999938e-01 2.560549974441528320e+00
6.505860540000000247e-01 2.561670780181884766e+00
6.534222720000000262e-01 2.548149347305297852e+00
6.562585459999999982e-01 2.346196651458740234e+00
6.590948770000000234e-01 2.452834606170654297e+00
6.619312640000000192e-01 2.517652034759521484e+00
6.647677069999999855e-01 2.499683141708374023e+00
6.676042060000000333e-01 2.480019092559814453e+00
6.704407620000000234e-01 2.455153703689575195e+00
6.732773739999999840e-01 2.427819252014160156e+00
6.761140420000000262e-01 2.416346549987792969e+00
6.789507660000000389e-01 2.396202325820922852e+00
6.817875469999999938e-01 2.374659776687622070e+00
6.846243829999999475e-01 2.287213563919067383e+00
6.874612759999999545e-01 1.917852282524108887e+00
6.902982260000000148e-01 1.949790000915527344e+00
6.931352309999999628e-01 1.997595429420471191e+00
6.959722929999999641e-01 2.007900953292846680e+00
6.988094110000000470e-01 1.992244005203247070e+00
7.016465849999999893e-01 1.884105682373046875e+00
7.044838150000000132e-01 1.889798521995544434e+00
7.073211019999999793e-01 1.852115750312805176e+00
7.101584450000000270e-01 1.788340210914611816e+00
7.129958440000000452e-01 1.687085986137390137e+00
7.158332990000000340e-01 1.430546641349792480e+00
7.186708109999999650e-01 1.047142267227172852e+00
7.215083789999999775e-01 1.077112674713134766e+00
7.243460029999999605e-01 9.911299347877502441e-01
7.271836830000000251e-01 8.962076306343078613e-01
7.300214200000000320e-01 8.384956121444702148e-01
7.328592130000000093e-01 8.565874099731445312e-01
7.356970619999999572e-01 8.543945550918579102e-01
7.385349669999999866e-01 8.344866037368774414e-01
7.413729289999999583e-01 8.325423598289489746e-01
7.442109470000000115e-01 8.468204736709594727e-01
7.470490210000000353e-01 8.454661369323730469e-01
7.498871510000000296e-01 8.410663604736328125e-01
7.527253379999999661e-01 8.310603499412536621e-01
7.555635800000000124e-01 8.167476654052734375e-01
7.584018790000000010e-01 6.772273182868957520e-01
7.612402350000000428e-01 3.165987432003021240e-01
7.640786459999999725e-01 3.832571506500244141e-01
7.669171139999999554e-01 6.167383790016174316e-01
7.697556380000000198e-01 7.512097954750061035e-01
7.725942180000000548e-01 7.821573615074157715e-01
7.754328539999999492e-01 7.827191352844238281e-01
7.782715470000000080e-01 7.860909104347229004e-01
7.811102960000000373e-01 7.873095870018005371e-01
7.839491010000000371e-01 7.909756898880004883e-01
7.867879620000000074e-01 7.822751998901367188e-01
7.896268800000000310e-01 7.566648125648498535e-01
7.924658540000000251e-01 7.568426132202148438e-01
7.953048839999999897e-01 7.695362567901611328e-01
7.981439700000000359e-01 7.796203494071960449e-01
8.009831130000000243e-01 7.693504095077514648e-01
8.038223119999999833e-01 7.685472965240478516e-01
8.066615670000000238e-01 7.865092754364013672e-01
8.095008780000000348e-01 7.518388628959655762e-01
8.123402459999999881e-01 6.738415956497192383e-01
8.151796700000000229e-01 5.550729632377624512e-01
8.180191500000000282e-01 5.201714634895324707e-01
8.208586860000000041e-01 5.585147738456726074e-01
8.236982790000000332e-01 5.136169195175170898e-01
8.265379269999999501e-01 5.303829312324523926e-01
8.293776320000000313e-01 4.771813154220581055e-01
8.322173940000000547e-01 4.617839455604553223e-01
8.350572109999999659e-01 4.607906639575958252e-01
8.378970850000000414e-01 4.750889539718627930e-01
8.407370149999999764e-01 4.754514098167419434e-01
8.435770009999999930e-01 4.705258011817932129e-01
8.464170429999999801e-01 4.717223346233367920e-01
8.492571420000000204e-01 4.431082606315612793e-01
8.520972970000000313e-01 4.280608296394348145e-01
8.549375080000000127e-01 4.019526243209838867e-01
8.577777749999999646e-01 4.276019036769866943e-01
8.606180989999999698e-01 4.228785634040832520e-01
8.634584789999999455e-01 4.166758358478546143e-01
8.662989150000000027e-01 3.837511837482452393e-01
8.691394070000000305e-01 3.899330198764801025e-01
8.719799560000000005e-01 3.870083391666412354e-01
8.748205610000000521e-01 3.799009621143341064e-01
8.776612219999999631e-01 3.689990043640136719e-01
8.805019389999999557e-01 3.593025803565979004e-01
8.833427130000000016e-01 3.484135568141937256e-01
8.861835430000000180e-01 3.406302034854888916e-01
8.890244290000000049e-01 3.325784802436828613e-01
8.918653709999999624e-01 3.116721510887145996e-01
8.947063699999999731e-01 2.637824416160583496e-01
8.975474239999999826e-01 2.147851437330245972e-01
9.003885350000000454e-01 1.905206143856048584e-01
9.032297030000000504e-01 2.202834933996200562e-01
9.060709260000000542e-01 2.168845534324645996e-01
9.089122060000000003e-01 1.796268820762634277e-01
9.117535420000000279e-01 1.778191626071929932e-01
9.145949340000000261e-01 1.632365435361862183e-01
9.174363819999999947e-01 1.659853458404541016e-01
9.202778870000000166e-01 1.897881925106048584e-01
9.231194480000000091e-01 1.773135215044021606e-01
9.259610649999999721e-01 1.629839241504669189e-01
9.288027380000000166e-01 1.184290349483489990e-01
9.316444680000000034e-01 6.976140290498733521e-02
9.344862539999999607e-01 3.756798058748245239e-02
9.373280959999999995e-01 4.482029005885124207e-02
9.401699940000000089e-01 6.547391414642333984e-02
9.430119489999999605e-01 5.536009743809700012e-02
9.458539599999999936e-01 5.110197514295578003e-02
9.486960269999999973e-01 5.648286640644073486e-02
9.515381499999999715e-01 5.787574127316474915e-02
9.543803299999999989e-01 5.898065865039825439e-02
9.572225659999999969e-01 5.976508185267448425e-02
9.600648579999999654e-01 6.565429270267486572e-02
9.629072060000000155e-01 7.543224841356277466e-02
9.657496110000000078e-01 8.356349170207977295e-02
9.685920709999999989e-01 1.016309335827827454e-01
9.714345880000000433e-01 1.098206341266632080e-01
9.742771620000000299e-01 9.582499414682388306e-02
9.771197910000000153e-01 1.043622568249702454e-01
9.799624770000000540e-01 1.082969680428504944e-01
9.828052189999999522e-01 1.175207719206809998e-01
9.856480170000000429e-01 1.257035285234451294e-01
9.884908709999999932e-01 1.276493370532989502e-01
9.913337819999999967e-01 1.335355639457702637e-01
9.941767489999999707e-01 1.361652761697769165e-01
9.970197720000000263e-01 1.363501846790313721e-01
9.998628510000000524e-01 1.385588496923446655e-01
1.002705986999999910e+00 1.349193304777145386e-01
1.005549178999999960e+00 1.265598982572555542e-01
1.008392426999999980e+00 1.304644048213958740e-01
1.011235730999999971e+00 1.371988952159881592e-01
1.014079092000000015e+00 1.378670930862426758e-01
1.016922509000000030e+00 1.388989984989166260e-01
1.019765982000000015e+00 1.351318359375000000e-01
1.022609510999999971e+00 1.453824490308761597e-01
1.025453096999999980e+00 1.413597762584686279e-01
1.028296738999999960e+00 1.384721249341964722e-01
1.031140436999999910e+00 1.414085775613784790e-01
1.033984191000000052e+00 1.422932744026184082e-01
1.036828002000000026e+00 1.389323323965072632e-01
1.039671868000000110e+00 1.485937088727951050e-01
1.042515791000000025e+00 1.598280072212219238e-01
1.045359770999999993e+00 1.534468382596969604e-01
