3.615872339999999796e-01 1.265498161315917969e+00
3.644177160000000026e-01 1.506052255630493164e+00
3.672482539999999962e-01 1.564318299293518066e+00
3.700788480000000158e-01 1.560737729072570801e+00
3.729094980000000059e-01 1.400376081466674805e+00
3.757402049999999938e-01 1.497217059135437012e+00
3.785709680000000077e-01 1.645355701446533203e+00
3.814017869999999921e-01 1.430225372314453125e+00
3.842326620000000026e-01 1.314582347869873047e+00
3.870635940000000108e-01 1.421169161796569824e+00
3.898945819999999896e-01 1.615840792655944824e+00
3.927256259999999943e-01 1.434782743453979492e+00
3.955567260000000251e-01 1.451592326164245605e+00
3.983878829999999982e-01 1.828474521636962891e+00
4.012190950000000256e-01 2.276163101196289062e+00
4.040503639999999952e-01 2.276636123657226562e+00
4.068816900000000181e-01 2.235962390899658203e+00
4.097130709999999842e-01 2.278725862503051758e+00
4.125445090000000037e-01 2.381682157516479492e+00
4.153760029999999936e-01 2.392311573028564453e+00
4.182075530000000096e-01 2.353393316268920898e+00
4.210391589999999962e-01 2.357674360275268555e+00
4.238708219999999804e-01 2.318692922592163086e+00
4.267025409999999908e-01 2.260780334472656250e+00
4.295343160000000271e-01 2.071004629135131836e+00
4.323661469999999785e-01 2.208427190780639648e+00
4.351980349999999831e-01 2.400111913681030273e+00
4.380299790000000137e-01 2.418046474456787109e+00
4.408619790000000149e-01 2.513704776763916016e+00
4.436940349999999866e-01 2.673552751541137695e+00
4.465261480000000116e-01 2.672934770584106445e+00
4.493583170000000071e-01 2.852065324783325195e+00
4.521905419999999731e-01 2.847140789031982422e+00
4.550228230000000207e-01 2.838436365127563477e+00
4.578551610000000105e-01 2.895180940628051758e+00
4.606875550000000263e-01 2.905312299728393555e+00
4.635200050000000127e-01 2.952073335647583008e+00
4.663525110000000251e-01 2.888127803802490234e+00
4.691850739999999798e-01 2.894609212875366211e+00
4.720176919999999887e-01 2.916776180267333984e+00
4.748503669999999954e-01 2.973027706146240234e+00
4.776830989999999999e-01 2.999897718429565430e+00
4.805158860000000032e-01 3.058285713195800781e+00
4.833487300000000042e-01 3.037652969360351562e+00
4.861816299999999758e-01 2.804991960525512695e+00
4.890145859999999733e-01 2.928847074508666992e+00
4.918475979999999970e-01 2.993503332138061523e+00
4.946806670000000183e-01 3.070027351379394531e+00
4.975137920000000102e-01 3.085601091384887695e+00
5.003469729999999727e-01 3.013191938400268555e+00
5.031802100000000166e-01 2.993134021759033203e+00
5.060135040000000028e-01 3.081536769866943359e+00
5.088468539999999596e-01 3.101426362991333008e+00
5.116802599999999979e-01 3.134737253189086914e+00
5.145137220000000067e-01 3.064239263534545898e+00
5.173472409999999577e-01 2.903033494949340820e+00
5.201808159999999903e-01 3.042493581771850586e+00
5.230144469999999934e-01 3.172924518585205078e+00
5.258481339999999671e-01 3.176602363586425781e+00
5.286818779999999940e-01 3.229741096496582031e+00
5.315156779999999914e-01 3.331476449966430664e+00
5.343495339999999594e-01 3.322145700454711914e+00
5.371834460000000089e-01 3.366573572158813477e+00
5.400174150000000006e-01 3.298362970352172852e+00
5.428514389999999912e-01 3.333133935928344727e+00
5.456855200000000350e-01 3.398405551910400391e+00
5.485196580000000210e-01 3.411591529846191406e+00
5.513538510000000059e-01 3.430665969848632812e+00
5.541881010000000440e-01 3.462389230728149414e+00
5.570224070000000527e-01 3.439133644104003906e+00
5.598567690000000319e-01 3.375308513641357422e+00
5.626911869999999816e-01 3.445123434066772461e+00
5.655256619999999845e-01 3.423629522323608398e+00
5.683601929999999580e-01 3.403470993041992188e+00
5.711947800000000131e-01 3.369091272354125977e+00
5.740294230000000386e-01 3.419553756713867188e+00
5.768641230000000064e-01 3.390314340591430664e+00
5.796988789999999447e-01 3.413556098937988281e+00
5.825336909999999646e-01 3.483031749725341797e+00
5.853685589999999550e-01 3.450591087341308594e+00
5.882034839999999987e-01 3.221700191497802734e+00
5.910384650000000129e-01 3.089168787002563477e+00
5.938735019999999976e-01 3.147745609283447266e+00
5.967085949999999528e-01 3.150697946548461914e+00
5.995437449999999613e-01 3.120617151260375977e+00
6.023789510000000513e-01 3.094239950180053711e+00
6.052142130000000009e-01 3.111249446868896484e+00
6.080495310000000320e-01 3.072465419769287109e+00
6.108849060000000053e-01 2.975876569747924805e+00
6.137203359999999774e-01 2.891124248504638672e+00
6.165558230000000028e-01 2.871086359024047852e+00
6.193913669999999705e-01 2.941213846206665039e+00
6.222269660000000480e-01 2.934766292572021484e+00
6.250626219999999567e-01 2.848457574844360352e+00
6.278983339999999469e-01 2.793154478073120117e+00
6.307341020000000187e-01 2.769537210464477539e+00
6.335699259999999500e-01 2.813441276550292969e+00
6.364058070000000455e-01 2.839386224746704102e+00
6.392417440000000006e-01 2.843702554702758789e+00
6.420777370000000372e-01 2.808413028717041016e+00
6.449137860000000444e-01 2.779082775115966797e+00
6.477498919999999938e-01 2.653119802474975586e+00
6.505860540000000247e-01 2.639068365097045898e+00
6.534222720000000262e-01 2.636947631835937500e+00
6.562585459999999982e-01 2.431245326995849609e+00
6.590948770000000234e-01 2.547722578048706055e+00
6.619312640000000192e-01 2.613783836364746094e+00
6.647677069999999855e-01 2.598358392715454102e+00
6.676042060000000333e-01 2.575761079788208008e+00
6.704407620000000234e-01 2.558145046234130859e+00
6.732773739999999840e-01 2.525522708892822266e+00
6.761140420000000262e-01 2.502930164337158203e+00
6.789507660000000389e-01 2.499931335449218750e+00
6.817875469999999938e-01 2.478386640548706055e+00
6.846243829999999475e-01 2.386840820312500000e+00
6.874612759999999545e-01 2.001547336578369141e+00
6.902982260000000148e-01 2.031115055084228516e+00
6.931352309999999628e-01 2.081570386886596680e+00
6.959722929999999641e-01 2.097156763076782227e+00
6.988094110000000470e-01 2.089596986770629883e+00
7.016465849999999893e-01 1.969498872756958008e+00
7.044838150000000132e-01 1.978804469108581543e+00
7.073211019999999793e-01 1.941144466400146484e+00
7.101584450000000270e-01 1.880732059478759766e+00
7.129958440000000452e-01 1.784257292747497559e+00
7.158332990000000340e-01 1.522685647010803223e+00
7.186708109999999650e-01 1.106098413467407227e+00
7.215083789999999775e-01 1.143090248107910156e+00
7.243460029999999605e-01 1.061800241470336914e+00
7.271836830000000251e-01 9.612175226211547852e-01
7.300214200000000320e-01 9.007384777069091797e-01
7.328592130000000093e-01 9.206907749176025391e-01
7.356970619999999572e-01 9.170383214950561523e-01
7.385349669999999866e-01 8.898404836654663086e-01
7.413729289999999583e-01 8.968176245689392090e-01
7.442109470000000115e-01 9.114256501197814941e-01
7.470490210000000353e-01 9.072892665863037109e-01
7.498871510000000296e-01 8.960450291633605957e-01
7.527253379999999661e-01 8.859748244285583496e-01
7.555635800000000124e-01 8.749555945396423340e-01
7.584018790000000010e-01 7.153418660163879395e-01
7.612402350000000428e-01 3.380815088748931885e-01
7.640786459999999725e-01 4.059847891330718994e-01
7.669171139999999554e-01 6.569622159004211426e-01
7.697556380000000198e-01 7.998881936073303223e-01
7.725942180000000548e-01 8.359684944152832031e-01
7.754328539999999492e-01 8.446494936943054199e-01
7.782715470000000080e-01 8.436253070831298828e-01
7.811102960000000373e-01 8.528742790222167969e-01
7.839491010000000371e-01 8.453422784805297852e-01
7.867879620000000074e-01 8.344722986221313477e-01
7.896268800000000310e-01 8.139611482620239258e-01
7.924658540000000251e-01 8.133129477500915527e-01
7.953048839999999897e-01 8.194816112518310547e-01
7.981439700000000359e-01 8.302924633026123047e-01
8.009831130000000243e-01 8.244833946228027344e-01
8.038223119999999833e-01 8.260732889175415039e-01
8.066615670000000238e-01 8.450150489807128906e-01
8.095008780000000348e-01 8.040298819541931152e-01
8.123402459999999881e-01 7.201335430145263672e-01
8.151796700000000229e-01 5.892627835273742676e-01
8.180191500000000282e-01 5.562992095947265625e-01
8.208586860000000041e-01 5.937518477439880371e-01
8.236982790000000332e-01 5.429226160049438477e-01
8.265379269999999501e-01 5.733423233032226562e-01
8.293776320000000313e-01 5.080548524856567383e-01
8.322173940000000547e-01 4.861646592617034912e-01
8.350572109999999659e-01 4.908983409404754639e-01
8.378970850000000414e-01 5.067307353019714355e-01
8.407370149999999764e-01 5.045456886291503906e-01
8.435770009999999930e-01 5.019663572311401367e-01
8.464170429999999801e-01 4.986319839954376221e-01
8.492571420000000204e-01 4.728784263134002686e-01
8.520972970000000313e-01 4.543002843856811523e-01
8.549375080000000127e-01 4.268987476825714111e-01
8.577777749999999646e-01 4.550620615482330322e-01
8.606180989999999698e-01 4.469010829925537109e-01
8.634584789999999455e-01 4.341636896133422852e-01
8.662989150000000027e-01 3.991461992263793945e-01
8.691394070000000305e-01 4.143442213535308838e-01
8.719799560000000005e-01 4.097164869308471680e-01
8.748205610000000521e-01 4.000498354434967041e-01
8.776612219999999631e-01 3.866524100303649902e-01
8.805019389999999557e-01 3.750522136688232422e-01
8.833427130000000016e-01 3.683911859989166260e-01
8.861835430000000180e-01 3.570866286754608154e-01
8.890244290000000049e-01 3.462551236152648926e-01
8.918653709999999624e-01 3.296062648296356201e-01
8.947063699999999731e-01 2.733802199363708496e-01
8.975474239999999826e-01 2.190570235252380371e-01
9.003885350000000454e-01 1.947241574525833130e-01
9.032297030000000504e-01 2.272837311029434204e-01
9.060709260000000542e-01 2.263585925102233887e-01
9.089122060000000003e-01 1.830233782529830933e-01
9.117535420000000279e-01 1.847564876079559326e-01
9.145949340000000261e-01 1.685860455036163330e-01
9.174363819999999947e-01 1.704161465167999268e-01
9.202778870000000166e-01 1.905430555343627930e-01
9.231194480000000091e-01 1.793389916419982910e-01
9.259610649999999721e-01 1.670071929693222046e-01
9.288027380000000166e-01 1.163579300045967102e-01
9.316444680000000034e-01 6.643496453762054443e-02
9.344862539999999607e-01 3.851915895938873291e-02
9.373280959999999995e-01 3.947513550519943237e-02
9.401699940000000089e-01 6.072032824158668518e-02
9.430119489999999605e-01 5.436326190829277039e-02
9.458539599999999936e-01 4.773220419883728027e-02
9.486960269999999973e-01 5.254653841257095337e-02
9.515381499999999715e-01 5.446704477071762085e-02
9.543803299999999989e-01 5.075073987245559692e-02
9.572225659999999969e-01 5.704052001237869263e-02
9.600648579999999654e-01 5.839128419756889343e-02
9.629072060000000155e-01 6.964733451604843140e-02
9.657496110000000078e-01 7.407141476869583130e-02
9.685920709999999989e-01 9.691064804792404175e-02
9.714345880000000433e-01 1.041433438658714294e-01
9.742771620000000299e-01 9.615687280893325806e-02
9.771197910000000153e-01 9.567320346832275391e-02
9.799624770000000540e-01 1.024667471647262573e-01
9.828052189999999522e-01 1.166475042700767517e-01
9.856480170000000429e-01 1.207804083824157715e-01
9.884908709999999932e-01 1.275547146797180176e-01
9.913337819999999967e-01 1.286951899528503418e-01
9.941767489999999707e-01 1.310735791921615601e-01
9.970197720000000263e-01 1.302378922700881958e-01
9.998628510000000524e-01 1.318720132112503052e-01
1.002705986999999910e+00 1.263583898544311523e-01
1.005549178999999960e+00 1.219124197959899902e-01
1.008392426999999980e+00 1.291553825139999390e-01
1.011235730999999971e+00 1.295304000377655029e-01
1.014079092000000015e+00 1.320628374814987183e-01
1.016922509000000030e+00 1.304008364677429199e-01
1.019765982000000015e+00 1.287301778793334961e-01
1.022609510999999971e+00 1.312010735273361206e-01
1.025453096999999980e+00 1.373926103115081787e-01
1.028296738999999960e+00 1.302931904792785645e-01
1.031140436999999910e+00 1.446115076541900635e-01
1.033984191000000052e+00 1.301204115152359009e-01
1.036828002000000026e+00 1.320628821849822998e-01
1.039671868000000110e+00 1.427814960479736328e-01
1.042515791000000025e+00 1.355033516883850098e-01
1.045359770999999993e+00 1.452971547842025757e-01
