3.615872339999999796e-01 1.322122812271118164e+00
3.644177160000000026e-01 1.485638737678527832e+00
3.672482539999999962e-01 1.544167995452880859e+00
3.700788480000000158e-01 1.576127052307128906e+00
3.729094980000000059e-01 1.450368285179138184e+00
3.757402049999999938e-01 1.507858514785766602e+00
3.785709680000000077e-01 1.634232401847839355e+00
3.814017869999999921e-01 1.385543346405029297e+00
3.842326620000000026e-01 1.302403569221496582e+00
3.870635940000000108e-01 1.431565999984741211e+00
3.898945819999999896e-01 1.598904967308044434e+00
3.927256259999999943e-01 1.397830843925476074e+00
3.955567260000000251e-01 1.431739449501037598e+00
3.983878829999999982e-01 1.813712716102600098e+00
4.012190950000000256e-01 2.244323730468750000e+00
4.040503639999999952e-01 2.260577917098999023e+00
4.068816900000000181e-01 2.200347185134887695e+00
4.097130709999999842e-01 2.242234230041503906e+00
4.125445090000000037e-01 2.355365037918090820e+00
4.153760029999999936e-01 2.348344802856445312e+00
4.182075530000000096e-01 2.299566030502319336e+00
4.210391589999999962e-01 2.313435077667236328e+00
4.238708219999999804e-01 2.270731449127197266e+00
4.267025409999999908e-01 2.216999530792236328e+00
4.295343160000000271e-01 2.016490459442138672e+00
4.323661469999999785e-01 2.155396699905395508e+00
4.351980349999999831e-01 2.338828086853027344e+00
4.380299790000000137e-01 2.366450071334838867e+00
4.408619790000000149e-01 2.441233634948730469e+00
4.436940349999999866e-01 2.591387510299682617e+00
4.465261480000000116e-01 2.614118337631225586e+00
4.493583170000000071e-01 2.781036138534545898e+00
4.521905419999999731e-01 2.794591188430786133e+00
4.550228230000000207e-01 2.755405426025390625e+00
4.578551610000000105e-01 2.817094564437866211e+00
4.606875550000000263e-01 2.825603485107421875e+00
4.635200050000000127e-01 2.863294839859008789e+00
4.663525110000000251e-01 2.793099880218505859e+00
4.691850739999999798e-01 2.793429851531982422e+00
4.720176919999999887e-01 2.845410823822021484e+00
4.748503669999999954e-01 2.891447544097900391e+00
4.776830989999999999e-01 2.922051906585693359e+00
4.805158860000000032e-01 2.970927953720092773e+00
4.833487300000000042e-01 2.951078891754150391e+00
4.861816299999999758e-01 2.718049526214599609e+00
4.890145859999999733e-01 2.826829671859741211e+00
4.918475979999999970e-01 2.903154373168945312e+00
4.946806670000000183e-01 2.960480928421020508e+00
4.975137920000000102e-01 2.980377912521362305e+00
5.003469729999999727e-01 2.906365871429443359e+00
5.031802100000000166e-01 2.888967275619506836e+00
5.060135040000000028e-01 2.969333171844482422e+00
5.088468539999999596e-01 2.990891933441162109e+00
5.116802599999999979e-01 3.029721975326538086e+00
5.145137220000000067e-01 2.964226245880126953e+00
5.173472409999999577e-01 2.804508209228515625e+00
5.201808159999999903e-01 2.925623655319213867e+00
5.230144469999999934e-01 3.060943841934204102e+00
5.258481339999999671e-01 3.057669401168823242e+00
5.286818779999999940e-01 3.105628013610839844e+00
5.315156779999999914e-01 3.200940847396850586e+00
5.343495339999999594e-01 3.189781427383422852e+00
5.371834460000000089e-01 3.240491390228271484e+00
5.400174150000000006e-01 3.176260471343994141e+00
5.428514389999999912e-01 3.199188947677612305e+00
5.456855200000000350e-01 3.266650199890136719e+00
5.485196580000000210e-01 3.261030197143554688e+00
5.513538510000000059e-01 3.301818132400512695e+00
5.541881010000000440e-01 3.322336912155151367e+00
5.570224070000000527e-01 3.283601999282836914e+00
5.598567690000000319e-01 3.239830255508422852e+00
5.626911869999999816e-01 3.290968656539916992e+00
5.655256619999999845e-01 3.283256530761718750e+00
5.683601929999999580e-01 3.258180618286132812e+00
5.711947800000000131e-01 3.221324205398559570e+00
5.740294230000000386e-01 3.264652729034423828e+00
5.768641230000000064e-01 3.235624790191650391e+00
5.796988789999999447e-01 3.248725891113281250e+00
5.825336909999999646e-01 3.316541433334350586e+00
5.853685589999999550e-01 3.271293163299560547e+00
5.882034839999999987e-01 3.048634290695190430e+00
5.910384650000000129e-01 2.923572301864624023e+00
5.938735019999999976e-01 2.966532468795776367e+00
5.967085949999999528e-01 2.950219392776489258e+00
5.995437449999999613e-01 2.900796175003051758e+00
6.023789510000000513e-01 2.855938434600830078e+00
6.052142130000000009e-01 2.868024587631225586e+00
6.080495310000000320e-01 2.816523790359497070e+00
6.108849060000000053e-01 2.717806816101074219e+00
6.137203359999999774e-01 2.646150112152099609e+00
6.165558230000000028e-01 2.623249530792236328e+00
6.193913669999999705e-01 2.695626974105834961e+00
6.222269660000000480e-01 2.690143108367919922e+00
6.250626219999999567e-01 2.613394260406494141e+00
6.278983339999999469e-01 2.547002077102661133e+00
6.307341020000000187e-01 2.529583454132080078e+00
6.335699259999999500e-01 2.551888465881347656e+00
6.364058070000000455e-01 2.584725856781005859e+00
6.392417440000000006e-01 2.585649967193603516e+00
6.420777370000000372e-01 2.558941841125488281e+00
6.449137860000000444e-01 2.521875858306884766e+00
6.477498919999999938e-01 2.397508621215820312e+00
6.505860540000000247e-01 2.392652034759521484e+00
6.534222720000000262e-01 2.372535228729248047e+00
6.562585459999999982e-01 2.188644409179687500e+00
6.590948770000000234e-01 2.280385255813598633e+00
6.619312640000000192e-01 2.335259914398193359e+00
6.647677069999999855e-01 2.316404342651367188e+00
6.676042060000000333e-01 2.304378986358642578e+00
6.704407620000000234e-01 2.264923334121704102e+00
6.732773739999999840e-01 2.246591329574584961e+00
6.761140420000000262e-01 2.236102342605590820e+00
6.789507660000000389e-01 2.216221094131469727e+00
6.817875469999999938e-01 2.187938213348388672e+00
6.846243829999999475e-01 2.108787536621093750e+00
6.874612759999999545e-01 1.764403581619262695e+00
6.902982260000000148e-01 1.782243847846984863e+00
6.931352309999999628e-01 1.804822683334350586e+00
6.959722929999999641e-01 1.814309358596801758e+00
6.988094110000000470e-01 1.794589877128601074e+00
7.016465849999999893e-01 1.690182924270629883e+00
7.044838150000000132e-01 1.689253091812133789e+00
7.073211019999999793e-01 1.646530389785766602e+00
7.101584450000000270e-01 1.587524414062500000e+00
7.129958440000000452e-01 1.482954025268554688e+00
7.158332990000000340e-01 1.245865345001220703e+00
7.186708109999999650e-01 9.097834229469299316e-01
7.215083789999999775e-01 9.196068048477172852e-01
7.243460029999999605e-01 8.426614999771118164e-01
7.271836830000000251e-01 7.555842399597167969e-01
7.300214200000000320e-01 7.099429368972778320e-01
7.328592130000000093e-01 7.222310304641723633e-01
7.356970619999999572e-01 7.226305007934570312e-01
7.385349669999999866e-01 6.963766217231750488e-01
7.413729289999999583e-01 6.941609382629394531e-01
7.442109470000000115e-01 7.058710455894470215e-01
7.470490210000000353e-01 6.981276869773864746e-01
7.498871510000000296e-01 6.866932511329650879e-01
7.527253379999999661e-01 6.845285892486572266e-01
7.555635800000000124e-01 6.721701622009277344e-01
7.584018790000000010e-01 5.536121726036071777e-01
7.612402350000000428e-01 2.637121677398681641e-01
7.640786459999999725e-01 3.173055350780487061e-01
7.669171139999999554e-01 5.078318715095520020e-01
7.697556380000000198e-01 6.215658187866210938e-01
7.725942180000000548e-01 6.391474008560180664e-01
7.754328539999999492e-01 6.411729454994201660e-01
7.782715470000000080e-01 6.407598257064819336e-01
7.811102960000000373e-01 6.425382494926452637e-01
7.839491010000000371e-01 6.398003697395324707e-01
7.867879620000000074e-01 6.408855319023132324e-01
7.896268800000000310e-01 6.141607165336608887e-01
7.924658540000000251e-01 6.102709770202636719e-01
7.953048839999999897e-01 6.202257871627807617e-01
7.981439700000000359e-01 6.262692809104919434e-01
8.009831130000000243e-01 6.274156570434570312e-01
8.038223119999999833e-01 6.244944930076599121e-01
8.066615670000000238e-01 6.335225105285644531e-01
8.095008780000000348e-01 6.077746152877807617e-01
8.123402459999999881e-01 5.437746644020080566e-01
8.151796700000000229e-01 4.510214328765869141e-01
8.180191500000000282e-01 4.273594617843627930e-01
8.208586860000000041e-01 4.479782879352569580e-01
8.236982790000000332e-01 4.126557409763336182e-01
8.265379269999999501e-01 4.235603213310241699e-01
8.293776320000000313e-01 3.782439231872558594e-01
8.322173940000000547e-01 3.653543293476104736e-01
8.350572109999999659e-01 3.712012469768524170e-01
8.378970850000000414e-01 3.802523612976074219e-01
8.407370149999999764e-01 3.833428025245666504e-01
8.435770009999999930e-01 3.813578486442565918e-01
8.464170429999999801e-01 3.777133524417877197e-01
8.492571420000000204e-01 3.501766920089721680e-01
8.520972970000000313e-01 3.458127975463867188e-01
8.549375080000000127e-01 3.186280429363250732e-01
8.577777749999999646e-01 3.430325090885162354e-01
8.606180989999999698e-01 3.322357833385467529e-01
8.634584789999999455e-01 3.306256830692291260e-01
8.662989150000000027e-01 3.047043383121490479e-01
8.691394070000000305e-01 3.046884834766387939e-01
8.719799560000000005e-01 3.102585673332214355e-01
8.748205610000000521e-01 3.012048006057739258e-01
8.776612219999999631e-01 2.924388349056243896e-01
8.805019389999999557e-01 2.857210040092468262e-01
8.833427130000000016e-01 2.798398435115814209e-01
8.861835430000000180e-01 2.677019536495208740e-01
8.890244290000000049e-01 2.636477053165435791e-01
8.918653709999999624e-01 2.495060116052627563e-01
8.947063699999999731e-01 2.132158428430557251e-01
8.975474239999999826e-01 1.685146391391754150e-01
9.003885350000000454e-01 1.512117385864257812e-01
9.032297030000000504e-01 1.732043921947479248e-01
9.060709260000000542e-01 1.739645153284072876e-01
9.089122060000000003e-01 1.459971368312835693e-01
9.117535420000000279e-01 1.420011520385742188e-01
9.145949340000000261e-01 1.318841874599456787e-01
9.174363819999999947e-01 1.308613568544387817e-01
9.202778870000000166e-01 1.527770310640335083e-01
9.231194480000000091e-01 1.435507237911224365e-01
9.259610649999999721e-01 1.317897289991378784e-01
9.288027380000000166e-01 9.416067600250244141e-02
9.316444680000000034e-01 5.130790546536445618e-02
9.344862539999999607e-01 2.997947670519351959e-02
9.373280959999999995e-01 3.529598191380500793e-02
9.401699940000000089e-01 5.215328186750411987e-02
9.430119489999999605e-01 4.241141676902770996e-02
9.458539599999999936e-01 3.835041821002960205e-02
9.486960269999999973e-01 4.210539162158966064e-02
9.515381499999999715e-01 4.433842003345489502e-02
9.543803299999999989e-01 4.157312214374542236e-02
9.572225659999999969e-01 4.907861351966857910e-02
9.600648579999999654e-01 4.853841289877891541e-02
9.629072060000000155e-01 5.636953189969062805e-02
9.657496110000000078e-01 6.442912667989730835e-02
9.685920709999999989e-01 8.522903174161911011e-02
9.714345880000000433e-01 9.046092629432678223e-02
9.742771620000000299e-01 7.695124298334121704e-02
9.771197910000000153e-01 7.508577406406402588e-02
9.799624770000000540e-01 8.792428672313690186e-02
9.828052189999999522e-01 9.075590968132019043e-02
9.856480170000000429e-01 1.034079045057296753e-01
9.884908709999999932e-01 1.014671400189399719e-01
9.913337819999999967e-01 1.079032793641090393e-01
9.941767489999999707e-01 1.067785397171974182e-01
9.970197720000000263e-01 1.076587960124015808e-01
9.998628510000000524e-01 1.049265936017036438e-01
1.002705986999999910e+00 1.003029644489288330e-01
1.005549178999999960e+00 1.050035059452056885e-01
1.008392426999999980e+00 1.024667695164680481e-01
1.011235730999999971e+00 1.073437556624412537e-01
1.014079092000000015e+00 1.003306359052658081e-01
1.016922509000000030e+00 1.065423265099525452e-01
1.019765982000000015e+00 1.051921769976615906e-01
1.022609510999999971e+00 1.023227721452713013e-01
1.025453096999999980e+00 1.036811769008636475e-01
1.028296738999999960e+00 1.021661534905433655e-01
1.031140436999999910e+00 9.845216572284698486e-02
1.033984191000000052e+00 1.112780049443244934e-01
1.036828002000000026e+00 1.021967083215713501e-01
1.039671868000000110e+00 1.051185503602027893e-01
1.042515791000000025e+00 1.121430173516273499e-01
1.045359770999999993e+00 1.106616631150245667e-01
