3.615872339999999796e-01 1.282867312431335449e+00
3.644177160000000026e-01 1.451040029525756836e+00
3.672482539999999962e-01 1.525240182876586914e+00
3.700788480000000158e-01 1.567503571510314941e+00
3.729094980000000059e-01 1.386274337768554688e+00
3.757402049999999938e-01 1.497244238853454590e+00
3.785709680000000077e-01 1.642842292785644531e+00
3.814017869999999921e-01 1.435634493827819824e+00
3.842326620000000026e-01 1.294223666191101074e+00
3.870635940000000108e-01 1.409931302070617676e+00
3.898945819999999896e-01 1.596705675125122070e+00
3.927256259999999943e-01 1.421294808387756348e+00
3.955567260000000251e-01 1.446754932403564453e+00
3.983878829999999982e-01 1.836387276649475098e+00
4.012190950000000256e-01 2.246095657348632812e+00
4.040503639999999952e-01 2.260494232177734375e+00
4.068816900000000181e-01 2.222673177719116211e+00
4.097130709999999842e-01 2.274803400039672852e+00
4.125445090000000037e-01 2.361823797225952148e+00
4.153760029999999936e-01 2.341148853302001953e+00
4.182075530000000096e-01 2.324430704116821289e+00
4.210391589999999962e-01 2.350991249084472656e+00
4.238708219999999804e-01 2.295791387557983398e+00
4.267025409999999908e-01 2.223079204559326172e+00
4.295343160000000271e-01 2.042495489120483398e+00
4.323661469999999785e-01 2.167855739593505859e+00
4.351980349999999831e-01 2.373799562454223633e+00
4.380299790000000137e-01 2.420253038406372070e+00
4.408619790000000149e-01 2.469418525695800781e+00
4.436940349999999866e-01 2.643999338150024414e+00
4.465261480000000116e-01 2.662520885467529297e+00
4.493583170000000071e-01 2.803444147109985352e+00
4.521905419999999731e-01 2.832794904708862305e+00
4.550228230000000207e-01 2.803196430206298828e+00
4.578551610000000105e-01 2.866091251373291016e+00
4.606875550000000263e-01 2.879561424255371094e+00
4.635200050000000127e-01 2.917520999908447266e+00
4.663525110000000251e-01 2.850518703460693359e+00
4.691850739999999798e-01 2.859105587005615234e+00
4.720176919999999887e-01 2.893472433090209961e+00
4.748503669999999954e-01 2.941618204116821289e+00
4.776830989999999999e-01 2.960487842559814453e+00
4.805158860000000032e-01 3.026152372360229492e+00
4.833487300000000042e-01 3.005716562271118164e+00
4.861816299999999758e-01 2.760677337646484375e+00
4.890145859999999733e-01 2.895065069198608398e+00
4.918475979999999970e-01 2.971008062362670898e+00
4.946806670000000183e-01 3.027046918869018555e+00
4.975137920000000102e-01 3.041816711425781250e+00
5.003469729999999727e-01 2.965167999267578125e+00
5.031802100000000166e-01 2.953592777252197266e+00
5.060135040000000028e-01 3.043113231658935547e+00
5.088468539999999596e-01 3.063733339309692383e+00
5.116802599999999979e-01 3.087121248245239258e+00
5.145137220000000067e-01 3.039924860000610352e+00
5.173472409999999577e-01 2.871994495391845703e+00
5.201808159999999903e-01 2.999883413314819336e+00
5.230144469999999934e-01 3.128547906875610352e+00
5.258481339999999671e-01 3.146124362945556641e+00
5.286818779999999940e-01 3.189530134201049805e+00
5.315156779999999914e-01 3.289607286453247070e+00
5.343495339999999594e-01 3.286642313003540039e+00
5.371834460000000089e-01 3.325357675552368164e+00
5.400174150000000006e-01 3.265380620956420898e+00
5.428514389999999912e-01 3.292304039001464844e+00
5.456855200000000350e-01 3.347465515136718750e+00
5.485196580000000210e-01 3.360491514205932617e+00
5.513538510000000059e-01 3.395150423049926758e+00
5.541881010000000440e-01 3.417105913162231445e+00
5.570224070000000527e-01 3.387847185134887695e+00
5.598567690000000319e-01 3.346599340438842773e+00
5.626911869999999816e-01 3.403085470199584961e+00
5.655256619999999845e-01 3.388368606567382812e+00
5.683601929999999580e-01 3.354115247726440430e+00
5.711947800000000131e-01 3.324997186660766602e+00
5.740294230000000386e-01 3.376048326492309570e+00
5.768641230000000064e-01 3.345230579376220703e+00
5.796988789999999447e-01 3.352780342102050781e+00
5.825336909999999646e-01 3.425327539443969727e+00
5.853685589999999550e-01 3.395328998565673828e+00
5.882034839999999987e-01 3.171505689620971680e+00
5.910384650000000129e-01 3.044168472290039062e+00
5.938735019999999976e-01 3.090265035629272461e+00
5.967085949999999528e-01 3.091304779052734375e+00
5.995437449999999613e-01 3.054752111434936523e+00
6.023789510000000513e-01 3.019293546676635742e+00
6.052142130000000009e-01 3.041368722915649414e+00
6.080495310000000320e-01 2.992872714996337891e+00
6.108849060000000053e-01 2.904758453369140625e+00
6.137203359999999774e-01 2.820055246353149414e+00
6.165558230000000028e-01 2.798404455184936523e+00
6.193913669999999705e-01 2.868432760238647461e+00
6.222269660000000480e-01 2.854885816574096680e+00
6.250626219999999567e-01 2.779567956924438477e+00
6.278983339999999469e-01 2.723122119903564453e+00
6.307341020000000187e-01 2.700328826904296875e+00
6.335699259999999500e-01 2.726470947265625000e+00
6.364058070000000455e-01 2.770044326782226562e+00
6.392417440000000006e-01 2.772573947906494141e+00
6.420777370000000372e-01 2.742759704589843750e+00
6.449137860000000444e-01 2.702567100524902344e+00
6.477498919999999938e-01 2.572500228881835938e+00
6.505860540000000247e-01 2.566511154174804688e+00
6.534222720000000262e-01 2.565288543701171875e+00
6.562585459999999982e-01 2.367747306823730469e+00
6.590948770000000234e-01 2.464761734008789062e+00
6.619312640000000192e-01 2.526493787765502930e+00
6.647677069999999855e-01 2.512938499450683594e+00
6.676042060000000333e-01 2.488582372665405273e+00
6.704407620000000234e-01 2.463843345642089844e+00
6.732773739999999840e-01 2.435184955596923828e+00
6.761140420000000262e-01 2.423724651336669922e+00
6.789507660000000389e-01 2.417900800704956055e+00
6.817875469999999938e-01 2.389279842376708984e+00
6.846243829999999475e-01 2.296447515487670898e+00
6.874612759999999545e-01 1.930425405502319336e+00
6.902982260000000148e-01 1.957903265953063965e+00
6.931352309999999628e-01 2.003976106643676758e+00
6.959722929999999641e-01 2.020614862442016602e+00
6.988094110000000470e-01 2.005909442901611328e+00
7.016465849999999893e-01 1.895909905433654785e+00
7.044838150000000132e-01 1.895367741584777832e+00
7.073211019999999793e-01 1.862245798110961914e+00
7.101584450000000270e-01 1.807945728302001953e+00
7.129958440000000452e-01 1.701608777046203613e+00
7.158332990000000340e-01 1.446700453758239746e+00
7.186708109999999650e-01 1.048592925071716309e+00
7.215083789999999775e-01 1.083016157150268555e+00
7.243460029999999605e-01 9.991366267204284668e-01
7.271836830000000251e-01 9.095696806907653809e-01
7.300214200000000320e-01 8.530877828598022461e-01
7.328592130000000093e-01 8.681123852729797363e-01
7.356970619999999572e-01 8.668961524963378906e-01
7.385349669999999866e-01 8.437066078186035156e-01
7.413729289999999583e-01 8.505474925041198730e-01
7.442109470000000115e-01 8.626263141632080078e-01
7.470490210000000353e-01 8.634447455406188965e-01
7.498871510000000296e-01 8.504411578178405762e-01
7.527253379999999661e-01 8.418559432029724121e-01
7.555635800000000124e-01 8.359955549240112305e-01
7.584018790000000010e-01 6.842125654220581055e-01
7.612402350000000428e-01 3.165268003940582275e-01
7.640786459999999725e-01 3.878382146358489990e-01
7.669171139999999554e-01 6.252819299697875977e-01
7.697556380000000198e-01 7.623065114021301270e-01
7.725942180000000548e-01 7.989739179611206055e-01
7.754328539999999492e-01 7.977213859558105469e-01
7.782715470000000080e-01 8.001325130462646484e-01
7.811102960000000373e-01 8.032110929489135742e-01
7.839491010000000371e-01 8.037324547767639160e-01
7.867879620000000074e-01 7.896207571029663086e-01
7.896268800000000310e-01 7.723566889762878418e-01
7.924658540000000251e-01 7.680825591087341309e-01
7.953048839999999897e-01 7.787666916847229004e-01
7.981439700000000359e-01 7.882411479949951172e-01
8.009831130000000243e-01 7.780745625495910645e-01
8.038223119999999833e-01 7.817787528038024902e-01
8.066615670000000238e-01 7.970437407493591309e-01
8.095008780000000348e-01 7.678937315940856934e-01
8.123402459999999881e-01 6.847195029258728027e-01
8.151796700000000229e-01 5.622088909149169922e-01
8.180191500000000282e-01 5.302718877792358398e-01
8.208586860000000041e-01 5.655906796455383301e-01
8.236982790000000332e-01 5.218605995178222656e-01
8.265379269999999501e-01 5.376608371734619141e-01
8.293776320000000313e-01 4.846566021442413330e-01
8.322173940000000547e-01 4.612036049365997314e-01
8.350572109999999659e-01 4.685807228088378906e-01
8.378970850000000414e-01 4.823174774646759033e-01
8.407370149999999764e-01 4.845794737339019775e-01
8.435770009999999930e-01 4.782590568065643311e-01
8.464170429999999801e-01 4.754666388034820557e-01
8.492571420000000204e-01 4.547321200370788574e-01
8.520972970000000313e-01 4.352998137474060059e-01
8.549375080000000127e-01 4.108053147792816162e-01
8.577777749999999646e-01 4.398501813411712646e-01
8.606180989999999698e-01 4.313000440597534180e-01
8.634584789999999455e-01 4.265733957290649414e-01
8.662989150000000027e-01 3.843915760517120361e-01
8.691394070000000305e-01 3.935706317424774170e-01
8.719799560000000005e-01 3.944916129112243652e-01
8.748205610000000521e-01 3.842327594757080078e-01
8.776612219999999631e-01 3.760523200035095215e-01
8.805019389999999557e-01 3.625746071338653564e-01
8.833427130000000016e-01 3.569005131721496582e-01
8.861835430000000180e-01 3.415046632289886475e-01
8.890244290000000049e-01 3.347586095333099365e-01
8.918653709999999624e-01 3.200209140777587891e-01
8.947063699999999731e-01 2.681452631950378418e-01
8.975474239999999826e-01 2.119512408971786499e-01
9.003885350000000454e-01 1.893775165081024170e-01
9.032297030000000504e-01 2.209682464599609375e-01
9.060709260000000542e-01 2.148220092058181763e-01
9.089122060000000003e-01 1.746357083320617676e-01
9.117535420000000279e-01 1.754733771085739136e-01
9.145949340000000261e-01 1.632497161626815796e-01
9.174363819999999947e-01 1.642176806926727295e-01
9.202778870000000166e-01 1.919003129005432129e-01
9.231194480000000091e-01 1.790686994791030884e-01
9.259610649999999721e-01 1.624376624822616577e-01
9.288027380000000166e-01 1.154994890093803406e-01
9.316444680000000034e-01 6.540026515722274780e-02
9.344862539999999607e-01 3.736624494194984436e-02
9.373280959999999995e-01 4.157233238220214844e-02
9.401699940000000089e-01 6.383471935987472534e-02
9.430119489999999605e-01 5.323648080229759216e-02
9.458539599999999936e-01 4.531435295939445496e-02
9.486960269999999973e-01 4.987389966845512390e-02
9.515381499999999715e-01 5.201352387666702271e-02
9.543803299999999989e-01 5.331148579716682434e-02
9.572225659999999969e-01 5.904011055827140808e-02
9.600648579999999654e-01 6.214504688978195190e-02
9.629072060000000155e-01 7.055935263633728027e-02
9.657496110000000078e-01 7.785241305828094482e-02
9.685920709999999989e-01 1.000816524028778076e-01
9.714345880000000433e-01 1.054020076990127563e-01
9.742771620000000299e-01 9.737500548362731934e-02
9.771197910000000153e-01 9.347833693027496338e-02
9.799624770000000540e-01 1.027851253747940063e-01
9.828052189999999522e-01 1.167081296443939209e-01
9.856480170000000429e-01 1.247223690152168274e-01
9.884908709999999932e-01 1.262580901384353638e-01
9.913337819999999967e-01 1.291767656803131104e-01
9.941767489999999707e-01 1.317858397960662842e-01
9.970197720000000263e-01 1.299540102481842041e-01
9.998628510000000524e-01 1.308620423078536987e-01
1.002705986999999910e+00 1.268139332532882690e-01
1.005549178999999960e+00 1.283642202615737915e-01
1.008392426999999980e+00 1.251943111419677734e-01
1.011235730999999971e+00 1.285794973373413086e-01
1.014079092000000015e+00 1.273475289344787598e-01
1.016922509000000030e+00 1.309777200222015381e-01
1.019765982000000015e+00 1.320111900568008423e-01
1.022609510999999971e+00 1.312389075756072998e-01
1.025453096999999980e+00 1.306357234716415405e-01
1.028296738999999960e+00 1.378001272678375244e-01
1.031140436999999910e+00 1.322953104972839355e-01
1.033984191000000052e+00 1.376722753047943115e-01
1.036828002000000026e+00 1.377297937870025635e-01
1.039671868000000110e+00 1.439033001661300659e-01
1.042515791000000025e+00 1.437330096960067749e-01
1.045359770999999993e+00 1.411649435758590698e-01
