3.615872339999999796e-01 1.329040765762329102e+00
3.644177160000000026e-01 1.490253329277038574e+00
3.672482539999999962e-01 1.586996912956237793e+00
3.700788480000000158e-01 1.575035095214843750e+00
3.729094980000000059e-01 1.407296538352966309e+00
3.757402049999999938e-01 1.497681021690368652e+00
3.785709680000000077e-01 1.653980970382690430e+00
3.814017869999999921e-01 1.419038295745849609e+00
3.842326620000000026e-01 1.316242575645446777e+00
3.870635940000000108e-01 1.434946179389953613e+00
3.898945819999999896e-01 1.594880580902099609e+00
3.927256259999999943e-01 1.418365359306335449e+00
3.955567260000000251e-01 1.450659036636352539e+00
3.983878829999999982e-01 1.842478513717651367e+00
4.012190950000000256e-01 2.291148900985717773e+00
4.040503639999999952e-01 2.286952257156372070e+00
4.068816900000000181e-01 2.235230684280395508e+00
4.097130709999999842e-01 2.270310878753662109e+00
4.125445090000000037e-01 2.352465152740478516e+00
4.153760029999999936e-01 2.373395919799804688e+00
4.182075530000000096e-01 2.324908256530761719e+00
4.210391589999999962e-01 2.346538305282592773e+00
4.238708219999999804e-01 2.330818653106689453e+00
4.267025409999999908e-01 2.252844572067260742e+00
4.295343160000000271e-01 2.055122852325439453e+00
4.323661469999999785e-01 2.173840284347534180e+00
4.351980349999999831e-01 2.373947143554687500e+00
4.380299790000000137e-01 2.418016672134399414e+00
4.408619790000000149e-01 2.500607728958129883e+00
4.436940349999999866e-01 2.641383647918701172e+00
4.465261480000000116e-01 2.670637130737304688e+00
4.493583170000000071e-01 2.822943210601806641e+00
4.521905419999999731e-01 2.830864667892456055e+00
4.550228230000000207e-01 2.816991090774536133e+00
4.578551610000000105e-01 2.883525848388671875e+00
4.606875550000000263e-01 2.900428771972656250e+00
4.635200050000000127e-01 2.929839372634887695e+00
4.663525110000000251e-01 2.871957540512084961e+00
4.691850739999999798e-01 2.875410079956054688e+00
4.720176919999999887e-01 2.907697439193725586e+00
4.748503669999999954e-01 2.948531150817871094e+00
4.776830989999999999e-01 2.987320899963378906e+00
4.805158860000000032e-01 3.055558919906616211e+00
4.833487300000000042e-01 3.023345232009887695e+00
4.861816299999999758e-01 2.786648511886596680e+00
4.890145859999999733e-01 2.904329299926757812e+00
4.918475979999999970e-01 2.971765041351318359e+00
4.946806670000000183e-01 3.042009115219116211e+00
4.975137920000000102e-01 3.059990644454956055e+00
5.003469729999999727e-01 2.995067358016967773e+00
5.031802100000000166e-01 2.973879337310791016e+00
5.060135040000000028e-01 3.064746618270874023e+00
5.088468539999999596e-01 3.083692073822021484e+00
5.116802599999999979e-01 3.111563920974731445e+00
5.145137220000000067e-01 3.040700197219848633e+00
5.173472409999999577e-01 2.886972665786743164e+00
5.201808159999999903e-01 3.019432783126831055e+00
5.230144469999999934e-01 3.146496057510375977e+00
5.258481339999999671e-01 3.154776334762573242e+00
5.286818779999999940e-01 3.203608751296997070e+00
5.315156779999999914e-01 3.319811105728149414e+00
5.343495339999999594e-01 3.300850629806518555e+00
5.371834460000000089e-01 3.341461896896362305e+00
5.400174150000000006e-01 3.284818172454833984e+00
5.428514389999999912e-01 3.305170059204101562e+00
5.456855200000000350e-01 3.381025314331054688e+00
5.485196580000000210e-01 3.390899896621704102e+00
5.513538510000000059e-01 3.419753789901733398e+00
5.541881010000000440e-01 3.448604822158813477e+00
5.570224070000000527e-01 3.414471864700317383e+00
5.598567690000000319e-01 3.368549346923828125e+00
5.626911869999999816e-01 3.419166564941406250e+00
5.655256619999999845e-01 3.404869318008422852e+00
5.683601929999999580e-01 3.384074926376342773e+00
5.711947800000000131e-01 3.341239213943481445e+00
5.740294230000000386e-01 3.386512041091918945e+00
5.768641230000000064e-01 3.355795145034790039e+00
5.796988789999999447e-01 3.371053457260131836e+00
5.825336909999999646e-01 3.445909261703491211e+00
5.853685589999999550e-01 3.412358283996582031e+00
5.882034839999999987e-01 3.200496435165405273e+00
5.910384650000000129e-01 3.054096460342407227e+00
5.938735019999999976e-01 3.116010904312133789e+00
5.967085949999999528e-01 3.106923580169677734e+00
5.995437449999999613e-01 3.071465253829956055e+00
6.023789510000000513e-01 3.040895223617553711e+00
6.052142130000000009e-01 3.055943489074707031e+00
6.080495310000000320e-01 3.009067535400390625e+00
6.108849060000000053e-01 2.906786680221557617e+00
6.137203359999999774e-01 2.836383342742919922e+00
6.165558230000000028e-01 2.811867237091064453e+00
6.193913669999999705e-01 2.886228561401367188e+00
6.222269660000000480e-01 2.868314981460571289e+00
6.250626219999999567e-01 2.796051263809204102e+00
6.278983339999999469e-01 2.726640939712524414e+00
6.307341020000000187e-01 2.713768243789672852e+00
6.335699259999999500e-01 2.751976490020751953e+00
6.364058070000000455e-01 2.777045965194702148e+00
6.392417440000000006e-01 2.779355049133300781e+00
6.420777370000000372e-01 2.755895137786865234e+00
6.449137860000000444e-01 2.713089704513549805e+00
6.477498919999999938e-01 2.588146448135375977e+00
6.505860540000000247e-01 2.579829931259155273e+00
6.534222720000000262e-01 2.574230194091796875e+00
6.562585459999999982e-01 2.364435434341430664e+00
6.590948770000000234e-01 2.485050678253173828e+00
6.619312640000000192e-01 2.551239967346191406e+00
6.647677069999999855e-01 2.527398586273193359e+00
6.676042060000000333e-01 2.508424282073974609e+00
6.704407620000000234e-01 2.473101615905761719e+00
6.732773739999999840e-01 2.460678577423095703e+00
6.761140420000000262e-01 2.443634033203125000e+00
6.789507660000000389e-01 2.428645610809326172e+00
6.817875469999999938e-01 2.400123596191406250e+00
6.846243829999999475e-01 2.317137479782104492e+00
6.874612759999999545e-01 1.946024894714355469e+00
6.902982260000000148e-01 1.966640710830688477e+00
6.931352309999999628e-01 2.011094331741333008e+00
6.959722929999999641e-01 2.028589487075805664e+00
6.988094110000000470e-01 2.014793634414672852e+00
7.016465849999999893e-01 1.900135159492492676e+00
7.044838150000000132e-01 1.906607031822204590e+00
7.073211019999999793e-01 1.872419238090515137e+00
7.101584450000000270e-01 1.815554141998291016e+00
7.129958440000000452e-01 1.704475402832031250e+00
7.158332990000000340e-01 1.452803730964660645e+00
7.186708109999999650e-01 1.059134244918823242e+00
7.215083789999999775e-01 1.088363647460937500e+00
7.243460029999999605e-01 1.004777550697326660e+00
7.271836830000000251e-01 9.067118167877197266e-01
7.300214200000000320e-01 8.584180474281311035e-01
7.328592130000000093e-01 8.758312463760375977e-01
7.356970619999999572e-01 8.687026500701904297e-01
7.385349669999999866e-01 8.531759977340698242e-01
7.413729289999999583e-01 8.525086045265197754e-01
7.442109470000000115e-01 8.677175641059875488e-01
7.470490210000000353e-01 8.644027113914489746e-01
7.498871510000000296e-01 8.534818887710571289e-01
7.527253379999999661e-01 8.434582948684692383e-01
7.555635800000000124e-01 8.361610770225524902e-01
7.584018790000000010e-01 6.869399547576904297e-01
7.612402350000000428e-01 3.244797289371490479e-01
7.640786459999999725e-01 3.951539397239685059e-01
7.669171139999999554e-01 6.306046843528747559e-01
7.697556380000000198e-01 7.693735361099243164e-01
7.725942180000000548e-01 8.010148406028747559e-01
7.754328539999999492e-01 8.043267726898193359e-01
7.782715470000000080e-01 8.059464097023010254e-01
7.811102960000000373e-01 8.061921596527099609e-01
7.839491010000000371e-01 8.052595853805541992e-01
7.867879620000000074e-01 7.927355170249938965e-01
7.896268800000000310e-01 7.724261879920959473e-01
7.924658540000000251e-01 7.770071625709533691e-01
7.953048839999999897e-01 7.829202413558959961e-01
7.981439700000000359e-01 7.914275527000427246e-01
8.009831130000000243e-01 7.831312417984008789e-01
8.038223119999999833e-01 7.875522971153259277e-01
8.066615670000000238e-01 8.033812046051025391e-01
8.095008780000000348e-01 7.689729332923889160e-01
8.123402459999999881e-01 6.844519972801208496e-01
8.151796700000000229e-01 5.593172907829284668e-01
8.180191500000000282e-01 5.325859785079956055e-01
8.208586860000000041e-01 5.661044716835021973e-01
8.236982790000000332e-01 5.195357203483581543e-01
8.265379269999999501e-01 5.450892448425292969e-01
8.293776320000000313e-01 4.771235883235931396e-01
8.322173940000000547e-01 4.668182134628295898e-01
8.350572109999999659e-01 4.789785742759704590e-01
8.378970850000000414e-01 4.881476163864135742e-01
8.407370149999999764e-01 4.823671877384185791e-01
8.435770009999999930e-01 4.827027618885040283e-01
8.464170429999999801e-01 4.783860445022583008e-01
8.492571420000000204e-01 4.576659202575683594e-01
8.520972970000000313e-01 4.386126697063446045e-01
8.549375080000000127e-01 4.112855195999145508e-01
8.577777749999999646e-01 4.393970072269439697e-01
8.606180989999999698e-01 4.321851134300231934e-01
8.634584789999999455e-01 4.228518009185791016e-01
8.662989150000000027e-01 3.857940435409545898e-01
8.691394070000000305e-01 4.017928540706634521e-01
8.719799560000000005e-01 3.977885246276855469e-01
8.748205610000000521e-01 3.849582672119140625e-01
8.776612219999999631e-01 3.770572543144226074e-01
8.805019389999999557e-01 3.607847392559051514e-01
8.833427130000000016e-01 3.551583886146545410e-01
8.861835430000000180e-01 3.448296785354614258e-01
8.890244290000000049e-01 3.428973555564880371e-01
8.918653709999999624e-01 3.200934827327728271e-01
8.947063699999999731e-01 2.706518173217773438e-01
8.975474239999999826e-01 2.178919017314910889e-01
9.003885350000000454e-01 1.944017112255096436e-01
9.032297030000000504e-01 2.257723659276962280e-01
9.060709260000000542e-01 2.191939204931259155e-01
9.089122060000000003e-01 1.810407191514968872e-01
9.117535420000000279e-01 1.844346076250076294e-01
9.145949340000000261e-01 1.707715392112731934e-01
9.174363819999999947e-01 1.686489284038543701e-01
9.202778870000000166e-01 1.929129511117935181e-01
9.231194480000000091e-01 1.809944510459899902e-01
9.259610649999999721e-01 1.652947515249252319e-01
9.288027380000000166e-01 1.194750964641571045e-01
9.316444680000000034e-01 6.458418816328048706e-02
9.344862539999999607e-01 3.942696750164031982e-02
9.373280959999999995e-01 4.486545920372009277e-02
9.401699940000000089e-01 6.714943796396255493e-02
9.430119489999999605e-01 5.434422567486763000e-02
9.458539599999999936e-01 5.200624838471412659e-02
9.486960269999999973e-01 5.209091305732727051e-02
9.515381499999999715e-01 5.398226901888847351e-02
9.543803299999999989e-01 6.041995808482170105e-02
9.572225659999999969e-01 5.903777852654457092e-02
9.600648579999999654e-01 6.227554008364677429e-02
9.629072060000000155e-01 6.900177150964736938e-02
9.657496110000000078e-01 8.158125728368759155e-02
9.685920709999999989e-01 1.064286306500434875e-01
9.714345880000000433e-01 1.111380234360694885e-01
9.742771620000000299e-01 9.958788007497787476e-02
9.771197910000000153e-01 9.833355247974395752e-02
9.799624770000000540e-01 1.096730902791023254e-01
9.828052189999999522e-01 1.194844618439674377e-01
9.856480170000000429e-01 1.276779621839523315e-01
9.884908709999999932e-01 1.308742761611938477e-01
9.913337819999999967e-01 1.376799345016479492e-01
9.941767489999999707e-01 1.326537281274795532e-01
9.970197720000000263e-01 1.365203559398651123e-01
9.998628510000000524e-01 1.297945380210876465e-01
1.002705986999999910e+00 1.289550960063934326e-01
1.005549178999999960e+00 1.350767314434051514e-01
1.008392426999999980e+00 1.381995379924774170e-01
1.011235730999999971e+00 1.373845040798187256e-01
1.014079092000000015e+00 1.369549930095672607e-01
1.016922509000000030e+00 1.289693415164947510e-01
1.019765982000000015e+00 1.401220858097076416e-01
1.022609510999999971e+00 1.346744894981384277e-01
1.025453096999999980e+00 1.345317959785461426e-01
1.028296738999999960e+00 1.433704346418380737e-01
1.031140436999999910e+00 1.422994285821914673e-01
1.033984191000000052e+00 1.484119296073913574e-01
1.036828002000000026e+00 1.453991979360580444e-01
1.039671868000000110e+00 1.427711248397827148e-01
1.042515791000000025e+00 1.461547464132308960e-01
1.045359770999999993e+00 1.487805098295211792e-01
