3.615872339999999796e-01 1.309787154197692871e+00
3.644177160000000026e-01 1.435937285423278809e+00
3.672482539999999962e-01 1.577753186225891113e+00
3.700788480000000158e-01 1.585456371307373047e+00
3.729094980000000059e-01 1.426905512809753418e+00
3.757402049999999938e-01 1.495472550392150879e+00
3.785709680000000077e-01 1.666223168373107910e+00
3.814017869999999921e-01 1.443238258361816406e+00
3.842326620000000026e-01 1.331801295280456543e+00
3.870635940000000108e-01 1.448700785636901855e+00
3.898945819999999896e-01 1.619054675102233887e+00
3.927256259999999943e-01 1.437950611114501953e+00
3.955567260000000251e-01 1.462816357612609863e+00
3.983878829999999982e-01 1.868884682655334473e+00
4.012190950000000256e-01 2.308866977691650391e+00
4.040503639999999952e-01 2.311377048492431641e+00
4.068816900000000181e-01 2.261659145355224609e+00
4.097130709999999842e-01 2.305806159973144531e+00
4.125445090000000037e-01 2.411195039749145508e+00
4.153760029999999936e-01 2.411756277084350586e+00
4.182075530000000096e-01 2.365720510482788086e+00
4.210391589999999962e-01 2.374875068664550781e+00
4.238708219999999804e-01 2.342392921447753906e+00
4.267025409999999908e-01 2.284363746643066406e+00
4.295343160000000271e-01 2.080100297927856445e+00
4.323661469999999785e-01 2.225121021270751953e+00
4.351980349999999831e-01 2.435480356216430664e+00
4.380299790000000137e-01 2.465605974197387695e+00
4.408619790000000149e-01 2.549324274063110352e+00
4.436940349999999866e-01 2.684402704238891602e+00
4.465261480000000116e-01 2.713137626647949219e+00
4.493583170000000071e-01 2.890791654586791992e+00
4.521905419999999731e-01 2.888808012008666992e+00
4.550228230000000207e-01 2.877861022949218750e+00
4.578551610000000105e-01 2.952466487884521484e+00
4.606875550000000263e-01 2.960875272750854492e+00
4.635200050000000127e-01 2.984847784042358398e+00
4.663525110000000251e-01 2.924521923065185547e+00
4.691850739999999798e-01 2.930948019027709961e+00
4.720176919999999887e-01 2.964267730712890625e+00
4.748503669999999954e-01 3.019253253936767578e+00
4.776830989999999999e-01 3.042770862579345703e+00
4.805158860000000032e-01 3.116057395935058594e+00
4.833487300000000042e-01 3.079818010330200195e+00
4.861816299999999758e-01 2.848590850830078125e+00
4.890145859999999733e-01 2.969206809997558594e+00
4.918475979999999970e-01 3.052376747131347656e+00
4.946806670000000183e-01 3.113860845565795898e+00
4.975137920000000102e-01 3.130388498306274414e+00
5.003469729999999727e-01 3.051229238510131836e+00
5.031802100000000166e-01 3.030905961990356445e+00
5.060135040000000028e-01 3.127101659774780273e+00
5.088468539999999596e-01 3.146843671798706055e+00
5.116802599999999979e-01 3.184510707855224609e+00
5.145137220000000067e-01 3.105667829513549805e+00
5.173472409999999577e-01 2.946021080017089844e+00
5.201808159999999903e-01 3.074557781219482422e+00
5.230144469999999934e-01 3.214995384216308594e+00
5.258481339999999671e-01 3.228603363037109375e+00
5.286818779999999940e-01 3.272527933120727539e+00
5.315156779999999914e-01 3.373718261718750000e+00
5.343495339999999594e-01 3.374433755874633789e+00
5.371834460000000089e-01 3.411900997161865234e+00
5.400174150000000006e-01 3.348379373550415039e+00
5.428514389999999912e-01 3.377470254898071289e+00
5.456855200000000350e-01 3.448345422744750977e+00
5.485196580000000210e-01 3.450116872787475586e+00
5.513538510000000059e-01 3.491888046264648438e+00
5.541881010000000440e-01 3.507839441299438477e+00
5.570224070000000527e-01 3.472811222076416016e+00
5.598567690000000319e-01 3.432887315750122070e+00
5.626911869999999816e-01 3.486631870269775391e+00
5.655256619999999845e-01 3.474726676940917969e+00
5.683601929999999580e-01 3.442515611648559570e+00
5.711947800000000131e-01 3.412780523300170898e+00
5.740294230000000386e-01 3.458389520645141602e+00
5.768641230000000064e-01 3.431982994079589844e+00
5.796988789999999447e-01 3.445185661315917969e+00
5.825336909999999646e-01 3.530616760253906250e+00
5.853685589999999550e-01 3.491243600845336914e+00
5.882034839999999987e-01 3.260685920715332031e+00
5.910384650000000129e-01 3.133627653121948242e+00
5.938735019999999976e-01 3.197784423828125000e+00
5.967085949999999528e-01 3.186571836471557617e+00
5.995437449999999613e-01 3.164543867111206055e+00
6.023789510000000513e-01 3.141789913177490234e+00
6.052142130000000009e-01 3.145599365234375000e+00
6.080495310000000320e-01 3.094473838806152344e+00
6.108849060000000053e-01 3.018163204193115234e+00
6.137203359999999774e-01 2.924088001251220703e+00
6.165558230000000028e-01 2.904384613037109375e+00
6.193913669999999705e-01 2.979017734527587891e+00
6.222269660000000480e-01 2.972888469696044922e+00
6.250626219999999567e-01 2.892252922058105469e+00
6.278983339999999469e-01 2.829900264739990234e+00
6.307341020000000187e-01 2.808436632156372070e+00
6.335699259999999500e-01 2.845597743988037109e+00
6.364058070000000455e-01 2.868831872940063477e+00
6.392417440000000006e-01 2.878496646881103516e+00
6.420777370000000372e-01 2.855276823043823242e+00
6.449137860000000444e-01 2.815855979919433594e+00
6.477498919999999938e-01 2.693472862243652344e+00
6.505860540000000247e-01 2.678442001342773438e+00
6.534222720000000262e-01 2.676974296569824219e+00
6.562585459999999982e-01 2.465286970138549805e+00
6.590948770000000234e-01 2.589794158935546875e+00
6.619312640000000192e-01 2.658343791961669922e+00
6.647677069999999855e-01 2.634857416152954102e+00
6.676042060000000333e-01 2.615490198135375977e+00
6.704407620000000234e-01 2.589123964309692383e+00
6.732773739999999840e-01 2.567954301834106445e+00
6.761140420000000262e-01 2.551958322525024414e+00
6.789507660000000389e-01 2.538369417190551758e+00
6.817875469999999938e-01 2.511915683746337891e+00
6.846243829999999475e-01 2.427939653396606445e+00
6.874612759999999545e-01 2.038130044937133789e+00
6.902982260000000148e-01 2.063170433044433594e+00
6.931352309999999628e-01 2.112251043319702148e+00
6.959722929999999641e-01 2.127892017364501953e+00
6.988094110000000470e-01 2.123049736022949219e+00
7.016465849999999893e-01 2.010118722915649414e+00
7.044838150000000132e-01 2.013052701950073242e+00
7.073211019999999793e-01 1.985043644905090332e+00
7.101584450000000270e-01 1.926225066184997559e+00
7.129958440000000452e-01 1.820765495300292969e+00
7.158332990000000340e-01 1.549007773399353027e+00
7.186708109999999650e-01 1.137884020805358887e+00
7.215083789999999775e-01 1.174187183380126953e+00
7.243460029999999605e-01 1.080817937850952148e+00
7.271836830000000251e-01 9.870365262031555176e-01
7.300214200000000320e-01 9.309105277061462402e-01
7.328592130000000093e-01 9.592127799987792969e-01
7.356970619999999572e-01 9.475406408309936523e-01
7.385349669999999866e-01 9.272617101669311523e-01
7.413729289999999583e-01 9.318659901618957520e-01
7.442109470000000115e-01 9.509817957878112793e-01
7.470490210000000353e-01 9.506723880767822266e-01
7.498871510000000296e-01 9.313526153564453125e-01
7.527253379999999661e-01 9.285653233528137207e-01
7.555635800000000124e-01 9.191286563873291016e-01
7.584018790000000010e-01 7.495893239974975586e-01
7.612402350000000428e-01 3.467299938201904297e-01
7.640786459999999725e-01 4.301190972328186035e-01
7.669171139999999554e-01 6.884365677833557129e-01
7.697556380000000198e-01 8.455735445022583008e-01
7.725942180000000548e-01 8.747193217277526855e-01
7.754328539999999492e-01 8.741723299026489258e-01
7.782715470000000080e-01 8.799371719360351562e-01
7.811102960000000373e-01 8.877305388450622559e-01
7.839491010000000371e-01 8.862808346748352051e-01
7.867879620000000074e-01 8.708736896514892578e-01
7.896268800000000310e-01 8.438954949378967285e-01
7.924658540000000251e-01 8.514515757560729980e-01
7.953048839999999897e-01 8.607877492904663086e-01
7.981439700000000359e-01 8.627176880836486816e-01
8.009831130000000243e-01 8.643720746040344238e-01
8.038223119999999833e-01 8.659418225288391113e-01
8.066615670000000238e-01 8.781695365905761719e-01
8.095008780000000348e-01 8.436244726181030273e-01
8.123402459999999881e-01 7.570015788078308105e-01
8.151796700000000229e-01 6.148577928543090820e-01
8.180191500000000282e-01 5.855211615562438965e-01
8.208586860000000041e-01 6.257351636886596680e-01
8.236982790000000332e-01 5.727065205574035645e-01
8.265379269999999501e-01 5.956223011016845703e-01
8.293776320000000313e-01 5.361905694007873535e-01
8.322173940000000547e-01 5.183356404304504395e-01
8.350572109999999659e-01 5.217349529266357422e-01
8.378970850000000414e-01 5.385527014732360840e-01
8.407370149999999764e-01 5.389227271080017090e-01
8.435770009999999930e-01 5.331024527549743652e-01
8.464170429999999801e-01 5.312243700027465820e-01
8.492571420000000204e-01 5.032666325569152832e-01
8.520972970000000313e-01 4.807847738265991211e-01
8.549375080000000127e-01 4.596779346466064453e-01
8.577777749999999646e-01 4.886356890201568604e-01
8.606180989999999698e-01 4.797865748405456543e-01
8.634584789999999455e-01 4.737411439418792725e-01
8.662989150000000027e-01 4.343026280403137207e-01
8.691394070000000305e-01 4.468185305595397949e-01
8.719799560000000005e-01 4.399509727954864502e-01
8.748205610000000521e-01 4.325759410858154297e-01
8.776612219999999631e-01 4.177477061748504639e-01
8.805019389999999557e-01 4.062171578407287598e-01
8.833427130000000016e-01 3.989882767200469971e-01
8.861835430000000180e-01 3.850697278976440430e-01
8.890244290000000049e-01 3.784393668174743652e-01
8.918653709999999624e-01 3.569007813930511475e-01
8.947063699999999731e-01 2.986566424369812012e-01
8.975474239999999826e-01 2.404271215200424194e-01
9.003885350000000454e-01 2.199768275022506714e-01
9.032297030000000504e-01 2.474626749753952026e-01
9.060709260000000542e-01 2.513824403285980225e-01
9.089122060000000003e-01 2.009071111679077148e-01
9.117535420000000279e-01 2.033591568470001221e-01
9.145949340000000261e-01 1.850085407495498657e-01
9.174363819999999947e-01 1.866361498832702637e-01
9.202778870000000166e-01 2.160089164972305298e-01
9.231194480000000091e-01 2.023205608129501343e-01
9.259610649999999721e-01 1.890174001455307007e-01
9.288027380000000166e-01 1.297438442707061768e-01
9.316444680000000034e-01 6.866376101970672607e-02
9.344862539999999607e-01 4.216645285487174988e-02
9.373280959999999995e-01 4.476560279726982117e-02
9.401699940000000089e-01 7.222294062376022339e-02
9.430119489999999605e-01 5.974125489592552185e-02
9.458539599999999936e-01 5.640539899468421936e-02
9.486960269999999973e-01 5.536605045199394226e-02
9.515381499999999715e-01 5.754534527659416199e-02
9.543803299999999989e-01 6.138444691896438599e-02
9.572225659999999969e-01 6.470951437950134277e-02
9.600648579999999654e-01 7.159168273210525513e-02
9.629072060000000155e-01 8.172936737537384033e-02
9.657496110000000078e-01 9.261970967054367065e-02
9.685920709999999989e-01 1.203093379735946655e-01
9.714345880000000433e-01 1.261929124593734741e-01
9.742771620000000299e-01 1.116083562374114990e-01
9.771197910000000153e-01 1.126947700977325439e-01
9.799624770000000540e-01 1.246260255575180054e-01
9.828052189999999522e-01 1.351154595613479614e-01
9.856480170000000429e-01 1.426239907741546631e-01
9.884908709999999932e-01 1.497363448143005371e-01
9.913337819999999967e-01 1.566353142261505127e-01
9.941767489999999707e-01 1.521485000848770142e-01
9.970197720000000263e-01 1.544776111841201782e-01
9.998628510000000524e-01 1.528354585170745850e-01
1.002705986999999910e+00 1.503640115261077881e-01
1.005549178999999960e+00 1.513046175241470337e-01
1.008392426999999980e+00 1.510000526905059814e-01
1.011235730999999971e+00 1.592245995998382568e-01
1.014079092000000015e+00 1.471782922744750977e-01
1.016922509000000030e+00 1.589909195899963379e-01
1.019765982000000015e+00 1.580465435981750488e-01
1.022609510999999971e+00 1.507650464773178101e-01
1.025453096999999980e+00 1.613119542598724365e-01
1.028296738999999960e+00 1.655529439449310303e-01
1.031140436999999910e+00 1.634701639413833618e-01
1.033984191000000052e+00 1.611630469560623169e-01
1.036828002000000026e+00 1.607069522142410278e-01
1.039671868000000110e+00 1.515745967626571655e-01
1.042515791000000025e+00 1.750786006450653076e-01
1.045359770999999993e+00 1.544555723667144775e-01
