3.615872339999999796e-01 1.275714993476867676e+00
3.644177160000000026e-01 1.478946208953857422e+00
3.672482539999999962e-01 1.565884828567504883e+00
3.700788480000000158e-01 1.572917580604553223e+00
3.729094980000000059e-01 1.411320924758911133e+00
3.757402049999999938e-01 1.533629298210144043e+00
3.785709680000000077e-01 1.654576420783996582e+00
3.814017869999999921e-01 1.430385589599609375e+00
3.842326620000000026e-01 1.313990712165832520e+00
3.870635940000000108e-01 1.459737777709960938e+00
3.898945819999999896e-01 1.608108758926391602e+00
3.927256259999999943e-01 1.422803401947021484e+00
3.955567260000000251e-01 1.465799808502197266e+00
3.983878829999999982e-01 1.860697388648986816e+00
4.012190950000000256e-01 2.291383504867553711e+00
4.040503639999999952e-01 2.296684026718139648e+00
4.068816900000000181e-01 2.237125158309936523e+00
4.097130709999999842e-01 2.279639482498168945e+00
4.125445090000000037e-01 2.393706321716308594e+00
4.153760029999999936e-01 2.383844852447509766e+00
4.182075530000000096e-01 2.354438781738281250e+00
4.210391589999999962e-01 2.345754861831665039e+00
4.238708219999999804e-01 2.306050539016723633e+00
4.267025409999999908e-01 2.257524013519287109e+00
4.295343160000000271e-01 2.060766458511352539e+00
4.323661469999999785e-01 2.207273960113525391e+00
4.351980349999999831e-01 2.405858993530273438e+00
4.380299790000000137e-01 2.421780109405517578e+00
4.408619790000000149e-01 2.521867990493774414e+00
4.436940349999999866e-01 2.653515815734863281e+00
4.465261480000000116e-01 2.679926156997680664e+00
4.493583170000000071e-01 2.842067718505859375e+00
4.521905419999999731e-01 2.844861507415771484e+00
4.550228230000000207e-01 2.838508367538452148e+00
4.578551610000000105e-01 2.881177663803100586e+00
4.606875550000000263e-01 2.915035486221313477e+00
4.635200050000000127e-01 2.944440841674804688e+00
4.663525110000000251e-01 2.879397392272949219e+00
4.691850739999999798e-01 2.886245012283325195e+00
4.720176919999999887e-01 2.899309873580932617e+00
4.748503669999999954e-01 2.957036018371582031e+00
4.776830989999999999e-01 3.002187728881835938e+00
4.805158860000000032e-01 3.065227985382080078e+00
4.833487300000000042e-01 3.025802135467529297e+00
4.861816299999999758e-01 2.801020383834838867e+00
4.890145859999999733e-01 2.905527591705322266e+00
4.918475979999999970e-01 2.992267370223999023e+00
4.946806670000000183e-01 3.056779384613037109e+00
4.975137920000000102e-01 3.064197063446044922e+00
5.003469729999999727e-01 2.990274906158447266e+00
5.031802100000000166e-01 2.973737955093383789e+00
5.060135040000000028e-01 3.069199800491333008e+00
5.088468539999999596e-01 3.092093467712402344e+00
5.116802599999999979e-01 3.122782468795776367e+00
5.145137220000000067e-01 3.045135259628295898e+00
5.173472409999999577e-01 2.888159513473510742e+00
5.201808159999999903e-01 3.024021625518798828e+00
5.230144469999999934e-01 3.153154850006103516e+00
5.258481339999999671e-01 3.165586233139038086e+00
5.286818779999999940e-01 3.200656652450561523e+00
5.315156779999999914e-01 3.302361965179443359e+00
5.343495339999999594e-01 3.295822620391845703e+00
5.371834460000000089e-01 3.337307453155517578e+00
5.400174150000000006e-01 3.292024850845336914e+00
5.428514389999999912e-01 3.316891908645629883e+00
5.456855200000000350e-01 3.363137483596801758e+00
5.485196580000000210e-01 3.378237009048461914e+00
5.513538510000000059e-01 3.409826755523681641e+00
5.541881010000000440e-01 3.440555572509765625e+00
5.570224070000000527e-01 3.399707078933715820e+00
5.598567690000000319e-01 3.356891393661499023e+00
5.626911869999999816e-01 3.414287090301513672e+00
5.655256619999999845e-01 3.405587673187255859e+00
5.683601929999999580e-01 3.370037317276000977e+00
5.711947800000000131e-01 3.334279537200927734e+00
5.740294230000000386e-01 3.385011196136474609e+00
5.768641230000000064e-01 3.350789785385131836e+00
5.796988789999999447e-01 3.367967367172241211e+00
5.825336909999999646e-01 3.447562694549560547e+00
5.853685589999999550e-01 3.408769369125366211e+00
5.882034839999999987e-01 3.175538778305053711e+00
5.910384650000000129e-01 3.037982463836669922e+00
5.938735019999999976e-01 3.095885038375854492e+00
5.967085949999999528e-01 3.079492807388305664e+00
5.995437449999999613e-01 3.042851448059082031e+00
6.023789510000000513e-01 3.006429910659790039e+00
6.052142130000000009e-01 3.018444538116455078e+00
6.080495310000000320e-01 2.959323644638061523e+00
6.108849060000000053e-01 2.864514112472534180e+00
6.137203359999999774e-01 2.782585859298706055e+00
6.165558230000000028e-01 2.763892650604248047e+00
6.193913669999999705e-01 2.836165904998779297e+00
6.222269660000000480e-01 2.820461511611938477e+00
6.250626219999999567e-01 2.750248432159423828e+00
6.278983339999999469e-01 2.684391021728515625e+00
6.307341020000000187e-01 2.672980070114135742e+00
6.335699259999999500e-01 2.703221797943115234e+00
6.364058070000000455e-01 2.718749284744262695e+00
6.392417440000000006e-01 2.724509477615356445e+00
6.420777370000000372e-01 2.702113628387451172e+00
6.449137860000000444e-01 2.666955471038818359e+00
6.477498919999999938e-01 2.541959524154663086e+00
6.505860540000000247e-01 2.524291038513183594e+00
6.534222720000000262e-01 2.520848274230957031e+00
6.562585459999999982e-01 2.317305803298950195e+00
6.590948770000000234e-01 2.427031993865966797e+00
6.619312640000000192e-01 2.482521772384643555e+00
6.647677069999999855e-01 2.463938236236572266e+00
6.676042060000000333e-01 2.441627979278564453e+00
6.704407620000000234e-01 2.413919925689697266e+00
6.732773739999999840e-01 2.397392988204956055e+00
6.761140420000000262e-01 2.375048637390136719e+00
6.789507660000000389e-01 2.361267328262329102e+00
6.817875469999999938e-01 2.338232994079589844e+00
6.846243829999999475e-01 2.251980066299438477e+00
6.874612759999999545e-01 1.884961485862731934e+00
6.902982260000000148e-01 1.919582009315490723e+00
6.931352309999999628e-01 1.949583053588867188e+00
6.959722929999999641e-01 1.961880445480346680e+00
6.988094110000000470e-01 1.944373250007629395e+00
7.016465849999999893e-01 1.836974740028381348e+00
7.044838150000000132e-01 1.831814408302307129e+00
7.073211019999999793e-01 1.802299857139587402e+00
7.101584450000000270e-01 1.732233643531799316e+00
7.129958440000000452e-01 1.629665851593017578e+00
7.158332990000000340e-01 1.378128647804260254e+00
7.186708109999999650e-01 1.003795623779296875e+00
7.215083789999999775e-01 1.023231506347656250e+00
7.243460029999999605e-01 9.446393251419067383e-01
7.271836830000000251e-01 8.449537754058837891e-01
7.300214200000000320e-01 7.945082187652587891e-01
7.328592130000000093e-01 8.148438930511474609e-01
7.356970619999999572e-01 8.000020384788513184e-01
7.385349669999999866e-01 7.802554965019226074e-01
7.413729289999999583e-01 7.786605954170227051e-01
7.442109470000000115e-01 7.856430411338806152e-01
7.470490210000000353e-01 7.910752296447753906e-01
7.498871510000000296e-01 7.726337909698486328e-01
7.527253379999999661e-01 7.668504714965820312e-01
7.555635800000000124e-01 7.593103647232055664e-01
7.584018790000000010e-01 6.180986762046813965e-01
7.612402350000000428e-01 2.915095686912536621e-01
7.640786459999999725e-01 3.515119254589080811e-01
7.669171139999999554e-01 5.730906724929809570e-01
7.697556380000000198e-01 6.965063810348510742e-01
7.725942180000000548e-01 7.149069309234619141e-01
7.754328539999999492e-01 7.190119624137878418e-01
7.782715470000000080e-01 7.268132567405700684e-01
7.811102960000000373e-01 7.301694750785827637e-01
7.839491010000000371e-01 7.208141684532165527e-01
7.867879620000000074e-01 7.124866247177124023e-01
7.896268800000000310e-01 6.971294879913330078e-01
7.924658540000000251e-01 7.024418115615844727e-01
7.953048839999999897e-01 7.000741958618164062e-01
7.981439700000000359e-01 7.113038301467895508e-01
8.009831130000000243e-01 7.060188055038452148e-01
8.038223119999999833e-01 7.075412869453430176e-01
8.066615670000000238e-01 7.293841242790222168e-01
8.095008780000000348e-01 6.948478817939758301e-01
8.123402459999999881e-01 6.158298254013061523e-01
8.151796700000000229e-01 5.091382861137390137e-01
8.180191500000000282e-01 4.772118926048278809e-01
8.208586860000000041e-01 5.130245685577392578e-01
8.236982790000000332e-01 4.664637148380279541e-01
8.265379269999999501e-01 4.875794649124145508e-01
8.293776320000000313e-01 4.341348111629486084e-01
8.322173940000000547e-01 4.130100905895233154e-01
8.350572109999999659e-01 4.229216277599334717e-01
8.378970850000000414e-01 4.301721453666687012e-01
8.407370149999999764e-01 4.370590448379516602e-01
8.435770009999999930e-01 4.265562295913696289e-01
8.464170429999999801e-01 4.252088367938995361e-01
8.492571420000000204e-01 4.064225256443023682e-01
8.520972970000000313e-01 3.853228092193603516e-01
8.549375080000000127e-01 3.664736151695251465e-01
8.577777749999999646e-01 3.907568156719207764e-01
8.606180989999999698e-01 3.801158666610717773e-01
8.634584789999999455e-01 3.743480145931243896e-01
8.662989150000000027e-01 3.444287180900573730e-01
8.691394070000000305e-01 3.546028733253479004e-01
8.719799560000000005e-01 3.517369627952575684e-01
8.748205610000000521e-01 3.399858474731445312e-01
8.776612219999999631e-01 3.317568898200988770e-01
8.805019389999999557e-01 3.202181458473205566e-01
8.833427130000000016e-01 3.187991082668304443e-01
8.861835430000000180e-01 3.015775680541992188e-01
8.890244290000000049e-01 2.962410748004913330e-01
8.918653709999999624e-01 2.799210548400878906e-01
8.947063699999999731e-01 2.343575805425643921e-01
8.975474239999999826e-01 1.885976046323776245e-01
9.003885350000000454e-01 1.705273240804672241e-01
9.032297030000000504e-01 1.977092623710632324e-01
9.060709260000000542e-01 1.971891075372695923e-01
9.089122060000000003e-01 1.617899090051651001e-01
9.117535420000000279e-01 1.615679711103439331e-01
9.145949340000000261e-01 1.429060548543930054e-01
9.174363819999999947e-01 1.475548744201660156e-01
9.202778870000000166e-01 1.696636825799942017e-01
9.231194480000000091e-01 1.605206280946731567e-01
9.259610649999999721e-01 1.440693438053131104e-01
9.288027380000000166e-01 1.007614061236381531e-01
9.316444680000000034e-01 5.407362058758735657e-02
9.344862539999999607e-01 2.995286695659160614e-02
9.373280959999999995e-01 3.436328843235969543e-02
9.401699940000000089e-01 5.371442437171936035e-02
9.430119489999999605e-01 4.799586907029151917e-02
9.458539599999999936e-01 3.963558375835418701e-02
9.486960269999999973e-01 4.393671825528144836e-02
9.515381499999999715e-01 4.769641906023025513e-02
9.543803299999999989e-01 4.858156293630599976e-02
9.572225659999999969e-01 4.999820515513420105e-02
9.600648579999999654e-01 5.237654969096183777e-02
9.629072060000000155e-01 6.344241648912429810e-02
9.657496110000000078e-01 6.972987204790115356e-02
9.685920709999999989e-01 9.524266421794891357e-02
9.714345880000000433e-01 9.374867379665374756e-02
9.742771620000000299e-01 8.621726185083389282e-02
9.771197910000000153e-01 9.132587164640426636e-02
9.799624770000000540e-01 9.288374334573745728e-02
9.828052189999999522e-01 1.056852936744689941e-01
9.856480170000000429e-01 1.117611303925514221e-01
9.884908709999999932e-01 1.173143461346626282e-01
9.913337819999999967e-01 1.177515685558319092e-01
9.941767489999999707e-01 1.187846288084983826e-01
9.970197720000000263e-01 1.183998957276344299e-01
9.998628510000000524e-01 1.183266863226890564e-01
1.002705986999999910e+00 1.164955869317054749e-01
1.005549178999999960e+00 1.164367571473121643e-01
1.008392426999999980e+00 1.239824518561363220e-01
1.011235730999999971e+00 1.168305203318595886e-01
1.014079092000000015e+00 1.186912506818771362e-01
1.016922509000000030e+00 1.192073151469230652e-01
1.019765982000000015e+00 1.228922680020332336e-01
1.022609510999999971e+00 1.163569614291191101e-01
1.025453096999999980e+00 1.127999424934387207e-01
1.028296738999999960e+00 1.176334992051124573e-01
1.031140436999999910e+00 1.151895225048065186e-01
1.033984191000000052e+00 1.196445524692535400e-01
1.036828002000000026e+00 1.151842623949050903e-01
1.039671868000000110e+00 1.096926480531692505e-01
1.042515791000000025e+00 1.324210166931152344e-01
1.045359770999999993e+00 1.226038560271263123e-01
