3.615872339999999796e-01 1.263135313987731934e+00
3.644177160000000026e-01 1.483251214027404785e+00
3.672482539999999962e-01 1.610509395599365234e+00
3.700788480000000158e-01 1.594748139381408691e+00
3.729094980000000059e-01 1.423855423927307129e+00
3.757402049999999938e-01 1.535869479179382324e+00
3.785709680000000077e-01 1.646694779396057129e+00
3.814017869999999921e-01 1.440793395042419434e+00
3.842326620000000026e-01 1.329393625259399414e+00
3.870635940000000108e-01 1.445162177085876465e+00
3.898945819999999896e-01 1.663871526718139648e+00
3.927256259999999943e-01 1.454280972480773926e+00
3.955567260000000251e-01 1.477036476135253906e+00
3.983878829999999982e-01 1.857105016708374023e+00
4.012190950000000256e-01 2.318194866180419922e+00
4.040503639999999952e-01 2.339484214782714844e+00
4.068816900000000181e-01 2.282516956329345703e+00
4.097130709999999842e-01 2.309348106384277344e+00
4.125445090000000037e-01 2.421224832534790039e+00
4.153760029999999936e-01 2.421595573425292969e+00
4.182075530000000096e-01 2.378386259078979492e+00
4.210391589999999962e-01 2.398627042770385742e+00
4.238708219999999804e-01 2.333912372589111328e+00
4.267025409999999908e-01 2.307960271835327148e+00
4.295343160000000271e-01 2.080058336257934570e+00
4.323661469999999785e-01 2.214616775512695312e+00
4.351980349999999831e-01 2.416807413101196289e+00
4.380299790000000137e-01 2.443249464035034180e+00
4.408619790000000149e-01 2.525362491607666016e+00
4.436940349999999866e-01 2.648861408233642578e+00
4.465261480000000116e-01 2.668297052383422852e+00
4.493583170000000071e-01 2.837136268615722656e+00
4.521905419999999731e-01 2.854652881622314453e+00
4.550228230000000207e-01 2.803857326507568359e+00
4.578551610000000105e-01 2.888256072998046875e+00
4.606875550000000263e-01 2.901079654693603516e+00
4.635200050000000127e-01 2.925163030624389648e+00
4.663525110000000251e-01 2.856479406356811523e+00
4.691850739999999798e-01 2.868901491165161133e+00
4.720176919999999887e-01 2.887986421585083008e+00
4.748503669999999954e-01 2.951733350753784180e+00
4.776830989999999999e-01 2.973577976226806641e+00
4.805158860000000032e-01 3.021795272827148438e+00
4.833487300000000042e-01 3.007888317108154297e+00
4.861816299999999758e-01 2.764764308929443359e+00
4.890145859999999733e-01 2.873825788497924805e+00
4.918475979999999970e-01 2.941720962524414062e+00
4.946806670000000183e-01 3.007879018783569336e+00
4.975137920000000102e-01 3.031064271926879883e+00
5.003469729999999727e-01 2.962157964706420898e+00
5.031802100000000166e-01 2.922403573989868164e+00
5.060135040000000028e-01 3.010767459869384766e+00
5.088468539999999596e-01 3.022746562957763672e+00
5.116802599999999979e-01 3.059112787246704102e+00
5.145137220000000067e-01 2.974357366561889648e+00
5.173472409999999577e-01 2.827467441558837891e+00
5.201808159999999903e-01 2.948611736297607422e+00
5.230144469999999934e-01 3.080121278762817383e+00
5.258481339999999671e-01 3.083356857299804688e+00
5.286818779999999940e-01 3.114926576614379883e+00
5.315156779999999914e-01 3.231567621231079102e+00
5.343495339999999594e-01 3.201607227325439453e+00
5.371834460000000089e-01 3.251772642135620117e+00
5.400174150000000006e-01 3.181097269058227539e+00
5.428514389999999912e-01 3.211716175079345703e+00
5.456855200000000350e-01 3.267291784286499023e+00
5.485196580000000210e-01 3.281594038009643555e+00
5.513538510000000059e-01 3.297346353530883789e+00
5.541881010000000440e-01 3.327700853347778320e+00
5.570224070000000527e-01 3.302490234375000000e+00
5.598567690000000319e-01 3.246738910675048828e+00
5.626911869999999816e-01 3.306699752807617188e+00
5.655256619999999845e-01 3.296355485916137695e+00
5.683601929999999580e-01 3.253420352935791016e+00
5.711947800000000131e-01 3.220098733901977539e+00
5.740294230000000386e-01 3.272191524505615234e+00
5.768641230000000064e-01 3.237757444381713867e+00
5.796988789999999447e-01 3.251008749008178711e+00
5.825336909999999646e-01 3.313371896743774414e+00
5.853685589999999550e-01 3.275164604187011719e+00
5.882034839999999987e-01 3.055801630020141602e+00
5.910384650000000129e-01 2.921330928802490234e+00
5.938735019999999976e-01 2.966886043548583984e+00
5.967085949999999528e-01 2.948810577392578125e+00
5.995437449999999613e-01 2.911120891571044922e+00
6.023789510000000513e-01 2.867007970809936523e+00
6.052142130000000009e-01 2.881484031677246094e+00
6.080495310000000320e-01 2.832988739013671875e+00
6.108849060000000053e-01 2.737111806869506836e+00
6.137203359999999774e-01 2.655896186828613281e+00
6.165558230000000028e-01 2.617246627807617188e+00
6.193913669999999705e-01 2.698693513870239258e+00
6.222269660000000480e-01 2.686189174652099609e+00
6.250626219999999567e-01 2.608621120452880859e+00
6.278983339999999469e-01 2.547651290893554688e+00
6.307341020000000187e-01 2.524703025817871094e+00
6.335699259999999500e-01 2.553542375564575195e+00
6.364058070000000455e-01 2.575572013854980469e+00
6.392417440000000006e-01 2.582844734191894531e+00
6.420777370000000372e-01 2.552442073822021484e+00
6.449137860000000444e-01 2.521953582763671875e+00
6.477498919999999938e-01 2.394340515136718750e+00
6.505860540000000247e-01 2.380150794982910156e+00
6.534222720000000262e-01 2.386169910430908203e+00
6.562585459999999982e-01 2.173598289489746094e+00
6.590948770000000234e-01 2.284072399139404297e+00
6.619312640000000192e-01 2.342453241348266602e+00
6.647677069999999855e-01 2.316086053848266602e+00
6.676042060000000333e-01 2.306277751922607422e+00
6.704407620000000234e-01 2.275837659835815430e+00
6.732773739999999840e-01 2.252742052078247070e+00
6.761140420000000262e-01 2.247522592544555664e+00
6.789507660000000389e-01 2.221859693527221680e+00
6.817875469999999938e-01 2.197072744369506836e+00
6.846243829999999475e-01 2.111351966857910156e+00
6.874612759999999545e-01 1.760394811630249023e+00
6.902982260000000148e-01 1.781642675399780273e+00
6.931352309999999628e-01 1.808386564254760742e+00
6.959722929999999641e-01 1.824110627174377441e+00
6.988094110000000470e-01 1.800179719924926758e+00
7.016465849999999893e-01 1.685104370117187500e+00
7.044838150000000132e-01 1.685183525085449219e+00
7.073211019999999793e-01 1.647494912147521973e+00
7.101584450000000270e-01 1.582877874374389648e+00
7.129958440000000452e-01 1.486647009849548340e+00
7.158332990000000340e-01 1.257450222969055176e+00
7.186708109999999650e-01 9.070637822151184082e-01
7.215083789999999775e-01 9.291717410087585449e-01
7.243460029999999605e-01 8.502331376075744629e-01
7.271836830000000251e-01 7.674881815910339355e-01
7.300214200000000320e-01 7.211965918540954590e-01
7.328592130000000093e-01 7.371518015861511230e-01
7.356970619999999572e-01 7.287052869796752930e-01
7.385349669999999866e-01 7.099241018295288086e-01
7.413729289999999583e-01 7.113734483718872070e-01
7.442109470000000115e-01 7.182358503341674805e-01
7.470490210000000353e-01 7.210265398025512695e-01
7.498871510000000296e-01 7.043970823287963867e-01
7.527253379999999661e-01 7.003569006919860840e-01
7.555635800000000124e-01 6.932927966117858887e-01
7.584018790000000010e-01 5.743591785430908203e-01
7.612402350000000428e-01 2.604842185974121094e-01
7.640786459999999725e-01 3.197383880615234375e-01
7.669171139999999554e-01 5.130195021629333496e-01
7.697556380000000198e-01 6.287367343902587891e-01
7.725942180000000548e-01 6.432679891586303711e-01
7.754328539999999492e-01 6.545864939689636230e-01
7.782715470000000080e-01 6.505547761917114258e-01
7.811102960000000373e-01 6.521748900413513184e-01
7.839491010000000371e-01 6.566374897956848145e-01
7.867879620000000074e-01 6.448035836219787598e-01
7.896268800000000310e-01 6.211140155792236328e-01
7.924658540000000251e-01 6.250305771827697754e-01
7.953048839999999897e-01 6.269875764846801758e-01
7.981439700000000359e-01 6.346445083618164062e-01
8.009831130000000243e-01 6.329504847526550293e-01
8.038223119999999833e-01 6.348133087158203125e-01
8.066615670000000238e-01 6.459918618202209473e-01
8.095008780000000348e-01 6.176672577857971191e-01
8.123402459999999881e-01 5.483815073966979980e-01
8.151796700000000229e-01 4.544896781444549561e-01
8.180191500000000282e-01 4.253933429718017578e-01
8.208586860000000041e-01 4.590317606925964355e-01
8.236982790000000332e-01 4.182157516479492188e-01
8.265379269999999501e-01 4.412226378917694092e-01
8.293776320000000313e-01 3.935627639293670654e-01
8.322173940000000547e-01 3.773820698261260986e-01
8.350572109999999659e-01 3.795210421085357666e-01
8.378970850000000414e-01 3.912061154842376709e-01
8.407370149999999764e-01 3.908422589302062988e-01
8.435770009999999930e-01 3.900591433048248291e-01
8.464170429999999801e-01 3.852947950363159180e-01
8.492571420000000204e-01 3.656233847141265869e-01
8.520972970000000313e-01 3.482595384120941162e-01
8.549375080000000127e-01 3.310596346855163574e-01
8.577777749999999646e-01 3.540569841861724854e-01
8.606180989999999698e-01 3.492521047592163086e-01
8.634584789999999455e-01 3.420896530151367188e-01
8.662989150000000027e-01 3.124828934669494629e-01
8.691394070000000305e-01 3.219797611236572266e-01
8.719799560000000005e-01 3.214655518531799316e-01
8.748205610000000521e-01 3.110025823116302490e-01
8.776612219999999631e-01 3.042862415313720703e-01
8.805019389999999557e-01 2.935599982738494873e-01
8.833427130000000016e-01 2.891036868095397949e-01
8.861835430000000180e-01 2.763761281967163086e-01
8.890244290000000049e-01 2.739616632461547852e-01
8.918653709999999624e-01 2.583122849464416504e-01
8.947063699999999731e-01 2.182943373918533325e-01
8.975474239999999826e-01 1.729080826044082642e-01
9.003885350000000454e-01 1.508355140686035156e-01
9.032297030000000504e-01 1.852374821901321411e-01
9.060709260000000542e-01 1.799524575471878052e-01
9.089122060000000003e-01 1.465364396572113037e-01
9.117535420000000279e-01 1.472755223512649536e-01
9.145949340000000261e-01 1.368809640407562256e-01
9.174363819999999947e-01 1.339238584041595459e-01
9.202778870000000166e-01 1.542214900255203247e-01
9.231194480000000091e-01 1.491107195615768433e-01
9.259610649999999721e-01 1.357192546129226685e-01
9.288027380000000166e-01 9.523543715476989746e-02
9.316444680000000034e-01 5.355184897780418396e-02
9.344862539999999607e-01 3.062641993165016174e-02
9.373280959999999995e-01 3.519331663846969604e-02
9.401699940000000089e-01 5.749176815152168274e-02
9.430119489999999605e-01 4.710496962070465088e-02
9.458539599999999936e-01 3.915361687541007996e-02
9.486960269999999973e-01 4.463873431086540222e-02
9.515381499999999715e-01 4.629507660865783691e-02
9.543803299999999989e-01 4.561142623424530029e-02
9.572225659999999969e-01 5.059053376317024231e-02
9.600648579999999654e-01 5.473163351416587830e-02
9.629072060000000155e-01 6.252367794513702393e-02
9.657496110000000078e-01 6.886793673038482666e-02
9.685920709999999989e-01 8.712285012006759644e-02
9.714345880000000433e-01 9.621704369783401489e-02
9.742771620000000299e-01 8.580801635980606079e-02
9.771197910000000153e-01 8.930532634258270264e-02
9.799624770000000540e-01 1.002469882369041443e-01
9.828052189999999522e-01 9.987825155258178711e-02
9.856480170000000429e-01 1.094813421368598938e-01
9.884908709999999932e-01 1.086030229926109314e-01
9.913337819999999967e-01 1.154518947005271912e-01
9.941767489999999707e-01 1.149599254131317139e-01
9.970197720000000263e-01 1.146243661642074585e-01
9.998628510000000524e-01 1.106246709823608398e-01
1.002705986999999910e+00 1.141198426485061646e-01
1.005549178999999960e+00 1.100352406501770020e-01
1.008392426999999980e+00 1.142647638916969299e-01
1.011235730999999971e+00 1.140685081481933594e-01
1.014079092000000015e+00 1.158083975315093994e-01
1.016922509000000030e+00 1.134517267346382141e-01
1.019765982000000015e+00 1.112871766090393066e-01
1.022609510999999971e+00 1.220500022172927856e-01
1.025453096999999980e+00 1.065917983651161194e-01
1.028296738999999960e+00 1.121995523571968079e-01
1.031140436999999910e+00 1.114293411374092102e-01
1.033984191000000052e+00 1.128517687320709229e-01
1.036828002000000026e+00 1.218187808990478516e-01
1.039671868000000110e+00 1.224312186241149902e-01
1.042515791000000025e+00 1.164841800928115845e-01
1.045359770999999993e+00 1.201982423663139343e-01
