3.615872339999999796e-01 1.303336858749389648e+00
3.644177160000000026e-01 1.477127075195312500e+00
3.672482539999999962e-01 1.590456962585449219e+00
3.700788480000000158e-01 1.612462878227233887e+00
3.729094980000000059e-01 1.447823405265808105e+00
3.757402049999999938e-01 1.508773326873779297e+00
3.785709680000000077e-01 1.651687622070312500e+00
3.814017869999999921e-01 1.414246916770935059e+00
3.842326620000000026e-01 1.288398146629333496e+00
3.870635940000000108e-01 1.447521448135375977e+00
3.898945819999999896e-01 1.621043086051940918e+00
3.927256259999999943e-01 1.428114175796508789e+00
3.955567260000000251e-01 1.467303752899169922e+00
3.983878829999999982e-01 1.833321213722229004e+00
4.012190950000000256e-01 2.243223428726196289e+00
4.040503639999999952e-01 2.253175973892211914e+00
4.068816900000000181e-01 2.218536376953125000e+00
4.097130709999999842e-01 2.298051118850708008e+00
4.125445090000000037e-01 2.360547542572021484e+00
4.153760029999999936e-01 2.353292942047119141e+00
4.182075530000000096e-01 2.325651645660400391e+00
4.210391589999999962e-01 2.354725599288940430e+00
4.238708219999999804e-01 2.283077239990234375e+00
4.267025409999999908e-01 2.243065118789672852e+00
4.295343160000000271e-01 2.042078018188476562e+00
4.323661469999999785e-01 2.196887016296386719e+00
4.351980349999999831e-01 2.372112274169921875e+00
4.380299790000000137e-01 2.398104190826416016e+00
4.408619790000000149e-01 2.489917993545532227e+00
4.436940349999999866e-01 2.622704744338989258e+00
4.465261480000000116e-01 2.646591424942016602e+00
4.493583170000000071e-01 2.802735805511474609e+00
4.521905419999999731e-01 2.805688858032226562e+00
4.550228230000000207e-01 2.792669057846069336e+00
4.578551610000000105e-01 2.853711128234863281e+00
4.606875550000000263e-01 2.863013267517089844e+00
4.635200050000000127e-01 2.901922225952148438e+00
4.663525110000000251e-01 2.839652776718139648e+00
4.691850739999999798e-01 2.840936183929443359e+00
4.720176919999999887e-01 2.878324270248413086e+00
4.748503669999999954e-01 2.924689292907714844e+00
4.776830989999999999e-01 2.948403596878051758e+00
4.805158860000000032e-01 3.015422344207763672e+00
4.833487300000000042e-01 2.982609272003173828e+00
4.861816299999999758e-01 2.755559921264648438e+00
4.890145859999999733e-01 2.867126941680908203e+00
4.918475979999999970e-01 2.956701040267944336e+00
4.946806670000000183e-01 3.011406898498535156e+00
4.975137920000000102e-01 3.007754325866699219e+00
5.003469729999999727e-01 2.941513538360595703e+00
5.031802100000000166e-01 2.931546449661254883e+00
5.060135040000000028e-01 3.025533914566040039e+00
5.088468539999999596e-01 3.044418334960937500e+00
5.116802599999999979e-01 3.070713281631469727e+00
5.145137220000000067e-01 3.001027822494506836e+00
5.173472409999999577e-01 2.847159862518310547e+00
5.201808159999999903e-01 2.986785650253295898e+00
5.230144469999999934e-01 3.110582113265991211e+00
5.258481339999999671e-01 3.113018989562988281e+00
5.286818779999999940e-01 3.151729583740234375e+00
5.315156779999999914e-01 3.259074211120605469e+00
5.343495339999999594e-01 3.245467424392700195e+00
5.371834460000000089e-01 3.288859367370605469e+00
5.400174150000000006e-01 3.242409229278564453e+00
5.428514389999999912e-01 3.255751371383666992e+00
5.456855200000000350e-01 3.325421571731567383e+00
5.485196580000000210e-01 3.325419664382934570e+00
5.513538510000000059e-01 3.356341838836669922e+00
5.541881010000000440e-01 3.384042024612426758e+00
5.570224070000000527e-01 3.349483489990234375e+00
5.598567690000000319e-01 3.310570240020751953e+00
5.626911869999999816e-01 3.359172821044921875e+00
5.655256619999999845e-01 3.352681636810302734e+00
5.683601929999999580e-01 3.314176321029663086e+00
5.711947800000000131e-01 3.272232055664062500e+00
5.740294230000000386e-01 3.339719295501708984e+00
5.768641230000000064e-01 3.291624069213867188e+00
5.796988789999999447e-01 3.306137323379516602e+00
5.825336909999999646e-01 3.386722564697265625e+00
5.853685589999999550e-01 3.342142581939697266e+00
5.882034839999999987e-01 3.119733810424804688e+00
5.910384650000000129e-01 2.979592800140380859e+00
5.938735019999999976e-01 3.031911849975585938e+00
5.967085949999999528e-01 3.013856887817382812e+00
5.995437449999999613e-01 2.964856147766113281e+00
6.023789510000000513e-01 2.932507514953613281e+00
6.052142130000000009e-01 2.942857027053833008e+00
6.080495310000000320e-01 2.898366928100585938e+00
6.108849060000000053e-01 2.766695022583007812e+00
6.137203359999999774e-01 2.720797777175903320e+00
6.165558230000000028e-01 2.698862791061401367e+00
6.193913669999999705e-01 2.762262821197509766e+00
6.222269660000000480e-01 2.751172780990600586e+00
6.250626219999999567e-01 2.673200607299804688e+00
6.278983339999999469e-01 2.602183580398559570e+00
6.307341020000000187e-01 2.588200092315673828e+00
6.335699259999999500e-01 2.613823413848876953e+00
6.364058070000000455e-01 2.641858577728271484e+00
6.392417440000000006e-01 2.637906312942504883e+00
6.420777370000000372e-01 2.621561527252197266e+00
6.449137860000000444e-01 2.577918529510498047e+00
6.477498919999999938e-01 2.456118345260620117e+00
6.505860540000000247e-01 2.438145399093627930e+00
6.534222720000000262e-01 2.429445505142211914e+00
6.562585459999999982e-01 2.230826377868652344e+00
6.590948770000000234e-01 2.338761329650878906e+00
6.619312640000000192e-01 2.389851331710815430e+00
6.647677069999999855e-01 2.367047071456909180e+00
6.676042060000000333e-01 2.335754394531250000e+00
6.704407620000000234e-01 2.310703754425048828e+00
6.732773739999999840e-01 2.295285463333129883e+00
6.761140420000000262e-01 2.278249502182006836e+00
6.789507660000000389e-01 2.255091905593872070e+00
6.817875469999999938e-01 2.230087041854858398e+00
6.846243829999999475e-01 2.155788421630859375e+00
6.874612759999999545e-01 1.811605930328369141e+00
6.902982260000000148e-01 1.836550474166870117e+00
6.931352309999999628e-01 1.860400915145874023e+00
6.959722929999999641e-01 1.881476402282714844e+00
6.988094110000000470e-01 1.857524752616882324e+00
7.016465849999999893e-01 1.754809141159057617e+00
7.044838150000000132e-01 1.745271563529968262e+00
7.073211019999999793e-01 1.704427242279052734e+00
7.101584450000000270e-01 1.637166500091552734e+00
7.129958440000000452e-01 1.535148620605468750e+00
7.158332990000000340e-01 1.301955819129943848e+00
7.186708109999999650e-01 9.403456449508666992e-01
7.215083789999999775e-01 9.657235145568847656e-01
7.243460029999999605e-01 8.768526315689086914e-01
7.271836830000000251e-01 7.952466607093811035e-01
7.300214200000000320e-01 7.402307987213134766e-01
7.328592130000000093e-01 7.600647211074829102e-01
7.356970619999999572e-01 7.572134137153625488e-01
7.385349669999999866e-01 7.259032726287841797e-01
7.413729289999999583e-01 7.302513122558593750e-01
7.442109470000000115e-01 7.381389141082763672e-01
7.470490210000000353e-01 7.435555458068847656e-01
7.498871510000000296e-01 7.244603037834167480e-01
7.527253379999999661e-01 7.176310420036315918e-01
7.555635800000000124e-01 7.085583209991455078e-01
7.584018790000000010e-01 5.793194174766540527e-01
7.612402350000000428e-01 2.757232785224914551e-01
7.640786459999999725e-01 3.301078081130981445e-01
7.669171139999999554e-01 5.304602384567260742e-01
7.697556380000000198e-01 6.519284844398498535e-01
7.725942180000000548e-01 6.737914681434631348e-01
7.754328539999999492e-01 6.769505143165588379e-01
7.782715470000000080e-01 6.722224950790405273e-01
7.811102960000000373e-01 6.838379502296447754e-01
7.839491010000000371e-01 6.713361144065856934e-01
7.867879620000000074e-01 6.666181683540344238e-01
7.896268800000000310e-01 6.405774354934692383e-01
7.924658540000000251e-01 6.469461917877197266e-01
7.953048839999999897e-01 6.539855003356933594e-01
7.981439700000000359e-01 6.597139835357666016e-01
8.009831130000000243e-01 6.551986336708068848e-01
8.038223119999999833e-01 6.597162485122680664e-01
8.066615670000000238e-01 6.757543087005615234e-01
8.095008780000000348e-01 6.469537615776062012e-01
8.123402459999999881e-01 5.739894509315490723e-01
8.151796700000000229e-01 4.716576933860778809e-01
8.180191500000000282e-01 4.471525549888610840e-01
8.208586860000000041e-01 4.774256050586700439e-01
8.236982790000000332e-01 4.395352303981781006e-01
8.265379269999999501e-01 4.531755745410919189e-01
8.293776320000000313e-01 4.019051790237426758e-01
8.322173940000000547e-01 3.834370672702789307e-01
8.350572109999999659e-01 3.936462700366973877e-01
8.378970850000000414e-01 3.969722688198089600e-01
8.407370149999999764e-01 4.072898924350738525e-01
8.435770009999999930e-01 3.994911909103393555e-01
8.464170429999999801e-01 3.963780403137207031e-01
8.492571420000000204e-01 3.721867203712463379e-01
8.520972970000000313e-01 3.626386821269989014e-01
8.549375080000000127e-01 3.424250483512878418e-01
8.577777749999999646e-01 3.635670244693756104e-01
8.606180989999999698e-01 3.610230684280395508e-01
8.634584789999999455e-01 3.544091582298278809e-01
8.662989150000000027e-01 3.236262798309326172e-01
8.691394070000000305e-01 3.323847949504852295e-01
8.719799560000000005e-01 3.256089687347412109e-01
8.748205610000000521e-01 3.187549114227294922e-01
8.776612219999999631e-01 3.142874836921691895e-01
8.805019389999999557e-01 3.020874857902526855e-01
8.833427130000000016e-01 2.930764853954315186e-01
8.861835430000000180e-01 2.827794253826141357e-01
8.890244290000000049e-01 2.830656766891479492e-01
8.918653709999999624e-01 2.648593187332153320e-01
8.947063699999999731e-01 2.272718548774719238e-01
8.975474239999999826e-01 1.788038611412048340e-01
9.003885350000000454e-01 1.612995266914367676e-01
9.032297030000000504e-01 1.858727335929870605e-01
9.060709260000000542e-01 1.828680932521820068e-01
9.089122060000000003e-01 1.481888443231582642e-01
9.117535420000000279e-01 1.526684314012527466e-01
9.145949340000000261e-01 1.344680637121200562e-01
9.174363819999999947e-01 1.421613842248916626e-01
9.202778870000000166e-01 1.611450463533401489e-01
9.231194480000000091e-01 1.493096351623535156e-01
9.259610649999999721e-01 1.382741183042526245e-01
9.288027380000000166e-01 9.875415265560150146e-02
9.316444680000000034e-01 5.195381119847297668e-02
9.344862539999999607e-01 2.978085540235042572e-02
9.373280959999999995e-01 3.218944370746612549e-02
9.401699940000000089e-01 4.934280365705490112e-02
9.430119489999999605e-01 4.685355722904205322e-02
9.458539599999999936e-01 4.028939455747604370e-02
9.486960269999999973e-01 4.358841478824615479e-02
9.515381499999999715e-01 4.436077922582626343e-02
9.543803299999999989e-01 4.603700712323188782e-02
9.572225659999999969e-01 4.875250160694122314e-02
9.600648579999999654e-01 5.160257220268249512e-02
9.629072060000000155e-01 6.183528900146484375e-02
9.657496110000000078e-01 6.891524791717529297e-02
9.685920709999999989e-01 8.632466942071914673e-02
9.714345880000000433e-01 9.744630753993988037e-02
9.742771620000000299e-01 7.956194877624511719e-02
9.771197910000000153e-01 9.018442779779434204e-02
9.799624770000000540e-01 9.041796624660491943e-02
9.828052189999999522e-01 1.060719639062881470e-01
9.856480170000000429e-01 1.088755130767822266e-01
9.884908709999999932e-01 1.132871955633163452e-01
9.913337819999999967e-01 1.122625395655632019e-01
9.941767489999999707e-01 1.163563206791877747e-01
9.970197720000000263e-01 1.133955121040344238e-01
9.998628510000000524e-01 1.129296869039535522e-01
1.002705986999999910e+00 1.129475161433219910e-01
1.005549178999999960e+00 1.149172112345695496e-01
1.008392426999999980e+00 1.132529973983764648e-01
1.011235730999999971e+00 1.098833903670310974e-01
1.014079092000000015e+00 1.111305058002471924e-01
1.016922509000000030e+00 1.129477098584175110e-01
1.019765982000000015e+00 1.143575459718704224e-01
1.022609510999999971e+00 1.144738644361495972e-01
1.025453096999999980e+00 1.167647019028663635e-01
1.028296738999999960e+00 1.124113500118255615e-01
1.031140436999999910e+00 1.101836264133453369e-01
1.033984191000000052e+00 1.072264388203620911e-01
1.036828002000000026e+00 1.222172752022743225e-01
1.039671868000000110e+00 1.191174238920211792e-01
1.042515791000000025e+00 1.172562688589096069e-01
1.045359770999999993e+00 1.133527308702468872e-01
