3.615872339999999796e-01 1.323120236396789551e+00
3.644177160000000026e-01 1.461357831954956055e+00
3.672482539999999962e-01 1.526198863983154297e+00
3.700788480000000158e-01 1.563330054283142090e+00
3.729094980000000059e-01 1.437461137771606445e+00
3.757402049999999938e-01 1.484852433204650879e+00
3.785709680000000077e-01 1.678884744644165039e+00
3.814017869999999921e-01 1.421946167945861816e+00
3.842326620000000026e-01 1.315511465072631836e+00
3.870635940000000108e-01 1.446573257446289062e+00
3.898945819999999896e-01 1.608580350875854492e+00
3.927256259999999943e-01 1.409538745880126953e+00
3.955567260000000251e-01 1.454707980155944824e+00
3.983878829999999982e-01 1.840876579284667969e+00
4.012190950000000256e-01 2.257204294204711914e+00
4.040503639999999952e-01 2.264600992202758789e+00
4.068816900000000181e-01 2.226865291595458984e+00
4.097130709999999842e-01 2.293484210968017578e+00
4.125445090000000037e-01 2.355537414550781250e+00
4.153760029999999936e-01 2.382600784301757812e+00
4.182075530000000096e-01 2.343891620635986328e+00
4.210391589999999962e-01 2.350269556045532227e+00
4.238708219999999804e-01 2.301036357879638672e+00
4.267025409999999908e-01 2.244681358337402344e+00
4.295343160000000271e-01 2.053175687789916992e+00
4.323661469999999785e-01 2.193866252899169922e+00
4.351980349999999831e-01 2.386077165603637695e+00
4.380299790000000137e-01 2.400508165359497070e+00
4.408619790000000149e-01 2.470110654830932617e+00
4.436940349999999866e-01 2.633493900299072266e+00
4.465261480000000116e-01 2.641248941421508789e+00
4.493583170000000071e-01 2.792692184448242188e+00
4.521905419999999731e-01 2.827862739562988281e+00
4.550228230000000207e-01 2.793506145477294922e+00
4.578551610000000105e-01 2.832917451858520508e+00
4.606875550000000263e-01 2.867341279983520508e+00
4.635200050000000127e-01 2.893473863601684570e+00
4.663525110000000251e-01 2.844815969467163086e+00
4.691850739999999798e-01 2.825646638870239258e+00
4.720176919999999887e-01 2.858769655227661133e+00
4.748503669999999954e-01 2.914968252182006836e+00
4.776830989999999999e-01 2.945023298263549805e+00
4.805158860000000032e-01 2.998594999313354492e+00
4.833487300000000042e-01 2.988085746765136719e+00
4.861816299999999758e-01 2.744069576263427734e+00
4.890145859999999733e-01 2.869674682617187500e+00
4.918475979999999970e-01 2.941061019897460938e+00
4.946806670000000183e-01 2.995680093765258789e+00
4.975137920000000102e-01 3.021070241928100586e+00
5.003469729999999727e-01 2.941499233245849609e+00
5.031802100000000166e-01 2.926564216613769531e+00
5.060135040000000028e-01 3.012849807739257812e+00
5.088468539999999596e-01 3.023849248886108398e+00
5.116802599999999979e-01 3.056970357894897461e+00
5.145137220000000067e-01 2.992953062057495117e+00
5.173472409999999577e-01 2.836200714111328125e+00
5.201808159999999903e-01 2.954723358154296875e+00
5.230144469999999934e-01 3.094057321548461914e+00
5.258481339999999671e-01 3.092945098876953125e+00
5.286818779999999940e-01 3.135337829589843750e+00
5.315156779999999914e-01 3.242285728454589844e+00
5.343495339999999594e-01 3.235166311264038086e+00
5.371834460000000089e-01 3.282915830612182617e+00
5.400174150000000006e-01 3.219781398773193359e+00
5.428514389999999912e-01 3.238054990768432617e+00
5.456855200000000350e-01 3.303345203399658203e+00
5.485196580000000210e-01 3.306501150131225586e+00
5.513538510000000059e-01 3.335133552551269531e+00
5.541881010000000440e-01 3.366838455200195312e+00
5.570224070000000527e-01 3.338338136672973633e+00
5.598567690000000319e-01 3.289821624755859375e+00
5.626911869999999816e-01 3.339306354522705078e+00
5.655256619999999845e-01 3.335314273834228516e+00
5.683601929999999580e-01 3.303249359130859375e+00
5.711947800000000131e-01 3.263301849365234375e+00
5.740294230000000386e-01 3.312270164489746094e+00
5.768641230000000064e-01 3.284315824508666992e+00
5.796988789999999447e-01 3.295557737350463867e+00
5.825336909999999646e-01 3.361442327499389648e+00
5.853685589999999550e-01 3.324570894241333008e+00
5.882034839999999987e-01 3.109229564666748047e+00
5.910384650000000129e-01 2.974568605422973633e+00
5.938735019999999976e-01 3.021794795989990234e+00
5.967085949999999528e-01 3.014576435089111328e+00
5.995437449999999613e-01 2.965865135192871094e+00
6.023789510000000513e-01 2.921396493911743164e+00
6.052142130000000009e-01 2.940737962722778320e+00
6.080495310000000320e-01 2.903274297714233398e+00
6.108849060000000053e-01 2.792798280715942383e+00
6.137203359999999774e-01 2.731797695159912109e+00
6.165558230000000028e-01 2.693788766860961914e+00
6.193913669999999705e-01 2.765064001083374023e+00
6.222269660000000480e-01 2.763167381286621094e+00
6.250626219999999567e-01 2.684619903564453125e+00
6.278983339999999469e-01 2.620680570602416992e+00
6.307341020000000187e-01 2.589663267135620117e+00
6.335699259999999500e-01 2.620670318603515625e+00
6.364058070000000455e-01 2.654533386230468750e+00
6.392417440000000006e-01 2.660873889923095703e+00
6.420777370000000372e-01 2.628144979476928711e+00
6.449137860000000444e-01 2.595212936401367188e+00
6.477498919999999938e-01 2.473959445953369141e+00
6.505860540000000247e-01 2.454568862915039062e+00
6.534222720000000262e-01 2.462403535842895508e+00
6.562585459999999982e-01 2.249831914901733398e+00
6.590948770000000234e-01 2.357371807098388672e+00
6.619312640000000192e-01 2.414717674255371094e+00
6.647677069999999855e-01 2.396677494049072266e+00
6.676042060000000333e-01 2.373627185821533203e+00
6.704407620000000234e-01 2.352709293365478516e+00
6.732773739999999840e-01 2.324085950851440430e+00
6.761140420000000262e-01 2.306456565856933594e+00
6.789507660000000389e-01 2.295825242996215820e+00
6.817875469999999938e-01 2.272697448730468750e+00
6.846243829999999475e-01 2.183020353317260742e+00
6.874612759999999545e-01 1.829095005989074707e+00
6.902982260000000148e-01 1.861291885375976562e+00
6.931352309999999628e-01 1.891548514366149902e+00
6.959722929999999641e-01 1.904565453529357910e+00
6.988094110000000470e-01 1.878280401229858398e+00
7.016465849999999893e-01 1.770675420761108398e+00
7.044838150000000132e-01 1.775485277175903320e+00
7.073211019999999793e-01 1.735888838768005371e+00
7.101584450000000270e-01 1.667639732360839844e+00
7.129958440000000452e-01 1.569758176803588867e+00
7.158332990000000340e-01 1.331122040748596191e+00
7.186708109999999650e-01 9.666355252265930176e-01
7.215083789999999775e-01 9.932427406311035156e-01
7.243460029999999605e-01 9.120730757713317871e-01
7.271836830000000251e-01 8.283509016036987305e-01
7.300214200000000320e-01 7.730772495269775391e-01
7.328592130000000093e-01 7.908450365066528320e-01
7.356970619999999572e-01 7.888964414596557617e-01
7.385349669999999866e-01 7.626727819442749023e-01
7.413729289999999583e-01 7.644174098968505859e-01
7.442109470000000115e-01 7.813763022422790527e-01
7.470490210000000353e-01 7.807982563972473145e-01
7.498871510000000296e-01 7.624357342720031738e-01
7.527253379999999661e-01 7.575115561485290527e-01
7.555635800000000124e-01 7.481739521026611328e-01
7.584018790000000010e-01 6.162583827972412109e-01
7.612402350000000428e-01 2.958070933818817139e-01
7.640786459999999725e-01 3.530571162700653076e-01
7.669171139999999554e-01 5.646715760231018066e-01
7.697556380000000198e-01 6.890272498130798340e-01
7.725942180000000548e-01 7.130040526390075684e-01
7.754328539999999492e-01 7.148649692535400391e-01
7.782715470000000080e-01 7.178111672401428223e-01
7.811102960000000373e-01 7.198450565338134766e-01
7.839491010000000371e-01 7.174353599548339844e-01
7.867879620000000074e-01 7.089975476264953613e-01
7.896268800000000310e-01 6.865470409393310547e-01
7.924658540000000251e-01 6.863784193992614746e-01
7.953048839999999897e-01 6.977775096893310547e-01
7.981439700000000359e-01 7.045786380767822266e-01
8.009831130000000243e-01 6.969472169876098633e-01
8.038223119999999833e-01 6.981552243232727051e-01
8.066615670000000238e-01 7.130460143089294434e-01
8.095008780000000348e-01 6.867387890815734863e-01
8.123402459999999881e-01 6.134710907936096191e-01
8.151796700000000229e-01 5.033357739448547363e-01
8.180191500000000282e-01 4.704199731349945068e-01
8.208586860000000041e-01 5.081040263175964355e-01
8.236982790000000332e-01 4.649291038513183594e-01
8.265379269999999501e-01 4.861847162246704102e-01
8.293776320000000313e-01 4.298034608364105225e-01
8.322173940000000547e-01 4.215772449970245361e-01
8.350572109999999659e-01 4.188920557498931885e-01
8.378970850000000414e-01 4.344428181648254395e-01
8.407370149999999764e-01 4.332011938095092773e-01
8.435770009999999930e-01 4.315776526927947998e-01
8.464170429999999801e-01 4.271180927753448486e-01
8.492571420000000204e-01 4.116203486919403076e-01
8.520972970000000313e-01 3.885210752487182617e-01
8.549375080000000127e-01 3.715845346450805664e-01
8.577777749999999646e-01 3.908935189247131348e-01
8.606180989999999698e-01 3.847456872463226318e-01
8.634584789999999455e-01 3.793917000293731689e-01
8.662989150000000027e-01 3.503278195858001709e-01
8.691394070000000305e-01 3.609459400177001953e-01
8.719799560000000005e-01 3.527878224849700928e-01
8.748205610000000521e-01 3.498634397983551025e-01
8.776612219999999631e-01 3.428597748279571533e-01
8.805019389999999557e-01 3.266797065734863281e-01
8.833427130000000016e-01 3.236258327960968018e-01
8.861835430000000180e-01 3.094458281993865967e-01
8.890244290000000049e-01 3.067980110645294189e-01
8.918653709999999624e-01 2.914136946201324463e-01
8.947063699999999731e-01 2.443088293075561523e-01
8.975474239999999826e-01 1.953374743461608887e-01
9.003885350000000454e-01 1.796148121356964111e-01
9.032297030000000504e-01 2.035836428403854370e-01
9.060709260000000542e-01 2.039511799812316895e-01
9.089122060000000003e-01 1.613709628582000732e-01
9.117535420000000279e-01 1.711633056402206421e-01
9.145949340000000261e-01 1.522524654865264893e-01
9.174363819999999947e-01 1.554615348577499390e-01
9.202778870000000166e-01 1.755489856004714966e-01
9.231194480000000091e-01 1.665238738059997559e-01
9.259610649999999721e-01 1.540390998125076294e-01
9.288027380000000166e-01 1.136846914887428284e-01
9.316444680000000034e-01 5.806288868188858032e-02
9.344862539999999607e-01 3.483280912041664124e-02
9.373280959999999995e-01 3.665745258331298828e-02
9.401699940000000089e-01 5.926781520247459412e-02
9.430119489999999605e-01 5.215723812580108643e-02
9.458539599999999936e-01 4.534971341490745544e-02
9.486960269999999973e-01 5.254260823130607605e-02
9.515381499999999715e-01 5.072034895420074463e-02
9.543803299999999989e-01 5.586510896682739258e-02
9.572225659999999969e-01 5.761507153511047363e-02
9.600648579999999654e-01 5.777326226234436035e-02
9.629072060000000155e-01 6.840454041957855225e-02
9.657496110000000078e-01 7.793615013360977173e-02
9.685920709999999989e-01 9.854809939861297607e-02
9.714345880000000433e-01 1.045524030923843384e-01
9.742771620000000299e-01 9.290410578250885010e-02
9.771197910000000153e-01 9.880053251981735229e-02
9.799624770000000540e-01 1.046097949147224426e-01
9.828052189999999522e-01 1.140962243080139160e-01
9.856480170000000429e-01 1.247744038701057434e-01
9.884908709999999932e-01 1.257370263338088989e-01
9.913337819999999967e-01 1.228706911206245422e-01
9.941767489999999707e-01 1.253193765878677368e-01
9.970197720000000263e-01 1.293318420648574829e-01
9.998628510000000524e-01 1.286542266607284546e-01
1.002705986999999910e+00 1.281279921531677246e-01
1.005549178999999960e+00 1.247406750917434692e-01
1.008392426999999980e+00 1.218338087201118469e-01
1.011235730999999971e+00 1.232774108648300171e-01
1.014079092000000015e+00 1.217775866389274597e-01
1.016922509000000030e+00 1.278989166021347046e-01
1.019765982000000015e+00 1.287189573049545288e-01
1.022609510999999971e+00 1.296927183866500854e-01
1.025453096999999980e+00 1.340769827365875244e-01
1.028296738999999960e+00 1.350543200969696045e-01
1.031140436999999910e+00 1.373595744371414185e-01
1.033984191000000052e+00 1.335881203413009644e-01
1.036828002000000026e+00 1.295913606882095337e-01
1.039671868000000110e+00 1.362804919481277466e-01
1.042515791000000025e+00 1.462258845567703247e-01
1.045359770999999993e+00 1.255105584859848022e-01
