3.615872339999999796e-01 1.285176873207092285e+00
3.644177160000000026e-01 1.483221411705017090e+00
3.672482539999999962e-01 1.586794972419738770e+00
3.700788480000000158e-01 1.570638656616210938e+00
3.729094980000000059e-01 1.409374475479125977e+00
3.757402049999999938e-01 1.482529997825622559e+00
3.785709680000000077e-01 1.646033525466918945e+00
3.814017869999999921e-01 1.429388880729675293e+00
3.842326620000000026e-01 1.280969858169555664e+00
3.870635940000000108e-01 1.430681943893432617e+00
3.898945819999999896e-01 1.597026824951171875e+00
3.927256259999999943e-01 1.436050534248352051e+00
3.955567260000000251e-01 1.457505822181701660e+00
3.983878829999999982e-01 1.838319897651672363e+00
4.012190950000000256e-01 2.292049407958984375e+00
4.040503639999999952e-01 2.284912109375000000e+00
4.068816900000000181e-01 2.223913192749023438e+00
4.097130709999999842e-01 2.267337083816528320e+00
4.125445090000000037e-01 2.374530792236328125e+00
4.153760029999999936e-01 2.376279592514038086e+00
4.182075530000000096e-01 2.314372301101684570e+00
4.210391589999999962e-01 2.352048635482788086e+00
4.238708219999999804e-01 2.286448478698730469e+00
4.267025409999999908e-01 2.240078926086425781e+00
4.295343160000000271e-01 2.040400505065917969e+00
4.323661469999999785e-01 2.146596431732177734e+00
4.351980349999999831e-01 2.362943172454833984e+00
4.380299790000000137e-01 2.397610425949096680e+00
4.408619790000000149e-01 2.461015462875366211e+00
4.436940349999999866e-01 2.609351396560668945e+00
4.465261480000000116e-01 2.626200437545776367e+00
4.493583170000000071e-01 2.774386167526245117e+00
4.521905419999999731e-01 2.790589809417724609e+00
4.550228230000000207e-01 2.765585660934448242e+00
4.578551610000000105e-01 2.817430973052978516e+00
4.606875550000000263e-01 2.848736286163330078e+00
4.635200050000000127e-01 2.891520261764526367e+00
4.663525110000000251e-01 2.801192998886108398e+00
4.691850739999999798e-01 2.814794301986694336e+00
4.720176919999999887e-01 2.858220100402832031e+00
4.748503669999999954e-01 2.885170459747314453e+00
4.776830989999999999e-01 2.915697813034057617e+00
4.805158860000000032e-01 2.980611801147460938e+00
4.833487300000000042e-01 2.954410552978515625e+00
4.861816299999999758e-01 2.728123426437377930e+00
4.890145859999999733e-01 2.816504478454589844e+00
4.918475979999999970e-01 2.908217191696166992e+00
4.946806670000000183e-01 2.965544223785400391e+00
4.975137920000000102e-01 2.976941347122192383e+00
5.003469729999999727e-01 2.901959657669067383e+00
5.031802100000000166e-01 2.878499507904052734e+00
5.060135040000000028e-01 2.964406967163085938e+00
5.088468539999999596e-01 2.982106924057006836e+00
5.116802599999999979e-01 3.006252050399780273e+00
5.145137220000000067e-01 2.942770719528198242e+00
5.173472409999999577e-01 2.787121772766113281e+00
5.201808159999999903e-01 2.915084600448608398e+00
5.230144469999999934e-01 3.043203592300415039e+00
5.258481339999999671e-01 3.051076650619506836e+00
5.286818779999999940e-01 3.079989433288574219e+00
5.315156779999999914e-01 3.181689977645874023e+00
5.343495339999999594e-01 3.182915925979614258e+00
5.371834460000000089e-01 3.216574192047119141e+00
5.400174150000000006e-01 3.156843900680541992e+00
5.428514389999999912e-01 3.173372745513916016e+00
5.456855200000000350e-01 3.232001304626464844e+00
5.485196580000000210e-01 3.242562055587768555e+00
5.513538510000000059e-01 3.273086786270141602e+00
5.541881010000000440e-01 3.302630424499511719e+00
5.570224070000000527e-01 3.274794340133666992e+00
5.598567690000000319e-01 3.215799570083618164e+00
5.626911869999999816e-01 3.266285181045532227e+00
5.655256619999999845e-01 3.259452819824218750e+00
5.683601929999999580e-01 3.226249933242797852e+00
5.711947800000000131e-01 3.204654455184936523e+00
5.740294230000000386e-01 3.232795000076293945e+00
5.768641230000000064e-01 3.209013462066650391e+00
5.796988789999999447e-01 3.231442213058471680e+00
5.825336909999999646e-01 3.291226863861083984e+00
5.853685589999999550e-01 3.255974292755126953e+00
5.882034839999999987e-01 3.035425901412963867e+00
5.910384650000000129e-01 2.903999328613281250e+00
5.938735019999999976e-01 2.959855079650878906e+00
5.967085949999999528e-01 2.946933507919311523e+00
5.995437449999999613e-01 2.908877849578857422e+00
6.023789510000000513e-01 2.875602960586547852e+00
6.052142130000000009e-01 2.887322664260864258e+00
6.080495310000000320e-01 2.840440034866333008e+00
6.108849060000000053e-01 2.734132766723632812e+00
6.137203359999999774e-01 2.669935703277587891e+00
6.165558230000000028e-01 2.647005796432495117e+00
6.193913669999999705e-01 2.718166828155517578e+00
6.222269660000000480e-01 2.706195354461669922e+00
6.250626219999999567e-01 2.625670671463012695e+00
6.278983339999999469e-01 2.572918891906738281e+00
6.307341020000000187e-01 2.542890310287475586e+00
6.335699259999999500e-01 2.575432777404785156e+00
6.364058070000000455e-01 2.602023839950561523e+00
6.392417440000000006e-01 2.614970207214355469e+00
6.420777370000000372e-01 2.584551334381103516e+00
6.449137860000000444e-01 2.546075344085693359e+00
6.477498919999999938e-01 2.429494380950927734e+00
6.505860540000000247e-01 2.413643836975097656e+00
6.534222720000000262e-01 2.410655260086059570e+00
6.562585459999999982e-01 2.216279983520507812e+00
6.590948770000000234e-01 2.308963298797607422e+00
6.619312640000000192e-01 2.380103349685668945e+00
6.647677069999999855e-01 2.360783576965332031e+00
6.676042060000000333e-01 2.333005905151367188e+00
6.704407620000000234e-01 2.320509910583496094e+00
6.732773739999999840e-01 2.290712594985961914e+00
6.761140420000000262e-01 2.282593965530395508e+00
6.789507660000000389e-01 2.259825706481933594e+00
6.817875469999999938e-01 2.242585659027099609e+00
6.846243829999999475e-01 2.153237104415893555e+00
6.874612759999999545e-01 1.801246523857116699e+00
6.902982260000000148e-01 1.822618484497070312e+00
6.931352309999999628e-01 1.859687924385070801e+00
6.959722929999999641e-01 1.862733125686645508e+00
6.988094110000000470e-01 1.846588969230651855e+00
7.016465849999999893e-01 1.739466428756713867e+00
7.044838150000000132e-01 1.738388180732727051e+00
7.073211019999999793e-01 1.710073947906494141e+00
7.101584450000000270e-01 1.639764070510864258e+00
7.129958440000000452e-01 1.540835261344909668e+00
7.158332990000000340e-01 1.305368065834045410e+00
7.186708109999999650e-01 9.442790746688842773e-01
7.215083789999999775e-01 9.719562530517578125e-01
7.243460029999999605e-01 8.962678909301757812e-01
7.271836830000000251e-01 8.058816194534301758e-01
7.300214200000000320e-01 7.563403248786926270e-01
7.328592130000000093e-01 7.686030864715576172e-01
7.356970619999999572e-01 7.589929699897766113e-01
7.385349669999999866e-01 7.472302317619323730e-01
7.413729289999999583e-01 7.458162307739257812e-01
7.442109470000000115e-01 7.525693178176879883e-01
7.470490210000000353e-01 7.548730969429016113e-01
7.498871510000000296e-01 7.369121313095092773e-01
7.527253379999999661e-01 7.321657538414001465e-01
7.555635800000000124e-01 7.291578650474548340e-01
7.584018790000000010e-01 5.895901918411254883e-01
7.612402350000000428e-01 2.775633037090301514e-01
7.640786459999999725e-01 3.388270437717437744e-01
7.669171139999999554e-01 5.401594638824462891e-01
7.697556380000000198e-01 6.552116274833679199e-01
7.725942180000000548e-01 6.866233944892883301e-01
7.754328539999999492e-01 6.839777827262878418e-01
7.782715470000000080e-01 6.858887076377868652e-01
7.811102960000000373e-01 6.890675425529479980e-01
7.839491010000000371e-01 6.927066445350646973e-01
7.867879620000000074e-01 6.804645061492919922e-01
7.896268800000000310e-01 6.617735624313354492e-01
7.924658540000000251e-01 6.624433398246765137e-01
7.953048839999999897e-01 6.606728434562683105e-01
7.981439700000000359e-01 6.757228374481201172e-01
8.009831130000000243e-01 6.700467467308044434e-01
8.038223119999999833e-01 6.711120605468750000e-01
8.066615670000000238e-01 6.854518055915832520e-01
8.095008780000000348e-01 6.593370437622070312e-01
8.123402459999999881e-01 5.818048715591430664e-01
8.151796700000000229e-01 4.797414243221282959e-01
8.180191500000000282e-01 4.553646147251129150e-01
8.208586860000000041e-01 4.838734269142150879e-01
8.236982790000000332e-01 4.455568194389343262e-01
8.265379269999999501e-01 4.637765288352966309e-01
8.293776320000000313e-01 4.139798283576965332e-01
8.322173940000000547e-01 3.975620269775390625e-01
8.350572109999999659e-01 4.021790921688079834e-01
8.378970850000000414e-01 4.121101200580596924e-01
8.407370149999999764e-01 4.145318567752838135e-01
8.435770009999999930e-01 4.067322611808776855e-01
8.464170429999999801e-01 4.073292911052703857e-01
8.492571420000000204e-01 3.842011988162994385e-01
8.520972970000000313e-01 3.661350607872009277e-01
8.549375080000000127e-01 3.469172418117523193e-01
8.577777749999999646e-01 3.714524507522583008e-01
8.606180989999999698e-01 3.646104335784912109e-01
8.634584789999999455e-01 3.591839373111724854e-01
8.662989150000000027e-01 3.331227898597717285e-01
8.691394070000000305e-01 3.379814624786376953e-01
8.719799560000000005e-01 3.329782783985137939e-01
8.748205610000000521e-01 3.264115452766418457e-01
8.776612219999999631e-01 3.151840269565582275e-01
8.805019389999999557e-01 3.077334463596343994e-01
8.833427130000000016e-01 2.986844480037689209e-01
8.861835430000000180e-01 2.865481972694396973e-01
8.890244290000000049e-01 2.807770073413848877e-01
8.918653709999999624e-01 2.677996754646301270e-01
8.947063699999999731e-01 2.249220609664916992e-01
8.975474239999999826e-01 1.790518611669540405e-01
9.003885350000000454e-01 1.633615940809249878e-01
9.032297030000000504e-01 1.879108250141143799e-01
9.060709260000000542e-01 1.866094470024108887e-01
9.089122060000000003e-01 1.523159742355346680e-01
9.117535420000000279e-01 1.525729894638061523e-01
9.145949340000000261e-01 1.402601599693298340e-01
9.174363819999999947e-01 1.405882537364959717e-01
9.202778870000000166e-01 1.618781238794326782e-01
9.231194480000000091e-01 1.507820636034011841e-01
9.259610649999999721e-01 1.412485241889953613e-01
9.288027380000000166e-01 1.011028662323951721e-01
9.316444680000000034e-01 5.364808812737464905e-02
9.344862539999999607e-01 3.384054079651832581e-02
9.373280959999999995e-01 3.492929786443710327e-02
9.401699940000000089e-01 5.723048374056816101e-02
9.430119489999999605e-01 4.481991752982139587e-02
9.458539599999999936e-01 4.351757466793060303e-02
9.486960269999999973e-01 4.778739809989929199e-02
9.515381499999999715e-01 4.906949028372764587e-02
9.543803299999999989e-01 4.853733628988265991e-02
9.572225659999999969e-01 4.890565574169158936e-02
9.600648579999999654e-01 5.275148525834083557e-02
9.629072060000000155e-01 6.238223612308502197e-02
9.657496110000000078e-01 6.612875312566757202e-02
9.685920709999999989e-01 8.511572331190109253e-02
9.714345880000000433e-01 9.340699762105941772e-02
9.742771620000000299e-01 8.431341499090194702e-02
9.771197910000000153e-01 8.621916919946670532e-02
9.799624770000000540e-01 9.007059037685394287e-02
9.828052189999999522e-01 9.478439390659332275e-02
9.856480170000000429e-01 1.027145907282829285e-01
9.884908709999999932e-01 1.098410263657569885e-01
9.913337819999999967e-01 1.134156659245491028e-01
9.941767489999999707e-01 1.106958687305450439e-01
9.970197720000000263e-01 1.110356301069259644e-01
9.998628510000000524e-01 1.133313775062561035e-01
1.002705986999999910e+00 1.063698902726173401e-01
1.005549178999999960e+00 1.074763089418411255e-01
1.008392426999999980e+00 1.176313012838363647e-01
1.011235730999999971e+00 1.134274750947952271e-01
1.014079092000000015e+00 1.127127408981323242e-01
1.016922509000000030e+00 1.148584857583045959e-01
1.019765982000000015e+00 1.154615581035614014e-01
1.022609510999999971e+00 1.090650409460067749e-01
1.025453096999999980e+00 1.157095581293106079e-01
1.028296738999999960e+00 1.179635226726531982e-01
1.031140436999999910e+00 1.213384866714477539e-01
1.033984191000000052e+00 1.152968406677246094e-01
1.036828002000000026e+00 1.102255135774612427e-01
1.039671868000000110e+00 1.151516214013099670e-01
1.042515791000000025e+00 1.352207958698272705e-01
1.045359770999999993e+00 1.122865676879882812e-01
