3.615872339999999796e-01 1.288637995719909668e+00
3.644177160000000026e-01 1.446590304374694824e+00
3.672482539999999962e-01 1.650936126708984375e+00
3.700788480000000158e-01 1.607005715370178223e+00
3.729094980000000059e-01 1.451664328575134277e+00
3.757402049999999938e-01 1.473031044006347656e+00
3.785709680000000077e-01 1.666332721710205078e+00
3.814017869999999921e-01 1.432455301284790039e+00
3.842326620000000026e-01 1.297595143318176270e+00
3.870635940000000108e-01 1.424034237861633301e+00
3.898945819999999896e-01 1.647816061973571777e+00
3.927256259999999943e-01 1.440081834793090820e+00
3.955567260000000251e-01 1.472265362739562988e+00
3.983878829999999982e-01 1.859292387962341309e+00
4.012190950000000256e-01 2.298218011856079102e+00
4.040503639999999952e-01 2.291827201843261719e+00
4.068816900000000181e-01 2.230704784393310547e+00
4.097130709999999842e-01 2.298863172531127930e+00
4.125445090000000037e-01 2.386984586715698242e+00
4.153760029999999936e-01 2.389288902282714844e+00
4.182075530000000096e-01 2.330383777618408203e+00
4.210391589999999962e-01 2.349846839904785156e+00
4.238708219999999804e-01 2.299709796905517578e+00
4.267025409999999908e-01 2.268967151641845703e+00
4.295343160000000271e-01 2.057833909988403320e+00
4.323661469999999785e-01 2.176787614822387695e+00
4.351980349999999831e-01 2.392246007919311523e+00
4.380299790000000137e-01 2.415526151657104492e+00
4.408619790000000149e-01 2.504151105880737305e+00
4.436940349999999866e-01 2.640105724334716797e+00
4.465261480000000116e-01 2.665030479431152344e+00
4.493583170000000071e-01 2.808632373809814453e+00
4.521905419999999731e-01 2.836996316909790039e+00
4.550228230000000207e-01 2.814276933670043945e+00
4.578551610000000105e-01 2.867838382720947266e+00
4.606875550000000263e-01 2.888558387756347656e+00
4.635200050000000127e-01 2.906758069992065430e+00
4.663525110000000251e-01 2.858934402465820312e+00
4.691850739999999798e-01 2.837847709655761719e+00
4.720176919999999887e-01 2.894924640655517578e+00
4.748503669999999954e-01 2.932793855667114258e+00
4.776830989999999999e-01 2.964958190917968750e+00
4.805158860000000032e-01 3.016550064086914062e+00
4.833487300000000042e-01 2.995977401733398438e+00
4.861816299999999758e-01 2.762988090515136719e+00
4.890145859999999733e-01 2.869047641754150391e+00
4.918475979999999970e-01 2.948535919189453125e+00
4.946806670000000183e-01 3.007657766342163086e+00
4.975137920000000102e-01 3.039967536926269531e+00
5.003469729999999727e-01 2.960352897644042969e+00
5.031802100000000166e-01 2.943895101547241211e+00
5.060135040000000028e-01 3.028337717056274414e+00
5.088468539999999596e-01 3.050821781158447266e+00
5.116802599999999979e-01 3.080031633377075195e+00
5.145137220000000067e-01 3.006469011306762695e+00
5.173472409999999577e-01 2.848766803741455078e+00
5.201808159999999903e-01 2.972127676010131836e+00
5.230144469999999934e-01 3.112783908843994141e+00
5.258481339999999671e-01 3.109127998352050781e+00
5.286818779999999940e-01 3.149908304214477539e+00
5.315156779999999914e-01 3.259651184082031250e+00
5.343495339999999594e-01 3.250454664230346680e+00
5.371834460000000089e-01 3.292181968688964844e+00
5.400174150000000006e-01 3.231658458709716797e+00
5.428514389999999912e-01 3.253841876983642578e+00
5.456855200000000350e-01 3.314062833786010742e+00
5.485196580000000210e-01 3.328273534774780273e+00
5.513538510000000059e-01 3.366396188735961914e+00
5.541881010000000440e-01 3.380275726318359375e+00
5.570224070000000527e-01 3.346512794494628906e+00
5.598567690000000319e-01 3.294658422470092773e+00
5.626911869999999816e-01 3.350097656250000000e+00
5.655256619999999845e-01 3.345282793045043945e+00
5.683601929999999580e-01 3.312756776809692383e+00
5.711947800000000131e-01 3.273220539093017578e+00
5.740294230000000386e-01 3.326644420623779297e+00
5.768641230000000064e-01 3.297889471054077148e+00
5.796988789999999447e-01 3.305418491363525391e+00
5.825336909999999646e-01 3.379776477813720703e+00
5.853685589999999550e-01 3.342818498611450195e+00
5.882034839999999987e-01 3.121008634567260742e+00
5.910384650000000129e-01 2.986403703689575195e+00
5.938735019999999976e-01 3.036454439163208008e+00
5.967085949999999528e-01 3.026226520538330078e+00
5.995437449999999613e-01 2.979262113571166992e+00
6.023789510000000513e-01 2.948009729385375977e+00
6.052142130000000009e-01 2.948970794677734375e+00
6.080495310000000320e-01 2.919694185256958008e+00
6.108849060000000053e-01 2.816801071166992188e+00
6.137203359999999774e-01 2.732925891876220703e+00
6.165558230000000028e-01 2.712507247924804688e+00
6.193913669999999705e-01 2.772698402404785156e+00
6.222269660000000480e-01 2.766417503356933594e+00
6.250626219999999567e-01 2.694070339202880859e+00
6.278983339999999469e-01 2.634484767913818359e+00
6.307341020000000187e-01 2.611905336380004883e+00
6.335699259999999500e-01 2.640929222106933594e+00
6.364058070000000455e-01 2.673651218414306641e+00
6.392417440000000006e-01 2.673356771469116211e+00
6.420777370000000372e-01 2.637811899185180664e+00
6.449137860000000444e-01 2.607305765151977539e+00
6.477498919999999938e-01 2.489885568618774414e+00
6.505860540000000247e-01 2.473634481430053711e+00
6.534222720000000262e-01 2.474895715713500977e+00
6.562585459999999982e-01 2.267896890640258789e+00
6.590948770000000234e-01 2.374743223190307617e+00
6.619312640000000192e-01 2.432767152786254883e+00
6.647677069999999855e-01 2.409857034683227539e+00
6.676042060000000333e-01 2.393132209777832031e+00
6.704407620000000234e-01 2.357574701309204102e+00
6.732773739999999840e-01 2.334231615066528320e+00
6.761140420000000262e-01 2.326333761215209961e+00
6.789507660000000389e-01 2.312157392501831055e+00
6.817875469999999938e-01 2.288014650344848633e+00
6.846243829999999475e-01 2.206494569778442383e+00
6.874612759999999545e-01 1.837458372116088867e+00
6.902982260000000148e-01 1.870208740234375000e+00
6.931352309999999628e-01 1.899931907653808594e+00
6.959722929999999641e-01 1.918813943862915039e+00
6.988094110000000470e-01 1.895243883132934570e+00
7.016465849999999893e-01 1.785160779953002930e+00
7.044838150000000132e-01 1.779691696166992188e+00
7.073211019999999793e-01 1.741434097290039062e+00
7.101584450000000270e-01 1.688622951507568359e+00
7.129958440000000452e-01 1.576196908950805664e+00
7.158332990000000340e-01 1.334689617156982422e+00
7.186708109999999650e-01 9.673745036125183105e-01
7.215083789999999775e-01 9.962923526763916016e-01
7.243460029999999605e-01 9.191638827323913574e-01
7.271836830000000251e-01 8.254290819168090820e-01
7.300214200000000320e-01 7.704304456710815430e-01
7.328592130000000093e-01 7.854745984077453613e-01
7.356970619999999572e-01 7.835819125175476074e-01
7.385349669999999866e-01 7.612187266349792480e-01
7.413729289999999583e-01 7.632644772529602051e-01
7.442109470000000115e-01 7.762725353240966797e-01
7.470490210000000353e-01 7.763435840606689453e-01
7.498871510000000296e-01 7.613608837127685547e-01
7.527253379999999661e-01 7.548363804817199707e-01
7.555635800000000124e-01 7.516072392463684082e-01
7.584018790000000010e-01 6.193219423294067383e-01
7.612402350000000428e-01 2.859309613704681396e-01
7.640786459999999725e-01 3.444400131702423096e-01
7.669171139999999554e-01 5.564774870872497559e-01
7.697556380000000198e-01 6.860812306404113770e-01
7.725942180000000548e-01 7.076961994171142578e-01
7.754328539999999492e-01 7.102842330932617188e-01
7.782715470000000080e-01 7.146583199501037598e-01
7.811102960000000373e-01 7.155931591987609863e-01
7.839491010000000371e-01 7.161411643028259277e-01
7.867879620000000074e-01 7.074126601219177246e-01
7.896268800000000310e-01 6.871529221534729004e-01
7.924658540000000251e-01 6.923359036445617676e-01
7.953048839999999897e-01 6.923568844795227051e-01
7.981439700000000359e-01 6.995314359664916992e-01
8.009831130000000243e-01 6.959583163261413574e-01
8.038223119999999833e-01 6.960723996162414551e-01
8.066615670000000238e-01 7.100957036018371582e-01
8.095008780000000348e-01 6.784040927886962891e-01
8.123402459999999881e-01 6.105252504348754883e-01
8.151796700000000229e-01 4.955623149871826172e-01
8.180191500000000282e-01 4.651822447776794434e-01
8.208586860000000041e-01 5.066521167755126953e-01
8.236982790000000332e-01 4.620812833309173584e-01
8.265379269999999501e-01 4.800781905651092529e-01
8.293776320000000313e-01 4.315088689327239990e-01
8.322173940000000547e-01 4.047701954841613770e-01
8.350572109999999659e-01 4.109303057193756104e-01
8.378970850000000414e-01 4.204784035682678223e-01
8.407370149999999764e-01 4.298016726970672607e-01
8.435770009999999930e-01 4.237923026084899902e-01
8.464170429999999801e-01 4.201258122920989990e-01
8.492571420000000204e-01 3.957068920135498047e-01
8.520972970000000313e-01 3.854833543300628662e-01
8.549375080000000127e-01 3.593909442424774170e-01
8.577777749999999646e-01 3.814224004745483398e-01
8.606180989999999698e-01 3.834045827388763428e-01
8.634584789999999455e-01 3.766331374645233154e-01
8.662989150000000027e-01 3.397737145423889160e-01
8.691394070000000305e-01 3.561796545982360840e-01
8.719799560000000005e-01 3.478167653083801270e-01
8.748205610000000521e-01 3.382492065429687500e-01
8.776612219999999631e-01 3.328979313373565674e-01
8.805019389999999557e-01 3.189850449562072754e-01
8.833427130000000016e-01 3.094777464866638184e-01
8.861835430000000180e-01 3.015699982643127441e-01
8.890244290000000049e-01 2.960952222347259521e-01
8.918653709999999624e-01 2.806177139282226562e-01
8.947063699999999731e-01 2.408384382724761963e-01
8.975474239999999826e-01 1.888515800237655640e-01
9.003885350000000454e-01 1.666558831930160522e-01
9.032297030000000504e-01 1.953892111778259277e-01
9.060709260000000542e-01 1.925934553146362305e-01
9.089122060000000003e-01 1.606010198593139648e-01
9.117535420000000279e-01 1.581880152225494385e-01
9.145949340000000261e-01 1.447809934616088867e-01
9.174363819999999947e-01 1.461418420076370239e-01
9.202778870000000166e-01 1.709040850400924683e-01
9.231194480000000091e-01 1.597283035516738892e-01
9.259610649999999721e-01 1.486888080835342407e-01
9.288027380000000166e-01 1.048326715826988220e-01
9.316444680000000034e-01 5.619485676288604736e-02
9.344862539999999607e-01 2.878338843584060669e-02
9.373280959999999995e-01 3.575127199292182922e-02
9.401699940000000089e-01 6.041277945041656494e-02
9.430119489999999605e-01 4.767121002078056335e-02
9.458539599999999936e-01 4.600192606449127197e-02
9.486960269999999973e-01 4.592712596058845520e-02
9.515381499999999715e-01 5.033075436949729919e-02
9.543803299999999989e-01 5.130149051547050476e-02
9.572225659999999969e-01 5.525808036327362061e-02
9.600648579999999654e-01 5.367358401417732239e-02
9.629072060000000155e-01 6.284418702125549316e-02
9.657496110000000078e-01 7.145875692367553711e-02
9.685920709999999989e-01 9.106025099754333496e-02
9.714345880000000433e-01 9.892215579748153687e-02
9.742771620000000299e-01 8.991955220699310303e-02
9.771197910000000153e-01 8.725985139608383179e-02
9.799624770000000540e-01 9.639254957437515259e-02
9.828052189999999522e-01 1.021291241049766541e-01
9.856480170000000429e-01 1.119479537010192871e-01
9.884908709999999932e-01 1.133797392249107361e-01
9.913337819999999967e-01 1.192750781774520874e-01
9.941767489999999707e-01 1.189339831471443176e-01
9.970197720000000263e-01 1.210664734244346619e-01
9.998628510000000524e-01 1.163035109639167786e-01
1.002705986999999910e+00 1.143847852945327759e-01
1.005549178999999960e+00 1.139976307749748230e-01
1.008392426999999980e+00 1.183812767267227173e-01
1.011235730999999971e+00 1.187040209770202637e-01
1.014079092000000015e+00 1.195498630404472351e-01
1.016922509000000030e+00 1.170602366328239441e-01
1.019765982000000015e+00 1.160304322838783264e-01
1.022609510999999971e+00 1.204155683517456055e-01
1.025453096999999980e+00 1.212139204144477844e-01
1.028296738999999960e+00 1.192366108298301697e-01
1.031140436999999910e+00 1.229862347245216370e-01
1.033984191000000052e+00 1.200077012181282043e-01
1.036828002000000026e+00 1.231549307703971863e-01
1.039671868000000110e+00 1.215518862009048462e-01
1.042515791000000025e+00 1.183706000447273254e-01
1.045359770999999993e+00 1.356570124626159668e-01
