3.615872339999999796e-01 1.274371862411499023e+00
3.644177160000000026e-01 1.414032936096191406e+00
3.672482539999999962e-01 1.519569039344787598e+00
3.700788480000000158e-01 1.545251607894897461e+00
3.729094980000000059e-01 1.381477713584899902e+00
3.757402049999999938e-01 1.444382667541503906e+00
3.785709680000000077e-01 1.650386214256286621e+00
3.814017869999999921e-01 1.389384031295776367e+00
3.842326620000000026e-01 1.272204756736755371e+00
3.870635940000000108e-01 1.404901862144470215e+00
3.898945819999999896e-01 1.616679549217224121e+00
3.927256259999999943e-01 1.388888120651245117e+00
3.955567260000000251e-01 1.416134595870971680e+00
3.983878829999999982e-01 1.822715878486633301e+00
4.012190950000000256e-01 2.261223554611206055e+00
4.040503639999999952e-01 2.263461828231811523e+00
4.068816900000000181e-01 2.205580472946166992e+00
4.097130709999999842e-01 2.245055198669433594e+00
4.125445090000000037e-01 2.365274667739868164e+00
4.153760029999999936e-01 2.362751960754394531e+00
4.182075530000000096e-01 2.312568426132202148e+00
4.210391589999999962e-01 2.311647415161132812e+00
4.238708219999999804e-01 2.291815757751464844e+00
4.267025409999999908e-01 2.253627300262451172e+00
4.295343160000000271e-01 2.023464441299438477e+00
4.323661469999999785e-01 2.152788162231445312e+00
4.351980349999999831e-01 2.361135005950927734e+00
4.380299790000000137e-01 2.380762100219726562e+00
4.408619790000000149e-01 2.462829351425170898e+00
4.436940349999999866e-01 2.605323076248168945e+00
4.465261480000000116e-01 2.636910200119018555e+00
4.493583170000000071e-01 2.779681205749511719e+00
4.521905419999999731e-01 2.828442096710205078e+00
4.550228230000000207e-01 2.799827814102172852e+00
4.578551610000000105e-01 2.844673871994018555e+00
4.606875550000000263e-01 2.865684986114501953e+00
4.635200050000000127e-01 2.885528326034545898e+00
4.663525110000000251e-01 2.814838886260986328e+00
4.691850739999999798e-01 2.825705528259277344e+00
4.720176919999999887e-01 2.865368843078613281e+00
4.748503669999999954e-01 2.906724929809570312e+00
4.776830989999999999e-01 2.936300277709960938e+00
4.805158860000000032e-01 2.998322486877441406e+00
4.833487300000000042e-01 2.987135410308837891e+00
4.861816299999999758e-01 2.739370822906494141e+00
4.890145859999999733e-01 2.849905252456665039e+00
4.918475979999999970e-01 2.933517456054687500e+00
4.946806670000000183e-01 3.003313779830932617e+00
4.975137920000000102e-01 3.005404472351074219e+00
5.003469729999999727e-01 2.931711196899414062e+00
5.031802100000000166e-01 2.933535814285278320e+00
5.060135040000000028e-01 3.009568214416503906e+00
5.088468539999999596e-01 3.014984607696533203e+00
5.116802599999999979e-01 3.057355403900146484e+00
5.145137220000000067e-01 3.000549554824829102e+00
5.173472409999999577e-01 2.816542625427246094e+00
5.201808159999999903e-01 2.960504293441772461e+00
5.230144469999999934e-01 3.096533536911010742e+00
5.258481339999999671e-01 3.111344575881958008e+00
5.286818779999999940e-01 3.138172626495361328e+00
5.315156779999999914e-01 3.244708061218261719e+00
5.343495339999999594e-01 3.225990056991577148e+00
5.371834460000000089e-01 3.274112701416015625e+00
5.400174150000000006e-01 3.211827039718627930e+00
5.428514389999999912e-01 3.241550922393798828e+00
5.456855200000000350e-01 3.296164512634277344e+00
5.485196580000000210e-01 3.303126096725463867e+00
5.513538510000000059e-01 3.340992689132690430e+00
5.541881010000000440e-01 3.372790336608886719e+00
5.570224070000000527e-01 3.331238031387329102e+00
5.598567690000000319e-01 3.283606052398681641e+00
5.626911869999999816e-01 3.342882156372070312e+00
5.655256619999999845e-01 3.333387374877929688e+00
5.683601929999999580e-01 3.291111230850219727e+00
5.711947800000000131e-01 3.270231008529663086e+00
5.740294230000000386e-01 3.313061237335205078e+00
5.768641230000000064e-01 3.285279035568237305e+00
5.796988789999999447e-01 3.297782421112060547e+00
5.825336909999999646e-01 3.369970560073852539e+00
5.853685589999999550e-01 3.334108114242553711e+00
5.882034839999999987e-01 3.107319593429565430e+00
5.910384650000000129e-01 2.966521501541137695e+00
5.938735019999999976e-01 3.026427507400512695e+00
5.967085949999999528e-01 2.998886108398437500e+00
5.995437449999999613e-01 2.972792387008666992e+00
6.023789510000000513e-01 2.935330390930175781e+00
6.052142130000000009e-01 2.951550722122192383e+00
6.080495310000000320e-01 2.892532110214233398e+00
6.108849060000000053e-01 2.718414068222045898e+00
6.137203359999999774e-01 2.663493871688842773e+00
6.165558230000000028e-01 2.672679662704467773e+00
6.193913669999999705e-01 2.756176233291625977e+00
6.222269660000000480e-01 2.745153665542602539e+00
6.250626219999999567e-01 2.665921211242675781e+00
6.278983339999999469e-01 2.604415893554687500e+00
6.307341020000000187e-01 2.583546400070190430e+00
6.335699259999999500e-01 2.613924026489257812e+00
6.364058070000000455e-01 2.627273559570312500e+00
6.392417440000000006e-01 2.642403364181518555e+00
6.420777370000000372e-01 2.612532615661621094e+00
6.449137860000000444e-01 2.581298828125000000e+00
6.477498919999999938e-01 2.454124689102172852e+00
6.505860540000000247e-01 2.438560724258422852e+00
6.534222720000000262e-01 2.436647415161132812e+00
6.562585459999999982e-01 2.223984956741333008e+00
6.590948770000000234e-01 2.321795225143432617e+00
6.619312640000000192e-01 2.390462875366210938e+00
6.647677069999999855e-01 2.361004590988159180e+00
6.676042060000000333e-01 2.339897632598876953e+00
6.704407620000000234e-01 2.310489177703857422e+00
6.732773739999999840e-01 2.284393310546875000e+00
6.761140420000000262e-01 2.275730133056640625e+00
6.789507660000000389e-01 2.253422737121582031e+00
6.817875469999999938e-01 2.226284027099609375e+00
6.846243829999999475e-01 2.154211282730102539e+00
6.874612759999999545e-01 1.810994744300842285e+00
6.902982260000000148e-01 1.828168392181396484e+00
6.931352309999999628e-01 1.859352588653564453e+00
6.959722929999999641e-01 1.880679845809936523e+00
6.988094110000000470e-01 1.859790682792663574e+00
7.016465849999999893e-01 1.746663212776184082e+00
7.044838150000000132e-01 1.752567768096923828e+00
7.073211019999999793e-01 1.705926060676574707e+00
7.101584450000000270e-01 1.639098763465881348e+00
7.129958440000000452e-01 1.535446763038635254e+00
7.158332990000000340e-01 1.299829363822937012e+00
7.186708109999999650e-01 9.240648150444030762e-01
7.215083789999999775e-01 9.596335291862487793e-01
7.243460029999999605e-01 8.750144243240356445e-01
7.271836830000000251e-01 7.933851480484008789e-01
7.300214200000000320e-01 7.382904887199401855e-01
7.328592130000000093e-01 7.499865293502807617e-01
7.356970619999999572e-01 7.453059554100036621e-01
7.385349669999999866e-01 7.203050255775451660e-01
7.413729289999999583e-01 7.258242964744567871e-01
7.442109470000000115e-01 7.369132041931152344e-01
7.470490210000000353e-01 7.313376665115356445e-01
7.498871510000000296e-01 7.180076837539672852e-01
7.527253379999999661e-01 7.072692513465881348e-01
7.555635800000000124e-01 7.056180834770202637e-01
7.584018790000000010e-01 5.788055062294006348e-01
7.612402350000000428e-01 2.623387575149536133e-01
7.640786459999999725e-01 3.230521678924560547e-01
7.669171139999999554e-01 5.270410180091857910e-01
7.697556380000000198e-01 6.398137211799621582e-01
7.725942180000000548e-01 6.619681715965270996e-01
7.754328539999999492e-01 6.646100878715515137e-01
7.782715470000000080e-01 6.683055162429809570e-01
7.811102960000000373e-01 6.769784688949584961e-01
7.839491010000000371e-01 6.664740443229675293e-01
7.867879620000000074e-01 6.565972566604614258e-01
7.896268800000000310e-01 6.440722942352294922e-01
7.924658540000000251e-01 6.414793729782104492e-01
7.953048839999999897e-01 6.449987888336181641e-01
7.981439700000000359e-01 6.512856483459472656e-01
8.009831130000000243e-01 6.400072574615478516e-01
8.038223119999999833e-01 6.466330885887145996e-01
8.066615670000000238e-01 6.655554175376892090e-01
8.095008780000000348e-01 6.404578685760498047e-01
8.123402459999999881e-01 5.710183978080749512e-01
8.151796700000000229e-01 4.650767743587493896e-01
8.180191500000000282e-01 4.375728666782379150e-01
8.208586860000000041e-01 4.699258208274841309e-01
8.236982790000000332e-01 4.309425950050354004e-01
8.265379269999999501e-01 4.487841129302978516e-01
8.293776320000000313e-01 3.986769616603851318e-01
8.322173940000000547e-01 3.832879066467285156e-01
8.350572109999999659e-01 3.848716616630554199e-01
8.378970850000000414e-01 3.982242643833160400e-01
8.407370149999999764e-01 3.958709537982940674e-01
8.435770009999999930e-01 3.973959386348724365e-01
8.464170429999999801e-01 3.870676159858703613e-01
8.492571420000000204e-01 3.718020319938659668e-01
8.520972970000000313e-01 3.598322868347167969e-01
8.549375080000000127e-01 3.373866081237792969e-01
8.577777749999999646e-01 3.562203347682952881e-01
8.606180989999999698e-01 3.481747508049011230e-01
8.634584789999999455e-01 3.445914387702941895e-01
8.662989150000000027e-01 3.185005784034729004e-01
8.691394070000000305e-01 3.253031671047210693e-01
8.719799560000000005e-01 3.203379511833190918e-01
8.748205610000000521e-01 3.115680217742919922e-01
8.776612219999999631e-01 3.055419027805328369e-01
8.805019389999999557e-01 2.958762943744659424e-01
8.833427130000000016e-01 2.889724373817443848e-01
8.861835430000000180e-01 2.829238474369049072e-01
8.890244290000000049e-01 2.757882773876190186e-01
8.918653709999999624e-01 2.568163573741912842e-01
8.947063699999999731e-01 2.194692641496658325e-01
8.975474239999999826e-01 1.736207753419876099e-01
9.003885350000000454e-01 1.583561003208160400e-01
9.032297030000000504e-01 1.827940940856933594e-01
9.060709260000000542e-01 1.781543195247650146e-01
9.089122060000000003e-01 1.441884934902191162e-01
9.117535420000000279e-01 1.488138586282730103e-01
9.145949340000000261e-01 1.367184966802597046e-01
9.174363819999999947e-01 1.365785300731658936e-01
9.202778870000000166e-01 1.533854305744171143e-01
9.231194480000000091e-01 1.483900398015975952e-01
9.259610649999999721e-01 1.340133696794509888e-01
9.288027380000000166e-01 9.876012802124023438e-02
9.316444680000000034e-01 5.009187757968902588e-02
9.344862539999999607e-01 2.714716829359531403e-02
9.373280959999999995e-01 3.480072692036628723e-02
9.401699940000000089e-01 5.368607491254806519e-02
9.430119489999999605e-01 4.588819295167922974e-02
9.458539599999999936e-01 3.882576152682304382e-02
9.486960269999999973e-01 4.288204014301300049e-02
9.515381499999999715e-01 4.072881862521171570e-02
9.543803299999999989e-01 4.488218203186988831e-02
9.572225659999999969e-01 5.034742876887321472e-02
9.600648579999999654e-01 5.400135740637779236e-02
9.629072060000000155e-01 6.023601815104484558e-02
9.657496110000000078e-01 6.332259625196456909e-02
9.685920709999999989e-01 8.886077255010604858e-02
9.714345880000000433e-01 9.148354083299636841e-02
9.742771620000000299e-01 8.098474889993667603e-02
9.771197910000000153e-01 8.595620095729827881e-02
9.799624770000000540e-01 8.931332081556320190e-02
9.828052189999999522e-01 9.717206656932830811e-02
9.856480170000000429e-01 1.047153174877166748e-01
9.884908709999999932e-01 1.063148006796836853e-01
9.913337819999999967e-01 1.132652908563613892e-01
9.941767489999999707e-01 1.142301484942436218e-01
9.970197720000000263e-01 1.126775592565536499e-01
9.998628510000000524e-01 1.118830740451812744e-01
1.002705986999999910e+00 1.048599258065223694e-01
1.005549178999999960e+00 1.059978306293487549e-01
1.008392426999999980e+00 1.110383346676826477e-01
1.011235730999999971e+00 1.041417121887207031e-01
1.014079092000000015e+00 1.095948815345764160e-01
1.016922509000000030e+00 1.063750013709068298e-01
1.019765982000000015e+00 1.105022877454757690e-01
1.022609510999999971e+00 1.100473403930664062e-01
1.025453096999999980e+00 1.102218404412269592e-01
1.028296738999999960e+00 1.124149411916732788e-01
1.031140436999999910e+00 1.059522330760955811e-01
1.033984191000000052e+00 1.192702427506446838e-01
1.036828002000000026e+00 1.141833215951919556e-01
1.039671868000000110e+00 1.228560432791709900e-01
1.042515791000000025e+00 1.138223260641098022e-01
1.045359770999999993e+00 1.135044097900390625e-01
