3.615872339999999796e-01 1.267307281494140625e+00
3.644177160000000026e-01 1.470044612884521484e+00
3.672482539999999962e-01 1.612312197685241699e+00
3.700788480000000158e-01 1.545595049858093262e+00
3.729094980000000059e-01 1.413375139236450195e+00
3.757402049999999938e-01 1.494199752807617188e+00
3.785709680000000077e-01 1.652638673782348633e+00
3.814017869999999921e-01 1.401963710784912109e+00
3.842326620000000026e-01 1.312285304069519043e+00
3.870635940000000108e-01 1.413453936576843262e+00
3.898945819999999896e-01 1.628582119941711426e+00
3.927256259999999943e-01 1.433058857917785645e+00
3.955567260000000251e-01 1.469398021697998047e+00
3.983878829999999982e-01 1.843217730522155762e+00
4.012190950000000256e-01 2.296085357666015625e+00
4.040503639999999952e-01 2.286964893341064453e+00
4.068816900000000181e-01 2.229817152023315430e+00
4.097130709999999842e-01 2.306083917617797852e+00
4.125445090000000037e-01 2.386292457580566406e+00
4.153760029999999936e-01 2.401495218276977539e+00
4.182075530000000096e-01 2.340597152709960938e+00
4.210391589999999962e-01 2.332142114639282227e+00
4.238708219999999804e-01 2.293249607086181641e+00
4.267025409999999908e-01 2.262565851211547852e+00
4.295343160000000271e-01 2.044100522994995117e+00
4.323661469999999785e-01 2.184320688247680664e+00
4.351980349999999831e-01 2.392645835876464844e+00
4.380299790000000137e-01 2.397480010986328125e+00
4.408619790000000149e-01 2.471706628799438477e+00
4.436940349999999866e-01 2.635855436325073242e+00
4.465261480000000116e-01 2.651356697082519531e+00
4.493583170000000071e-01 2.806256055831909180e+00
4.521905419999999731e-01 2.812058687210083008e+00
4.550228230000000207e-01 2.794902324676513672e+00
4.578551610000000105e-01 2.856251239776611328e+00
4.606875550000000263e-01 2.881328344345092773e+00
4.635200050000000127e-01 2.905372381210327148e+00
4.663525110000000251e-01 2.834949254989624023e+00
4.691850739999999798e-01 2.854019403457641602e+00
4.720176919999999887e-01 2.886695384979248047e+00
4.748503669999999954e-01 2.915016174316406250e+00
4.776830989999999999e-01 2.947435140609741211e+00
4.805158860000000032e-01 3.008215427398681641e+00
4.833487300000000042e-01 2.989203691482543945e+00
4.861816299999999758e-01 2.763972759246826172e+00
4.890145859999999733e-01 2.868540048599243164e+00
4.918475979999999970e-01 2.944142580032348633e+00
4.946806670000000183e-01 3.013597249984741211e+00
4.975137920000000102e-01 3.026165246963500977e+00
5.003469729999999727e-01 2.945226907730102539e+00
5.031802100000000166e-01 2.937190055847167969e+00
5.060135040000000028e-01 3.025039672851562500e+00
5.088468539999999596e-01 3.039041996002197266e+00
5.116802599999999979e-01 3.069670915603637695e+00
5.145137220000000067e-01 3.000314950942993164e+00
5.173472409999999577e-01 2.838070392608642578e+00
5.201808159999999903e-01 2.968276977539062500e+00
5.230144469999999934e-01 3.096920728683471680e+00
5.258481339999999671e-01 3.103229999542236328e+00
5.286818779999999940e-01 3.140380620956420898e+00
5.315156779999999914e-01 3.239319562911987305e+00
5.343495339999999594e-01 3.239506244659423828e+00
5.371834460000000089e-01 3.274068832397460938e+00
5.400174150000000006e-01 3.214249134063720703e+00
5.428514389999999912e-01 3.238005638122558594e+00
5.456855200000000350e-01 3.303822278976440430e+00
5.485196580000000210e-01 3.304960966110229492e+00
5.513538510000000059e-01 3.351514577865600586e+00
5.541881010000000440e-01 3.372890472412109375e+00
5.570224070000000527e-01 3.340606689453125000e+00
5.598567690000000319e-01 3.292128324508666992e+00
5.626911869999999816e-01 3.345757484436035156e+00
5.655256619999999845e-01 3.333504199981689453e+00
5.683601929999999580e-01 3.306844472885131836e+00
5.711947800000000131e-01 3.265845298767089844e+00
5.740294230000000386e-01 3.314842700958251953e+00
5.768641230000000064e-01 3.273837327957153320e+00
5.796988789999999447e-01 3.297016143798828125e+00
5.825336909999999646e-01 3.372786283493041992e+00
5.853685589999999550e-01 3.331355571746826172e+00
5.882034839999999987e-01 3.110167980194091797e+00
5.910384650000000129e-01 2.969302415847778320e+00
5.938735019999999976e-01 3.021656751632690430e+00
5.967085949999999528e-01 3.020169734954833984e+00
5.995437449999999613e-01 2.969313621520996094e+00
6.023789510000000513e-01 2.935379266738891602e+00
6.052142130000000009e-01 2.960073232650756836e+00
6.080495310000000320e-01 2.900466442108154297e+00
6.108849060000000053e-01 2.784708738327026367e+00
6.137203359999999774e-01 2.720155954360961914e+00
6.165558230000000028e-01 2.691420793533325195e+00
6.193913669999999705e-01 2.765169858932495117e+00
6.222269660000000480e-01 2.754177331924438477e+00
6.250626219999999567e-01 2.685704469680786133e+00
6.278983339999999469e-01 2.618276119232177734e+00
6.307341020000000187e-01 2.601209163665771484e+00
6.335699259999999500e-01 2.628903150558471680e+00
6.364058070000000455e-01 2.664756536483764648e+00
6.392417440000000006e-01 2.657883405685424805e+00
6.420777370000000372e-01 2.633664846420288086e+00
6.449137860000000444e-01 2.591834545135498047e+00
6.477498919999999938e-01 2.476478815078735352e+00
6.505860540000000247e-01 2.462737798690795898e+00
6.534222720000000262e-01 2.456420421600341797e+00
6.562585459999999982e-01 2.252968311309814453e+00
6.590948770000000234e-01 2.359250068664550781e+00
6.619312640000000192e-01 2.414326190948486328e+00
6.647677069999999855e-01 2.391689300537109375e+00
6.676042060000000333e-01 2.378608942031860352e+00
6.704407620000000234e-01 2.345678329467773438e+00
6.732773739999999840e-01 2.322741746902465820e+00
6.761140420000000262e-01 2.316660642623901367e+00
6.789507660000000389e-01 2.293495893478393555e+00
6.817875469999999938e-01 2.268461942672729492e+00
6.846243829999999475e-01 2.183986186981201172e+00
6.874612759999999545e-01 1.828203678131103516e+00
6.902982260000000148e-01 1.858215332031250000e+00
6.931352309999999628e-01 1.890359044075012207e+00
6.959722929999999641e-01 1.899518251419067383e+00
6.988094110000000470e-01 1.878630280494689941e+00
7.016465849999999893e-01 1.772392988204956055e+00
7.044838150000000132e-01 1.766542434692382812e+00
7.073211019999999793e-01 1.730568766593933105e+00
7.101584450000000270e-01 1.671236991882324219e+00
7.129958440000000452e-01 1.564599752426147461e+00
7.158332990000000340e-01 1.331026911735534668e+00
7.186708109999999650e-01 9.657545685768127441e-01
7.215083789999999775e-01 9.862259030342102051e-01
7.243460029999999605e-01 9.035933613777160645e-01
7.271836830000000251e-01 8.111586570739746094e-01
7.300214200000000320e-01 7.593204379081726074e-01
7.328592130000000093e-01 7.806473374366760254e-01
7.356970619999999572e-01 7.702839970588684082e-01
7.385349669999999866e-01 7.507147192955017090e-01
7.413729289999999583e-01 7.539996504783630371e-01
7.442109470000000115e-01 7.660740017890930176e-01
7.470490210000000353e-01 7.663524746894836426e-01
7.498871510000000296e-01 7.542858719825744629e-01
7.527253379999999661e-01 7.456368803977966309e-01
7.555635800000000124e-01 7.353203296661376953e-01
7.584018790000000010e-01 6.180486083030700684e-01
7.612402350000000428e-01 2.848258912563323975e-01
7.640786459999999725e-01 3.340092599391937256e-01
7.669171139999999554e-01 5.460759401321411133e-01
7.697556380000000198e-01 6.773091554641723633e-01
7.725942180000000548e-01 7.009283900260925293e-01
7.754328539999999492e-01 6.986795067787170410e-01
7.782715470000000080e-01 7.045257687568664551e-01
7.811102960000000373e-01 7.053145170211791992e-01
7.839491010000000371e-01 7.070464491844177246e-01
7.867879620000000074e-01 6.980382800102233887e-01
7.896268800000000310e-01 6.774891018867492676e-01
7.924658540000000251e-01 6.740072965621948242e-01
7.953048839999999897e-01 6.834301948547363281e-01
7.981439700000000359e-01 6.892024874687194824e-01
8.009831130000000243e-01 6.863535642623901367e-01
8.038223119999999833e-01 6.862866878509521484e-01
8.066615670000000238e-01 7.039112448692321777e-01
8.095008780000000348e-01 6.726380586624145508e-01
8.123402459999999881e-01 6.062769889831542969e-01
8.151796700000000229e-01 4.915760457515716553e-01
8.180191500000000282e-01 4.600488245487213135e-01
8.208586860000000041e-01 4.935217201709747314e-01
8.236982790000000332e-01 4.536108970642089844e-01
8.265379269999999501e-01 4.751434922218322754e-01
8.293776320000000313e-01 4.237327277660369873e-01
8.322173940000000547e-01 4.045217335224151611e-01
8.350572109999999659e-01 4.078219234943389893e-01
8.378970850000000414e-01 4.165861606597900391e-01
8.407370149999999764e-01 4.194094240665435791e-01
8.435770009999999930e-01 4.186490178108215332e-01
8.464170429999999801e-01 4.116607904434204102e-01
8.492571420000000204e-01 3.939298987388610840e-01
8.520972970000000313e-01 3.774743378162384033e-01
8.549375080000000127e-01 3.492733836174011230e-01
8.577777749999999646e-01 3.772675991058349609e-01
8.606180989999999698e-01 3.708373904228210449e-01
8.634584789999999455e-01 3.733437359333038330e-01
8.662989150000000027e-01 3.362082839012145996e-01
8.691394070000000305e-01 3.465403020381927490e-01
8.719799560000000005e-01 3.404789268970489502e-01
8.748205610000000521e-01 3.301477730274200439e-01
8.776612219999999631e-01 3.288410305976867676e-01
8.805019389999999557e-01 3.128291666507720947e-01
8.833427130000000016e-01 3.090150058269500732e-01
8.861835430000000180e-01 2.952869534492492676e-01
8.890244290000000049e-01 2.934245169162750244e-01
8.918653709999999624e-01 2.789074480533599854e-01
8.947063699999999731e-01 2.354260534048080444e-01
8.975474239999999826e-01 1.871339827775955200e-01
9.003885350000000454e-01 1.650236397981643677e-01
9.032297030000000504e-01 1.901219636201858521e-01
9.060709260000000542e-01 1.934854239225387573e-01
9.089122060000000003e-01 1.571125835180282593e-01
9.117535420000000279e-01 1.572696715593338013e-01
9.145949340000000261e-01 1.441517621278762817e-01
9.174363819999999947e-01 1.400380581617355347e-01
9.202778870000000166e-01 1.641560047864913940e-01
9.231194480000000091e-01 1.571225076913833618e-01
9.259610649999999721e-01 1.478513479232788086e-01
9.288027380000000166e-01 1.064746826887130737e-01
9.316444680000000034e-01 5.879366770386695862e-02
9.344862539999999607e-01 2.950994484126567841e-02
9.373280959999999995e-01 3.232900425791740417e-02
9.401699940000000089e-01 5.353310704231262207e-02
9.430119489999999605e-01 4.814358800649642944e-02
9.458539599999999936e-01 4.032427445054054260e-02
9.486960269999999973e-01 4.449613019824028015e-02
9.515381499999999715e-01 4.871575161814689636e-02
9.543803299999999989e-01 4.493153840303421021e-02
9.572225659999999969e-01 5.237911641597747803e-02
9.600648579999999654e-01 5.575617030262947083e-02
9.629072060000000155e-01 5.909335985779762268e-02
9.657496110000000078e-01 6.381316483020782471e-02
9.685920709999999989e-01 8.486898988485336304e-02
9.714345880000000433e-01 9.687660634517669678e-02
9.742771620000000299e-01 8.482661843299865723e-02
9.771197910000000153e-01 8.631960302591323853e-02
9.799624770000000540e-01 9.294112026691436768e-02
9.828052189999999522e-01 9.421507269144058228e-02
9.856480170000000429e-01 1.037648767232894897e-01
9.884908709999999932e-01 1.096246391534805298e-01
9.913337819999999967e-01 1.103696897625923157e-01
9.941767489999999707e-01 1.193356364965438843e-01
9.970197720000000263e-01 1.151949986815452576e-01
9.998628510000000524e-01 1.171909570693969727e-01
1.002705986999999910e+00 1.134871318936347961e-01
1.005549178999999960e+00 1.113999858498573303e-01
1.008392426999999980e+00 1.154693216085433960e-01
1.011235730999999971e+00 1.125669032335281372e-01
1.014079092000000015e+00 1.125799641013145447e-01
1.016922509000000030e+00 1.110269203782081604e-01
1.019765982000000015e+00 1.200911849737167358e-01
1.022609510999999971e+00 1.206207945942878723e-01
1.025453096999999980e+00 1.090008392930030823e-01
1.028296738999999960e+00 1.070069596171379089e-01
1.031140436999999910e+00 1.214149221777915955e-01
1.033984191000000052e+00 1.087343543767929077e-01
1.036828002000000026e+00 1.203896328806877136e-01
1.039671868000000110e+00 1.254632174968719482e-01
1.042515791000000025e+00 1.132757961750030518e-01
1.045359770999999993e+00 1.114067956805229187e-01
