3.615872339999999796e-01 1.388972401618957520e+00
3.644177160000000026e-01 1.582830905914306641e+00
3.672482539999999962e-01 1.664373517036437988e+00
3.700788480000000158e-01 1.649273872375488281e+00
3.729094980000000059e-01 1.448995947837829590e+00
3.757402049999999938e-01 1.547469973564147949e+00
3.785709680000000077e-01 1.702751994132995605e+00
3.814017869999999921e-01 1.463822722434997559e+00
3.842326620000000026e-01 1.323118090629577637e+00
3.870635940000000108e-01 1.462572693824768066e+00
3.898945819999999896e-01 1.616776108741760254e+00
3.927256259999999943e-01 1.439799666404724121e+00
3.955567260000000251e-01 1.442778944969177246e+00
3.983878829999999982e-01 1.866119623184204102e+00
4.012190950000000256e-01 2.333908796310424805e+00
4.040503639999999952e-01 2.325143337249755859e+00
4.068816900000000181e-01 2.265120029449462891e+00
4.097130709999999842e-01 2.321294069290161133e+00
4.125445090000000037e-01 2.397805690765380859e+00
4.153760029999999936e-01 2.406605005264282227e+00
4.182075530000000096e-01 2.336185693740844727e+00
4.210391589999999962e-01 2.361743927001953125e+00
4.238708219999999804e-01 2.318504333496093750e+00
4.267025409999999908e-01 2.270607233047485352e+00
4.295343160000000271e-01 2.040408134460449219e+00
4.323661469999999785e-01 2.183598279953002930e+00
4.351980349999999831e-01 2.384192943572998047e+00
4.380299790000000137e-01 2.421087026596069336e+00
4.408619790000000149e-01 2.500298738479614258e+00
4.436940349999999866e-01 2.663842916488647461e+00
4.465261480000000116e-01 2.700082540512084961e+00
4.493583170000000071e-01 2.837733030319213867e+00
4.521905419999999731e-01 2.869375228881835938e+00
4.550228230000000207e-01 2.827713489532470703e+00
4.578551610000000105e-01 2.913825273513793945e+00
4.606875550000000263e-01 2.938080072402954102e+00
4.635200050000000127e-01 2.945784091949462891e+00
4.663525110000000251e-01 2.871056795120239258e+00
4.691850739999999798e-01 2.889419317245483398e+00
4.720176919999999887e-01 2.906911611557006836e+00
4.748503669999999954e-01 2.971054077148437500e+00
4.776830989999999999e-01 2.999227523803710938e+00
4.805158860000000032e-01 3.069867134094238281e+00
4.833487300000000042e-01 3.045736789703369141e+00
4.861816299999999758e-01 2.787886857986450195e+00
4.890145859999999733e-01 2.925998449325561523e+00
4.918475979999999970e-01 2.981086969375610352e+00
4.946806670000000183e-01 3.059010267257690430e+00
4.975137920000000102e-01 3.067256689071655273e+00
5.003469729999999727e-01 2.991495847702026367e+00
5.031802100000000166e-01 2.977890014648437500e+00
5.060135040000000028e-01 3.065388202667236328e+00
5.088468539999999596e-01 3.091386556625366211e+00
5.116802599999999979e-01 3.139009714126586914e+00
5.145137220000000067e-01 3.065467596054077148e+00
5.173472409999999577e-01 2.902263641357421875e+00
5.201808159999999903e-01 3.035878896713256836e+00
5.230144469999999934e-01 3.164644956588745117e+00
5.258481339999999671e-01 3.169872760772705078e+00
5.286818779999999940e-01 3.209534883499145508e+00
5.315156779999999914e-01 3.335642337799072266e+00
5.343495339999999594e-01 3.317963600158691406e+00
5.371834460000000089e-01 3.370182275772094727e+00
5.400174150000000006e-01 3.292431592941284180e+00
5.428514389999999912e-01 3.321482658386230469e+00
5.456855200000000350e-01 3.391271352767944336e+00
5.485196580000000210e-01 3.405569314956665039e+00
5.513538510000000059e-01 3.433004379272460938e+00
5.541881010000000440e-01 3.455758094787597656e+00
5.570224070000000527e-01 3.437393188476562500e+00
5.598567690000000319e-01 3.376638650894165039e+00
5.626911869999999816e-01 3.434748172760009766e+00
5.655256619999999845e-01 3.424974441528320312e+00
5.683601929999999580e-01 3.397181034088134766e+00
5.711947800000000131e-01 3.358247041702270508e+00
5.740294230000000386e-01 3.400883436203002930e+00
5.768641230000000064e-01 3.387536525726318359e+00
5.796988789999999447e-01 3.400175571441650391e+00
5.825336909999999646e-01 3.479237318038940430e+00
5.853685589999999550e-01 3.437138080596923828e+00
5.882034839999999987e-01 3.205576419830322266e+00
5.910384650000000129e-01 3.073296546936035156e+00
5.938735019999999976e-01 3.139453172683715820e+00
5.967085949999999528e-01 3.120153903961181641e+00
5.995437449999999613e-01 3.104113340377807617e+00
6.023789510000000513e-01 3.058205604553222656e+00
6.052142130000000009e-01 3.082801580429077148e+00
6.080495310000000320e-01 3.049642324447631836e+00
6.108849060000000053e-01 2.942330837249755859e+00
6.137203359999999774e-01 2.859302997589111328e+00
6.165558230000000028e-01 2.852981328964233398e+00
6.193913669999999705e-01 2.936353445053100586e+00
6.222269660000000480e-01 2.911905765533447266e+00
6.250626219999999567e-01 2.829898118972778320e+00
6.278983339999999469e-01 2.780491828918457031e+00
6.307341020000000187e-01 2.754830360412597656e+00
6.335699259999999500e-01 2.778018474578857422e+00
6.364058070000000455e-01 2.817572116851806641e+00
6.392417440000000006e-01 2.837914705276489258e+00
6.420777370000000372e-01 2.794638156890869141e+00
6.449137860000000444e-01 2.753808736801147461e+00
6.477498919999999938e-01 2.629200935363769531e+00
6.505860540000000247e-01 2.619853258132934570e+00
6.534222720000000262e-01 2.617572069168090820e+00
6.562585459999999982e-01 2.405230998992919922e+00
6.590948770000000234e-01 2.513572692871093750e+00
6.619312640000000192e-01 2.580192804336547852e+00
6.647677069999999855e-01 2.563153982162475586e+00
6.676042060000000333e-01 2.524447679519653320e+00
6.704407620000000234e-01 2.513150453567504883e+00
6.732773739999999840e-01 2.495810508728027344e+00
6.761140420000000262e-01 2.474100351333618164e+00
6.789507660000000389e-01 2.462401151657104492e+00
6.817875469999999938e-01 2.430784463882446289e+00
6.846243829999999475e-01 2.351360797882080078e+00
6.874612759999999545e-01 1.969327688217163086e+00
6.902982260000000148e-01 2.007999420166015625e+00
6.931352309999999628e-01 2.058345556259155273e+00
6.959722929999999641e-01 2.077655553817749023e+00
6.988094110000000470e-01 2.067687273025512695e+00
7.016465849999999893e-01 1.954596638679504395e+00
7.044838150000000132e-01 1.962375044822692871e+00
7.073211019999999793e-01 1.922971487045288086e+00
7.101584450000000270e-01 1.865433216094970703e+00
7.129958440000000452e-01 1.761758685111999512e+00
7.158332990000000340e-01 1.493836641311645508e+00
7.186708109999999650e-01 1.080219388008117676e+00
7.215083789999999775e-01 1.118474960327148438e+00
7.243460029999999605e-01 1.027168631553649902e+00
7.271836830000000251e-01 9.351435303688049316e-01
7.300214200000000320e-01 8.728150725364685059e-01
7.328592130000000093e-01 8.942837715148925781e-01
7.356970619999999572e-01 8.828148841857910156e-01
7.385349669999999866e-01 8.727686405181884766e-01
7.413729289999999583e-01 8.752976655960083008e-01
7.442109470000000115e-01 8.773845434188842773e-01
7.470490210000000353e-01 8.837696909904479980e-01
7.498871510000000296e-01 8.720117211341857910e-01
7.527253379999999661e-01 8.610213994979858398e-01
7.555635800000000124e-01 8.583805561065673828e-01
7.584018790000000010e-01 7.080687284469604492e-01
7.612402350000000428e-01 3.177817165851593018e-01
7.640786459999999725e-01 3.885027468204498291e-01
7.669171139999999554e-01 6.394440531730651855e-01
7.697556380000000198e-01 7.908141016960144043e-01
7.725942180000000548e-01 8.156609535217285156e-01
7.754328539999999492e-01 8.183988332748413086e-01
7.782715470000000080e-01 8.287147879600524902e-01
7.811102960000000373e-01 8.211462497711181641e-01
7.839491010000000371e-01 8.198703527450561523e-01
7.867879620000000074e-01 8.079464435577392578e-01
7.896268800000000310e-01 7.921693921089172363e-01
7.924658540000000251e-01 7.922011613845825195e-01
7.953048839999999897e-01 7.945854067802429199e-01
7.981439700000000359e-01 8.120272755622863770e-01
8.009831130000000243e-01 7.938761711120605469e-01
8.038223119999999833e-01 8.067441582679748535e-01
8.066615670000000238e-01 8.125208616256713867e-01
8.095008780000000348e-01 7.901675701141357422e-01
8.123402459999999881e-01 7.069303989410400391e-01
8.151796700000000229e-01 5.686110854148864746e-01
8.180191500000000282e-01 5.390704274177551270e-01
8.208586860000000041e-01 5.797544717788696289e-01
8.236982790000000332e-01 5.338259935379028320e-01
8.265379269999999501e-01 5.583862066268920898e-01
8.293776320000000313e-01 4.941819906234741211e-01
8.322173940000000547e-01 4.766766428947448730e-01
8.350572109999999659e-01 4.852364063262939453e-01
8.378970850000000414e-01 4.892831444740295410e-01
8.407370149999999764e-01 4.976463317871093750e-01
8.435770009999999930e-01 4.849207401275634766e-01
8.464170429999999801e-01 4.929652214050292969e-01
8.492571420000000204e-01 4.635919630527496338e-01
8.520972970000000313e-01 4.485950767993927002e-01
8.549375080000000127e-01 4.157548546791076660e-01
8.577777749999999646e-01 4.467302560806274414e-01
8.606180989999999698e-01 4.393843114376068115e-01
8.634584789999999455e-01 4.353456795215606689e-01
8.662989150000000027e-01 3.987418413162231445e-01
8.691394070000000305e-01 4.113699793815612793e-01
8.719799560000000005e-01 3.991620838642120361e-01
8.748205610000000521e-01 3.953008353710174561e-01
8.776612219999999631e-01 3.823966085910797119e-01
8.805019389999999557e-01 3.714498281478881836e-01
8.833427130000000016e-01 3.687646090984344482e-01
8.861835430000000180e-01 3.533041477203369141e-01
8.890244290000000049e-01 3.447140157222747803e-01
8.918653709999999624e-01 3.238306939601898193e-01
8.947063699999999731e-01 2.754824459552764893e-01
8.975474239999999826e-01 2.206137478351593018e-01
9.003885350000000454e-01 1.922193020582199097e-01
9.032297030000000504e-01 2.259843200445175171e-01
9.060709260000000542e-01 2.269362956285476685e-01
9.089122060000000003e-01 1.763755083084106445e-01
9.117535420000000279e-01 1.798126995563507080e-01
9.145949340000000261e-01 1.654150038957595825e-01
9.174363819999999947e-01 1.674738377332687378e-01
9.202778870000000166e-01 1.951775848865509033e-01
9.231194480000000091e-01 1.841782033443450928e-01
9.259610649999999721e-01 1.682127267122268677e-01
9.288027380000000166e-01 1.187339127063751221e-01
9.316444680000000034e-01 5.820076167583465576e-02
9.344862539999999607e-01 3.343196213245391846e-02
9.373280959999999995e-01 3.775281459093093872e-02
9.401699940000000089e-01 5.762266740202903748e-02
9.430119489999999605e-01 5.338633060455322266e-02
9.458539599999999936e-01 4.287527874112129211e-02
9.486960269999999973e-01 4.913811013102531433e-02
9.515381499999999715e-01 5.334327369928359985e-02
9.543803299999999989e-01 5.097184702754020691e-02
9.572225659999999969e-01 5.184303969144821167e-02
9.600648579999999654e-01 5.917997658252716064e-02
9.629072060000000155e-01 7.521386444568634033e-02
9.657496110000000078e-01 7.702706009149551392e-02
9.685920709999999989e-01 1.064392849802970886e-01
9.714345880000000433e-01 1.118921563029289246e-01
9.742771620000000299e-01 9.781169891357421875e-02
9.771197910000000153e-01 1.043286845088005066e-01
9.799624770000000540e-01 1.036513149738311768e-01
9.828052189999999522e-01 1.183078065514564514e-01
9.856480170000000429e-01 1.332919895648956299e-01
9.884908709999999932e-01 1.369217932224273682e-01
9.913337819999999967e-01 1.403248906135559082e-01
9.941767489999999707e-01 1.413842439651489258e-01
9.970197720000000263e-01 1.352553069591522217e-01
9.998628510000000524e-01 1.399338394403457642e-01
1.002705986999999910e+00 1.334864050149917603e-01
1.005549178999999960e+00 1.349635720252990723e-01
1.008392426999999980e+00 1.446745246648788452e-01
1.011235730999999971e+00 1.268891245126724243e-01
1.014079092000000015e+00 1.316818445920944214e-01
1.016922509000000030e+00 1.386095136404037476e-01
1.019765982000000015e+00 1.299585103988647461e-01
1.022609510999999971e+00 1.374461203813552856e-01
1.025453096999999980e+00 1.260739862918853760e-01
1.028296738999999960e+00 1.417486518621444702e-01
1.031140436999999910e+00 1.285790055990219116e-01
1.033984191000000052e+00 1.387217342853546143e-01
1.036828002000000026e+00 1.304185092449188232e-01
1.039671868000000110e+00 1.484404951333999634e-01
1.042515791000000025e+00 1.166923046112060547e-01
1.045359770999999993e+00 1.406313776969909668e-01
