3.615872339999999796e-01 1.310648441314697266e+00
3.644177160000000026e-01 1.460044026374816895e+00
3.672482539999999962e-01 1.568303823471069336e+00
3.700788480000000158e-01 1.582035660743713379e+00
3.729094980000000059e-01 1.431351423263549805e+00
3.757402049999999938e-01 1.518108725547790527e+00
3.785709680000000077e-01 1.651329040527343750e+00
3.814017869999999921e-01 1.423674821853637695e+00
3.842326620000000026e-01 1.305824756622314453e+00
3.870635940000000108e-01 1.441167950630187988e+00
3.898945819999999896e-01 1.623447299003601074e+00
3.927256259999999943e-01 1.406205415725708008e+00
3.955567260000000251e-01 1.480450391769409180e+00
3.983878829999999982e-01 1.827858924865722656e+00
4.012190950000000256e-01 2.284803867340087891e+00
4.040503639999999952e-01 2.269943952560424805e+00
4.068816900000000181e-01 2.200074672698974609e+00
4.097130709999999842e-01 2.273365736007690430e+00
4.125445090000000037e-01 2.378440856933593750e+00
4.153760029999999936e-01 2.410016536712646484e+00
4.182075530000000096e-01 2.346936702728271484e+00
4.210391589999999962e-01 2.357640504837036133e+00
4.238708219999999804e-01 2.309518814086914062e+00
4.267025409999999908e-01 2.273774862289428711e+00
4.295343160000000271e-01 2.043447017669677734e+00
4.323661469999999785e-01 2.169995069503784180e+00
4.351980349999999831e-01 2.375917434692382812e+00
4.380299790000000137e-01 2.417873859405517578e+00
4.408619790000000149e-01 2.497097492218017578e+00
4.436940349999999866e-01 2.635802030563354492e+00
4.465261480000000116e-01 2.659620761871337891e+00
4.493583170000000071e-01 2.809824943542480469e+00
4.521905419999999731e-01 2.832050561904907227e+00
4.550228230000000207e-01 2.791370153427124023e+00
4.578551610000000105e-01 2.860851287841796875e+00
4.606875550000000263e-01 2.875312089920043945e+00
4.635200050000000127e-01 2.900906324386596680e+00
4.663525110000000251e-01 2.838326692581176758e+00
4.691850739999999798e-01 2.825841188430786133e+00
4.720176919999999887e-01 2.871268510818481445e+00
4.748503669999999954e-01 2.916654825210571289e+00
4.776830989999999999e-01 2.954650640487670898e+00
4.805158860000000032e-01 3.011785984039306641e+00
4.833487300000000042e-01 2.982508420944213867e+00
4.861816299999999758e-01 2.745774030685424805e+00
4.890145859999999733e-01 2.865347623825073242e+00
4.918475979999999970e-01 2.952049970626831055e+00
4.946806670000000183e-01 3.007136344909667969e+00
4.975137920000000102e-01 3.018548250198364258e+00
5.003469729999999727e-01 2.940098762512207031e+00
5.031802100000000166e-01 2.918827533721923828e+00
5.060135040000000028e-01 3.002332210540771484e+00
5.088468539999999596e-01 3.021634817123413086e+00
5.116802599999999979e-01 3.048068523406982422e+00
5.145137220000000067e-01 2.991858720779418945e+00
5.173472409999999577e-01 2.826922655105590820e+00
5.201808159999999903e-01 2.955113649368286133e+00
5.230144469999999934e-01 3.089844465255737305e+00
5.258481339999999671e-01 3.099838733673095703e+00
5.286818779999999940e-01 3.128733634948730469e+00
5.315156779999999914e-01 3.226248979568481445e+00
5.343495339999999594e-01 3.216363430023193359e+00
5.371834460000000089e-01 3.260811090469360352e+00
5.400174150000000006e-01 3.200565338134765625e+00
5.428514389999999912e-01 3.219097137451171875e+00
5.456855200000000350e-01 3.290685176849365234e+00
5.485196580000000210e-01 3.306293010711669922e+00
5.513538510000000059e-01 3.329289913177490234e+00
5.541881010000000440e-01 3.341466665267944336e+00
5.570224070000000527e-01 3.328128814697265625e+00
5.598567690000000319e-01 3.274470090866088867e+00
5.626911869999999816e-01 3.322652339935302734e+00
5.655256619999999845e-01 3.308798789978027344e+00
5.683601929999999580e-01 3.279871702194213867e+00
5.711947800000000131e-01 3.249598026275634766e+00
5.740294230000000386e-01 3.295285701751708984e+00
5.768641230000000064e-01 3.260385513305664062e+00
5.796988789999999447e-01 3.279654979705810547e+00
5.825336909999999646e-01 3.340920209884643555e+00
5.853685589999999550e-01 3.302216768264770508e+00
5.882034839999999987e-01 3.082331657409667969e+00
5.910384650000000129e-01 2.946168422698974609e+00
5.938735019999999976e-01 3.001909255981445312e+00
5.967085949999999528e-01 2.969870328903198242e+00
5.995437449999999613e-01 2.939988851547241211e+00
6.023789510000000513e-01 2.898044824600219727e+00
6.052142130000000009e-01 2.912503004074096680e+00
6.080495310000000320e-01 2.861918926239013672e+00
6.108849060000000053e-01 2.770977735519409180e+00
6.137203359999999774e-01 2.691850185394287109e+00
6.165558230000000028e-01 2.659864187240600586e+00
6.193913669999999705e-01 2.724908590316772461e+00
6.222269660000000480e-01 2.711568117141723633e+00
6.250626219999999567e-01 2.639319896697998047e+00
6.278983339999999469e-01 2.581301212310791016e+00
6.307341020000000187e-01 2.556048393249511719e+00
6.335699259999999500e-01 2.585730314254760742e+00
6.364058070000000455e-01 2.609050989151000977e+00
6.392417440000000006e-01 2.616769552230834961e+00
6.420777370000000372e-01 2.585711479187011719e+00
6.449137860000000444e-01 2.550699949264526367e+00
6.477498919999999938e-01 2.424803256988525391e+00
6.505860540000000247e-01 2.418660402297973633e+00
6.534222720000000262e-01 2.416223287582397461e+00
6.562585459999999982e-01 2.210507392883300781e+00
6.590948770000000234e-01 2.313691616058349609e+00
6.619312640000000192e-01 2.370202302932739258e+00
6.647677069999999855e-01 2.346004962921142578e+00
6.676042060000000333e-01 2.324083566665649414e+00
6.704407620000000234e-01 2.297551155090332031e+00
6.732773739999999840e-01 2.267947912216186523e+00
6.761140420000000262e-01 2.256435632705688477e+00
6.789507660000000389e-01 2.243958473205566406e+00
6.817875469999999938e-01 2.217992067337036133e+00
6.846243829999999475e-01 2.136312723159790039e+00
6.874612759999999545e-01 1.790592432022094727e+00
6.902982260000000148e-01 1.813211441040039062e+00
6.931352309999999628e-01 1.846828341484069824e+00
6.959722929999999641e-01 1.846238732337951660e+00
6.988094110000000470e-01 1.837824463844299316e+00
7.016465849999999893e-01 1.733322381973266602e+00
7.044838150000000132e-01 1.724873065948486328e+00
7.073211019999999793e-01 1.680596470832824707e+00
7.101584450000000270e-01 1.618650197982788086e+00
7.129958440000000452e-01 1.524434924125671387e+00
7.158332990000000340e-01 1.289760231971740723e+00
7.186708109999999650e-01 9.298355579376220703e-01
7.215083789999999775e-01 9.548673033714294434e-01
7.243460029999999605e-01 8.740706443786621094e-01
7.271836830000000251e-01 7.898447513580322266e-01
7.300214200000000320e-01 7.460338473320007324e-01
7.328592130000000093e-01 7.598499059677124023e-01
7.356970619999999572e-01 7.521893978118896484e-01
7.385349669999999866e-01 7.363672256469726562e-01
7.413729289999999583e-01 7.337358593940734863e-01
7.442109470000000115e-01 7.413072586059570312e-01
7.470490210000000353e-01 7.375316619873046875e-01
7.498871510000000296e-01 7.209051251411437988e-01
7.527253379999999661e-01 7.126428484916687012e-01
7.555635800000000124e-01 7.035101056098937988e-01
7.584018790000000010e-01 5.867097377777099609e-01
7.612402350000000428e-01 2.692018151283264160e-01
7.640786459999999725e-01 3.302599489688873291e-01
7.669171139999999554e-01 5.333797335624694824e-01
7.697556380000000198e-01 6.511420607566833496e-01
7.725942180000000548e-01 6.708040237426757812e-01
7.754328539999999492e-01 6.775683164596557617e-01
7.782715470000000080e-01 6.699361801147460938e-01
7.811102960000000373e-01 6.799312829971313477e-01
7.839491010000000371e-01 6.781714558601379395e-01
7.867879620000000074e-01 6.706277728080749512e-01
7.896268800000000310e-01 6.474921703338623047e-01
7.924658540000000251e-01 6.462222933769226074e-01
7.953048839999999897e-01 6.561515331268310547e-01
7.981439700000000359e-01 6.641100645065307617e-01
8.009831130000000243e-01 6.592513918876647949e-01
8.038223119999999833e-01 6.570216417312622070e-01
8.066615670000000238e-01 6.735837459564208984e-01
8.095008780000000348e-01 6.424524188041687012e-01
8.123402459999999881e-01 5.734591484069824219e-01
8.151796700000000229e-01 4.705661833286285400e-01
8.180191500000000282e-01 4.433354437351226807e-01
8.208586860000000041e-01 4.796708524227142334e-01
8.236982790000000332e-01 4.337266385555267334e-01
8.265379269999999501e-01 4.577141106128692627e-01
8.293776320000000313e-01 4.077878892421722412e-01
8.322173940000000547e-01 3.924918770790100098e-01
8.350572109999999659e-01 3.953953385353088379e-01
8.378970850000000414e-01 4.040789604187011719e-01
8.407370149999999764e-01 4.067868590354919434e-01
8.435770009999999930e-01 4.031600654125213623e-01
8.464170429999999801e-01 4.019473493099212646e-01
8.492571420000000204e-01 3.770022392272949219e-01
8.520972970000000313e-01 3.675294220447540283e-01
8.549375080000000127e-01 3.458336591720581055e-01
8.577777749999999646e-01 3.669114112854003906e-01
8.606180989999999698e-01 3.579265177249908447e-01
8.634584789999999455e-01 3.506944179534912109e-01
8.662989150000000027e-01 3.263682425022125244e-01
8.691394070000000305e-01 3.326256871223449707e-01
8.719799560000000005e-01 3.326130211353302002e-01
8.748205610000000521e-01 3.201241791248321533e-01
8.776612219999999631e-01 3.172879815101623535e-01
8.805019389999999557e-01 3.068665564060211182e-01
8.833427130000000016e-01 3.003222048282623291e-01
8.861835430000000180e-01 2.891016602516174316e-01
8.890244290000000049e-01 2.829033732414245605e-01
8.918653709999999624e-01 2.676928639411926270e-01
8.947063699999999731e-01 2.300359755754470825e-01
8.975474239999999826e-01 1.867755949497222900e-01
9.003885350000000454e-01 1.656532287597656250e-01
9.032297030000000504e-01 1.920275539159774780e-01
9.060709260000000542e-01 1.929158568382263184e-01
9.089122060000000003e-01 1.545502543449401855e-01
9.117535420000000279e-01 1.512341499328613281e-01
9.145949340000000261e-01 1.470385640859603882e-01
9.174363819999999947e-01 1.434444934129714966e-01
9.202778870000000166e-01 1.624659150838851929e-01
9.231194480000000091e-01 1.592785716056823730e-01
9.259610649999999721e-01 1.389701813459396362e-01
9.288027380000000166e-01 1.010785773396492004e-01
9.316444680000000034e-01 5.466768890619277954e-02
9.344862539999999607e-01 3.207137808203697205e-02
9.373280959999999995e-01 3.906331211328506470e-02
9.401699940000000089e-01 6.012854352593421936e-02
9.430119489999999605e-01 5.128051713109016418e-02
9.458539599999999936e-01 4.767191037535667419e-02
9.486960269999999973e-01 4.584639891982078552e-02
9.515381499999999715e-01 5.105514451861381531e-02
9.543803299999999989e-01 4.788289219141006470e-02
9.572225659999999969e-01 5.209565535187721252e-02
9.600648579999999654e-01 5.602100864052772522e-02
9.629072060000000155e-01 6.519174575805664062e-02
9.657496110000000078e-01 7.211743295192718506e-02
9.685920709999999989e-01 9.274919331073760986e-02
9.714345880000000433e-01 1.020594686269760132e-01
9.742771620000000299e-01 8.940142393112182617e-02
9.771197910000000153e-01 9.412379562854766846e-02
9.799624770000000540e-01 9.690164774656295776e-02
9.828052189999999522e-01 1.118009015917778015e-01
9.856480170000000429e-01 1.134507581591606140e-01
9.884908709999999932e-01 1.179732233285903931e-01
9.913337819999999967e-01 1.184738725423812866e-01
9.941767489999999707e-01 1.220099702477455139e-01
9.970197720000000263e-01 1.239065527915954590e-01
9.998628510000000524e-01 1.182468980550765991e-01
1.002705986999999910e+00 1.148101612925529480e-01
1.005549178999999960e+00 1.164700835943222046e-01
1.008392426999999980e+00 1.172787770628929138e-01
1.011235730999999971e+00 1.173034012317657471e-01
1.014079092000000015e+00 1.180791482329368591e-01
1.016922509000000030e+00 1.275245249271392822e-01
1.019765982000000015e+00 1.167581602931022644e-01
1.022609510999999971e+00 1.271716505289077759e-01
1.025453096999999980e+00 1.266791075468063354e-01
1.028296738999999960e+00 1.205146312713623047e-01
1.031140436999999910e+00 1.159355565905570984e-01
1.033984191000000052e+00 1.245862320065498352e-01
1.036828002000000026e+00 1.276118755340576172e-01
1.039671868000000110e+00 1.421932578086853027e-01
1.042515791000000025e+00 1.337324082851409912e-01
1.045359770999999993e+00 1.238587424159049988e-01
