3.615872339999999796e-01 1.324166059494018555e+00
3.644177160000000026e-01 1.439492344856262207e+00
3.672482539999999962e-01 1.573054313659667969e+00
3.700788480000000158e-01 1.568288564682006836e+00
3.729094980000000059e-01 1.436538815498352051e+00
3.757402049999999938e-01 1.494916915893554688e+00
3.785709680000000077e-01 1.633087873458862305e+00
3.814017869999999921e-01 1.448291182518005371e+00
3.842326620000000026e-01 1.305283665657043457e+00
3.870635940000000108e-01 1.435712337493896484e+00
3.898945819999999896e-01 1.601815819740295410e+00
3.927256259999999943e-01 1.410369753837585449e+00
3.955567260000000251e-01 1.426465034484863281e+00
3.983878829999999982e-01 1.788750171661376953e+00
4.012190950000000256e-01 2.253669023513793945e+00
4.040503639999999952e-01 2.243148565292358398e+00
4.068816900000000181e-01 2.177834272384643555e+00
4.097130709999999842e-01 2.256457567214965820e+00
4.125445090000000037e-01 2.326110601425170898e+00
4.153760029999999936e-01 2.331309556961059570e+00
4.182075530000000096e-01 2.289607286453247070e+00
4.210391589999999962e-01 2.269232511520385742e+00
4.238708219999999804e-01 2.248579978942871094e+00
4.267025409999999908e-01 2.208091259002685547e+00
4.295343160000000271e-01 2.001338958740234375e+00
4.323661469999999785e-01 2.107654571533203125e+00
4.351980349999999831e-01 2.311501502990722656e+00
4.380299790000000137e-01 2.337125301361083984e+00
4.408619790000000149e-01 2.413614988327026367e+00
4.436940349999999866e-01 2.556557178497314453e+00
4.465261480000000116e-01 2.565610647201538086e+00
4.493583170000000071e-01 2.720943689346313477e+00
4.521905419999999731e-01 2.722328901290893555e+00
4.550228230000000207e-01 2.711959600448608398e+00
4.578551610000000105e-01 2.752831697463989258e+00
4.606875550000000263e-01 2.769713878631591797e+00
4.635200050000000127e-01 2.806499481201171875e+00
4.663525110000000251e-01 2.743818044662475586e+00
4.691850739999999798e-01 2.730139255523681641e+00
4.720176919999999887e-01 2.769932031631469727e+00
4.748503669999999954e-01 2.816722393035888672e+00
4.776830989999999999e-01 2.825346231460571289e+00
4.805158860000000032e-01 2.898453712463378906e+00
4.833487300000000042e-01 2.868422746658325195e+00
4.861816299999999758e-01 2.655371189117431641e+00
4.890145859999999733e-01 2.756628513336181641e+00
4.918475979999999970e-01 2.831421852111816406e+00
4.946806670000000183e-01 2.881519079208374023e+00
4.975137920000000102e-01 2.896988868713378906e+00
5.003469729999999727e-01 2.822116851806640625e+00
5.031802100000000166e-01 2.814611673355102539e+00
5.060135040000000028e-01 2.893619060516357422e+00
5.088468539999999596e-01 2.906109571456909180e+00
5.116802599999999979e-01 2.934928894042968750e+00
5.145137220000000067e-01 2.870038032531738281e+00
5.173472409999999577e-01 2.727209329605102539e+00
5.201808159999999903e-01 2.849680662155151367e+00
5.230144469999999934e-01 2.973642349243164062e+00
5.258481339999999671e-01 2.968139886856079102e+00
5.286818779999999940e-01 3.018736362457275391e+00
5.315156779999999914e-01 3.108423948287963867e+00
5.343495339999999594e-01 3.098967313766479492e+00
5.371834460000000089e-01 3.140344858169555664e+00
5.400174150000000006e-01 3.082909822463989258e+00
5.428514389999999912e-01 3.096040964126586914e+00
5.456855200000000350e-01 3.164726972579956055e+00
5.485196580000000210e-01 3.166015386581420898e+00
5.513538510000000059e-01 3.195896863937377930e+00
5.541881010000000440e-01 3.218350172042846680e+00
5.570224070000000527e-01 3.189948320388793945e+00
5.598567690000000319e-01 3.145040512084960938e+00
5.626911869999999816e-01 3.198553800582885742e+00
5.655256619999999845e-01 3.189244270324707031e+00
5.683601929999999580e-01 3.160396099090576172e+00
5.711947800000000131e-01 3.122318029403686523e+00
5.740294230000000386e-01 3.168086528778076172e+00
5.768641230000000064e-01 3.133693933486938477e+00
5.796988789999999447e-01 3.147594451904296875e+00
5.825336909999999646e-01 3.213043212890625000e+00
5.853685589999999550e-01 3.166490077972412109e+00
5.882034839999999987e-01 2.960642814636230469e+00
5.910384650000000129e-01 2.811673402786254883e+00
5.938735019999999976e-01 2.868072032928466797e+00
5.967085949999999528e-01 2.846111297607421875e+00
5.995437449999999613e-01 2.807021141052246094e+00
6.023789510000000513e-01 2.756425857543945312e+00
6.052142130000000009e-01 2.762602806091308594e+00
6.080495310000000320e-01 2.726727008819580078e+00
6.108849060000000053e-01 2.637336730957031250e+00
6.137203359999999774e-01 2.541629076004028320e+00
6.165558230000000028e-01 2.532809257507324219e+00
6.193913669999999705e-01 2.586680650711059570e+00
6.222269660000000480e-01 2.580464124679565430e+00
6.250626219999999567e-01 2.511600494384765625e+00
6.278983339999999469e-01 2.443488836288452148e+00
6.307341020000000187e-01 2.423425197601318359e+00
6.335699259999999500e-01 2.445272207260131836e+00
6.364058070000000455e-01 2.468154191970825195e+00
6.392417440000000006e-01 2.476396560668945312e+00
6.420777370000000372e-01 2.442845344543457031e+00
6.449137860000000444e-01 2.407023429870605469e+00
6.477498919999999938e-01 2.295766592025756836e+00
6.505860540000000247e-01 2.289930582046508789e+00
6.534222720000000262e-01 2.275500059127807617e+00
6.562585459999999982e-01 2.083022594451904297e+00
6.590948770000000234e-01 2.173748254776000977e+00
6.619312640000000192e-01 2.233392477035522461e+00
6.647677069999999855e-01 2.202101230621337891e+00
6.676042060000000333e-01 2.181536436080932617e+00
6.704407620000000234e-01 2.161237955093383789e+00
6.732773739999999840e-01 2.135483026504516602e+00
6.761140420000000262e-01 2.116832733154296875e+00
6.789507660000000389e-01 2.105417966842651367e+00
6.817875469999999938e-01 2.080309391021728516e+00
6.846243829999999475e-01 2.008549928665161133e+00
6.874612759999999545e-01 1.675951004028320312e+00
6.902982260000000148e-01 1.696758508682250977e+00
6.931352309999999628e-01 1.720994949340820312e+00
6.959722929999999641e-01 1.730853080749511719e+00
6.988094110000000470e-01 1.707421302795410156e+00
7.016465849999999893e-01 1.607853889465332031e+00
7.044838150000000132e-01 1.593876123428344727e+00
7.073211019999999793e-01 1.555887699127197266e+00
7.101584450000000270e-01 1.493720889091491699e+00
7.129958440000000452e-01 1.393924713134765625e+00
7.158332990000000340e-01 1.180112361907958984e+00
7.186708109999999650e-01 8.560610413551330566e-01
7.215083789999999775e-01 8.718532323837280273e-01
7.243460029999999605e-01 7.968124151229858398e-01
7.271836830000000251e-01 7.161419391632080078e-01
7.300214200000000320e-01 6.706376671791076660e-01
7.328592130000000093e-01 6.859194040298461914e-01
7.356970619999999572e-01 6.766316890716552734e-01
7.385349669999999866e-01 6.574179530143737793e-01
7.413729289999999583e-01 6.572034358978271484e-01
7.442109470000000115e-01 6.755490899085998535e-01
7.470490210000000353e-01 6.643288731575012207e-01
7.498871510000000296e-01 6.547337770462036133e-01
7.527253379999999661e-01 6.472188234329223633e-01
7.555635800000000124e-01 6.453739404678344727e-01
7.584018790000000010e-01 5.309247374534606934e-01
7.612402350000000428e-01 2.494851350784301758e-01
7.640786459999999725e-01 2.986320853233337402e-01
7.669171139999999554e-01 4.805779755115509033e-01
7.697556380000000198e-01 5.870369672775268555e-01
7.725942180000000548e-01 6.089696288108825684e-01
7.754328539999999492e-01 6.072744131088256836e-01
7.782715470000000080e-01 6.113692522048950195e-01
7.811102960000000373e-01 6.069196462631225586e-01
7.839491010000000371e-01 6.062659025192260742e-01
7.867879620000000074e-01 6.021705269813537598e-01
7.896268800000000310e-01 5.881778001785278320e-01
7.924658540000000251e-01 5.856013894081115723e-01
7.953048839999999897e-01 5.882213115692138672e-01
7.981439700000000359e-01 5.941619277000427246e-01
8.009831130000000243e-01 5.864937305450439453e-01
8.038223119999999833e-01 5.887399315834045410e-01
8.066615670000000238e-01 5.995593070983886719e-01
8.095008780000000348e-01 5.775161385536193848e-01
8.123402459999999881e-01 5.158296227455139160e-01
8.151796700000000229e-01 4.214185178279876709e-01
8.180191500000000282e-01 3.992250561714172363e-01
8.208586860000000041e-01 4.264100193977355957e-01
8.236982790000000332e-01 3.888588249683380127e-01
8.265379269999999501e-01 4.066197276115417480e-01
8.293776320000000313e-01 3.660800457000732422e-01
8.322173940000000547e-01 3.493627011775970459e-01
8.350572109999999659e-01 3.560549318790435791e-01
8.378970850000000414e-01 3.648550808429718018e-01
8.407370149999999764e-01 3.680527210235595703e-01
8.435770009999999930e-01 3.629395365715026855e-01
8.464170429999999801e-01 3.606773912906646729e-01
8.492571420000000204e-01 3.394567072391510010e-01
8.520972970000000313e-01 3.264956176280975342e-01
8.549375080000000127e-01 3.082640767097473145e-01
8.577777749999999646e-01 3.288676738739013672e-01
8.606180989999999698e-01 3.249384462833404541e-01
8.634584789999999455e-01 3.209153413772583008e-01
8.662989150000000027e-01 2.941174805164337158e-01
8.691394070000000305e-01 2.985709309577941895e-01
8.719799560000000005e-01 2.982708811759948730e-01
8.748205610000000521e-01 2.890719473361968994e-01
8.776612219999999631e-01 2.854341566562652588e-01
8.805019389999999557e-01 2.763899564743041992e-01
8.833427130000000016e-01 2.696565985679626465e-01
8.861835430000000180e-01 2.586781084537506104e-01
8.890244290000000049e-01 2.553954720497131348e-01
8.918653709999999624e-01 2.372779697179794312e-01
8.947063699999999731e-01 2.070358693599700928e-01
8.975474239999999826e-01 1.629928797483444214e-01
9.003885350000000454e-01 1.504290848970413208e-01
9.032297030000000504e-01 1.693560183048248291e-01
9.060709260000000542e-01 1.690132170915603638e-01
9.089122060000000003e-01 1.378970891237258911e-01
9.117535420000000279e-01 1.405285596847534180e-01
9.145949340000000261e-01 1.290512681007385254e-01
9.174363819999999947e-01 1.310562789440155029e-01
9.202778870000000166e-01 1.441783607006072998e-01
9.231194480000000091e-01 1.381329894065856934e-01
9.259610649999999721e-01 1.290779411792755127e-01
9.288027380000000166e-01 9.436075389385223389e-02
9.316444680000000034e-01 5.337191000580787659e-02
9.344862539999999607e-01 3.099048696458339691e-02
9.373280959999999995e-01 3.381153196096420288e-02
9.401699940000000089e-01 5.240404605865478516e-02
9.430119489999999605e-01 4.521706327795982361e-02
9.458539599999999936e-01 4.215413331985473633e-02
9.486960269999999973e-01 4.396477714180946350e-02
9.515381499999999715e-01 4.249251261353492737e-02
9.543803299999999989e-01 4.513182863593101501e-02
9.572225659999999969e-01 4.904729127883911133e-02
9.600648579999999654e-01 5.136503651738166809e-02
9.629072060000000155e-01 5.919976159930229187e-02
9.657496110000000078e-01 6.309947371482849121e-02
9.685920709999999989e-01 8.204737305641174316e-02
9.714345880000000433e-01 8.662042021751403809e-02
9.742771620000000299e-01 7.813232392072677612e-02
9.771197910000000153e-01 8.424986153841018677e-02
9.799624770000000540e-01 8.497530966997146606e-02
9.828052189999999522e-01 9.685611724853515625e-02
9.856480170000000429e-01 1.024280935525894165e-01
9.884908709999999932e-01 1.069864928722381592e-01
9.913337819999999967e-01 1.023189723491668701e-01
9.941767489999999707e-01 1.108640953898429871e-01
9.970197720000000263e-01 1.061063930392265320e-01
9.998628510000000524e-01 1.155644804239273071e-01
1.002705986999999910e+00 1.051490753889083862e-01
1.005549178999999960e+00 1.030167043209075928e-01
1.008392426999999980e+00 1.058054864406585693e-01
1.011235730999999971e+00 1.027147248387336731e-01
1.014079092000000015e+00 1.063648387789726257e-01
1.016922509000000030e+00 1.088448092341423035e-01
1.019765982000000015e+00 1.073756963014602661e-01
1.022609510999999971e+00 9.954318404197692871e-02
1.025453096999999980e+00 1.060545518994331360e-01
1.028296738999999960e+00 1.007287055253982544e-01
1.031140436999999910e+00 1.101442575454711914e-01
1.033984191000000052e+00 1.068732663989067078e-01
1.036828002000000026e+00 1.184763535857200623e-01
1.039671868000000110e+00 1.130584329366683960e-01
1.042515791000000025e+00 1.147251576185226440e-01
1.045359770999999993e+00 1.267415434122085571e-01
