3.615872339999999796e-01 1.314693570137023926e+00
3.644177160000000026e-01 1.471693158149719238e+00
3.672482539999999962e-01 1.582482814788818359e+00
3.700788480000000158e-01 1.544217109680175781e+00
3.729094980000000059e-01 1.387283682823181152e+00
3.757402049999999938e-01 1.488436698913574219e+00
3.785709680000000077e-01 1.646486759185791016e+00
3.814017869999999921e-01 1.402669668197631836e+00
3.842326620000000026e-01 1.327885746955871582e+00
3.870635940000000108e-01 1.432595252990722656e+00
3.898945819999999896e-01 1.602429270744323730e+00
3.927256259999999943e-01 1.425409436225891113e+00
3.955567260000000251e-01 1.487735629081726074e+00
3.983878829999999982e-01 1.851905226707458496e+00
4.012190950000000256e-01 2.281039237976074219e+00
4.040503639999999952e-01 2.278377771377563477e+00
4.068816900000000181e-01 2.236088752746582031e+00
4.097130709999999842e-01 2.285366773605346680e+00
4.125445090000000037e-01 2.370072126388549805e+00
4.153760029999999936e-01 2.396594285964965820e+00
4.182075530000000096e-01 2.325575828552246094e+00
4.210391589999999962e-01 2.349262952804565430e+00
4.238708219999999804e-01 2.323178052902221680e+00
4.267025409999999908e-01 2.255376338958740234e+00
4.295343160000000271e-01 2.048556566238403320e+00
4.323661469999999785e-01 2.191797256469726562e+00
4.351980349999999831e-01 2.406096458435058594e+00
4.380299790000000137e-01 2.440113306045532227e+00
4.408619790000000149e-01 2.497888326644897461e+00
4.436940349999999866e-01 2.653887748718261719e+00
4.465261480000000116e-01 2.688380956649780273e+00
4.493583170000000071e-01 2.843750715255737305e+00
4.521905419999999731e-01 2.859150171279907227e+00
4.550228230000000207e-01 2.840065479278564453e+00
4.578551610000000105e-01 2.895291805267333984e+00
4.606875550000000263e-01 2.911716222763061523e+00
4.635200050000000127e-01 2.944214820861816406e+00
4.663525110000000251e-01 2.882034778594970703e+00
4.691850739999999798e-01 2.871779441833496094e+00
4.720176919999999887e-01 2.922562122344970703e+00
4.748503669999999954e-01 2.975569248199462891e+00
4.776830989999999999e-01 3.006714820861816406e+00
4.805158860000000032e-01 3.059530735015869141e+00
4.833487300000000042e-01 3.035448551177978516e+00
4.861816299999999758e-01 2.805878639221191406e+00
4.890145859999999733e-01 2.922018051147460938e+00
4.918475979999999970e-01 3.004674196243286133e+00
4.946806670000000183e-01 3.061986923217773438e+00
4.975137920000000102e-01 3.082485198974609375e+00
5.003469729999999727e-01 3.001901626586914062e+00
5.031802100000000166e-01 2.998304843902587891e+00
5.060135040000000028e-01 3.084101200103759766e+00
5.088468539999999596e-01 3.101272821426391602e+00
5.116802599999999979e-01 3.136322498321533203e+00
5.145137220000000067e-01 3.059930324554443359e+00
5.173472409999999577e-01 2.901371955871582031e+00
5.201808159999999903e-01 3.033328771591186523e+00
5.230144469999999934e-01 3.177780151367187500e+00
5.258481339999999671e-01 3.170944929122924805e+00
5.286818779999999940e-01 3.215635299682617188e+00
5.315156779999999914e-01 3.328777313232421875e+00
5.343495339999999594e-01 3.327092647552490234e+00
5.371834460000000089e-01 3.367211580276489258e+00
5.400174150000000006e-01 3.307343482971191406e+00
5.428514389999999912e-01 3.330957174301147461e+00
5.456855200000000350e-01 3.392023086547851562e+00
5.485196580000000210e-01 3.400793075561523438e+00
5.513538510000000059e-01 3.440985441207885742e+00
5.541881010000000440e-01 3.466554403305053711e+00
5.570224070000000527e-01 3.430063962936401367e+00
5.598567690000000319e-01 3.392199516296386719e+00
5.626911869999999816e-01 3.438901424407958984e+00
5.655256619999999845e-01 3.435489177703857422e+00
5.683601929999999580e-01 3.391859054565429688e+00
5.711947800000000131e-01 3.366831779479980469e+00
5.740294230000000386e-01 3.418176174163818359e+00
5.768641230000000064e-01 3.391061305999755859e+00
5.796988789999999447e-01 3.409986734390258789e+00
5.825336909999999646e-01 3.480686664581298828e+00
5.853685589999999550e-01 3.444683551788330078e+00
5.882034839999999987e-01 3.224970340728759766e+00
5.910384650000000129e-01 3.094008445739746094e+00
5.938735019999999976e-01 3.151591539382934570e+00
5.967085949999999528e-01 3.144917249679565430e+00
5.995437449999999613e-01 3.118998765945434570e+00
6.023789510000000513e-01 3.096436023712158203e+00
6.052142130000000009e-01 3.101257562637329102e+00
6.080495310000000320e-01 3.069889307022094727e+00
6.108849060000000053e-01 2.965511560440063477e+00
6.137203359999999774e-01 2.895464658737182617e+00
6.165558230000000028e-01 2.867322921752929688e+00
6.193913669999999705e-01 2.936356306076049805e+00
6.222269660000000480e-01 2.926884412765502930e+00
6.250626219999999567e-01 2.847887992858886719e+00
6.278983339999999469e-01 2.788230419158935547e+00
6.307341020000000187e-01 2.770209074020385742e+00
6.335699259999999500e-01 2.792919635772705078e+00
6.364058070000000455e-01 2.829950332641601562e+00
6.392417440000000006e-01 2.840115070343017578e+00
6.420777370000000372e-01 2.813574075698852539e+00
6.449137860000000444e-01 2.773403644561767578e+00
6.477498919999999938e-01 2.653261423110961914e+00
6.505860540000000247e-01 2.639069795608520508e+00
6.534222720000000262e-01 2.623629808425903320e+00
6.562585459999999982e-01 2.422673940658569336e+00
6.590948770000000234e-01 2.543581962585449219e+00
6.619312640000000192e-01 2.610703945159912109e+00
6.647677069999999855e-01 2.588196992874145508e+00
6.676042060000000333e-01 2.566635370254516602e+00
6.704407620000000234e-01 2.541609525680541992e+00
6.732773739999999840e-01 2.513277769088745117e+00
6.761140420000000262e-01 2.511120319366455078e+00
6.789507660000000389e-01 2.488788127899169922e+00
6.817875469999999938e-01 2.473237037658691406e+00
6.846243829999999475e-01 2.380541563034057617e+00
6.874612759999999545e-01 2.004972696304321289e+00
6.902982260000000148e-01 2.032200574874877930e+00
6.931352309999999628e-01 2.079548358917236328e+00
6.959722929999999641e-01 2.088675737380981445e+00
6.988094110000000470e-01 2.079414844512939453e+00
7.016465849999999893e-01 1.970557332038879395e+00
7.044838150000000132e-01 1.983117699623107910e+00
7.073211019999999793e-01 1.947914004325866699e+00
7.101584450000000270e-01 1.889944195747375488e+00
7.129958440000000452e-01 1.782812595367431641e+00
7.158332990000000340e-01 1.519619703292846680e+00
7.186708109999999650e-01 1.115139365196228027e+00
7.215083789999999775e-01 1.142873644828796387e+00
7.243460029999999605e-01 1.056645631790161133e+00
7.271836830000000251e-01 9.601731896400451660e-01
7.300214200000000320e-01 9.044008255004882812e-01
7.328592130000000093e-01 9.232495427131652832e-01
7.356970619999999572e-01 9.179576635360717773e-01
7.385349669999999866e-01 8.991623520851135254e-01
7.413729289999999583e-01 9.053009748458862305e-01
7.442109470000000115e-01 9.187440872192382812e-01
7.470490210000000353e-01 9.217153191566467285e-01
7.498871510000000296e-01 8.991186022758483887e-01
7.527253379999999661e-01 8.944545984268188477e-01
7.555635800000000124e-01 8.802568316459655762e-01
7.584018790000000010e-01 7.288895249366760254e-01
7.612402350000000428e-01 3.421325087547302246e-01
7.640786459999999725e-01 4.097747802734375000e-01
7.669171139999999554e-01 6.593556404113769531e-01
7.697556380000000198e-01 8.149735331535339355e-01
7.725942180000000548e-01 8.449345827102661133e-01
7.754328539999999492e-01 8.484995961189270020e-01
7.782715470000000080e-01 8.501098752021789551e-01
7.811102960000000373e-01 8.522545099258422852e-01
7.839491010000000371e-01 8.532815575599670410e-01
7.867879620000000074e-01 8.462419509887695312e-01
7.896268800000000310e-01 8.234474062919616699e-01
7.924658540000000251e-01 8.196026682853698730e-01
7.953048839999999897e-01 8.290300965309143066e-01
7.981439700000000359e-01 8.397337794303894043e-01
8.009831130000000243e-01 8.314324021339416504e-01
8.038223119999999833e-01 8.344170451164245605e-01
8.066615670000000238e-01 8.504900336265563965e-01
8.095008780000000348e-01 8.147306442260742188e-01
8.123402459999999881e-01 7.316849231719970703e-01
8.151796700000000229e-01 6.016019582748413086e-01
8.180191500000000282e-01 5.609327554702758789e-01
8.208586860000000041e-01 6.059614419937133789e-01
8.236982790000000332e-01 5.516564846038818359e-01
8.265379269999999501e-01 5.727794170379638672e-01
8.293776320000000313e-01 5.116882324218750000e-01
8.322173940000000547e-01 4.959013462066650391e-01
8.350572109999999659e-01 4.943498969078063965e-01
8.378970850000000414e-01 5.113084912300109863e-01
8.407370149999999764e-01 5.180727839469909668e-01
8.435770009999999930e-01 5.036142468452453613e-01
8.464170429999999801e-01 5.055379271507263184e-01
8.492571420000000204e-01 4.793764650821685791e-01
8.520972970000000313e-01 4.598386287689208984e-01
8.549375080000000127e-01 4.322083592414855957e-01
8.577777749999999646e-01 4.594315290451049805e-01
8.606180989999999698e-01 4.571757912635803223e-01
8.634584789999999455e-01 4.447067081928253174e-01
8.662989150000000027e-01 4.078505039215087891e-01
8.691394070000000305e-01 4.231297969818115234e-01
8.719799560000000005e-01 4.153493344783782959e-01
8.748205610000000521e-01 4.056389033794403076e-01
8.776612219999999631e-01 3.954773843288421631e-01
8.805019389999999557e-01 3.777274787425994873e-01
8.833427130000000016e-01 3.771422207355499268e-01
8.861835430000000180e-01 3.605868518352508545e-01
8.890244290000000049e-01 3.524774312973022461e-01
8.918653709999999624e-01 3.350270390510559082e-01
8.947063699999999731e-01 2.783942818641662598e-01
8.975474239999999826e-01 2.232180833816528320e-01
9.003885350000000454e-01 2.028517574071884155e-01
9.032297030000000504e-01 2.309652119874954224e-01
9.060709260000000542e-01 2.326761782169342041e-01
9.089122060000000003e-01 1.937173753976821899e-01
9.117535420000000279e-01 1.902505010366439819e-01
9.145949340000000261e-01 1.743011027574539185e-01
9.174363819999999947e-01 1.737490296363830566e-01
9.202778870000000166e-01 1.986904740333557129e-01
9.231194480000000091e-01 1.849974691867828369e-01
9.259610649999999721e-01 1.706781685352325439e-01
9.288027380000000166e-01 1.241575032472610474e-01
9.316444680000000034e-01 6.588152050971984863e-02
9.344862539999999607e-01 3.702415898442268372e-02
9.373280959999999995e-01 4.057665169239044189e-02
9.401699940000000089e-01 6.504102051258087158e-02
9.430119489999999605e-01 5.400209873914718628e-02
9.458539599999999936e-01 5.165478959679603577e-02
9.486960269999999973e-01 5.510803312063217163e-02
9.515381499999999715e-01 5.237190425395965576e-02
9.543803299999999989e-01 5.559495463967323303e-02
9.572225659999999969e-01 6.221066042780876160e-02
9.600648579999999654e-01 6.486542522907257080e-02
9.629072060000000155e-01 7.535541802644729614e-02
9.657496110000000078e-01 8.211484551429748535e-02
9.685920709999999989e-01 1.080301105976104736e-01
9.714345880000000433e-01 1.164677441120147705e-01
9.742771620000000299e-01 9.870366752147674561e-02
9.771197910000000153e-01 1.006934717297554016e-01
9.799624770000000540e-01 1.109702885150909424e-01
9.828052189999999522e-01 1.251371949911117554e-01
9.856480170000000429e-01 1.260893791913986206e-01
9.884908709999999932e-01 1.368370205163955688e-01
9.913337819999999967e-01 1.339145898818969727e-01
9.941767489999999707e-01 1.381063759326934814e-01
9.970197720000000263e-01 1.382334381341934204e-01
9.998628510000000524e-01 1.415314376354217529e-01
1.002705986999999910e+00 1.334555447101593018e-01
1.005549178999999960e+00 1.316882073879241943e-01
1.008392426999999980e+00 1.392945498228073120e-01
1.011235730999999971e+00 1.343317329883575439e-01
1.014079092000000015e+00 1.433848738670349121e-01
1.016922509000000030e+00 1.441393941640853882e-01
1.019765982000000015e+00 1.447131633758544922e-01
1.022609510999999971e+00 1.460914313793182373e-01
1.025453096999999980e+00 1.440564543008804321e-01
1.028296738999999960e+00 1.425036489963531494e-01
1.031140436999999910e+00 1.334814876317977905e-01
1.033984191000000052e+00 1.484703868627548218e-01
1.036828002000000026e+00 1.564862281084060669e-01
1.039671868000000110e+00 1.428492367267608643e-01
1.042515791000000025e+00 1.507542878389358521e-01
1.045359770999999993e+00 1.496651917695999146e-01
