3.615872339999999796e-01 1.383870840072631836e+00
3.644177160000000026e-01 1.487056493759155273e+00
3.672482539999999962e-01 1.561808943748474121e+00
3.700788480000000158e-01 1.597172498703002930e+00
3.729094980000000059e-01 1.445831656455993652e+00
3.757402049999999938e-01 1.484870433807373047e+00
3.785709680000000077e-01 1.677670001983642578e+00
3.814017869999999921e-01 1.437634229660034180e+00
3.842326620000000026e-01 1.299828410148620605e+00
3.870635940000000108e-01 1.451119065284729004e+00
3.898945819999999896e-01 1.615009665489196777e+00
3.927256259999999943e-01 1.411672830581665039e+00
3.955567260000000251e-01 1.452249050140380859e+00
3.983878829999999982e-01 1.833010315895080566e+00
4.012190950000000256e-01 2.269744157791137695e+00
4.040503639999999952e-01 2.268372535705566406e+00
4.068816900000000181e-01 2.244239330291748047e+00
4.097130709999999842e-01 2.283199071884155273e+00
4.125445090000000037e-01 2.383472919464111328e+00
4.153760029999999936e-01 2.384664297103881836e+00
4.182075530000000096e-01 2.349171876907348633e+00
4.210391589999999962e-01 2.335129737854003906e+00
4.238708219999999804e-01 2.306047439575195312e+00
4.267025409999999908e-01 2.257449388504028320e+00
4.295343160000000271e-01 2.053036451339721680e+00
4.323661469999999785e-01 2.187405347824096680e+00
4.351980349999999831e-01 2.379296779632568359e+00
4.380299790000000137e-01 2.405911207199096680e+00
4.408619790000000149e-01 2.486972332000732422e+00
4.436940349999999866e-01 2.633872032165527344e+00
4.465261480000000116e-01 2.671343088150024414e+00
4.493583170000000071e-01 2.819077730178833008e+00
4.521905419999999731e-01 2.837592601776123047e+00
4.550228230000000207e-01 2.814012765884399414e+00
4.578551610000000105e-01 2.860670089721679688e+00
4.606875550000000263e-01 2.900843620300292969e+00
4.635200050000000127e-01 2.920026302337646484e+00
4.663525110000000251e-01 2.854566812515258789e+00
4.691850739999999798e-01 2.851764440536499023e+00
4.720176919999999887e-01 2.897082328796386719e+00
4.748503669999999954e-01 2.922747611999511719e+00
4.776830989999999999e-01 2.961892843246459961e+00
4.805158860000000032e-01 3.041700363159179688e+00
4.833487300000000042e-01 3.017402648925781250e+00
4.861816299999999758e-01 2.769363641738891602e+00
4.890145859999999733e-01 2.893384218215942383e+00
4.918475979999999970e-01 2.966125965118408203e+00
4.946806670000000183e-01 3.024739980697631836e+00
4.975137920000000102e-01 3.040523052215576172e+00
5.003469729999999727e-01 2.961026191711425781e+00
5.031802100000000166e-01 2.942193746566772461e+00
5.060135040000000028e-01 3.042097806930541992e+00
5.088468539999999596e-01 3.054269790649414062e+00
5.116802599999999979e-01 3.081319808959960938e+00
5.145137220000000067e-01 3.018885612487792969e+00
5.173472409999999577e-01 2.866098403930664062e+00
5.201808159999999903e-01 2.979511499404907227e+00
5.230144469999999934e-01 3.125767707824707031e+00
5.258481339999999671e-01 3.117907524108886719e+00
5.286818779999999940e-01 3.167597532272338867e+00
5.315156779999999914e-01 3.269819021224975586e+00
5.343495339999999594e-01 3.253885746002197266e+00
5.371834460000000089e-01 3.290925264358520508e+00
5.400174150000000006e-01 3.238017082214355469e+00
5.428514389999999912e-01 3.265263080596923828e+00
5.456855200000000350e-01 3.325962781906127930e+00
5.485196580000000210e-01 3.328364133834838867e+00
5.513538510000000059e-01 3.366119146347045898e+00
5.541881010000000440e-01 3.383255243301391602e+00
5.570224070000000527e-01 3.347893476486206055e+00
5.598567690000000319e-01 3.303996562957763672e+00
5.626911869999999816e-01 3.371434450149536133e+00
5.655256619999999845e-01 3.350761175155639648e+00
5.683601929999999580e-01 3.324386119842529297e+00
5.711947800000000131e-01 3.292374134063720703e+00
5.740294230000000386e-01 3.338268518447875977e+00
5.768641230000000064e-01 3.297159194946289062e+00
5.796988789999999447e-01 3.319028139114379883e+00
5.825336909999999646e-01 3.387718915939331055e+00
5.853685589999999550e-01 3.345748424530029297e+00
5.882034839999999987e-01 3.128735542297363281e+00
5.910384650000000129e-01 2.984448909759521484e+00
5.938735019999999976e-01 3.032926559448242188e+00
5.967085949999999528e-01 3.014839887619018555e+00
5.995437449999999613e-01 2.977292060852050781e+00
6.023789510000000513e-01 2.934944391250610352e+00
6.052142130000000009e-01 2.945965051651000977e+00
6.080495310000000320e-01 2.885806322097778320e+00
6.108849060000000053e-01 2.798796176910400391e+00
6.137203359999999774e-01 2.721671581268310547e+00
6.165558230000000028e-01 2.699709653854370117e+00
6.193913669999999705e-01 2.757042407989501953e+00
6.222269660000000480e-01 2.757277250289916992e+00
6.250626219999999567e-01 2.683048248291015625e+00
6.278983339999999469e-01 2.610794544219970703e+00
6.307341020000000187e-01 2.600744485855102539e+00
6.335699259999999500e-01 2.620489358901977539e+00
6.364058070000000455e-01 2.645693302154541016e+00
6.392417440000000006e-01 2.650239467620849609e+00
6.420777370000000372e-01 2.624994516372680664e+00
6.449137860000000444e-01 2.592751502990722656e+00
6.477498919999999938e-01 2.460261583328247070e+00
6.505860540000000247e-01 2.460584402084350586e+00
6.534222720000000262e-01 2.435752630233764648e+00
6.562585459999999982e-01 2.242418289184570312e+00
6.590948770000000234e-01 2.356049299240112305e+00
6.619312640000000192e-01 2.406176090240478516e+00
6.647677069999999855e-01 2.386319637298583984e+00
6.676042060000000333e-01 2.376495361328125000e+00
6.704407620000000234e-01 2.341433286666870117e+00
6.732773739999999840e-01 2.319586277008056641e+00
6.761140420000000262e-01 2.302778959274291992e+00
6.789507660000000389e-01 2.278143882751464844e+00
6.817875469999999938e-01 2.256851673126220703e+00
6.846243829999999475e-01 2.164345741271972656e+00
6.874612759999999545e-01 1.826259136199951172e+00
6.902982260000000148e-01 1.834970235824584961e+00
6.931352309999999628e-01 1.871925473213195801e+00
6.959722929999999641e-01 1.884729146957397461e+00
6.988094110000000470e-01 1.856893301010131836e+00
7.016465849999999893e-01 1.758293509483337402e+00
7.044838150000000132e-01 1.741882443428039551e+00
7.073211019999999793e-01 1.708036541938781738e+00
7.101584450000000270e-01 1.643787860870361328e+00
7.129958440000000452e-01 1.541436553001403809e+00
7.158332990000000340e-01 1.308452486991882324e+00
7.186708109999999650e-01 9.466055631637573242e-01
7.215083789999999775e-01 9.748911857604980469e-01
7.243460029999999605e-01 8.805801868438720703e-01
7.271836830000000251e-01 8.014012575149536133e-01
7.300214200000000320e-01 7.520255446434020996e-01
7.328592130000000093e-01 7.663261890411376953e-01
7.356970619999999572e-01 7.636136412620544434e-01
7.385349669999999866e-01 7.425386905670166016e-01
7.413729289999999583e-01 7.430092096328735352e-01
7.442109470000000115e-01 7.521214485168457031e-01
7.470490210000000353e-01 7.447660565376281738e-01
7.498871510000000296e-01 7.394483089447021484e-01
7.527253379999999661e-01 7.301173806190490723e-01
7.555635800000000124e-01 7.176528573036193848e-01
7.584018790000000010e-01 5.935955047607421875e-01
7.612402350000000428e-01 2.810785472393035889e-01
7.640786459999999725e-01 3.381457328796386719e-01
7.669171139999999554e-01 5.430211424827575684e-01
7.697556380000000198e-01 6.588175296783447266e-01
7.725942180000000548e-01 6.867820620536804199e-01
7.754328539999999492e-01 6.907071471214294434e-01
7.782715470000000080e-01 6.905301213264465332e-01
7.811102960000000373e-01 6.897644996643066406e-01
7.839491010000000371e-01 6.856294274330139160e-01
7.867879620000000074e-01 6.777911782264709473e-01
7.896268800000000310e-01 6.620941758155822754e-01
7.924658540000000251e-01 6.593373417854309082e-01
7.953048839999999897e-01 6.677501201629638672e-01
7.981439700000000359e-01 6.720583438873291016e-01
8.009831130000000243e-01 6.679863929748535156e-01
8.038223119999999833e-01 6.610128879547119141e-01
8.066615670000000238e-01 6.800352931022644043e-01
8.095008780000000348e-01 6.507160663604736328e-01
8.123402459999999881e-01 5.819879174232482910e-01
8.151796700000000229e-01 4.786532819271087646e-01
8.180191500000000282e-01 4.507663249969482422e-01
8.208586860000000041e-01 4.843649268150329590e-01
8.236982790000000332e-01 4.452883005142211914e-01
8.265379269999999501e-01 4.566504061222076416e-01
8.293776320000000313e-01 4.101858735084533691e-01
8.322173940000000547e-01 4.012908637523651123e-01
8.350572109999999659e-01 4.071711003780364990e-01
8.378970850000000414e-01 4.181237518787384033e-01
8.407370149999999764e-01 4.182822406291961670e-01
8.435770009999999930e-01 4.105128645896911621e-01
8.464170429999999801e-01 4.065330028533935547e-01
8.492571420000000204e-01 3.921314775943756104e-01
8.520972970000000313e-01 3.767302036285400391e-01
8.549375080000000127e-01 3.549483418464660645e-01
8.577777749999999646e-01 3.814983367919921875e-01
8.606180989999999698e-01 3.686968684196472168e-01
8.634584789999999455e-01 3.671283423900604248e-01
8.662989150000000027e-01 3.356378376483917236e-01
8.691394070000000305e-01 3.456330299377441406e-01
8.719799560000000005e-01 3.397373855113983154e-01
8.748205610000000521e-01 3.301314413547515869e-01
8.776612219999999631e-01 3.257604539394378662e-01
8.805019389999999557e-01 3.145613372325897217e-01
8.833427130000000016e-01 3.059009015560150146e-01
8.861835430000000180e-01 2.996870577335357666e-01
8.890244290000000049e-01 2.898408174514770508e-01
8.918653709999999624e-01 2.723922729492187500e-01
8.947063699999999731e-01 2.322032749652862549e-01
8.975474239999999826e-01 1.867063939571380615e-01
9.003885350000000454e-01 1.689219325780868530e-01
9.032297030000000504e-01 1.932828277349472046e-01
9.060709260000000542e-01 1.958738565444946289e-01
9.089122060000000003e-01 1.555807888507843018e-01
9.117535420000000279e-01 1.556503027677536011e-01
9.145949340000000261e-01 1.469675600528717041e-01
9.174363819999999947e-01 1.450596451759338379e-01
9.202778870000000166e-01 1.719151139259338379e-01
9.231194480000000091e-01 1.611979156732559204e-01
9.259610649999999721e-01 1.462628841400146484e-01
9.288027380000000166e-01 1.039481982588768005e-01
9.316444680000000034e-01 5.768118798732757568e-02
9.344862539999999607e-01 3.387553244829177856e-02
9.373280959999999995e-01 3.641848266124725342e-02
9.401699940000000089e-01 5.834716930985450745e-02
9.430119489999999605e-01 5.030276253819465637e-02
9.458539599999999936e-01 4.188669472932815552e-02
9.486960269999999973e-01 4.872377216815948486e-02
9.515381499999999715e-01 5.084655433893203735e-02
9.543803299999999989e-01 5.113328248262405396e-02
9.572225659999999969e-01 5.407455563545227051e-02
9.600648579999999654e-01 5.735260993242263794e-02
9.629072060000000155e-01 6.393811106681823730e-02
9.657496110000000078e-01 7.512337714433670044e-02
9.685920709999999989e-01 9.466083347797393799e-02
9.714345880000000433e-01 1.041505113244056702e-01
9.742771620000000299e-01 9.352222830057144165e-02
9.771197910000000153e-01 9.021975100040435791e-02
9.799624770000000540e-01 9.887233376502990723e-02
9.828052189999999522e-01 1.091083958745002747e-01
9.856480170000000429e-01 1.224787607789039612e-01
9.884908709999999932e-01 1.221449002623558044e-01
9.913337819999999967e-01 1.256564110517501831e-01
9.941767489999999707e-01 1.236678808927536011e-01
9.970197720000000263e-01 1.268880963325500488e-01
9.998628510000000524e-01 1.241941154003143311e-01
1.002705986999999910e+00 1.251628845930099487e-01
1.005549178999999960e+00 1.188692077994346619e-01
1.008392426999999980e+00 1.256413161754608154e-01
1.011235730999999971e+00 1.241065263748168945e-01
1.014079092000000015e+00 1.208981648087501526e-01
1.016922509000000030e+00 1.208858788013458252e-01
1.019765982000000015e+00 1.234013959765434265e-01
1.022609510999999971e+00 1.223335936665534973e-01
1.025453096999999980e+00 1.308805048465728760e-01
1.028296738999999960e+00 1.258250772953033447e-01
1.031140436999999910e+00 1.315712481737136841e-01
1.033984191000000052e+00 1.281765401363372803e-01
1.036828002000000026e+00 1.316513121128082275e-01
1.039671868000000110e+00 1.247327923774719238e-01
1.042515791000000025e+00 1.349899321794509888e-01
1.045359770999999993e+00 1.204139962792396545e-01
