3.615872339999999796e-01 1.253647327423095703e+00
3.644177160000000026e-01 1.460720419883728027e+00
3.672482539999999962e-01 1.608446359634399414e+00
3.700788480000000158e-01 1.565646290779113770e+00
3.729094980000000059e-01 1.437855720520019531e+00
3.757402049999999938e-01 1.500428318977355957e+00
3.785709680000000077e-01 1.636772155761718750e+00
3.814017869999999921e-01 1.433908581733703613e+00
3.842326620000000026e-01 1.333418607711791992e+00
3.870635940000000108e-01 1.442895770072937012e+00
3.898945819999999896e-01 1.608449220657348633e+00
3.927256259999999943e-01 1.442736744880676270e+00
3.955567260000000251e-01 1.454262375831604004e+00
3.983878829999999982e-01 1.844487071037292480e+00
4.012190950000000256e-01 2.280404806137084961e+00
4.040503639999999952e-01 2.264245510101318359e+00
4.068816900000000181e-01 2.226158380508422852e+00
4.097130709999999842e-01 2.281011819839477539e+00
4.125445090000000037e-01 2.388997077941894531e+00
4.153760029999999936e-01 2.405254602432250977e+00
4.182075530000000096e-01 2.355053663253784180e+00
4.210391589999999962e-01 2.358504056930541992e+00
4.238708219999999804e-01 2.335634946823120117e+00
4.267025409999999908e-01 2.264226436614990234e+00
4.295343160000000271e-01 2.069652557373046875e+00
4.323661469999999785e-01 2.192187070846557617e+00
4.351980349999999831e-01 2.400408029556274414e+00
4.380299790000000137e-01 2.426647663116455078e+00
4.408619790000000149e-01 2.512986183166503906e+00
4.436940349999999866e-01 2.659536838531494141e+00
4.465261480000000116e-01 2.674493789672851562e+00
4.493583170000000071e-01 2.849988460540771484e+00
4.521905419999999731e-01 2.861278533935546875e+00
4.550228230000000207e-01 2.846371173858642578e+00
4.578551610000000105e-01 2.888175964355468750e+00
4.606875550000000263e-01 2.921931505203247070e+00
4.635200050000000127e-01 2.943923473358154297e+00
4.663525110000000251e-01 2.883179187774658203e+00
4.691850739999999798e-01 2.881532430648803711e+00
4.720176919999999887e-01 2.915820121765136719e+00
4.748503669999999954e-01 2.962978839874267578e+00
4.776830989999999999e-01 2.994667768478393555e+00
4.805158860000000032e-01 3.069999217987060547e+00
4.833487300000000042e-01 3.032930850982666016e+00
4.861816299999999758e-01 2.802584648132324219e+00
4.890145859999999733e-01 2.920883893966674805e+00
4.918475979999999970e-01 3.011073827743530273e+00
4.946806670000000183e-01 3.067214965820312500e+00
4.975137920000000102e-01 3.080470800399780273e+00
5.003469729999999727e-01 3.000411748886108398e+00
5.031802100000000166e-01 2.997076272964477539e+00
5.060135040000000028e-01 3.074169874191284180e+00
5.088468539999999596e-01 3.097601652145385742e+00
5.116802599999999979e-01 3.128183603286743164e+00
5.145137220000000067e-01 3.053483486175537109e+00
5.173472409999999577e-01 2.901610136032104492e+00
5.201808159999999903e-01 3.034795761108398438e+00
5.230144469999999934e-01 3.165429830551147461e+00
5.258481339999999671e-01 3.168092250823974609e+00
5.286818779999999940e-01 3.213114976882934570e+00
5.315156779999999914e-01 3.323891162872314453e+00
5.343495339999999594e-01 3.312424659729003906e+00
5.371834460000000089e-01 3.358951807022094727e+00
5.400174150000000006e-01 3.300298213958740234e+00
5.428514389999999912e-01 3.326059341430664062e+00
5.456855200000000350e-01 3.387107372283935547e+00
5.485196580000000210e-01 3.398113250732421875e+00
5.513538510000000059e-01 3.437067508697509766e+00
5.541881010000000440e-01 3.463004350662231445e+00
5.570224070000000527e-01 3.418737649917602539e+00
5.598567690000000319e-01 3.382656097412109375e+00
5.626911869999999816e-01 3.428999662399291992e+00
5.655256619999999845e-01 3.423831224441528320e+00
5.683601929999999580e-01 3.396829128265380859e+00
5.711947800000000131e-01 3.356247663497924805e+00
5.740294230000000386e-01 3.407355308532714844e+00
5.768641230000000064e-01 3.370445251464843750e+00
5.796988789999999447e-01 3.393605709075927734e+00
5.825336909999999646e-01 3.474246740341186523e+00
5.853685589999999550e-01 3.441339254379272461e+00
5.882034839999999987e-01 3.219588279724121094e+00
5.910384650000000129e-01 3.077647209167480469e+00
5.938735019999999976e-01 3.138539791107177734e+00
5.967085949999999528e-01 3.139343976974487305e+00
5.995437449999999613e-01 3.102933645248413086e+00
6.023789510000000513e-01 3.077605247497558594e+00
6.052142130000000009e-01 3.087884664535522461e+00
6.080495310000000320e-01 3.048100471496582031e+00
6.108849060000000053e-01 2.945421218872070312e+00
6.137203359999999774e-01 2.866343259811401367e+00
6.165558230000000028e-01 2.845857381820678711e+00
6.193913669999999705e-01 2.919291257858276367e+00
6.222269660000000480e-01 2.902335405349731445e+00
6.250626219999999567e-01 2.838358402252197266e+00
6.278983339999999469e-01 2.761924982070922852e+00
6.307341020000000187e-01 2.750355720520019531e+00
6.335699259999999500e-01 2.781783819198608398e+00
6.364058070000000455e-01 2.815734386444091797e+00
6.392417440000000006e-01 2.820005178451538086e+00
6.420777370000000372e-01 2.790581464767456055e+00
6.449137860000000444e-01 2.747125387191772461e+00
6.477498919999999938e-01 2.632072925567626953e+00
6.505860540000000247e-01 2.615710735321044922e+00
6.534222720000000262e-01 2.617987871170043945e+00
6.562585459999999982e-01 2.402058362960815430e+00
6.590948770000000234e-01 2.523371219635009766e+00
6.619312640000000192e-01 2.591791629791259766e+00
6.647677069999999855e-01 2.571323156356811523e+00
6.676042060000000333e-01 2.547963142395019531e+00
6.704407620000000234e-01 2.518576860427856445e+00
6.732773739999999840e-01 2.493913888931274414e+00
6.761140420000000262e-01 2.485819816589355469e+00
6.789507660000000389e-01 2.466259717941284180e+00
6.817875469999999938e-01 2.446697473526000977e+00
6.846243829999999475e-01 2.359018564224243164e+00
6.874612759999999545e-01 1.987555861473083496e+00
6.902982260000000148e-01 2.012099981307983398e+00
6.931352309999999628e-01 2.052229881286621094e+00
6.959722929999999641e-01 2.067791223526000977e+00
6.988094110000000470e-01 2.051963090896606445e+00
7.016465849999999893e-01 1.952871084213256836e+00
7.044838150000000132e-01 1.951533675193786621e+00
7.073211019999999793e-01 1.917929649353027344e+00
7.101584450000000270e-01 1.855682849884033203e+00
7.129958440000000452e-01 1.758188247680664062e+00
7.158332990000000340e-01 1.490176320075988770e+00
7.186708109999999650e-01 1.094399690628051758e+00
7.215083789999999775e-01 1.128238558769226074e+00
7.243460029999999605e-01 1.033026814460754395e+00
7.271836830000000251e-01 9.477656483650207520e-01
7.300214200000000320e-01 8.911575675010681152e-01
7.328592130000000093e-01 9.049015045166015625e-01
7.356970619999999572e-01 9.003714919090270996e-01
7.385349669999999866e-01 8.800464868545532227e-01
7.413729289999999583e-01 8.829840421676635742e-01
7.442109470000000115e-01 8.990634083747863770e-01
7.470490210000000353e-01 8.956327438354492188e-01
7.498871510000000296e-01 8.858505487442016602e-01
7.527253379999999661e-01 8.721477985382080078e-01
7.555635800000000124e-01 8.688678741455078125e-01
7.584018790000000010e-01 7.075492739677429199e-01
7.612402350000000428e-01 3.355304896831512451e-01
7.640786459999999725e-01 4.053017497062683105e-01
7.669171139999999554e-01 6.576026082038879395e-01
7.697556380000000198e-01 7.932735681533813477e-01
7.725942180000000548e-01 8.261632919311523438e-01
7.754328539999999492e-01 8.292214274406433105e-01
7.782715470000000080e-01 8.312745690345764160e-01
7.811102960000000373e-01 8.308187723159790039e-01
7.839491010000000371e-01 8.329280018806457520e-01
7.867879620000000074e-01 8.233779072761535645e-01
7.896268800000000310e-01 8.039361834526062012e-01
7.924658540000000251e-01 8.054430484771728516e-01
7.953048839999999897e-01 8.100565671920776367e-01
7.981439700000000359e-01 8.184124231338500977e-01
8.009831130000000243e-01 8.108786344528198242e-01
8.038223119999999833e-01 8.157522082328796387e-01
8.066615670000000238e-01 8.251724839210510254e-01
8.095008780000000348e-01 8.005760312080383301e-01
8.123402459999999881e-01 7.098940610885620117e-01
8.151796700000000229e-01 5.816485285758972168e-01
8.180191500000000282e-01 5.492959022521972656e-01
8.208586860000000041e-01 5.870808362960815430e-01
8.236982790000000332e-01 5.442960262298583984e-01
8.265379269999999501e-01 5.627592802047729492e-01
8.293776320000000313e-01 5.002924799919128418e-01
8.322173940000000547e-01 4.831582605838775635e-01
8.350572109999999659e-01 4.900628328323364258e-01
8.378970850000000414e-01 5.024040341377258301e-01
8.407370149999999764e-01 4.989270269870758057e-01
8.435770009999999930e-01 5.002835988998413086e-01
8.464170429999999801e-01 4.939426481723785400e-01
8.492571420000000204e-01 4.703516662120819092e-01
8.520972970000000313e-01 4.498243927955627441e-01
8.549375080000000127e-01 4.265992343425750732e-01
8.577777749999999646e-01 4.569223523139953613e-01
8.606180989999999698e-01 4.460988938808441162e-01
8.634584789999999455e-01 4.448179602622985840e-01
8.662989150000000027e-01 4.035252630710601807e-01
8.691394070000000305e-01 4.168127477169036865e-01
8.719799560000000005e-01 4.107156395912170410e-01
8.748205610000000521e-01 3.960630595684051514e-01
8.776612219999999631e-01 3.883004486560821533e-01
8.805019389999999557e-01 3.771252930164337158e-01
8.833427130000000016e-01 3.681065738201141357e-01
8.861835430000000180e-01 3.560492992401123047e-01
8.890244290000000049e-01 3.520994186401367188e-01
8.918653709999999624e-01 3.297793567180633545e-01
8.947063699999999731e-01 2.773557305335998535e-01
8.975474239999999826e-01 2.226957082748413086e-01
9.003885350000000454e-01 2.030545473098754883e-01
9.032297030000000504e-01 2.295094579458236694e-01
9.060709260000000542e-01 2.297173142433166504e-01
9.089122060000000003e-01 1.899977922439575195e-01
9.117535420000000279e-01 1.883004009723663330e-01
9.145949340000000261e-01 1.764199882745742798e-01
9.174363819999999947e-01 1.708378791809082031e-01
9.202778870000000166e-01 1.977900266647338867e-01
9.231194480000000091e-01 1.834887266159057617e-01
9.259610649999999721e-01 1.688042730093002319e-01
9.288027380000000166e-01 1.204410195350646973e-01
9.316444680000000034e-01 6.711494922637939453e-02
9.344862539999999607e-01 4.080898314714431763e-02
9.373280959999999995e-01 4.329892620444297791e-02
9.401699940000000089e-01 6.736425310373306274e-02
9.430119489999999605e-01 5.574196204543113708e-02
9.458539599999999936e-01 5.219913646578788757e-02
9.486960269999999973e-01 5.714843794703483582e-02
9.515381499999999715e-01 5.580576881766319275e-02
9.543803299999999989e-01 5.677398666739463806e-02
9.572225659999999969e-01 6.270604580640792847e-02
9.600648579999999654e-01 6.493732333183288574e-02
9.629072060000000155e-01 7.900302112102508545e-02
9.657496110000000078e-01 8.277385681867599487e-02
9.685920709999999989e-01 1.060510948300361633e-01
9.714345880000000433e-01 1.118120700120925903e-01
9.742771620000000299e-01 1.002319678664207458e-01
9.771197910000000153e-01 1.047072112560272217e-01
9.799624770000000540e-01 1.105593442916870117e-01
9.828052189999999522e-01 1.245855987071990967e-01
9.856480170000000429e-01 1.314810663461685181e-01
9.884908709999999932e-01 1.414692252874374390e-01
9.913337819999999967e-01 1.352158784866333008e-01
9.941767489999999707e-01 1.379625499248504639e-01
9.970197720000000263e-01 1.402179747819900513e-01
9.998628510000000524e-01 1.457147449254989624e-01
1.002705986999999910e+00 1.411449313163757324e-01
1.005549178999999960e+00 1.389975249767303467e-01
1.008392426999999980e+00 1.392084956169128418e-01
1.011235730999999971e+00 1.410455256700515747e-01
1.014079092000000015e+00 1.362663358449935913e-01
1.016922509000000030e+00 1.431600153446197510e-01
1.019765982000000015e+00 1.421636641025543213e-01
1.022609510999999971e+00 1.429370790719985962e-01
1.025453096999999980e+00 1.461364030838012695e-01
1.028296738999999960e+00 1.463618874549865723e-01
1.031140436999999910e+00 1.485104262828826904e-01
1.033984191000000052e+00 1.481466293334960938e-01
1.036828002000000026e+00 1.527775079011917114e-01
1.039671868000000110e+00 1.562380492687225342e-01
1.042515791000000025e+00 1.579299420118331909e-01
1.045359770999999993e+00 1.510579138994216919e-01
