3.615872339999999796e-01 1.283422231674194336e+00
3.644177160000000026e-01 1.467087864875793457e+00
3.672482539999999962e-01 1.572005867958068848e+00
3.700788480000000158e-01 1.594176173210144043e+00
3.729094980000000059e-01 1.445487499237060547e+00
3.757402049999999938e-01 1.517384767532348633e+00
3.785709680000000077e-01 1.638756275177001953e+00
3.814017869999999921e-01 1.405344963073730469e+00
3.842326620000000026e-01 1.304485917091369629e+00
3.870635940000000108e-01 1.422285318374633789e+00
3.898945819999999896e-01 1.631267189979553223e+00
3.927256259999999943e-01 1.425285696983337402e+00
3.955567260000000251e-01 1.469230890274047852e+00
3.983878829999999982e-01 1.835501313209533691e+00
4.012190950000000256e-01 2.273236989974975586e+00
4.040503639999999952e-01 2.294538021087646484e+00
4.068816900000000181e-01 2.236050367355346680e+00
4.097130709999999842e-01 2.300804615020751953e+00
4.125445090000000037e-01 2.387630701065063477e+00
4.153760029999999936e-01 2.394666433334350586e+00
4.182075530000000096e-01 2.337481975555419922e+00
4.210391589999999962e-01 2.337755441665649414e+00
4.238708219999999804e-01 2.297684907913208008e+00
4.267025409999999908e-01 2.271356821060180664e+00
4.295343160000000271e-01 2.059621334075927734e+00
4.323661469999999785e-01 2.190569639205932617e+00
4.351980349999999831e-01 2.391585588455200195e+00
4.380299790000000137e-01 2.415008783340454102e+00
4.408619790000000149e-01 2.491882562637329102e+00
4.436940349999999866e-01 2.645210027694702148e+00
4.465261480000000116e-01 2.663218975067138672e+00
4.493583170000000071e-01 2.820583343505859375e+00
4.521905419999999731e-01 2.838145256042480469e+00
4.550228230000000207e-01 2.812308311462402344e+00
4.578551610000000105e-01 2.868845462799072266e+00
4.606875550000000263e-01 2.896872758865356445e+00
4.635200050000000127e-01 2.928649187088012695e+00
4.663525110000000251e-01 2.864851474761962891e+00
4.691850739999999798e-01 2.859541177749633789e+00
4.720176919999999887e-01 2.890809535980224609e+00
4.748503669999999954e-01 2.938768148422241211e+00
4.776830989999999999e-01 2.974985599517822266e+00
4.805158860000000032e-01 3.041972398757934570e+00
4.833487300000000042e-01 3.014796972274780273e+00
4.861816299999999758e-01 2.783138751983642578e+00
4.890145859999999733e-01 2.900120258331298828e+00
4.918475979999999970e-01 2.976685523986816406e+00
4.946806670000000183e-01 3.021366596221923828e+00
4.975137920000000102e-01 3.057745695114135742e+00
5.003469729999999727e-01 2.960895061492919922e+00
5.031802100000000166e-01 2.953761577606201172e+00
5.060135040000000028e-01 3.047317266464233398e+00
5.088468539999999596e-01 3.063688516616821289e+00
5.116802599999999979e-01 3.095861196517944336e+00
5.145137220000000067e-01 3.021543264389038086e+00
5.173472409999999577e-01 2.869723796844482422e+00
5.201808159999999903e-01 3.010732650756835938e+00
5.230144469999999934e-01 3.133518218994140625e+00
5.258481339999999671e-01 3.137272357940673828e+00
5.286818779999999940e-01 3.183515071868896484e+00
5.315156779999999914e-01 3.289395809173583984e+00
5.343495339999999594e-01 3.279406785964965820e+00
5.371834460000000089e-01 3.329560518264770508e+00
5.400174150000000006e-01 3.267008304595947266e+00
5.428514389999999912e-01 3.296240091323852539e+00
5.456855200000000350e-01 3.349588394165039062e+00
5.485196580000000210e-01 3.359592676162719727e+00
5.513538510000000059e-01 3.402923822402954102e+00
5.541881010000000440e-01 3.421714544296264648e+00
5.570224070000000527e-01 3.384412765502929688e+00
5.598567690000000319e-01 3.341320753097534180e+00
5.626911869999999816e-01 3.394541501998901367e+00
5.655256619999999845e-01 3.379219055175781250e+00
5.683601929999999580e-01 3.360022544860839844e+00
5.711947800000000131e-01 3.324331998825073242e+00
5.740294230000000386e-01 3.374261856079101562e+00
5.768641230000000064e-01 3.333313465118408203e+00
5.796988789999999447e-01 3.351989030838012695e+00
5.825336909999999646e-01 3.418090105056762695e+00
5.853685589999999550e-01 3.388638496398925781e+00
5.882034839999999987e-01 3.175023555755615234e+00
5.910384650000000129e-01 3.031403779983520508e+00
5.938735019999999976e-01 3.088129281997680664e+00
5.967085949999999528e-01 3.073065280914306641e+00
5.995437449999999613e-01 3.032966375350952148e+00
6.023789510000000513e-01 2.996825456619262695e+00
6.052142130000000009e-01 3.012715578079223633e+00
6.080495310000000320e-01 2.982402563095092773e+00
6.108849060000000053e-01 2.877315044403076172e+00
6.137203359999999774e-01 2.811048507690429688e+00
6.165558230000000028e-01 2.778251886367797852e+00
6.193913669999999705e-01 2.842985630035400391e+00
6.222269660000000480e-01 2.834460258483886719e+00
6.250626219999999567e-01 2.763820171356201172e+00
6.278983339999999469e-01 2.691741466522216797e+00
6.307341020000000187e-01 2.677875280380249023e+00
6.335699259999999500e-01 2.704437732696533203e+00
6.364058070000000455e-01 2.731513738632202148e+00
6.392417440000000006e-01 2.748024463653564453e+00
6.420777370000000372e-01 2.711830139160156250e+00
6.449137860000000444e-01 2.673606395721435547e+00
6.477498919999999938e-01 2.554815769195556641e+00
6.505860540000000247e-01 2.543709516525268555e+00
6.534222720000000262e-01 2.535211801528930664e+00
6.562585459999999982e-01 2.328104019165039062e+00
6.590948770000000234e-01 2.434071063995361328e+00
6.619312640000000192e-01 2.507095336914062500e+00
6.647677069999999855e-01 2.479316473007202148e+00
6.676042060000000333e-01 2.461488485336303711e+00
6.704407620000000234e-01 2.425209522247314453e+00
6.732773739999999840e-01 2.408891916275024414e+00
6.761140420000000262e-01 2.392791032791137695e+00
6.789507660000000389e-01 2.377976655960083008e+00
6.817875469999999938e-01 2.354538679122924805e+00
6.846243829999999475e-01 2.272066593170166016e+00
6.874612759999999545e-01 1.897752761840820312e+00
6.902982260000000148e-01 1.930172324180603027e+00
6.931352309999999628e-01 1.970767974853515625e+00
6.959722929999999641e-01 1.993982553482055664e+00
6.988094110000000470e-01 1.955286741256713867e+00
7.016465849999999893e-01 1.859804987907409668e+00
7.044838150000000132e-01 1.857049703598022461e+00
7.073211019999999793e-01 1.825020074844360352e+00
7.101584450000000270e-01 1.763874530792236328e+00
7.129958440000000452e-01 1.653912663459777832e+00
7.158332990000000340e-01 1.409221887588500977e+00
7.186708109999999650e-01 1.022667050361633301e+00
7.215083789999999775e-01 1.058719754219055176e+00
7.243460029999999605e-01 9.728079438209533691e-01
7.271836830000000251e-01 8.766452670097351074e-01
7.300214200000000320e-01 8.277148008346557617e-01
7.328592130000000093e-01 8.469974398612976074e-01
7.356970619999999572e-01 8.407270908355712891e-01
7.385349669999999866e-01 8.213959932327270508e-01
7.413729289999999583e-01 8.196682929992675781e-01
7.442109470000000115e-01 8.362185359001159668e-01
7.470490210000000353e-01 8.375601768493652344e-01
7.498871510000000296e-01 8.195344805717468262e-01
7.527253379999999661e-01 8.142209649085998535e-01
7.555635800000000124e-01 8.118593692779541016e-01
7.584018790000000010e-01 6.650719046592712402e-01
7.612402350000000428e-01 3.117489814758300781e-01
7.640786459999999725e-01 3.774804174900054932e-01
7.669171139999999554e-01 6.100350022315979004e-01
7.697556380000000198e-01 7.400282025337219238e-01
7.725942180000000548e-01 7.645008563995361328e-01
7.754328539999999492e-01 7.671499848365783691e-01
7.782715470000000080e-01 7.703161835670471191e-01
7.811102960000000373e-01 7.815588116645812988e-01
7.839491010000000371e-01 7.758785486221313477e-01
7.867879620000000074e-01 7.637953758239746094e-01
7.896268800000000310e-01 7.388636469841003418e-01
7.924658540000000251e-01 7.410869598388671875e-01
7.953048839999999897e-01 7.517648935317993164e-01
7.981439700000000359e-01 7.605952024459838867e-01
8.009831130000000243e-01 7.495436668395996094e-01
8.038223119999999833e-01 7.534598112106323242e-01
8.066615670000000238e-01 7.659022808074951172e-01
8.095008780000000348e-01 7.334617972373962402e-01
8.123402459999999881e-01 6.608807444572448730e-01
8.151796700000000229e-01 5.394944548606872559e-01
8.180191500000000282e-01 5.114663839340209961e-01
8.208586860000000041e-01 5.447974801063537598e-01
8.236982790000000332e-01 5.005401968955993652e-01
8.265379269999999501e-01 5.259574055671691895e-01
8.293776320000000313e-01 4.661291539669036865e-01
8.322173940000000547e-01 4.477719664573669434e-01
8.350572109999999659e-01 4.557689726352691650e-01
8.378970850000000414e-01 4.648051261901855469e-01
8.407370149999999764e-01 4.703331291675567627e-01
8.435770009999999930e-01 4.631073176860809326e-01
8.464170429999999801e-01 4.645407795906066895e-01
8.492571420000000204e-01 4.383645653724670410e-01
8.520972970000000313e-01 4.245697259902954102e-01
8.549375080000000127e-01 3.961434364318847656e-01
8.577777749999999646e-01 4.258432090282440186e-01
8.606180989999999698e-01 4.116030335426330566e-01
8.634584789999999455e-01 4.085160791873931885e-01
8.662989150000000027e-01 3.757337331771850586e-01
8.691394070000000305e-01 3.863261640071868896e-01
8.719799560000000005e-01 3.846215903759002686e-01
8.748205610000000521e-01 3.738145530223846436e-01
8.776612219999999631e-01 3.611471951007843018e-01
8.805019389999999557e-01 3.504492938518524170e-01
8.833427130000000016e-01 3.411468267440795898e-01
8.861835430000000180e-01 3.364318311214447021e-01
8.890244290000000049e-01 3.249271512031555176e-01
8.918653709999999624e-01 3.097976744174957275e-01
8.947063699999999731e-01 2.588809430599212646e-01
8.975474239999999826e-01 2.079448103904724121e-01
9.003885350000000454e-01 1.914512664079666138e-01
9.032297030000000504e-01 2.190857529640197754e-01
9.060709260000000542e-01 2.169582545757293701e-01
9.089122060000000003e-01 1.772929131984710693e-01
9.117535420000000279e-01 1.791087836027145386e-01
9.145949340000000261e-01 1.620262563228607178e-01
9.174363819999999947e-01 1.624729782342910767e-01
9.202778870000000166e-01 1.895492523908615112e-01
9.231194480000000091e-01 1.770482212305068970e-01
9.259610649999999721e-01 1.606418788433074951e-01
9.288027380000000166e-01 1.159991919994354248e-01
9.316444680000000034e-01 6.814854592084884644e-02
9.344862539999999607e-01 3.848027065396308899e-02
9.373280959999999995e-01 4.460037499666213989e-02
9.401699940000000089e-01 6.173155456781387329e-02
9.430119489999999605e-01 5.449488386511802673e-02
9.458539599999999936e-01 4.951843619346618652e-02
9.486960269999999973e-01 5.279647558927536011e-02
9.515381499999999715e-01 5.493982508778572083e-02
9.543803299999999989e-01 5.654155090451240540e-02
9.572225659999999969e-01 6.118060275912284851e-02
9.600648579999999654e-01 6.900281459093093872e-02
9.629072060000000155e-01 7.393502444028854370e-02
9.657496110000000078e-01 7.928369939327239990e-02
9.685920709999999989e-01 1.077745631337165833e-01
9.714345880000000433e-01 1.094016358256340027e-01
9.742771620000000299e-01 1.019086316227912903e-01
9.771197910000000153e-01 1.005215570330619812e-01
9.799624770000000540e-01 1.069328039884567261e-01
9.828052189999999522e-01 1.212411969900131226e-01
9.856480170000000429e-01 1.261220425367355347e-01
9.884908709999999932e-01 1.353355199098587036e-01
9.913337819999999967e-01 1.299905627965927124e-01
9.941767489999999707e-01 1.319073736667633057e-01
9.970197720000000263e-01 1.380830109119415283e-01
9.998628510000000524e-01 1.339951604604721069e-01
1.002705986999999910e+00 1.336616277694702148e-01
1.005549178999999960e+00 1.304004490375518799e-01
1.008392426999999980e+00 1.348638683557510376e-01
1.011235730999999971e+00 1.356692612171173096e-01
1.014079092000000015e+00 1.321361511945724487e-01
1.016922509000000030e+00 1.401814818382263184e-01
1.019765982000000015e+00 1.375473737716674805e-01
1.022609510999999971e+00 1.392884701490402222e-01
1.025453096999999980e+00 1.376077532768249512e-01
1.028296738999999960e+00 1.340715289115905762e-01
1.031140436999999910e+00 1.467825323343276978e-01
1.033984191000000052e+00 1.422855257987976074e-01
1.036828002000000026e+00 1.449370682239532471e-01
1.039671868000000110e+00 1.453712135553359985e-01
1.042515791000000025e+00 1.484581679105758667e-01
1.045359770999999993e+00 1.445968747138977051e-01
