3.615872339999999796e-01 1.316742658615112305e+00
3.644177160000000026e-01 1.493976473808288574e+00
3.672482539999999962e-01 1.593077182769775391e+00
3.700788480000000158e-01 1.607431769371032715e+00
3.729094980000000059e-01 1.437186241149902344e+00
3.757402049999999938e-01 1.516376852989196777e+00
3.785709680000000077e-01 1.648625254631042480e+00
3.814017869999999921e-01 1.406508207321166992e+00
3.842326620000000026e-01 1.288398146629333496e+00
3.870635940000000108e-01 1.447521448135375977e+00
3.898945819999999896e-01 1.629656434059143066e+00
3.927256259999999943e-01 1.428114175796508789e+00
3.955567260000000251e-01 1.475692749023437500e+00
3.983878829999999982e-01 1.868492841720581055e+00
4.012190950000000256e-01 2.265761375427246094e+00
4.040503639999999952e-01 2.292295932769775391e+00
4.068816900000000181e-01 2.241763830184936523e+00
4.097130709999999842e-01 2.309667348861694336e+00
4.125445090000000037e-01 2.372826099395751953e+00
4.153760029999999936e-01 2.390936374664306641e+00
4.182075530000000096e-01 2.351966619491577148e+00
4.210391589999999962e-01 2.364926576614379883e+00
4.238708219999999804e-01 2.328341484069824219e+00
4.267025409999999908e-01 2.277433156967163086e+00
4.295343160000000271e-01 2.075248956680297852e+00
4.323661469999999785e-01 2.210139751434326172e+00
4.351980349999999831e-01 2.417614459991455078e+00
4.380299790000000137e-01 2.427494049072265625e+00
4.408619790000000149e-01 2.535965919494628906e+00
4.436940349999999866e-01 2.660853147506713867e+00
4.465261480000000116e-01 2.686792850494384766e+00
4.493583170000000071e-01 2.838875055313110352e+00
4.521905419999999731e-01 2.858084201812744141e+00
4.550228230000000207e-01 2.826066255569458008e+00
4.578551610000000105e-01 2.905336141586303711e+00
4.606875550000000263e-01 2.908509016036987305e+00
4.635200050000000127e-01 2.942106485366821289e+00
4.663525110000000251e-01 2.881366729736328125e+00
4.691850739999999798e-01 2.873687028884887695e+00
4.720176919999999887e-01 2.916642189025878906e+00
4.748503669999999954e-01 2.964271068572998047e+00
4.776830989999999999e-01 3.000242233276367188e+00
4.805158860000000032e-01 3.065597534179687500e+00
4.833487300000000042e-01 3.028474330902099609e+00
4.861816299999999758e-01 2.790926933288574219e+00
4.890145859999999733e-01 2.913211584091186523e+00
4.918475979999999970e-01 2.999476671218872070e+00
4.946806670000000183e-01 3.053905963897705078e+00
4.975137920000000102e-01 3.074503660202026367e+00
5.003469729999999727e-01 2.988817691802978516e+00
5.031802100000000166e-01 2.973869323730468750e+00
5.060135040000000028e-01 3.064009189605712891e+00
5.088468539999999596e-01 3.085937261581420898e+00
5.116802599999999979e-01 3.125811576843261719e+00
5.145137220000000067e-01 3.048982143402099609e+00
5.173472409999999577e-01 2.891363382339477539e+00
5.201808159999999903e-01 3.018342018127441406e+00
5.230144469999999934e-01 3.159146547317504883e+00
5.258481339999999671e-01 3.169976234436035156e+00
5.286818779999999940e-01 3.204498767852783203e+00
5.315156779999999914e-01 3.317466259002685547e+00
5.343495339999999594e-01 3.312564849853515625e+00
5.371834460000000089e-01 3.349991559982299805e+00
5.400174150000000006e-01 3.289479732513427734e+00
5.428514389999999912e-01 3.309512376785278320e+00
5.456855200000000350e-01 3.376849651336669922e+00
5.485196580000000210e-01 3.386314630508422852e+00
5.513538510000000059e-01 3.414274930953979492e+00
5.541881010000000440e-01 3.443923473358154297e+00
5.570224070000000527e-01 3.408829450607299805e+00
5.598567690000000319e-01 3.367598533630371094e+00
5.626911869999999816e-01 3.420804500579833984e+00
5.655256619999999845e-01 3.409965991973876953e+00
5.683601929999999580e-01 3.381659507751464844e+00
5.711947800000000131e-01 3.333905458450317383e+00
5.740294230000000386e-01 3.387036085128784180e+00
5.768641230000000064e-01 3.354429006576538086e+00
5.796988789999999447e-01 3.378045320510864258e+00
5.825336909999999646e-01 3.452313184738159180e+00
5.853685589999999550e-01 3.415299654006958008e+00
5.882034839999999987e-01 3.190051078796386719e+00
5.910384650000000129e-01 3.038940906524658203e+00
5.938735019999999976e-01 3.097934007644653320e+00
5.967085949999999528e-01 3.102003097534179688e+00
5.995437449999999613e-01 3.058719635009765625e+00
6.023789510000000513e-01 3.024410009384155273e+00
6.052142130000000009e-01 3.033117055892944336e+00
6.080495310000000320e-01 3.009552955627441406e+00
6.108849060000000053e-01 2.865062952041625977e+00
6.137203359999999774e-01 2.782166004180908203e+00
6.165558230000000028e-01 2.784765005111694336e+00
6.193913669999999705e-01 2.855449438095092773e+00
6.222269660000000480e-01 2.841243982315063477e+00
6.250626219999999567e-01 2.769242525100708008e+00
6.278983339999999469e-01 2.695382833480834961e+00
6.307341020000000187e-01 2.684707403182983398e+00
6.335699259999999500e-01 2.710507154464721680e+00
6.364058070000000455e-01 2.749543666839599609e+00
6.392417440000000006e-01 2.750195026397705078e+00
6.420777370000000372e-01 2.713975191116333008e+00
6.449137860000000444e-01 2.687195301055908203e+00
6.477498919999999938e-01 2.564722776412963867e+00
6.505860540000000247e-01 2.546125411987304688e+00
6.534222720000000262e-01 2.538914680480957031e+00
6.562585459999999982e-01 2.336819171905517578e+00
6.590948770000000234e-01 2.449248075485229492e+00
6.619312640000000192e-01 2.511044025421142578e+00
6.647677069999999855e-01 2.490708589553833008e+00
6.676042060000000333e-01 2.458747863769531250e+00
6.704407620000000234e-01 2.431850910186767578e+00
6.732773739999999840e-01 2.411782503128051758e+00
6.761140420000000262e-01 2.401373624801635742e+00
6.789507660000000389e-01 2.384012699127197266e+00
6.817875469999999938e-01 2.365649700164794922e+00
6.846243829999999475e-01 2.273044347763061523e+00
6.874612759999999545e-01 1.905225634574890137e+00
6.902982260000000148e-01 1.941037416458129883e+00
6.931352309999999628e-01 1.965414881706237793e+00
6.959722929999999641e-01 1.996588230133056641e+00
6.988094110000000470e-01 1.963286876678466797e+00
7.016465849999999893e-01 1.859732627868652344e+00
7.044838150000000132e-01 1.865489244461059570e+00
7.073211019999999793e-01 1.826501965522766113e+00
7.101584450000000270e-01 1.758300542831420898e+00
7.129958440000000452e-01 1.650598287582397461e+00
7.158332990000000340e-01 1.399038314819335938e+00
7.186708109999999650e-01 1.011328458786010742e+00
7.215083789999999775e-01 1.045223236083984375e+00
7.243460029999999605e-01 9.487171769142150879e-01
7.271836830000000251e-01 8.622989058494567871e-01
7.300214200000000320e-01 8.022912740707397461e-01
7.328592130000000093e-01 8.199014067649841309e-01
7.356970619999999572e-01 8.151310682296752930e-01
7.385349669999999866e-01 7.834707498550415039e-01
7.413729289999999583e-01 7.881033420562744141e-01
7.442109470000000115e-01 7.955936193466186523e-01
7.470490210000000353e-01 7.956925034523010254e-01
7.498871510000000296e-01 7.834100127220153809e-01
7.527253379999999661e-01 7.729802727699279785e-01
7.555635800000000124e-01 7.628632783889770508e-01
7.584018790000000010e-01 6.232724785804748535e-01
7.612402350000000428e-01 2.973452210426330566e-01
7.640786459999999725e-01 3.546958565711975098e-01
7.669171139999999554e-01 5.724253654479980469e-01
7.697556380000000198e-01 7.016518115997314453e-01
7.725942180000000548e-01 7.255274653434753418e-01
7.754328539999999492e-01 7.327885627746582031e-01
7.782715470000000080e-01 7.305849194526672363e-01
7.811102960000000373e-01 7.364142537117004395e-01
7.839491010000000371e-01 7.264615297317504883e-01
7.867879620000000074e-01 7.257382869720458984e-01
7.896268800000000310e-01 6.946212053298950195e-01
7.924658540000000251e-01 7.022032141685485840e-01
7.953048839999999897e-01 7.145009636878967285e-01
7.981439700000000359e-01 7.213760018348693848e-01
8.009831130000000243e-01 7.141700387001037598e-01
8.038223119999999833e-01 7.165457010269165039e-01
8.066615670000000238e-01 7.364864349365234375e-01
8.095008780000000348e-01 7.035247683525085449e-01
8.123402459999999881e-01 6.316351890563964844e-01
8.151796700000000229e-01 5.131962299346923828e-01
8.180191500000000282e-01 4.796501696109771729e-01
8.208586860000000041e-01 5.208924412727355957e-01
8.236982790000000332e-01 4.773370325565338135e-01
8.265379269999999501e-01 4.907783865928649902e-01
8.293776320000000313e-01 4.361060857772827148e-01
8.322173940000000547e-01 4.194397032260894775e-01
8.350572109999999659e-01 4.252155721187591553e-01
8.378970850000000414e-01 4.330606460571289062e-01
8.407370149999999764e-01 4.323835670948028564e-01
8.435770009999999930e-01 4.310346245765686035e-01
8.464170429999999801e-01 4.278725087642669678e-01
8.492571420000000204e-01 4.009795188903808594e-01
8.520972970000000313e-01 3.907744586467742920e-01
8.549375080000000127e-01 3.691366016864776611e-01
8.577777749999999646e-01 3.888123333454132080e-01
8.606180989999999698e-01 3.836188614368438721e-01
8.634584789999999455e-01 3.776155412197113037e-01
8.662989150000000027e-01 3.479235768318176270e-01
8.691394070000000305e-01 3.533263802528381348e-01
8.719799560000000005e-01 3.473388552665710449e-01
8.748205610000000521e-01 3.423414528369903564e-01
8.776612219999999631e-01 3.305726647377014160e-01
8.805019389999999557e-01 3.184567689895629883e-01
8.833427130000000016e-01 3.133115172386169434e-01
8.861835430000000180e-01 3.027190268039703369e-01
8.890244290000000049e-01 2.969095110893249512e-01
8.918653709999999624e-01 2.773864567279815674e-01
8.947063699999999731e-01 2.357315123081207275e-01
8.975474239999999826e-01 1.835007071495056152e-01
9.003885350000000454e-01 1.693564355373382568e-01
9.032297030000000504e-01 1.921598464250564575e-01
9.060709260000000542e-01 1.916379630565643311e-01
9.089122060000000003e-01 1.546248495578765869e-01
9.117535420000000279e-01 1.569983214139938354e-01
9.145949340000000261e-01 1.467364579439163208e-01
9.174363819999999947e-01 1.434406787157058716e-01
9.202778870000000166e-01 1.670483797788619995e-01
9.231194480000000091e-01 1.557109057903289795e-01
9.259610649999999721e-01 1.457047462463378906e-01
9.288027380000000166e-01 1.014706864953041077e-01
9.316444680000000034e-01 5.228056758642196655e-02
9.344862539999999607e-01 3.109713643789291382e-02
9.373280959999999995e-01 3.268979489803314209e-02
9.401699940000000089e-01 5.202812701463699341e-02
9.430119489999999605e-01 4.394658282399177551e-02
9.458539599999999936e-01 4.115027934312820435e-02
9.486960269999999973e-01 4.410732164978981018e-02
9.515381499999999715e-01 4.575249180197715759e-02
9.543803299999999989e-01 4.674800485372543335e-02
9.572225659999999969e-01 4.875250160694122314e-02
9.600648579999999654e-01 5.196597054600715637e-02
9.629072060000000155e-01 6.256923824548721313e-02
9.657496110000000078e-01 6.816616654396057129e-02
9.685920709999999989e-01 9.049861133098602295e-02
9.714345880000000433e-01 9.491270035505294800e-02
9.742771620000000299e-01 8.114527165889739990e-02
9.771197910000000153e-01 8.817587047815322876e-02
9.799624770000000540e-01 9.000883996486663818e-02
9.828052189999999522e-01 1.046103388071060181e-01
9.856480170000000429e-01 1.093024760484695435e-01
9.884908709999999932e-01 1.111085936427116394e-01
9.913337819999999967e-01 1.120402365922927856e-01
9.941767489999999707e-01 1.131241992115974426e-01
9.970197720000000263e-01 1.181801334023475647e-01
9.998628510000000524e-01 1.116859614849090576e-01
1.002705986999999910e+00 1.167979985475540161e-01
1.005549178999999960e+00 1.065546944737434387e-01
1.008392426999999980e+00 1.068213433027267456e-01
1.011235730999999971e+00 1.131066381931304932e-01
1.014079092000000015e+00 1.086471453309059143e-01
1.016922509000000030e+00 1.152066662907600403e-01
1.019765982000000015e+00 1.123032271862030029e-01
1.022609510999999971e+00 1.224688589572906494e-01
1.025453096999999980e+00 1.132500395178794861e-01
1.028296738999999960e+00 1.095603406429290771e-01
1.031140436999999910e+00 1.110615879297256470e-01
1.033984191000000052e+00 1.171025633811950684e-01
1.036828002000000026e+00 1.207021847367286682e-01
1.039671868000000110e+00 1.185808628797531128e-01
1.042515791000000025e+00 1.213196069002151489e-01
1.045359770999999993e+00 1.164840236306190491e-01
