3.615872339999999796e-01 1.274389266967773438e+00
3.644177160000000026e-01 1.462740421295166016e+00
3.672482539999999962e-01 1.562754511833190918e+00
3.700788480000000158e-01 1.576935052871704102e+00
3.729094980000000059e-01 1.443415880203247070e+00
3.757402049999999938e-01 1.489200472831726074e+00
3.785709680000000077e-01 1.667335152626037598e+00
3.814017869999999921e-01 1.405343770980834961e+00
3.842326620000000026e-01 1.292053699493408203e+00
3.870635940000000108e-01 1.458445429801940918e+00
3.898945819999999896e-01 1.622402667999267578e+00
3.927256259999999943e-01 1.414371490478515625e+00
3.955567260000000251e-01 1.451727032661437988e+00
3.983878829999999982e-01 1.830476164817810059e+00
4.012190950000000256e-01 2.265613555908203125e+00
4.040503639999999952e-01 2.268737316131591797e+00
4.068816900000000181e-01 2.242766618728637695e+00
4.097130709999999842e-01 2.287705659866333008e+00
4.125445090000000037e-01 2.354301452636718750e+00
4.153760029999999936e-01 2.379598617553710938e+00
4.182075530000000096e-01 2.347423315048217773e+00
4.210391589999999962e-01 2.344056367874145508e+00
4.238708219999999804e-01 2.320308208465576172e+00
4.267025409999999908e-01 2.253240585327148438e+00
4.295343160000000271e-01 2.058315038681030273e+00
4.323661469999999785e-01 2.178119659423828125e+00
4.351980349999999831e-01 2.377697944641113281e+00
4.380299790000000137e-01 2.396615982055664062e+00
4.408619790000000149e-01 2.471526622772216797e+00
4.436940349999999866e-01 2.620895624160766602e+00
4.465261480000000116e-01 2.653474807739257812e+00
4.493583170000000071e-01 2.794013500213623047e+00
4.521905419999999731e-01 2.822204589843750000e+00
4.550228230000000207e-01 2.796916484832763672e+00
4.578551610000000105e-01 2.839512348175048828e+00
4.606875550000000263e-01 2.872224807739257812e+00
4.635200050000000127e-01 2.885531187057495117e+00
4.663525110000000251e-01 2.835002183914184570e+00
4.691850739999999798e-01 2.831734180450439453e+00
4.720176919999999887e-01 2.849803447723388672e+00
4.748503669999999954e-01 2.916433334350585938e+00
4.776830989999999999e-01 2.941016912460327148e+00
4.805158860000000032e-01 3.002484560012817383e+00
4.833487300000000042e-01 2.999217033386230469e+00
4.861816299999999758e-01 2.745771169662475586e+00
4.890145859999999733e-01 2.857656478881835938e+00
4.918475979999999970e-01 2.941390037536621094e+00
4.946806670000000183e-01 2.997282981872558594e+00
4.975137920000000102e-01 3.020438194274902344e+00
5.003469729999999727e-01 2.944622755050659180e+00
5.031802100000000166e-01 2.916212320327758789e+00
5.060135040000000028e-01 3.012246131896972656e+00
5.088468539999999596e-01 3.025625228881835938e+00
5.116802599999999979e-01 3.050258159637451172e+00
5.145137220000000067e-01 2.993532657623291016e+00
5.173472409999999577e-01 2.835917234420776367e+00
5.201808159999999903e-01 2.956963539123535156e+00
5.230144469999999934e-01 3.104356050491333008e+00
5.258481339999999671e-01 3.097583532333374023e+00
5.286818779999999940e-01 3.138577699661254883e+00
5.315156779999999914e-01 3.252560853958129883e+00
5.343495339999999594e-01 3.239989280700683594e+00
5.371834460000000089e-01 3.271010637283325195e+00
5.400174150000000006e-01 3.214311838150024414e+00
5.428514389999999912e-01 3.241416931152343750e+00
5.456855200000000350e-01 3.300285577774047852e+00
5.485196580000000210e-01 3.310290813446044922e+00
5.513538510000000059e-01 3.342361688613891602e+00
5.541881010000000440e-01 3.367842674255371094e+00
5.570224070000000527e-01 3.334160327911376953e+00
5.598567690000000319e-01 3.294241905212402344e+00
5.626911869999999816e-01 3.334468841552734375e+00
5.655256619999999845e-01 3.336536169052124023e+00
5.683601929999999580e-01 3.305402755737304688e+00
5.711947800000000131e-01 3.267575979232788086e+00
5.740294230000000386e-01 3.315538644790649414e+00
5.768641230000000064e-01 3.284315824508666992e+00
5.796988789999999447e-01 3.292073488235473633e+00
5.825336909999999646e-01 3.373769521713256836e+00
5.853685589999999550e-01 3.328240633010864258e+00
5.882034839999999987e-01 3.114960193634033203e+00
5.910384650000000129e-01 2.975927114486694336e+00
5.938735019999999976e-01 3.026739835739135742e+00
5.967085949999999528e-01 3.018979072570800781e+00
5.995437449999999613e-01 2.966078281402587891e+00
6.023789510000000513e-01 2.936622858047485352e+00
6.052142130000000009e-01 2.938135147094726562e+00
6.080495310000000320e-01 2.894450902938842773e+00
6.108849060000000053e-01 2.796740531921386719e+00
6.137203359999999774e-01 2.733140945434570312e+00
6.165558230000000028e-01 2.704105854034423828e+00
6.193913669999999705e-01 2.764432668685913086e+00
6.222269660000000480e-01 2.767820596694946289e+00
6.250626219999999567e-01 2.685028314590454102e+00
6.278983339999999469e-01 2.624497890472412109e+00
6.307341020000000187e-01 2.604768037796020508e+00
6.335699259999999500e-01 2.630218029022216797e+00
6.364058070000000455e-01 2.658897399902343750e+00
6.392417440000000006e-01 2.672104597091674805e+00
6.420777370000000372e-01 2.634369611740112305e+00
6.449137860000000444e-01 2.601002693176269531e+00
6.477498919999999938e-01 2.478023529052734375e+00
6.505860540000000247e-01 2.469053030014038086e+00
6.534222720000000262e-01 2.465273618698120117e+00
6.562585459999999982e-01 2.257767677307128906e+00
6.590948770000000234e-01 2.361143827438354492e+00
6.619312640000000192e-01 2.421059131622314453e+00
6.647677069999999855e-01 2.396677494049072266e+00
6.676042060000000333e-01 2.377781867980957031e+00
6.704407620000000234e-01 2.351041316986083984e+00
6.732773739999999840e-01 2.322238683700561523e+00
6.761140420000000262e-01 2.313120603561401367e+00
6.789507660000000389e-01 2.298382759094238281e+00
6.817875469999999938e-01 2.275449752807617188e+00
6.846243829999999475e-01 2.185020208358764648e+00
6.874612759999999545e-01 1.833459496498107910e+00
6.902982260000000148e-01 1.868382930755615234e+00
6.931352309999999628e-01 1.897547721862792969e+00
6.959722929999999641e-01 1.908880114555358887e+00
6.988094110000000470e-01 1.885617375373840332e+00
7.016465849999999893e-01 1.779496312141418457e+00
7.044838150000000132e-01 1.781150937080383301e+00
7.073211019999999793e-01 1.743124604225158691e+00
7.101584450000000270e-01 1.673817515373229980e+00
7.129958440000000452e-01 1.574039220809936523e+00
7.158332990000000340e-01 1.338954210281372070e+00
7.186708109999999650e-01 9.669860005378723145e-01
7.215083789999999775e-01 9.949907660484313965e-01
7.243460029999999605e-01 9.141650199890136719e-01
7.271836830000000251e-01 8.285272717475891113e-01
7.300214200000000320e-01 7.786477208137512207e-01
7.328592130000000093e-01 7.938057184219360352e-01
7.356970619999999572e-01 7.894185781478881836e-01
7.385349669999999866e-01 7.701278328895568848e-01
7.413729289999999583e-01 7.739143371582031250e-01
7.442109470000000115e-01 7.857018709182739258e-01
7.470490210000000353e-01 7.851447463035583496e-01
7.498871510000000296e-01 7.685019969940185547e-01
7.527253379999999661e-01 7.621843218803405762e-01
7.555635800000000124e-01 7.549502849578857422e-01
7.584018790000000010e-01 6.251769661903381348e-01
7.612402350000000428e-01 2.979025542736053467e-01
7.640786459999999725e-01 3.542757630348205566e-01
7.669171139999999554e-01 5.672689676284790039e-01
7.697556380000000198e-01 6.941988468170166016e-01
7.725942180000000548e-01 7.188653349876403809e-01
7.754328539999999492e-01 7.205950021743774414e-01
7.782715470000000080e-01 7.212663888931274414e-01
7.811102960000000373e-01 7.264989614486694336e-01
7.839491010000000371e-01 7.214482426643371582e-01
7.867879620000000074e-01 7.161928415298461914e-01
7.896268800000000310e-01 6.914900541305541992e-01
7.924658540000000251e-01 6.939229965209960938e-01
7.953048839999999897e-01 7.050074934959411621e-01
7.981439700000000359e-01 7.058079838752746582e-01
8.009831130000000243e-01 7.027434110641479492e-01
8.038223119999999833e-01 7.076875567436218262e-01
8.066615670000000238e-01 7.200918793678283691e-01
8.095008780000000348e-01 6.904074549674987793e-01
8.123402459999999881e-01 6.187323927879333496e-01
8.151796700000000229e-01 5.116392970085144043e-01
8.180191500000000282e-01 4.773067533969879150e-01
8.208586860000000041e-01 5.096901655197143555e-01
8.236982790000000332e-01 4.695306122303009033e-01
8.265379269999999501e-01 4.891880154609680176e-01
8.293776320000000313e-01 4.354821145534515381e-01
8.322173940000000547e-01 4.252568483352661133e-01
8.350572109999999659e-01 4.275199472904205322e-01
8.378970850000000414e-01 4.372299313545227051e-01
8.407370149999999764e-01 4.346008598804473877e-01
8.435770009999999930e-01 4.354263246059417725e-01
8.464170429999999801e-01 4.323247373104095459e-01
8.492571420000000204e-01 4.098813533782958984e-01
8.520972970000000313e-01 3.981566727161407471e-01
8.549375080000000127e-01 3.733008503913879395e-01
8.577777749999999646e-01 3.951721489429473877e-01
8.606180989999999698e-01 3.915856182575225830e-01
8.634584789999999455e-01 3.826270997524261475e-01
8.662989150000000027e-01 3.552476763725280762e-01
8.691394070000000305e-01 3.649657666683197021e-01
8.719799560000000005e-01 3.591173589229583740e-01
8.748205610000000521e-01 3.505327105522155762e-01
8.776612219999999631e-01 3.430263698101043701e-01
8.805019389999999557e-01 3.285112380981445312e-01
8.833427130000000016e-01 3.260787725448608398e-01
8.861835430000000180e-01 3.127048611640930176e-01
8.890244290000000049e-01 3.116781413555145264e-01
8.918653709999999624e-01 2.931985259056091309e-01
8.947063699999999731e-01 2.459214329719543457e-01
8.975474239999999826e-01 1.966236382722854614e-01
9.003885350000000454e-01 1.805787533521652222e-01
9.032297030000000504e-01 2.071102857589721680e-01
9.060709260000000542e-01 2.050726711750030518e-01
9.089122060000000003e-01 1.698138713836669922e-01
9.117535420000000279e-01 1.692455112934112549e-01
9.145949340000000261e-01 1.572050750255584717e-01
9.174363819999999947e-01 1.556193530559539795e-01
9.202778870000000166e-01 1.782669574022293091e-01
9.231194480000000091e-01 1.641404181718826294e-01
9.259610649999999721e-01 1.568887382745742798e-01
9.288027380000000166e-01 1.163839101791381836e-01
9.316444680000000034e-01 6.064346432685852051e-02
9.344862539999999607e-01 3.973883762955665588e-02
9.373280959999999995e-01 3.964312747120857239e-02
9.401699940000000089e-01 6.095635890960693359e-02
9.430119489999999605e-01 5.353888869285583496e-02
9.458539599999999936e-01 4.657066985964775085e-02
9.486960269999999973e-01 5.271833762526512146e-02
9.515381499999999715e-01 5.231088027358055115e-02
9.543803299999999989e-01 5.657903850078582764e-02
9.572225659999999969e-01 5.957719683647155762e-02
9.600648579999999654e-01 6.213350966572761536e-02
9.629072060000000155e-01 7.150554656982421875e-02
9.657496110000000078e-01 8.122922480106353760e-02
9.685920709999999989e-01 1.009517088532447815e-01
9.714345880000000433e-01 1.085084378719329834e-01
9.742771620000000299e-01 9.844776988029479980e-02
9.771197910000000153e-01 1.013693436980247498e-01
9.799624770000000540e-01 1.033980995416641235e-01
9.828052189999999522e-01 1.134738773107528687e-01
9.856480170000000429e-01 1.258372217416763306e-01
9.884908709999999932e-01 1.292236596345901489e-01
9.913337819999999967e-01 1.266547441482543945e-01
9.941767489999999707e-01 1.316992640495300293e-01
9.970197720000000263e-01 1.300321966409683228e-01
9.998628510000000524e-01 1.293743103742599487e-01
1.002705986999999910e+00 1.306403130292892456e-01
1.005549178999999960e+00 1.257780194282531738e-01
1.008392426999999980e+00 1.316900253295898438e-01
1.011235730999999971e+00 1.323879808187484741e-01
1.014079092000000015e+00 1.356777548789978027e-01
1.016922509000000030e+00 1.333075761795043945e-01
1.019765982000000015e+00 1.290559172630310059e-01
1.022609510999999971e+00 1.325509548187255859e-01
1.025453096999999980e+00 1.382432281970977783e-01
1.028296738999999960e+00 1.406153887510299683e-01
1.031140436999999910e+00 1.369343101978302002e-01
1.033984191000000052e+00 1.344907283782958984e-01
1.036828002000000026e+00 1.469991505146026611e-01
1.039671868000000110e+00 1.424986124038696289e-01
1.042515791000000025e+00 1.445451229810714722e-01
1.045359770999999993e+00 1.406688392162322998e-01
