3.615872339999999796e-01 1.289614677429199219e+00
3.644177160000000026e-01 1.483813643455505371e+00
3.672482539999999962e-01 1.571162700653076172e+00
3.700788480000000158e-01 1.588245272636413574e+00
3.729094980000000059e-01 1.388221979141235352e+00
3.757402049999999938e-01 1.513568997383117676e+00
3.785709680000000077e-01 1.639020681381225586e+00
3.814017869999999921e-01 1.406909346580505371e+00
3.842326620000000026e-01 1.306243896484375000e+00
3.870635940000000108e-01 1.410035133361816406e+00
3.898945819999999896e-01 1.617479324340820312e+00
3.927256259999999943e-01 1.397842168807983398e+00
3.955567260000000251e-01 1.427530646324157715e+00
3.983878829999999982e-01 1.803982019424438477e+00
4.012190950000000256e-01 2.221770524978637695e+00
4.040503639999999952e-01 2.230716228485107422e+00
4.068816900000000181e-01 2.196860551834106445e+00
4.097130709999999842e-01 2.263531684875488281e+00
4.125445090000000037e-01 2.341939449310302734e+00
4.153760029999999936e-01 2.359225034713745117e+00
4.182075530000000096e-01 2.292929887771606445e+00
4.210391589999999962e-01 2.284249305725097656e+00
4.238708219999999804e-01 2.261606693267822266e+00
4.267025409999999908e-01 2.222904443740844727e+00
4.295343160000000271e-01 1.999690413475036621e+00
4.323661469999999785e-01 2.160710811614990234e+00
4.351980349999999831e-01 2.336603641510009766e+00
4.380299790000000137e-01 2.362086534500122070e+00
4.408619790000000149e-01 2.435124397277832031e+00
4.436940349999999866e-01 2.580575704574584961e+00
4.465261480000000116e-01 2.615550518035888672e+00
4.493583170000000071e-01 2.743632316589355469e+00
4.521905419999999731e-01 2.769716978073120117e+00
4.550228230000000207e-01 2.738854646682739258e+00
4.578551610000000105e-01 2.788819313049316406e+00
4.606875550000000263e-01 2.817597627639770508e+00
4.635200050000000127e-01 2.848047494888305664e+00
4.663525110000000251e-01 2.803278207778930664e+00
4.691850739999999798e-01 2.778280019760131836e+00
4.720176919999999887e-01 2.819566011428833008e+00
4.748503669999999954e-01 2.865551710128784180e+00
4.776830989999999999e-01 2.884054183959960938e+00
4.805158860000000032e-01 2.947409391403198242e+00
4.833487300000000042e-01 2.911287546157836914e+00
4.861816299999999758e-01 2.691296577453613281e+00
4.890145859999999733e-01 2.815019845962524414e+00
4.918475979999999970e-01 2.877427339553833008e+00
4.946806670000000183e-01 2.943029642105102539e+00
4.975137920000000102e-01 2.949883460998535156e+00
5.003469729999999727e-01 2.888217926025390625e+00
5.031802100000000166e-01 2.859750032424926758e+00
5.060135040000000028e-01 2.948316574096679688e+00
5.088468539999999596e-01 2.964195728302001953e+00
5.116802599999999979e-01 2.995963573455810547e+00
5.145137220000000067e-01 2.926039934158325195e+00
5.173472409999999577e-01 2.767008543014526367e+00
5.201808159999999903e-01 2.899845123291015625e+00
5.230144469999999934e-01 3.016867399215698242e+00
5.258481339999999671e-01 3.018756389617919922e+00
5.286818779999999940e-01 3.074024677276611328e+00
5.315156779999999914e-01 3.162672758102416992e+00
5.343495339999999594e-01 3.157629251480102539e+00
5.371834460000000089e-01 3.206045627593994141e+00
5.400174150000000006e-01 3.135598421096801758e+00
5.428514389999999912e-01 3.160412788391113281e+00
5.456855200000000350e-01 3.221132278442382812e+00
5.485196580000000210e-01 3.234555959701538086e+00
5.513538510000000059e-01 3.257024526596069336e+00
5.541881010000000440e-01 3.278601408004760742e+00
5.570224070000000527e-01 3.245201826095581055e+00
5.598567690000000319e-01 3.202219247817993164e+00
5.626911869999999816e-01 3.256327152252197266e+00
5.655256619999999845e-01 3.246434450149536133e+00
5.683601929999999580e-01 3.216056585311889648e+00
5.711947800000000131e-01 3.182392597198486328e+00
5.740294230000000386e-01 3.226933717727661133e+00
5.768641230000000064e-01 3.197929143905639648e+00
5.796988789999999447e-01 3.208679914474487305e+00
5.825336909999999646e-01 3.279484272003173828e+00
5.853685589999999550e-01 3.226001024246215820e+00
5.882034839999999987e-01 3.009966135025024414e+00
5.910384650000000129e-01 2.881253242492675781e+00
5.938735019999999976e-01 2.919885396957397461e+00
5.967085949999999528e-01 2.913232564926147461e+00
5.995437449999999613e-01 2.863517761230468750e+00
6.023789510000000513e-01 2.814254283905029297e+00
6.052142130000000009e-01 2.827514171600341797e+00
6.080495310000000320e-01 2.774301767349243164e+00
6.108849060000000053e-01 2.667811632156372070e+00
6.137203359999999774e-01 2.596368312835693359e+00
6.165558230000000028e-01 2.592887401580810547e+00
6.193913669999999705e-01 2.654386758804321289e+00
6.222269660000000480e-01 2.633143663406372070e+00
6.250626219999999567e-01 2.575122833251953125e+00
6.278983339999999469e-01 2.513892173767089844e+00
6.307341020000000187e-01 2.489630937576293945e+00
6.335699259999999500e-01 2.503165006637573242e+00
6.364058070000000455e-01 2.532777786254882812e+00
6.392417440000000006e-01 2.545971632003784180e+00
6.420777370000000372e-01 2.512377500534057617e+00
6.449137860000000444e-01 2.479225635528564453e+00
6.477498919999999938e-01 2.364812135696411133e+00
6.505860540000000247e-01 2.347935438156127930e+00
6.534222720000000262e-01 2.337861537933349609e+00
6.562585459999999982e-01 2.143469572067260742e+00
6.590948770000000234e-01 2.246592760086059570e+00
6.619312640000000192e-01 2.302407741546630859e+00
6.647677069999999855e-01 2.288385152816772461e+00
6.676042060000000333e-01 2.263096809387207031e+00
6.704407620000000234e-01 2.240147352218627930e+00
6.732773739999999840e-01 2.211654424667358398e+00
6.761140420000000262e-01 2.198642492294311523e+00
6.789507660000000389e-01 2.178069591522216797e+00
6.817875469999999938e-01 2.161287784576416016e+00
6.846243829999999475e-01 2.074916362762451172e+00
6.874612759999999545e-01 1.738429903984069824e+00
6.902982260000000148e-01 1.751560330390930176e+00
6.931352309999999628e-01 1.778383016586303711e+00
6.959722929999999641e-01 1.784549236297607422e+00
6.988094110000000470e-01 1.760703921318054199e+00
7.016465849999999893e-01 1.659780502319335938e+00
7.044838150000000132e-01 1.645048022270202637e+00
7.073211019999999793e-01 1.605565667152404785e+00
7.101584450000000270e-01 1.547117948532104492e+00
7.129958440000000452e-01 1.445644736289978027e+00
7.158332990000000340e-01 1.221492409706115723e+00
7.186708109999999650e-01 8.878341317176818848e-01
7.215083789999999775e-01 9.056966900825500488e-01
7.243460029999999605e-01 8.246629238128662109e-01
7.271836830000000251e-01 7.476231455802917480e-01
7.300214200000000320e-01 6.973004937171936035e-01
7.328592130000000093e-01 7.068104743957519531e-01
7.356970619999999572e-01 6.996957063674926758e-01
7.385349669999999866e-01 6.807574629783630371e-01
7.413729289999999583e-01 6.842539906501770020e-01
7.442109470000000115e-01 6.975713968276977539e-01
7.470490210000000353e-01 6.912543773651123047e-01
7.498871510000000296e-01 6.836754679679870605e-01
7.527253379999999661e-01 6.682478785514831543e-01
7.555635800000000124e-01 6.622552871704101562e-01
7.584018790000000010e-01 5.458804368972778320e-01
7.612402350000000428e-01 2.589119970798492432e-01
7.640786459999999725e-01 3.118818402290344238e-01
7.669171139999999554e-01 5.029237270355224609e-01
7.697556380000000198e-01 6.089916229248046875e-01
7.725942180000000548e-01 6.252068877220153809e-01
7.754328539999999492e-01 6.291123628616333008e-01
7.782715470000000080e-01 6.351388096809387207e-01
7.811102960000000373e-01 6.308112144470214844e-01
7.839491010000000371e-01 6.356256604194641113e-01
7.867879620000000074e-01 6.237437129020690918e-01
7.896268800000000310e-01 6.019806265830993652e-01
7.924658540000000251e-01 6.068808436393737793e-01
7.953048839999999897e-01 6.132420301437377930e-01
7.981439700000000359e-01 6.159688830375671387e-01
8.009831130000000243e-01 6.122540235519409180e-01
8.038223119999999833e-01 6.110166907310485840e-01
8.066615670000000238e-01 6.229299306869506836e-01
8.095008780000000348e-01 5.988182425498962402e-01
8.123402459999999881e-01 5.352479815483093262e-01
8.151796700000000229e-01 4.434271752834320068e-01
8.180191500000000282e-01 4.145395457744598389e-01
8.208586860000000041e-01 4.397777616977691650e-01
8.236982790000000332e-01 4.060852527618408203e-01
8.265379269999999501e-01 4.195569157600402832e-01
8.293776320000000313e-01 3.780820965766906738e-01
8.322173940000000547e-01 3.604468703269958496e-01
8.350572109999999659e-01 3.666782379150390625e-01
8.378970850000000414e-01 3.754234313964843750e-01
8.407370149999999764e-01 3.766625225543975830e-01
8.435770009999999930e-01 3.721635937690734863e-01
8.464170429999999801e-01 3.717092573642730713e-01
8.492571420000000204e-01 3.507508933544158936e-01
8.520972970000000313e-01 3.382856249809265137e-01
8.549375080000000127e-01 3.149656653404235840e-01
8.577777749999999646e-01 3.411024212837219238e-01
8.606180989999999698e-01 3.333565294742584229e-01
8.634584789999999455e-01 3.267903923988342285e-01
8.662989150000000027e-01 3.010002970695495605e-01
8.691394070000000305e-01 3.081053495407104492e-01
8.719799560000000005e-01 3.040186166763305664e-01
8.748205610000000521e-01 2.961512506008148193e-01
8.776612219999999631e-01 2.936818897724151611e-01
8.805019389999999557e-01 2.795285582542419434e-01
8.833427130000000016e-01 2.719146609306335449e-01
8.861835430000000180e-01 2.682830393314361572e-01
8.890244290000000049e-01 2.619404792785644531e-01
8.918653709999999624e-01 2.474038749933242798e-01
8.947063699999999731e-01 2.099489420652389526e-01
8.975474239999999826e-01 1.686495989561080933e-01
9.003885350000000454e-01 1.517196446657180786e-01
9.032297030000000504e-01 1.733843535184860229e-01
9.060709260000000542e-01 1.762628704309463501e-01
9.089122060000000003e-01 1.438699513673782349e-01
9.117535420000000279e-01 1.443473696708679199e-01
9.145949340000000261e-01 1.314321309328079224e-01
9.174363819999999947e-01 1.281439363956451416e-01
9.202778870000000166e-01 1.528503298759460449e-01
9.231194480000000091e-01 1.428392678499221802e-01
9.259610649999999721e-01 1.302566081285476685e-01
9.288027380000000166e-01 9.076857566833496094e-02
9.316444680000000034e-01 5.025160685181617737e-02
9.344862539999999607e-01 3.069553710520267487e-02
9.373280959999999995e-01 3.381183743476867676e-02
9.401699940000000089e-01 5.260811001062393188e-02
9.430119489999999605e-01 4.373300820589065552e-02
9.458539599999999936e-01 3.976127132773399353e-02
9.486960269999999973e-01 4.122433438897132874e-02
9.515381499999999715e-01 4.300740361213684082e-02
9.543803299999999989e-01 4.255473241209983826e-02
9.572225659999999969e-01 4.767293855547904968e-02
9.600648579999999654e-01 4.925158992409706116e-02
9.629072060000000155e-01 5.662047117948532104e-02
9.657496110000000078e-01 6.145957112312316895e-02
9.685920709999999989e-01 8.881430327892303467e-02
9.714345880000000433e-01 9.181042760610580444e-02
9.742771620000000299e-01 7.810107618570327759e-02
9.771197910000000153e-01 8.158456534147262573e-02
9.799624770000000540e-01 8.510364592075347900e-02
9.828052189999999522e-01 9.787540882825851440e-02
9.856480170000000429e-01 1.034342274069786072e-01
9.884908709999999932e-01 1.060813069343566895e-01
9.913337819999999967e-01 1.085662841796875000e-01
9.941767489999999707e-01 1.060960143804550171e-01
9.970197720000000263e-01 1.122607588768005371e-01
9.998628510000000524e-01 1.023324131965637207e-01
1.002705986999999910e+00 1.044474765658378601e-01
1.005549178999999960e+00 1.084765195846557617e-01
1.008392426999999980e+00 1.054373830556869507e-01
1.011235730999999971e+00 1.021190732717514038e-01
1.014079092000000015e+00 9.987077116966247559e-02
1.016922509000000030e+00 1.008256897330284119e-01
1.019765982000000015e+00 1.055769175291061401e-01
1.022609510999999971e+00 1.040806323289871216e-01
1.025453096999999980e+00 1.079537421464920044e-01
1.028296738999999960e+00 1.108806282281875610e-01
1.031140436999999910e+00 1.046020388603210449e-01
1.033984191000000052e+00 1.098342314362525940e-01
1.036828002000000026e+00 1.069227084517478943e-01
1.039671868000000110e+00 1.161423027515411377e-01
1.042515791000000025e+00 1.193780526518821716e-01
1.045359770999999993e+00 1.034376695752143860e-01
