3.615872339999999796e-01 1.278564095497131348e+00
3.644177160000000026e-01 1.492794036865234375e+00
3.672482539999999962e-01 1.589582681655883789e+00
3.700788480000000158e-01 1.584994077682495117e+00
3.729094980000000059e-01 1.452713847160339355e+00
3.757402049999999938e-01 1.488393664360046387e+00
3.785709680000000077e-01 1.674758911132812500e+00
3.814017869999999921e-01 1.420029044151306152e+00
3.842326620000000026e-01 1.305851459503173828e+00
3.870635940000000108e-01 1.448990941047668457e+00
3.898945819999999896e-01 1.611939311027526855e+00
3.927256259999999943e-01 1.413949131965637207e+00
3.955567260000000251e-01 1.461388230323791504e+00
3.983878829999999982e-01 1.839100122451782227e+00
4.012190950000000256e-01 2.251615762710571289e+00
4.040503639999999952e-01 2.267039537429809570e+00
4.068816900000000181e-01 2.227969884872436523e+00
4.097130709999999842e-01 2.295516014099121094e+00
4.125445090000000037e-01 2.394286394119262695e+00
4.153760029999999936e-01 2.380663871765136719e+00
4.182075530000000096e-01 2.344981908798217773e+00
4.210391589999999962e-01 2.344366550445556641e+00
4.238708219999999804e-01 2.310257434844970703e+00
4.267025409999999908e-01 2.276600122451782227e+00
4.295343160000000271e-01 2.057693004608154297e+00
4.323661469999999785e-01 2.173406600952148438e+00
4.351980349999999831e-01 2.380712747573852539e+00
4.380299790000000137e-01 2.391547441482543945e+00
4.408619790000000149e-01 2.482910871505737305e+00
4.436940349999999866e-01 2.638982772827148438e+00
4.465261480000000116e-01 2.671258449554443359e+00
4.493583170000000071e-01 2.797190427780151367e+00
4.521905419999999731e-01 2.826296091079711914e+00
4.550228230000000207e-01 2.809335470199584961e+00
4.578551610000000105e-01 2.869715213775634766e+00
4.606875550000000263e-01 2.890917301177978516e+00
4.635200050000000127e-01 2.904904603958129883e+00
4.663525110000000251e-01 2.865097761154174805e+00
4.691850739999999798e-01 2.846833229064941406e+00
4.720176919999999887e-01 2.899018764495849609e+00
4.748503669999999954e-01 2.932958841323852539e+00
4.776830989999999999e-01 2.959272384643554688e+00
4.805158860000000032e-01 3.025079250335693359e+00
4.833487300000000042e-01 3.006759643554687500e+00
4.861816299999999758e-01 2.767965793609619141e+00
4.890145859999999733e-01 2.885194778442382812e+00
4.918475979999999970e-01 2.967390298843383789e+00
4.946806670000000183e-01 3.035946846008300781e+00
4.975137920000000102e-01 3.054196834564208984e+00
5.003469729999999727e-01 2.959835290908813477e+00
5.031802100000000166e-01 2.949142217636108398e+00
5.060135040000000028e-01 3.042405366897583008e+00
5.088468539999999596e-01 3.058833599090576172e+00
5.116802599999999979e-01 3.083486795425415039e+00
5.145137220000000067e-01 3.021881818771362305e+00
5.173472409999999577e-01 2.859931230545043945e+00
5.201808159999999903e-01 2.986066341400146484e+00
5.230144469999999934e-01 3.112308979034423828e+00
5.258481339999999671e-01 3.128157615661621094e+00
5.286818779999999940e-01 3.178527593612670898e+00
5.315156779999999914e-01 3.277515172958374023e+00
5.343495339999999594e-01 3.257179975509643555e+00
5.371834460000000089e-01 3.309876203536987305e+00
5.400174150000000006e-01 3.251428127288818359e+00
5.428514389999999912e-01 3.274615526199340820e+00
5.456855200000000350e-01 3.332986354827880859e+00
5.485196580000000210e-01 3.334637641906738281e+00
5.513538510000000059e-01 3.372525691986083984e+00
5.541881010000000440e-01 3.406616926193237305e+00
5.570224070000000527e-01 3.367424726486206055e+00
5.598567690000000319e-01 3.320324897766113281e+00
5.626911869999999816e-01 3.378268480300903320e+00
5.655256619999999845e-01 3.366832971572875977e+00
5.683601929999999580e-01 3.342717409133911133e+00
5.711947800000000131e-01 3.297990083694458008e+00
5.740294230000000386e-01 3.354666948318481445e+00
5.768641230000000064e-01 3.312932014465332031e+00
5.796988789999999447e-01 3.335334539413452148e+00
5.825336909999999646e-01 3.408680915832519531e+00
5.853685589999999550e-01 3.367646455764770508e+00
5.882034839999999987e-01 3.143388509750366211e+00
5.910384650000000129e-01 3.010262966156005859e+00
5.938735019999999976e-01 3.061040639877319336e+00
5.967085949999999528e-01 3.056163549423217773e+00
5.995437449999999613e-01 3.007388114929199219e+00
6.023789510000000513e-01 2.970634460449218750e+00
6.052142130000000009e-01 2.997686624526977539e+00
6.080495310000000320e-01 2.938408613204956055e+00
6.108849060000000053e-01 2.860604286193847656e+00
6.137203359999999774e-01 2.780429601669311523e+00
6.165558230000000028e-01 2.745707750320434570e+00
6.193913669999999705e-01 2.810372352600097656e+00
6.222269660000000480e-01 2.809207439422607422e+00
6.250626219999999567e-01 2.728566408157348633e+00
6.278983339999999469e-01 2.665182590484619141e+00
6.307341020000000187e-01 2.650268077850341797e+00
6.335699259999999500e-01 2.691013097763061523e+00
6.364058070000000455e-01 2.710229396820068359e+00
6.392417440000000006e-01 2.715181827545166016e+00
6.420777370000000372e-01 2.682744741439819336e+00
6.449137860000000444e-01 2.647625923156738281e+00
6.477498919999999938e-01 2.521295070648193359e+00
6.505860540000000247e-01 2.512622833251953125e+00
6.534222720000000262e-01 2.509792089462280273e+00
6.562585459999999982e-01 2.301212072372436523e+00
6.590948770000000234e-01 2.416060209274291992e+00
6.619312640000000192e-01 2.479173421859741211e+00
6.647677069999999855e-01 2.455686569213867188e+00
6.676042060000000333e-01 2.442198753356933594e+00
6.704407620000000234e-01 2.416635274887084961e+00
6.732773739999999840e-01 2.390711307525634766e+00
6.761140420000000262e-01 2.379888057708740234e+00
6.789507660000000389e-01 2.356679677963256836e+00
6.817875469999999938e-01 2.330031156539916992e+00
6.846243829999999475e-01 2.252729892730712891e+00
6.874612759999999545e-01 1.876453280448913574e+00
6.902982260000000148e-01 1.905705690383911133e+00
6.931352309999999628e-01 1.937816500663757324e+00
6.959722929999999641e-01 1.955242037773132324e+00
6.988094110000000470e-01 1.932029008865356445e+00
7.016465849999999893e-01 1.825952529907226562e+00
7.044838150000000132e-01 1.823504924774169922e+00
7.073211019999999793e-01 1.789367079734802246e+00
7.101584450000000270e-01 1.720793604850769043e+00
7.129958440000000452e-01 1.620808959007263184e+00
7.158332990000000340e-01 1.373717188835144043e+00
7.186708109999999650e-01 1.003131747245788574e+00
7.215083789999999775e-01 1.030265927314758301e+00
7.243460029999999605e-01 9.407050609588623047e-01
7.271836830000000251e-01 8.536034822463989258e-01
7.300214200000000320e-01 8.023252487182617188e-01
7.328592130000000093e-01 8.209546208381652832e-01
7.356970619999999572e-01 8.116273880004882812e-01
7.385349669999999866e-01 7.911660075187683105e-01
7.413729289999999583e-01 7.972090244293212891e-01
7.442109470000000115e-01 8.050376176834106445e-01
7.470490210000000353e-01 8.042091131210327148e-01
7.498871510000000296e-01 7.905114293098449707e-01
7.527253379999999661e-01 7.812939882278442383e-01
7.555635800000000124e-01 7.746106386184692383e-01
7.584018790000000010e-01 6.344839334487915039e-01
7.612402350000000428e-01 2.948064506053924561e-01
7.640786459999999725e-01 3.649663329124450684e-01
7.669171139999999554e-01 5.892263054847717285e-01
7.697556380000000198e-01 7.134043574333190918e-01
7.725942180000000548e-01 7.349107861518859863e-01
7.754328539999999492e-01 7.402251362800598145e-01
7.782715470000000080e-01 7.382123470306396484e-01
7.811102960000000373e-01 7.455441355705261230e-01
7.839491010000000371e-01 7.422258257865905762e-01
7.867879620000000074e-01 7.326312661170959473e-01
7.896268800000000310e-01 7.104783058166503906e-01
7.924658540000000251e-01 7.140389084815979004e-01
7.953048839999999897e-01 7.176686525344848633e-01
7.981439700000000359e-01 7.267777323722839355e-01
8.009831130000000243e-01 7.230887413024902344e-01
8.038223119999999833e-01 7.244037389755249023e-01
8.066615670000000238e-01 7.397682666778564453e-01
8.095008780000000348e-01 7.084925770759582520e-01
8.123402459999999881e-01 6.350458264350891113e-01
8.151796700000000229e-01 5.185210108757019043e-01
8.180191500000000282e-01 4.921446442604064941e-01
8.208586860000000041e-01 5.193720459938049316e-01
8.236982790000000332e-01 4.848347306251525879e-01
8.265379269999999501e-01 4.988967776298522949e-01
8.293776320000000313e-01 4.507844448089599609e-01
8.322173940000000547e-01 4.307431578636169434e-01
8.350572109999999659e-01 4.393018484115600586e-01
8.378970850000000414e-01 4.479441642761230469e-01
8.407370149999999764e-01 4.430900812149047852e-01
8.435770009999999930e-01 4.413941800594329834e-01
8.464170429999999801e-01 4.400924444198608398e-01
8.492571420000000204e-01 4.184311628341674805e-01
8.520972970000000313e-01 4.055654704570770264e-01
8.549375080000000127e-01 3.791392743587493896e-01
8.577777749999999646e-01 4.020656943321228027e-01
8.606180989999999698e-01 3.978109955787658691e-01
8.634584789999999455e-01 3.893409967422485352e-01
8.662989150000000027e-01 3.573457300662994385e-01
8.691394070000000305e-01 3.668773770332336426e-01
8.719799560000000005e-01 3.678965270519256592e-01
8.748205610000000521e-01 3.530814647674560547e-01
8.776612219999999631e-01 3.467970788478851318e-01
8.805019389999999557e-01 3.348860144615173340e-01
8.833427130000000016e-01 3.275745213031768799e-01
8.861835430000000180e-01 3.154053092002868652e-01
8.890244290000000049e-01 3.083741068840026855e-01
8.918653709999999624e-01 2.901021540164947510e-01
8.947063699999999731e-01 2.483084946870803833e-01
8.975474239999999826e-01 1.968790739774703979e-01
9.003885350000000454e-01 1.824419051408767700e-01
9.032297030000000504e-01 2.019729018211364746e-01
9.060709260000000542e-01 2.038962692022323608e-01
9.089122060000000003e-01 1.645521521568298340e-01
9.117535420000000279e-01 1.674171388149261475e-01
9.145949340000000261e-01 1.554267257452011108e-01
9.174363819999999947e-01 1.505064070224761963e-01
9.202778870000000166e-01 1.790507286787033081e-01
9.231194480000000091e-01 1.665710806846618652e-01
9.259610649999999721e-01 1.535107195377349854e-01
9.288027380000000166e-01 1.115727648138999939e-01
9.316444680000000034e-01 6.038600578904151917e-02
9.344862539999999607e-01 3.658852726221084595e-02
9.373280959999999995e-01 4.107944294810295105e-02
9.401699940000000089e-01 6.045176088809967041e-02
9.430119489999999605e-01 4.814344644546508789e-02
9.458539599999999936e-01 4.346841946244239807e-02
9.486960269999999973e-01 4.819507151842117310e-02
9.515381499999999715e-01 5.426699668169021606e-02
9.543803299999999989e-01 5.063183233141899109e-02
9.572225659999999969e-01 5.918953940272331238e-02
9.600648579999999654e-01 6.320425868034362793e-02
9.629072060000000155e-01 6.511543691158294678e-02
9.657496110000000078e-01 7.725320011377334595e-02
9.685920709999999989e-01 9.526598453521728516e-02
9.714345880000000433e-01 1.041488125920295715e-01
9.742771620000000299e-01 8.910182863473892212e-02
9.771197910000000153e-01 9.632376581430435181e-02
9.799624770000000540e-01 1.013433709740638733e-01
9.828052189999999522e-01 1.104493439197540283e-01
9.856480170000000429e-01 1.143900454044342041e-01
9.884908709999999932e-01 1.204825565218925476e-01
9.913337819999999967e-01 1.211967989802360535e-01
9.941767489999999707e-01 1.250087469816207886e-01
9.970197720000000263e-01 1.252325028181076050e-01
9.998628510000000524e-01 1.219157725572586060e-01
1.002705986999999910e+00 1.236276626586914062e-01
1.005549178999999960e+00 1.257538050413131714e-01
1.008392426999999980e+00 1.181919574737548828e-01
1.011235730999999971e+00 1.223251000046730042e-01
1.014079092000000015e+00 1.235664561390876770e-01
1.016922509000000030e+00 1.192937195301055908e-01
1.019765982000000015e+00 1.246790885925292969e-01
1.022609510999999971e+00 1.299858093261718750e-01
1.025453096999999980e+00 1.292636841535568237e-01
1.028296738999999960e+00 1.288728415966033936e-01
1.031140436999999910e+00 1.369026303291320801e-01
1.033984191000000052e+00 1.257840692996978760e-01
1.036828002000000026e+00 1.311453878879547119e-01
1.039671868000000110e+00 1.439961791038513184e-01
1.042515791000000025e+00 1.266551315784454346e-01
1.045359770999999993e+00 1.280348300933837891e-01
