3.615872339999999796e-01 1.339085578918457031e+00
3.644177160000000026e-01 1.454661369323730469e+00
3.672482539999999962e-01 1.610108375549316406e+00
3.700788480000000158e-01 1.597369670867919922e+00
3.729094980000000059e-01 1.446641445159912109e+00
3.757402049999999938e-01 1.507687091827392578e+00
3.785709680000000077e-01 1.653729319572448730e+00
3.814017869999999921e-01 1.440364956855773926e+00
3.842326620000000026e-01 1.309701681137084961e+00
3.870635940000000108e-01 1.443900346755981445e+00
3.898945819999999896e-01 1.638269782066345215e+00
3.927256259999999943e-01 1.432941555976867676e+00
3.955567260000000251e-01 1.474167466163635254e+00
3.983878829999999982e-01 1.844312310218811035e+00
4.012190950000000256e-01 2.269987344741821289e+00
4.040503639999999952e-01 2.308767557144165039e+00
4.068816900000000181e-01 2.255036354064941406e+00
4.097130709999999842e-01 2.323864698410034180e+00
4.125445090000000037e-01 2.391243934631347656e+00
4.153760029999999936e-01 2.390936374664306641e+00
4.182075530000000096e-01 2.358983755111694336e+00
4.210391589999999962e-01 2.360959529876708984e+00
4.238708219999999804e-01 2.336621522903442383e+00
4.267025409999999908e-01 2.288710355758666992e+00
4.295343160000000271e-01 2.067474365234375000e+00
4.323661469999999785e-01 2.226960420608520508e+00
4.351980349999999831e-01 2.402113676071166992e+00
4.380299790000000137e-01 2.440292596817016602e+00
4.408619790000000149e-01 2.525996685028076172e+00
4.436940349999999866e-01 2.665848731994628906e+00
4.465261480000000116e-01 2.693939685821533203e+00
4.493583170000000071e-01 2.833214759826660156e+00
4.521905419999999731e-01 2.848365783691406250e+00
4.550228230000000207e-01 2.833675622940063477e+00
4.578551610000000105e-01 2.901238918304443359e+00
4.606875550000000263e-01 2.921795368194580078e+00
4.635200050000000127e-01 2.953137397766113281e+00
4.663525110000000251e-01 2.878276824951171875e+00
4.691850739999999798e-01 2.891204833984375000e+00
4.720176919999999887e-01 2.921478509902954102e+00
4.748503669999999954e-01 2.978796482086181641e+00
4.776830989999999999e-01 2.996336460113525391e+00
4.805158860000000032e-01 3.074018478393554688e+00
4.833487300000000042e-01 3.038742780685424805e+00
4.861816299999999758e-01 2.800788879394531250e+00
4.890145859999999733e-01 2.916174173355102539e+00
4.918475979999999970e-01 3.008226156234741211e+00
4.946806670000000183e-01 3.065006494522094727e+00
4.975137920000000102e-01 3.077297687530517578e+00
5.003469729999999727e-01 2.997783899307250977e+00
5.031802100000000166e-01 2.982394933700561523e+00
5.060135040000000028e-01 3.072360515594482422e+00
5.088468539999999596e-01 3.091826438903808594e+00
5.116802599999999979e-01 3.122041702270507812e+00
5.145137220000000067e-01 3.056448221206665039e+00
5.173472409999999577e-01 2.891363382339477539e+00
5.201808159999999903e-01 3.034673929214477539e+00
5.230144469999999934e-01 3.164359569549560547e+00
5.258481339999999671e-01 3.172156333923339844e+00
5.286818779999999940e-01 3.204770803451538086e+00
5.315156779999999914e-01 3.316404581069946289e+00
5.343495339999999594e-01 3.302594661712646484e+00
5.371834460000000089e-01 3.343982934951782227e+00
5.400174150000000006e-01 3.288959741592407227e+00
5.428514389999999912e-01 3.316457509994506836e+00
5.456855200000000350e-01 3.380431652069091797e+00
5.485196580000000210e-01 3.375037908554077148e+00
5.513538510000000059e-01 3.410244703292846680e+00
5.541881010000000440e-01 3.445886850357055664e+00
5.570224070000000527e-01 3.409075736999511719e+00
5.598567690000000319e-01 3.368822097778320312e+00
5.626911869999999816e-01 3.413039922714233398e+00
5.655256619999999845e-01 3.405449867248535156e+00
5.683601929999999580e-01 3.373224258422851562e+00
5.711947800000000131e-01 3.326816558837890625e+00
5.740294230000000386e-01 3.395039796829223633e+00
5.768641230000000064e-01 3.352588653564453125e+00
5.796988789999999447e-01 3.355239629745483398e+00
5.825336909999999646e-01 3.429916381835937500e+00
5.853685589999999550e-01 3.394724130630493164e+00
5.882034839999999987e-01 3.174902439117431641e+00
5.910384650000000129e-01 3.019534349441528320e+00
5.938735019999999976e-01 3.076593399047851562e+00
5.967085949999999528e-01 3.067358493804931641e+00
5.995437449999999613e-01 3.015495777130126953e+00
6.023789510000000513e-01 2.980238199234008789e+00
6.052142130000000009e-01 2.996851921081542969e+00
6.080495310000000320e-01 2.940892219543457031e+00
6.108849060000000053e-01 2.796128034591674805e+00
6.137203359999999774e-01 2.732987403869628906e+00
6.165558230000000028e-01 2.731172323226928711e+00
6.193913669999999705e-01 2.804714441299438477e+00
6.222269660000000480e-01 2.789803266525268555e+00
6.250626219999999567e-01 2.715256690979003906e+00
6.278983339999999469e-01 2.649783134460449219e+00
6.307341020000000187e-01 2.627117395401000977e+00
6.335699259999999500e-01 2.660089254379272461e+00
6.364058070000000455e-01 2.681877851486206055e+00
6.392417440000000006e-01 2.693364858627319336e+00
6.420777370000000372e-01 2.656507968902587891e+00
6.449137860000000444e-01 2.619334697723388672e+00
6.477498919999999938e-01 2.501562833786010742e+00
6.505860540000000247e-01 2.485085010528564453e+00
6.534222720000000262e-01 2.474961757659912109e+00
6.562585459999999982e-01 2.273874044418334961e+00
6.590948770000000234e-01 2.375274896621704102e+00
6.619312640000000192e-01 2.439430236816406250e+00
6.647677069999999855e-01 2.413279056549072266e+00
6.676042060000000333e-01 2.379747390747070312e+00
6.704407620000000234e-01 2.353003263473510742e+00
6.732773739999999840e-01 2.337497234344482422e+00
6.761140420000000262e-01 2.317714691162109375e+00
6.789507660000000389e-01 2.305547237396240234e+00
6.817875469999999938e-01 2.280349731445312500e+00
6.846243829999999475e-01 2.192373752593994141e+00
6.874612759999999545e-01 1.838302850723266602e+00
6.902982260000000148e-01 1.865243792533874512e+00
6.931352309999999628e-01 1.900500416755676270e+00
6.959722929999999641e-01 1.914160251617431641e+00
6.988094110000000470e-01 1.895513534545898438e+00
7.016465849999999893e-01 1.781926155090332031e+00
7.044838150000000132e-01 1.778234481811523438e+00
7.073211019999999793e-01 1.740321159362792969e+00
7.101584450000000270e-01 1.683498024940490723e+00
7.129958440000000452e-01 1.574154257774353027e+00
7.158332990000000340e-01 1.329768538475036621e+00
7.186708109999999650e-01 9.558072090148925781e-01
7.215083789999999775e-01 9.841757416725158691e-01
7.243460029999999605e-01 9.026680588722229004e-01
7.271836830000000251e-01 8.166130781173706055e-01
7.300214200000000320e-01 7.637411952018737793e-01
7.328592130000000093e-01 7.806444168090820312e-01
7.356970619999999572e-01 7.860008478164672852e-01
7.385349669999999866e-01 7.554649710655212402e-01
7.413729289999999583e-01 7.610826492309570312e-01
7.442109470000000115e-01 7.697905898094177246e-01
7.470490210000000353e-01 7.663438916206359863e-01
7.498871510000000296e-01 7.566930055618286133e-01
7.527253379999999661e-01 7.514652013778686523e-01
7.555635800000000124e-01 7.376132011413574219e-01
7.584018790000000010e-01 6.074149012565612793e-01
7.612402350000000428e-01 2.902532219886779785e-01
7.640786459999999725e-01 3.393501341342926025e-01
7.669171139999999554e-01 5.500555038452148438e-01
7.697556380000000198e-01 6.757542490959167480e-01
7.725942180000000548e-01 7.001838088035583496e-01
7.754328539999999492e-01 7.010780572891235352e-01
7.782715470000000080e-01 7.015795111656188965e-01
7.811102960000000373e-01 7.099531292915344238e-01
7.839491010000000371e-01 6.955632567405700684e-01
7.867879620000000074e-01 6.969584226608276367e-01
7.896268800000000310e-01 6.709550023078918457e-01
7.924658540000000251e-01 6.758903264999389648e-01
7.953048839999999897e-01 6.818889379501342773e-01
7.981439700000000359e-01 6.817861795425415039e-01
8.009831130000000243e-01 6.819558143615722656e-01
8.038223119999999833e-01 6.787770390510559082e-01
8.066615670000000238e-01 6.993821263313293457e-01
8.095008780000000348e-01 6.710977554321289062e-01
8.123402459999999881e-01 5.986695885658264160e-01
8.151796700000000229e-01 4.892317056655883789e-01
8.180191500000000282e-01 4.631349742412567139e-01
8.208586860000000041e-01 4.926833808422088623e-01
8.236982790000000332e-01 4.550482332706451416e-01
8.265379269999999501e-01 4.708294868469238281e-01
8.293776320000000313e-01 4.198030531406402588e-01
8.322173940000000547e-01 4.102173745632171631e-01
8.350572109999999659e-01 4.156918823719024658e-01
8.378970850000000414e-01 4.236847460269927979e-01
8.407370149999999764e-01 4.308042526245117188e-01
8.435770009999999930e-01 4.238095879554748535e-01
8.464170429999999801e-01 4.203903973102569580e-01
8.492571420000000204e-01 3.995663821697235107e-01
8.520972970000000313e-01 3.906007707118988037e-01
8.549375080000000127e-01 3.667239546775817871e-01
8.577777749999999646e-01 3.877819180488586426e-01
8.606180989999999698e-01 3.839586675167083740e-01
8.634584789999999455e-01 3.743734955787658691e-01
8.662989150000000027e-01 3.477548360824584961e-01
8.691394070000000305e-01 3.550016880035400391e-01
8.719799560000000005e-01 3.502248525619506836e-01
8.748205610000000521e-01 3.403197526931762695e-01
8.776612219999999631e-01 3.367845416069030762e-01
8.805019389999999557e-01 3.232517838478088379e-01
8.833427130000000016e-01 3.197801113128662109e-01
8.861835430000000180e-01 3.073331415653228760e-01
8.890244290000000049e-01 3.050529360771179199e-01
8.918653709999999624e-01 2.892628312110900879e-01
8.947063699999999731e-01 2.472821921110153198e-01
8.975474239999999826e-01 1.925704628229141235e-01
9.003885350000000454e-01 1.751574128866195679e-01
9.032297030000000504e-01 1.968348771333694458e-01
9.060709260000000542e-01 1.984589695930480957e-01
9.089122060000000003e-01 1.618653386831283569e-01
9.117535420000000279e-01 1.624507606029510498e-01
9.145949340000000261e-01 1.460907608270645142e-01
9.174363819999999947e-01 1.538349241018295288e-01
9.202778870000000166e-01 1.777382045984268188e-01
9.231194480000000091e-01 1.673932224512100220e-01
9.259610649999999721e-01 1.520046144723892212e-01
9.288027380000000166e-01 1.137750074267387390e-01
9.316444680000000034e-01 5.522134900093078613e-02
9.344862539999999607e-01 3.471690788865089417e-02
9.373280959999999995e-01 3.385728970170021057e-02
9.401699940000000089e-01 5.555261299014091492e-02
9.430119489999999605e-01 4.719555377960205078e-02
9.458539599999999936e-01 4.476599395275115967e-02
9.486960269999999973e-01 5.068017914891242981e-02
9.515381499999999715e-01 5.131933465600013733e-02
9.543803299999999989e-01 5.208047479391098022e-02
9.572225659999999969e-01 5.446708202362060547e-02
9.600648579999999654e-01 5.541825667023658752e-02
9.629072060000000155e-01 6.862432509660720825e-02
9.657496110000000078e-01 7.434607297182083130e-02
9.685920709999999989e-01 1.015026345849037170e-01
9.714345880000000433e-01 1.093347519636154175e-01
9.742771620000000299e-01 9.460351616144180298e-02
9.771197910000000153e-01 1.024366617202758789e-01
9.799624770000000540e-01 1.043284237384796143e-01
9.828052189999999522e-01 1.173473298549652100e-01
9.856480170000000429e-01 1.293697208166122437e-01
9.884908709999999932e-01 1.276659518480300903e-01
9.913337819999999967e-01 1.280459910631179810e-01
9.941767489999999707e-01 1.343638449907302856e-01
9.970197720000000263e-01 1.334909200668334961e-01
9.998628510000000524e-01 1.333266794681549072e-01
1.002705986999999910e+00 1.324566304683685303e-01
1.005549178999999960e+00 1.267865896224975586e-01
1.008392426999999980e+00 1.333868652582168579e-01
1.011235730999999971e+00 1.336182057857513428e-01
1.014079092000000015e+00 1.269619464874267578e-01
1.016922509000000030e+00 1.323101818561553955e-01
1.019765982000000015e+00 1.311345547437667847e-01
1.022609510999999971e+00 1.333711296319961548e-01
1.025453096999999980e+00 1.323853880167007446e-01
1.028296738999999960e+00 1.230008229613304138e-01
1.031140436999999910e+00 1.325715333223342896e-01
1.033984191000000052e+00 1.274489760398864746e-01
1.036828002000000026e+00 1.267625540494918823e-01
1.039671868000000110e+00 1.271658986806869507e-01
1.042515791000000025e+00 1.317681819200515747e-01
1.045359770999999993e+00 1.233728677034378052e-01
