3.615872339999999796e-01 1.293410778045654297e+00
3.644177160000000026e-01 1.441862583160400391e+00
3.672482539999999962e-01 1.578702688217163086e+00
3.700788480000000158e-01 1.557029485702514648e+00
3.729094980000000059e-01 1.421799421310424805e+00
3.757402049999999938e-01 1.520126938819885254e+00
3.785709680000000077e-01 1.647850632667541504e+00
3.814017869999999921e-01 1.443244099617004395e+00
3.842326620000000026e-01 1.302163124084472656e+00
3.870635940000000108e-01 1.439112067222595215e+00
3.898945819999999896e-01 1.642608880996704102e+00
3.927256259999999943e-01 1.419634580612182617e+00
3.955567260000000251e-01 1.471128106117248535e+00
3.983878829999999982e-01 1.865373849868774414e+00
4.012190950000000256e-01 2.303016424179077148e+00
4.040503639999999952e-01 2.295259237289428711e+00
4.068816900000000181e-01 2.234629392623901367e+00
4.097130709999999842e-01 2.299935340881347656e+00
4.125445090000000037e-01 2.364969730377197266e+00
4.153760029999999936e-01 2.402973175048828125e+00
4.182075530000000096e-01 2.339128494262695312e+00
4.210391589999999962e-01 2.373298168182373047e+00
4.238708219999999804e-01 2.330283164978027344e+00
4.267025409999999908e-01 2.280260801315307617e+00
4.295343160000000271e-01 2.071970462799072266e+00
4.323661469999999785e-01 2.201611995697021484e+00
4.351980349999999831e-01 2.405400753021240234e+00
4.380299790000000137e-01 2.435017585754394531e+00
4.408619790000000149e-01 2.501668691635131836e+00
4.436940349999999866e-01 2.644627332687377930e+00
4.465261480000000116e-01 2.654808282852172852e+00
4.493583170000000071e-01 2.823103904724121094e+00
4.521905419999999731e-01 2.842222690582275391e+00
4.550228230000000207e-01 2.795117616653442383e+00
4.578551610000000105e-01 2.880515813827514648e+00
4.606875550000000263e-01 2.903211116790771484e+00
4.635200050000000127e-01 2.913227558135986328e+00
4.663525110000000251e-01 2.853989124298095703e+00
4.691850739999999798e-01 2.837419509887695312e+00
4.720176919999999887e-01 2.879984617233276367e+00
4.748503669999999954e-01 2.923427104949951172e+00
4.776830989999999999e-01 2.953622579574584961e+00
4.805158860000000032e-01 3.010751962661743164e+00
4.833487300000000042e-01 2.994690179824829102e+00
4.861816299999999758e-01 2.757419824600219727e+00
4.890145859999999733e-01 2.872638940811157227e+00
4.918475979999999970e-01 2.945811510086059570e+00
4.946806670000000183e-01 3.014014959335327148e+00
4.975137920000000102e-01 3.021667242050170898e+00
5.003469729999999727e-01 2.944826126098632812e+00
5.031802100000000166e-01 2.915556430816650391e+00
5.060135040000000028e-01 3.000258207321166992e+00
5.088468539999999596e-01 3.021131277084350586e+00
5.116802599999999979e-01 3.053657054901123047e+00
5.145137220000000067e-01 2.987167596817016602e+00
5.173472409999999577e-01 2.825796842575073242e+00
5.201808159999999903e-01 2.948056221008300781e+00
5.230144469999999934e-01 3.064660072326660156e+00
5.258481339999999671e-01 3.086119651794433594e+00
5.286818779999999940e-01 3.116270065307617188e+00
5.315156779999999914e-01 3.213644981384277344e+00
5.343495339999999594e-01 3.208958864212036133e+00
5.371834460000000089e-01 3.248040676116943359e+00
5.400174150000000006e-01 3.199485540390014648e+00
5.428514389999999912e-01 3.212935924530029297e+00
5.456855200000000350e-01 3.267312526702880859e+00
5.485196580000000210e-01 3.279437065124511719e+00
5.513538510000000059e-01 3.307096719741821289e+00
5.541881010000000440e-01 3.328695297241210938e+00
5.570224070000000527e-01 3.300234556198120117e+00
5.598567690000000319e-01 3.248707771301269531e+00
5.626911869999999816e-01 3.306268453598022461e+00
5.655256619999999845e-01 3.293104887008666992e+00
5.683601929999999580e-01 3.258812427520751953e+00
5.711947800000000131e-01 3.225105524063110352e+00
5.740294230000000386e-01 3.272498607635498047e+00
5.768641230000000064e-01 3.239140510559082031e+00
5.796988789999999447e-01 3.253159761428833008e+00
5.825336909999999646e-01 3.319972276687622070e+00
5.853685589999999550e-01 3.276418209075927734e+00
5.882034839999999987e-01 3.059689283370971680e+00
5.910384650000000129e-01 2.928936958312988281e+00
5.938735019999999976e-01 2.965352773666381836e+00
5.967085949999999528e-01 2.950436592102050781e+00
5.995437449999999613e-01 2.907699584960937500e+00
6.023789510000000513e-01 2.864568710327148438e+00
6.052142130000000009e-01 2.878037214279174805e+00
6.080495310000000320e-01 2.833458662033081055e+00
6.108849060000000053e-01 2.727359294891357422e+00
6.137203359999999774e-01 2.654078483581542969e+00
6.165558230000000028e-01 2.626537799835205078e+00
6.193913669999999705e-01 2.696257352828979492e+00
6.222269660000000480e-01 2.685736179351806641e+00
6.250626219999999567e-01 2.611023426055908203e+00
6.278983339999999469e-01 2.548633575439453125e+00
6.307341020000000187e-01 2.532449007034301758e+00
6.335699259999999500e-01 2.562375783920288086e+00
6.364058070000000455e-01 2.574671030044555664e+00
6.392417440000000006e-01 2.586527585983276367e+00
6.420777370000000372e-01 2.557044982910156250e+00
6.449137860000000444e-01 2.512180805206298828e+00
6.477498919999999938e-01 2.395241498947143555e+00
6.505860540000000247e-01 2.388766288757324219e+00
6.534222720000000262e-01 2.388322114944458008e+00
6.562585459999999982e-01 2.185884237289428711e+00
6.590948770000000234e-01 2.281700611114501953e+00
6.619312640000000192e-01 2.341951131820678711e+00
6.647677069999999855e-01 2.323586463928222656e+00
6.676042060000000333e-01 2.300458431243896484e+00
6.704407620000000234e-01 2.283225297927856445e+00
6.732773739999999840e-01 2.258042335510253906e+00
6.761140420000000262e-01 2.245990753173828125e+00
6.789507660000000389e-01 2.224867820739746094e+00
6.817875469999999938e-01 2.195668220520019531e+00
6.846243829999999475e-01 2.116020679473876953e+00
6.874612759999999545e-01 1.760778188705444336e+00
6.902982260000000148e-01 1.780914783477783203e+00
6.931352309999999628e-01 1.814207553863525391e+00
6.959722929999999641e-01 1.817719340324401855e+00
6.988094110000000470e-01 1.795495033264160156e+00
7.016465849999999893e-01 1.688930153846740723e+00
7.044838150000000132e-01 1.685043931007385254e+00
7.073211019999999793e-01 1.645930886268615723e+00
7.101584450000000270e-01 1.579416513442993164e+00
7.129958440000000452e-01 1.481198310852050781e+00
7.158332990000000340e-01 1.254175543785095215e+00
7.186708109999999650e-01 9.044753909111022949e-01
7.215083789999999775e-01 9.275910258293151855e-01
7.243460029999999605e-01 8.421946167945861816e-01
7.271836830000000251e-01 7.657550573348999023e-01
7.300214200000000320e-01 7.132463455200195312e-01
7.328592130000000093e-01 7.276564240455627441e-01
7.356970619999999572e-01 7.193321585655212402e-01
7.385349669999999866e-01 6.968651413917541504e-01
7.413729289999999583e-01 7.058055996894836426e-01
7.442109470000000115e-01 7.116713523864746094e-01
7.470490210000000353e-01 7.074849009513854980e-01
7.498871510000000296e-01 6.982179880142211914e-01
7.527253379999999661e-01 6.932936906814575195e-01
7.555635800000000124e-01 6.827225089073181152e-01
7.584018790000000010e-01 5.674538612365722656e-01
7.612402350000000428e-01 2.609829008579254150e-01
7.640786459999999725e-01 3.164417445659637451e-01
7.669171139999999554e-01 5.095660090446472168e-01
7.697556380000000198e-01 6.235001683235168457e-01
7.725942180000000548e-01 6.469515562057495117e-01
7.754328539999999492e-01 6.456400156021118164e-01
7.782715470000000080e-01 6.470104455947875977e-01
7.811102960000000373e-01 6.495678424835205078e-01
7.839491010000000371e-01 6.477990150451660156e-01
7.867879620000000074e-01 6.395208239555358887e-01
7.896268800000000310e-01 6.245387792587280273e-01
7.924658540000000251e-01 6.188786625862121582e-01
7.953048839999999897e-01 6.272728443145751953e-01
7.981439700000000359e-01 6.302980780601501465e-01
8.009831130000000243e-01 6.238154768943786621e-01
8.038223119999999833e-01 6.284834742546081543e-01
8.066615670000000238e-01 6.413078904151916504e-01
8.095008780000000348e-01 6.168461441993713379e-01
8.123402459999999881e-01 5.539048910140991211e-01
8.151796700000000229e-01 4.467109143733978271e-01
8.180191500000000282e-01 4.232450425624847412e-01
8.208586860000000041e-01 4.550359547138214111e-01
8.236982790000000332e-01 4.118054211139678955e-01
8.265379269999999501e-01 4.382500052452087402e-01
8.293776320000000313e-01 3.848515450954437256e-01
8.322173940000000547e-01 3.707500398159027100e-01
8.350572109999999659e-01 3.819605112075805664e-01
8.378970850000000414e-01 3.850136399269104004e-01
8.407370149999999764e-01 3.862560391426086426e-01
8.435770009999999930e-01 3.791526556015014648e-01
8.464170429999999801e-01 3.807423114776611328e-01
8.492571420000000204e-01 3.630483448505401611e-01
8.520972970000000313e-01 3.475059568881988525e-01
8.549375080000000127e-01 3.256134390830993652e-01
8.577777749999999646e-01 3.484482765197753906e-01
8.606180989999999698e-01 3.417006134986877441e-01
8.634584789999999455e-01 3.377547562122344971e-01
8.662989150000000027e-01 3.122017681598663330e-01
8.691394070000000305e-01 3.184407055377960205e-01
8.719799560000000005e-01 3.142862319946289062e-01
8.748205610000000521e-01 3.070680797100067139e-01
8.776612219999999631e-01 3.014962673187255859e-01
8.805019389999999557e-01 2.899043262004852295e-01
8.833427130000000016e-01 2.811391651630401611e-01
8.861835430000000180e-01 2.748575210571289062e-01
8.890244290000000049e-01 2.623907029628753662e-01
8.918653709999999624e-01 2.508888840675354004e-01
8.947063699999999731e-01 2.154985517263412476e-01
8.975474239999999826e-01 1.715130060911178589e-01
9.003885350000000454e-01 1.572786271572113037e-01
9.032297030000000504e-01 1.770015358924865723e-01
9.060709260000000542e-01 1.761819124221801758e-01
9.089122060000000003e-01 1.429181843996047974e-01
9.117535420000000279e-01 1.435896903276443481e-01
9.145949340000000261e-01 1.355515718460083008e-01
9.174363819999999947e-01 1.351330876350402832e-01
9.202778870000000166e-01 1.554786413908004761e-01
9.231194480000000091e-01 1.399932652711868286e-01
9.259610649999999721e-01 1.307953447103500366e-01
9.288027380000000166e-01 9.691579639911651611e-02
9.316444680000000034e-01 5.571745708584785461e-02
9.344862539999999607e-01 3.277087584137916565e-02
9.373280959999999995e-01 2.973573841154575348e-02
9.401699940000000089e-01 5.275406315922737122e-02
9.430119489999999605e-01 4.519882053136825562e-02
9.458539599999999936e-01 4.249886423349380493e-02
9.486960269999999973e-01 3.894448280334472656e-02
9.515381499999999715e-01 4.464635625481605530e-02
9.543803299999999989e-01 4.558672755956649780e-02
9.572225659999999969e-01 5.225257575511932373e-02
9.600648579999999654e-01 5.100726708769798279e-02
9.629072060000000155e-01 5.756021663546562195e-02
9.657496110000000078e-01 6.588887423276901245e-02
9.685920709999999989e-01 8.365964889526367188e-02
9.714345880000000433e-01 9.326056391000747681e-02
9.742771620000000299e-01 8.287108689546585083e-02
9.771197910000000153e-01 8.118529617786407471e-02
9.799624770000000540e-01 8.704131096601486206e-02
9.828052189999999522e-01 9.821613878011703491e-02
9.856480170000000429e-01 1.051709875464439392e-01
9.884908709999999932e-01 1.047666519880294800e-01
9.913337819999999967e-01 1.059864759445190430e-01
9.941767489999999707e-01 1.111799553036689758e-01
9.970197720000000263e-01 1.113760769367218018e-01
9.998628510000000524e-01 1.080833673477172852e-01
1.002705986999999910e+00 1.105147227644920349e-01
1.005549178999999960e+00 1.031632497906684875e-01
1.008392426999999980e+00 1.104128956794738770e-01
1.011235730999999971e+00 1.066337227821350098e-01
1.014079092000000015e+00 1.028743833303451538e-01
1.016922509000000030e+00 1.095019057393074036e-01
1.019765982000000015e+00 1.119149997830390930e-01
1.022609510999999971e+00 1.067066863179206848e-01
1.025453096999999980e+00 1.062463223934173584e-01
1.028296738999999960e+00 1.138780489563941956e-01
1.031140436999999910e+00 1.045172885060310364e-01
1.033984191000000052e+00 1.138023808598518372e-01
1.036828002000000026e+00 1.040371507406234741e-01
1.039671868000000110e+00 1.047792583703994751e-01
1.042515791000000025e+00 1.175070106983184814e-01
1.045359770999999993e+00 1.163771450519561768e-01
