3.615872339999999796e-01 1.333503842353820801e+00
3.644177160000000026e-01 1.444302439689636230e+00
3.672482539999999962e-01 1.566688776016235352e+00
3.700788480000000158e-01 1.556639313697814941e+00
3.729094980000000059e-01 1.405823111534118652e+00
3.757402049999999938e-01 1.513393878936767578e+00
3.785709680000000077e-01 1.651740312576293945e+00
3.814017869999999921e-01 1.393810510635375977e+00
3.842326620000000026e-01 1.292342066764831543e+00
3.870635940000000108e-01 1.461089491844177246e+00
3.898945819999999896e-01 1.617715358734130859e+00
3.927256259999999943e-01 1.427679061889648438e+00
3.955567260000000251e-01 1.466062903404235840e+00
3.983878829999999982e-01 1.842879772186279297e+00
4.012190950000000256e-01 2.315699577331542969e+00
4.040503639999999952e-01 2.288368701934814453e+00
4.068816900000000181e-01 2.251935243606567383e+00
4.097130709999999842e-01 2.309484004974365234e+00
4.125445090000000037e-01 2.399008274078369141e+00
4.153760029999999936e-01 2.400419950485229492e+00
4.182075530000000096e-01 2.338008403778076172e+00
4.210391589999999962e-01 2.355955839157104492e+00
4.238708219999999804e-01 2.334956407546997070e+00
4.267025409999999908e-01 2.283246040344238281e+00
4.295343160000000271e-01 2.073037385940551758e+00
4.323661469999999785e-01 2.208757400512695312e+00
4.351980349999999831e-01 2.404667854309082031e+00
4.380299790000000137e-01 2.425297737121582031e+00
4.408619790000000149e-01 2.508195877075195312e+00
4.436940349999999866e-01 2.661836624145507812e+00
4.465261480000000116e-01 2.694685697555541992e+00
4.493583170000000071e-01 2.841800451278686523e+00
4.521905419999999731e-01 2.851161479949951172e+00
4.550228230000000207e-01 2.832107543945312500e+00
4.578551610000000105e-01 2.882839202880859375e+00
4.606875550000000263e-01 2.907987833023071289e+00
4.635200050000000127e-01 2.949391841888427734e+00
4.663525110000000251e-01 2.893140077590942383e+00
4.691850739999999798e-01 2.866924524307250977e+00
4.720176919999999887e-01 2.924927473068237305e+00
4.748503669999999954e-01 2.969894886016845703e+00
4.776830989999999999e-01 3.000327587127685547e+00
4.805158860000000032e-01 3.059017658233642578e+00
4.833487300000000042e-01 3.037736654281616211e+00
4.861816299999999758e-01 2.800409555435180664e+00
4.890145859999999733e-01 2.912697792053222656e+00
4.918475979999999970e-01 3.000991821289062500e+00
4.946806670000000183e-01 3.057159900665283203e+00
4.975137920000000102e-01 3.070793151855468750e+00
5.003469729999999727e-01 2.995229244232177734e+00
5.031802100000000166e-01 2.979670286178588867e+00
5.060135040000000028e-01 3.080466508865356445e+00
5.088468539999999596e-01 3.102282762527465820e+00
5.116802599999999979e-01 3.129277944564819336e+00
5.145137220000000067e-01 3.062359571456909180e+00
5.173472409999999577e-01 2.896663665771484375e+00
5.201808159999999903e-01 3.029303073883056641e+00
5.230144469999999934e-01 3.166635274887084961e+00
5.258481339999999671e-01 3.177821636199951172e+00
5.286818779999999940e-01 3.208003520965576172e+00
5.315156779999999914e-01 3.326828718185424805e+00
5.343495339999999594e-01 3.313086032867431641e+00
5.371834460000000089e-01 3.357531309127807617e+00
5.400174150000000006e-01 3.290453672409057617e+00
5.428514389999999912e-01 3.321425914764404297e+00
5.456855200000000350e-01 3.395332336425781250e+00
5.485196580000000210e-01 3.389207601547241211e+00
5.513538510000000059e-01 3.420877933502197266e+00
5.541881010000000440e-01 3.454274892807006836e+00
5.570224070000000527e-01 3.419923067092895508e+00
5.598567690000000319e-01 3.370453357696533203e+00
5.626911869999999816e-01 3.432673454284667969e+00
5.655256619999999845e-01 3.416591882705688477e+00
5.683601929999999580e-01 3.396323204040527344e+00
5.711947800000000131e-01 3.352283239364624023e+00
5.740294230000000386e-01 3.402242183685302734e+00
5.768641230000000064e-01 3.376359701156616211e+00
5.796988789999999447e-01 3.389616727828979492e+00
5.825336909999999646e-01 3.469110488891601562e+00
5.853685589999999550e-01 3.421528816223144531e+00
5.882034839999999987e-01 3.207490921020507812e+00
5.910384650000000129e-01 3.069382667541503906e+00
5.938735019999999976e-01 3.122234582901000977e+00
5.967085949999999528e-01 3.126681566238403320e+00
5.995437449999999613e-01 3.091185808181762695e+00
6.023789510000000513e-01 3.058291435241699219e+00
6.052142130000000009e-01 3.066755056381225586e+00
6.080495310000000320e-01 3.033906698226928711e+00
6.108849060000000053e-01 2.933336019515991211e+00
6.137203359999999774e-01 2.848800420761108398e+00
6.165558230000000028e-01 2.820449829101562500e+00
6.193913669999999705e-01 2.893984317779541016e+00
6.222269660000000480e-01 2.874057769775390625e+00
6.250626219999999567e-01 2.809379577636718750e+00
6.278983339999999469e-01 2.741090059280395508e+00
6.307341020000000187e-01 2.720559597015380859e+00
6.335699259999999500e-01 2.755909442901611328e+00
6.364058070000000455e-01 2.775803804397583008e+00
6.392417440000000006e-01 2.796542644500732422e+00
6.420777370000000372e-01 2.759992837905883789e+00
6.449137860000000444e-01 2.725001335144042969e+00
6.477498919999999938e-01 2.597140073776245117e+00
6.505860540000000247e-01 2.584535360336303711e+00
6.534222720000000262e-01 2.573646545410156250e+00
6.562585459999999982e-01 2.371179819107055664e+00
6.590948770000000234e-01 2.490126371383666992e+00
6.619312640000000192e-01 2.549726247787475586e+00
6.647677069999999855e-01 2.533568382263183594e+00
6.676042060000000333e-01 2.511384010314941406e+00
6.704407620000000234e-01 2.490621805191040039e+00
6.732773739999999840e-01 2.464558601379394531e+00
6.761140420000000262e-01 2.451277256011962891e+00
6.789507660000000389e-01 2.431744337081909180e+00
6.817875469999999938e-01 2.414669752120971680e+00
6.846243829999999475e-01 2.317728519439697266e+00
6.874612759999999545e-01 1.951362967491149902e+00
6.902982260000000148e-01 1.977864265441894531e+00
6.931352309999999628e-01 2.016556024551391602e+00
6.959722929999999641e-01 2.027450561523437500e+00
6.988094110000000470e-01 2.010739326477050781e+00
7.016465849999999893e-01 1.908501505851745605e+00
7.044838150000000132e-01 1.905246615409851074e+00
7.073211019999999793e-01 1.875625371932983398e+00
7.101584450000000270e-01 1.812374711036682129e+00
7.129958440000000452e-01 1.708549499511718750e+00
7.158332990000000340e-01 1.451640725135803223e+00
7.186708109999999650e-01 1.065599918365478516e+00
7.215083789999999775e-01 1.086316704750061035e+00
7.243460029999999605e-01 1.007496833801269531e+00
7.271836830000000251e-01 9.190444350242614746e-01
7.300214200000000320e-01 8.629117012023925781e-01
7.328592130000000093e-01 8.827643394470214844e-01
7.356970619999999572e-01 8.803308010101318359e-01
7.385349669999999866e-01 8.584344983100891113e-01
7.413729289999999583e-01 8.588722944259643555e-01
7.442109470000000115e-01 8.767595291137695312e-01
7.470490210000000353e-01 8.720204234123229980e-01
7.498871510000000296e-01 8.623344898223876953e-01
7.527253379999999661e-01 8.539779782295227051e-01
7.555635800000000124e-01 8.341745138168334961e-01
7.584018790000000010e-01 6.896610260009765625e-01
7.612402350000000428e-01 3.219375014305114746e-01
7.640786459999999725e-01 3.957263231277465820e-01
7.669171139999999554e-01 6.396605968475341797e-01
7.697556380000000198e-01 7.749247550964355469e-01
7.725942180000000548e-01 8.038134574890136719e-01
7.754328539999999492e-01 8.066751956939697266e-01
7.782715470000000080e-01 8.064100146293640137e-01
7.811102960000000373e-01 8.140326142311096191e-01
7.839491010000000371e-01 8.128720521926879883e-01
7.867879620000000074e-01 8.003913164138793945e-01
7.896268800000000310e-01 7.793676853179931641e-01
7.924658540000000251e-01 7.847081422805786133e-01
7.953048839999999897e-01 7.840677499771118164e-01
7.981439700000000359e-01 7.946087121963500977e-01
8.009831130000000243e-01 7.873052358627319336e-01
8.038223119999999833e-01 7.944911718368530273e-01
8.066615670000000238e-01 8.055639863014221191e-01
8.095008780000000348e-01 7.746379971504211426e-01
8.123402459999999881e-01 6.940826177597045898e-01
8.151796700000000229e-01 5.666157603263854980e-01
8.180191500000000282e-01 5.347760319709777832e-01
8.208586860000000041e-01 5.768305063247680664e-01
8.236982790000000332e-01 5.316808819770812988e-01
8.265379269999999501e-01 5.488062500953674316e-01
8.293776320000000313e-01 4.901964664459228516e-01
8.322173940000000547e-01 4.788428544998168945e-01
8.350572109999999659e-01 4.872750639915466309e-01
8.378970850000000414e-01 4.905292689800262451e-01
8.407370149999999764e-01 4.938184618949890137e-01
8.435770009999999930e-01 4.893859326839447021e-01
8.464170429999999801e-01 4.916096925735473633e-01
8.492571420000000204e-01 4.646821618080139160e-01
8.520972970000000313e-01 4.474213719367980957e-01
8.549375080000000127e-01 4.257565140724182129e-01
8.577777749999999646e-01 4.469035267829895020e-01
8.606180989999999698e-01 4.427702426910400391e-01
8.634584789999999455e-01 4.339613020420074463e-01
8.662989150000000027e-01 4.015122354030609131e-01
8.691394070000000305e-01 4.124025404453277588e-01
8.719799560000000005e-01 4.056869149208068848e-01
8.748205610000000521e-01 3.965305387973785400e-01
8.776612219999999631e-01 3.862029016017913818e-01
8.805019389999999557e-01 3.723276555538177490e-01
8.833427130000000016e-01 3.690653145313262939e-01
8.861835430000000180e-01 3.537637293338775635e-01
8.890244290000000049e-01 3.516021370887756348e-01
8.918653709999999624e-01 3.264637887477874756e-01
8.947063699999999731e-01 2.818290889263153076e-01
8.975474239999999826e-01 2.254764437675476074e-01
9.003885350000000454e-01 2.018159627914428711e-01
9.032297030000000504e-01 2.331330180168151855e-01
9.060709260000000542e-01 2.331221401691436768e-01
9.089122060000000003e-01 1.888909488916397095e-01
9.117535420000000279e-01 1.887436658143997192e-01
9.145949340000000261e-01 1.757940053939819336e-01
9.174363819999999947e-01 1.751037985086441040e-01
9.202778870000000166e-01 2.036335766315460205e-01
9.231194480000000091e-01 1.925028264522552490e-01
9.259610649999999721e-01 1.769734174013137817e-01
9.288027380000000166e-01 1.235301196575164795e-01
9.316444680000000034e-01 6.696330010890960693e-02
9.344862539999999607e-01 4.089748486876487732e-02
9.373280959999999995e-01 4.705462604761123657e-02
9.401699940000000089e-01 6.684309989213943481e-02
9.430119489999999605e-01 6.085952371358871460e-02
9.458539599999999936e-01 5.596963688731193542e-02
9.486960269999999973e-01 5.814570933580398560e-02
9.515381499999999715e-01 6.261414289474487305e-02
9.543803299999999989e-01 5.901527404785156250e-02
9.572225659999999969e-01 6.648772954940795898e-02
9.600648579999999654e-01 6.672356277704238892e-02
9.629072060000000155e-01 7.651318609714508057e-02
9.657496110000000078e-01 8.691976219415664673e-02
9.685920709999999989e-01 1.136814430356025696e-01
9.714345880000000433e-01 1.201139464974403381e-01
9.742771620000000299e-01 1.120583191514015198e-01
9.771197910000000153e-01 1.123326122760772705e-01
9.799624770000000540e-01 1.212442293763160706e-01
9.828052189999999522e-01 1.325427293777465820e-01
9.856480170000000429e-01 1.431568711996078491e-01
9.884908709999999932e-01 1.499554961919784546e-01
9.913337819999999967e-01 1.516835540533065796e-01
9.941767489999999707e-01 1.488583981990814209e-01
9.970197720000000263e-01 1.503585278987884521e-01
9.998628510000000524e-01 1.544014364480972290e-01
1.002705986999999910e+00 1.492936760187149048e-01
1.005549178999999960e+00 1.462111622095108032e-01
1.008392426999999980e+00 1.509060859680175781e-01
1.011235730999999971e+00 1.515217274427413940e-01
1.014079092000000015e+00 1.541355103254318237e-01
1.016922509000000030e+00 1.529557108879089355e-01
1.019765982000000015e+00 1.532841771841049194e-01
1.022609510999999971e+00 1.535589247941970825e-01
1.025453096999999980e+00 1.550759673118591309e-01
1.028296738999999960e+00 1.640767604112625122e-01
1.031140436999999910e+00 1.561133861541748047e-01
1.033984191000000052e+00 1.518167853355407715e-01
1.036828002000000026e+00 1.575994044542312622e-01
1.039671868000000110e+00 1.580563336610794067e-01
1.042515791000000025e+00 1.597693115472793579e-01
1.045359770999999993e+00 1.735398024320602417e-01
