3.615872339999999796e-01 1.320821642875671387e+00
3.644177160000000026e-01 1.472691416740417480e+00
3.672482539999999962e-01 1.607785463333129883e+00
3.700788480000000158e-01 1.581104755401611328e+00
3.729094980000000059e-01 1.407243967056274414e+00
3.757402049999999938e-01 1.485871791839599609e+00
3.785709680000000077e-01 1.651823997497558594e+00
3.814017869999999921e-01 1.413335680961608887e+00
3.842326620000000026e-01 1.295112848281860352e+00
3.870635940000000108e-01 1.436068534851074219e+00
3.898945819999999896e-01 1.621650934219360352e+00
3.927256259999999943e-01 1.424190998077392578e+00
3.955567260000000251e-01 1.461689114570617676e+00
3.983878829999999982e-01 1.826711535453796387e+00
4.012190950000000256e-01 2.267270326614379883e+00
4.040503639999999952e-01 2.276930809020996094e+00
4.068816900000000181e-01 2.232245922088623047e+00
4.097130709999999842e-01 2.278963804244995117e+00
4.125445090000000037e-01 2.359299659729003906e+00
4.153760029999999936e-01 2.404592514038085938e+00
4.182075530000000096e-01 2.323844194412231445e+00
4.210391589999999962e-01 2.353703737258911133e+00
4.238708219999999804e-01 2.302018165588378906e+00
4.267025409999999908e-01 2.239524841308593750e+00
4.295343160000000271e-01 2.045462369918823242e+00
4.323661469999999785e-01 2.183406352996826172e+00
4.351980349999999831e-01 2.374278306961059570e+00
4.380299790000000137e-01 2.406379699707031250e+00
4.408619790000000149e-01 2.488841533660888672e+00
4.436940349999999866e-01 2.638890027999877930e+00
4.465261480000000116e-01 2.657042980194091797e+00
4.493583170000000071e-01 2.824596405029296875e+00
4.521905419999999731e-01 2.827750205993652344e+00
4.550228230000000207e-01 2.809057950973510742e+00
4.578551610000000105e-01 2.863204956054687500e+00
4.606875550000000263e-01 2.883127212524414062e+00
4.635200050000000127e-01 2.903498411178588867e+00
4.663525110000000251e-01 2.843160867691040039e+00
4.691850739999999798e-01 2.843291997909545898e+00
4.720176919999999887e-01 2.886181354522705078e+00
4.748503669999999954e-01 2.924972295761108398e+00
4.776830989999999999e-01 2.970445394515991211e+00
4.805158860000000032e-01 3.024725198745727539e+00
4.833487300000000042e-01 3.009273767471313477e+00
4.861816299999999758e-01 2.769017457962036133e+00
4.890145859999999733e-01 2.874887228012084961e+00
4.918475979999999970e-01 2.962424278259277344e+00
4.946806670000000183e-01 3.026273488998413086e+00
4.975137920000000102e-01 3.039466857910156250e+00
5.003469729999999727e-01 2.963760852813720703e+00
5.031802100000000166e-01 2.940343618392944336e+00
5.060135040000000028e-01 3.028173208236694336e+00
5.088468539999999596e-01 3.053555727005004883e+00
5.116802599999999979e-01 3.084126949310302734e+00
5.145137220000000067e-01 3.019994258880615234e+00
5.173472409999999577e-01 2.867997884750366211e+00
5.201808159999999903e-01 2.995235681533813477e+00
5.230144469999999934e-01 3.131910085678100586e+00
5.258481339999999671e-01 3.133582830429077148e+00
5.286818779999999940e-01 3.171174764633178711e+00
5.315156779999999914e-01 3.273444890975952148e+00
5.343495339999999594e-01 3.274132728576660156e+00
5.371834460000000089e-01 3.310953617095947266e+00
5.400174150000000006e-01 3.249271154403686523e+00
5.428514389999999912e-01 3.275467395782470703e+00
5.456855200000000350e-01 3.332265377044677734e+00
5.485196580000000210e-01 3.342670440673828125e+00
5.513538510000000059e-01 3.375139713287353516e+00
5.541881010000000440e-01 3.401611089706420898e+00
5.570224070000000527e-01 3.363768815994262695e+00
5.598567690000000319e-01 3.316868782043457031e+00
5.626911869999999816e-01 3.377565383911132812e+00
5.655256619999999845e-01 3.364939212799072266e+00
5.683601929999999580e-01 3.329711914062500000e+00
5.711947800000000131e-01 3.301436424255371094e+00
5.740294230000000386e-01 3.353759050369262695e+00
5.768641230000000064e-01 3.326926708221435547e+00
5.796988789999999447e-01 3.329002857208251953e+00
5.825336909999999646e-01 3.411408424377441406e+00
5.853685589999999550e-01 3.366678476333618164e+00
5.882034839999999987e-01 3.140359640121459961e+00
5.910384650000000129e-01 3.002369642257690430e+00
5.938735019999999976e-01 3.062811374664306641e+00
5.967085949999999528e-01 3.034808874130249023e+00
5.995437449999999613e-01 2.997133970260620117e+00
6.023789510000000513e-01 2.952137947082519531e+00
6.052142130000000009e-01 2.965951681137084961e+00
6.080495310000000320e-01 2.920375823974609375e+00
6.108849060000000053e-01 2.794646739959716797e+00
6.137203359999999774e-01 2.734013557434082031e+00
6.165558230000000028e-01 2.715311765670776367e+00
6.193913669999999705e-01 2.779740333557128906e+00
6.222269660000000480e-01 2.765274286270141602e+00
6.250626219999999567e-01 2.689151763916015625e+00
6.278983339999999469e-01 2.625419139862060547e+00
6.307341020000000187e-01 2.602119684219360352e+00
6.335699259999999500e-01 2.633566856384277344e+00
6.364058070000000455e-01 2.664622306823730469e+00
6.392417440000000006e-01 2.672344207763671875e+00
6.420777370000000372e-01 2.639348268508911133e+00
6.449137860000000444e-01 2.596022367477416992e+00
6.477498919999999938e-01 2.477892160415649414e+00
6.505860540000000247e-01 2.477712631225585938e+00
6.534222720000000262e-01 2.460052013397216797e+00
6.562585459999999982e-01 2.257280588150024414e+00
6.590948770000000234e-01 2.349820613861083984e+00
6.619312640000000192e-01 2.408936977386474609e+00
6.647677069999999855e-01 2.382085800170898438e+00
6.676042060000000333e-01 2.355553865432739258e+00
6.704407620000000234e-01 2.326308012008666992e+00
6.732773739999999840e-01 2.294602155685424805e+00
6.761140420000000262e-01 2.284223079681396484e+00
6.789507660000000389e-01 2.270898342132568359e+00
6.817875469999999938e-01 2.250238418579101562e+00
6.846243829999999475e-01 2.169211626052856445e+00
6.874612759999999545e-01 1.818939328193664551e+00
6.902982260000000148e-01 1.842927098274230957e+00
6.931352309999999628e-01 1.883407115936279297e+00
6.959722929999999641e-01 1.899634003639221191e+00
6.988094110000000470e-01 1.878938674926757812e+00
7.016465849999999893e-01 1.774113893508911133e+00
7.044838150000000132e-01 1.770503401756286621e+00
7.073211019999999793e-01 1.734308004379272461e+00
7.101584450000000270e-01 1.659763574600219727e+00
7.129958440000000452e-01 1.558160781860351562e+00
7.158332990000000340e-01 1.313621640205383301e+00
7.186708109999999650e-01 9.487413763999938965e-01
7.215083789999999775e-01 9.749593138694763184e-01
7.243460029999999605e-01 8.815225958824157715e-01
7.271836830000000251e-01 8.064136505126953125e-01
7.300214200000000320e-01 7.482974529266357422e-01
7.328592130000000093e-01 7.537864446640014648e-01
7.356970619999999572e-01 7.496513128280639648e-01
7.385349669999999866e-01 7.308548688888549805e-01
7.413729289999999583e-01 7.259568572044372559e-01
7.442109470000000115e-01 7.403914332389831543e-01
7.470490210000000353e-01 7.380658388137817383e-01
7.498871510000000296e-01 7.238504886627197266e-01
7.527253379999999661e-01 7.176677584648132324e-01
7.555635800000000124e-01 7.045063376426696777e-01
7.584018790000000010e-01 5.817667841911315918e-01
7.612402350000000428e-01 2.718339562416076660e-01
7.640786459999999725e-01 3.304500281810760498e-01
7.669171139999999554e-01 5.273737907409667969e-01
7.697556380000000198e-01 6.465065479278564453e-01
7.725942180000000548e-01 6.686015725135803223e-01
7.754328539999999492e-01 6.728391647338867188e-01
7.782715470000000080e-01 6.751280426979064941e-01
7.811102960000000373e-01 6.747276186943054199e-01
7.839491010000000371e-01 6.750770211219787598e-01
7.867879620000000074e-01 6.663426756858825684e-01
7.896268800000000310e-01 6.476282477378845215e-01
7.924658540000000251e-01 6.488091349601745605e-01
7.953048839999999897e-01 6.523887515068054199e-01
7.981439700000000359e-01 6.682432293891906738e-01
8.009831130000000243e-01 6.558623909950256348e-01
8.038223119999999833e-01 6.590390205383300781e-01
8.066615670000000238e-01 6.746907830238342285e-01
8.095008780000000348e-01 6.482426524162292480e-01
8.123402459999999881e-01 5.796495676040649414e-01
8.151796700000000229e-01 4.676876366138458252e-01
8.180191500000000282e-01 4.425240159034729004e-01
8.208586860000000041e-01 4.755300581455230713e-01
8.236982790000000332e-01 4.348837435245513916e-01
8.265379269999999501e-01 4.505869150161743164e-01
8.293776320000000313e-01 4.085400998592376709e-01
8.322173940000000547e-01 3.871936202049255371e-01
8.350572109999999659e-01 3.855661153793334961e-01
8.378970850000000414e-01 3.928489685058593750e-01
8.407370149999999764e-01 3.978840112686157227e-01
8.435770009999999930e-01 3.938770592212677002e-01
8.464170429999999801e-01 3.910556733608245850e-01
8.492571420000000204e-01 3.725650012493133545e-01
8.520972970000000313e-01 3.516449332237243652e-01
8.549375080000000127e-01 3.369290530681610107e-01
8.577777749999999646e-01 3.607084751129150391e-01
8.606180989999999698e-01 3.555390238761901855e-01
8.634584789999999455e-01 3.416408896446228027e-01
8.662989150000000027e-01 3.158622980117797852e-01
8.691394070000000305e-01 3.226730823516845703e-01
8.719799560000000005e-01 3.207072019577026367e-01
8.748205610000000521e-01 3.121378719806671143e-01
8.776612219999999631e-01 3.073923289775848389e-01
8.805019389999999557e-01 2.945175468921661377e-01
8.833427130000000016e-01 2.890057265758514404e-01
8.861835430000000180e-01 2.775601744651794434e-01
8.890244290000000049e-01 2.717192173004150391e-01
8.918653709999999624e-01 2.596969604492187500e-01
8.947063699999999731e-01 2.174731045961380005e-01
8.975474239999999826e-01 1.737722009420394897e-01
9.003885350000000454e-01 1.567260771989822388e-01
9.032297030000000504e-01 1.809325218200683594e-01
9.060709260000000542e-01 1.798601150512695312e-01
9.089122060000000003e-01 1.427007615566253662e-01
9.117535420000000279e-01 1.430267095565795898e-01
9.145949340000000261e-01 1.319140642881393433e-01
9.174363819999999947e-01 1.316839754581451416e-01
9.202778870000000166e-01 1.560136228799819946e-01
9.231194480000000091e-01 1.475719660520553589e-01
9.259610649999999721e-01 1.332847923040390015e-01
9.288027380000000166e-01 9.410960972309112549e-02
9.316444680000000034e-01 4.890096187591552734e-02
9.344862539999999607e-01 2.845792286098003387e-02
9.373280959999999995e-01 3.224951401352882385e-02
9.401699940000000089e-01 4.769223555922508240e-02
9.430119489999999605e-01 4.301754012703895569e-02
9.458539599999999936e-01 3.967904672026634216e-02
9.486960269999999973e-01 3.861508890986442566e-02
9.515381499999999715e-01 4.047405719757080078e-02
9.543803299999999989e-01 4.187751561403274536e-02
9.572225659999999969e-01 4.530911520123481750e-02
9.600648579999999654e-01 5.156600475311279297e-02
9.629072060000000155e-01 5.411499738693237305e-02
9.657496110000000078e-01 6.431225687265396118e-02
9.685920709999999989e-01 8.152288198471069336e-02
9.714345880000000433e-01 9.121132642030715942e-02
9.742771620000000299e-01 7.462456077337265015e-02
9.771197910000000153e-01 8.081067353487014771e-02
9.799624770000000540e-01 8.735933899879455566e-02
9.828052189999999522e-01 9.344447404146194458e-02
9.856480170000000429e-01 1.003605425357818604e-01
9.884908709999999932e-01 1.054652184247970581e-01
9.913337819999999967e-01 1.083325520157814026e-01
9.941767489999999707e-01 1.071998775005340576e-01
9.970197720000000263e-01 1.082146689295768738e-01
9.998628510000000524e-01 1.006870418787002563e-01
1.002705986999999910e+00 1.072072982788085938e-01
1.005549178999999960e+00 9.653037041425704956e-02
1.008392426999999980e+00 1.011112108826637268e-01
1.011235730999999971e+00 1.031113564968109131e-01
1.014079092000000015e+00 1.026594191789627075e-01
1.016922509000000030e+00 1.034506484866142273e-01
1.019765982000000015e+00 1.026952788233757019e-01
1.022609510999999971e+00 1.035903170704841614e-01
1.025453096999999980e+00 1.072541922330856323e-01
1.028296738999999960e+00 1.016040742397308350e-01
1.031140436999999910e+00 1.066086515784263611e-01
1.033984191000000052e+00 1.141762211918830872e-01
1.036828002000000026e+00 1.054309085011482239e-01
1.039671868000000110e+00 1.093079671263694763e-01
1.042515791000000025e+00 1.085665524005889893e-01
1.045359770999999993e+00 1.071573272347450256e-01
