3.615872339999999796e-01 1.286763310432434082e+00
3.644177160000000026e-01 1.444004297256469727e+00
3.672482539999999962e-01 1.578743338584899902e+00
3.700788480000000158e-01 1.544190883636474609e+00
3.729094980000000059e-01 1.415111660957336426e+00
3.757402049999999938e-01 1.504479050636291504e+00
3.785709680000000077e-01 1.648519039154052734e+00
3.814017869999999921e-01 1.411221265792846680e+00
3.842326620000000026e-01 1.298781633377075195e+00
3.870635940000000108e-01 1.451480865478515625e+00
3.898945819999999896e-01 1.595486998558044434e+00
3.927256259999999943e-01 1.406316518783569336e+00
3.955567260000000251e-01 1.440021872520446777e+00
3.983878829999999982e-01 1.828668594360351562e+00
4.012190950000000256e-01 2.242125988006591797e+00
4.040503639999999952e-01 2.223183393478393555e+00
4.068816900000000181e-01 2.174962520599365234e+00
4.097130709999999842e-01 2.246127367019653320e+00
4.125445090000000037e-01 2.334883451461791992e+00
4.153760029999999936e-01 2.366164207458496094e+00
4.182075530000000096e-01 2.299272775650024414e+00
4.210391589999999962e-01 2.285563230514526367e+00
4.238708219999999804e-01 2.270945072174072266e+00
4.267025409999999908e-01 2.221556425094604492e+00
4.295343160000000271e-01 1.995865941047668457e+00
4.323661469999999785e-01 2.143102884292602539e+00
4.351980349999999831e-01 2.320139408111572266e+00
4.380299790000000137e-01 2.351384878158569336e+00
4.408619790000000149e-01 2.445780515670776367e+00
4.436940349999999866e-01 2.559986591339111328e+00
4.465261480000000116e-01 2.586419343948364258e+00
4.493583170000000071e-01 2.758031845092773438e+00
4.521905419999999731e-01 2.768957614898681641e+00
4.550228230000000207e-01 2.742929697036743164e+00
4.578551610000000105e-01 2.789808988571166992e+00
4.606875550000000263e-01 2.808071613311767578e+00
4.635200050000000127e-01 2.821454286575317383e+00
4.663525110000000251e-01 2.787403106689453125e+00
4.691850739999999798e-01 2.764894247055053711e+00
4.720176919999999887e-01 2.803584337234497070e+00
4.748503669999999954e-01 2.844062089920043945e+00
4.776830989999999999e-01 2.866872310638427734e+00
4.805158860000000032e-01 2.931688547134399414e+00
4.833487300000000042e-01 2.908328056335449219e+00
4.861816299999999758e-01 2.677819013595581055e+00
4.890145859999999733e-01 2.792820453643798828e+00
4.918475979999999970e-01 2.868986845016479492e+00
4.946806670000000183e-01 2.932371377944946289e+00
4.975137920000000102e-01 2.953523635864257812e+00
5.003469729999999727e-01 2.867246627807617188e+00
5.031802100000000166e-01 2.851380109786987305e+00
5.060135040000000028e-01 2.946819305419921875e+00
5.088468539999999596e-01 2.947664260864257812e+00
5.116802599999999979e-01 2.975326776504516602e+00
5.145137220000000067e-01 2.905985355377197266e+00
5.173472409999999577e-01 2.756051778793334961e+00
5.201808159999999903e-01 2.883850097656250000e+00
5.230144469999999934e-01 3.009317398071289062e+00
5.258481339999999671e-01 3.017007112503051758e+00
5.286818779999999940e-01 3.041306495666503906e+00
5.315156779999999914e-01 3.143060684204101562e+00
5.343495339999999594e-01 3.139935493469238281e+00
5.371834460000000089e-01 3.176834344863891602e+00
5.400174150000000006e-01 3.117108821868896484e+00
5.428514389999999912e-01 3.126616001129150391e+00
5.456855200000000350e-01 3.202169418334960938e+00
5.485196580000000210e-01 3.201071977615356445e+00
5.513538510000000059e-01 3.242522716522216797e+00
5.541881010000000440e-01 3.266814231872558594e+00
5.570224070000000527e-01 3.225058794021606445e+00
5.598567690000000319e-01 3.184154748916625977e+00
5.626911869999999816e-01 3.233689546585083008e+00
5.655256619999999845e-01 3.221113204956054688e+00
5.683601929999999580e-01 3.193659543991088867e+00
5.711947800000000131e-01 3.159269094467163086e+00
5.740294230000000386e-01 3.203465461730957031e+00
5.768641230000000064e-01 3.175107002258300781e+00
5.796988789999999447e-01 3.180474758148193359e+00
5.825336909999999646e-01 3.238369703292846680e+00
5.853685589999999550e-01 3.200841665267944336e+00
5.882034839999999987e-01 2.988591909408569336e+00
5.910384650000000129e-01 2.853836297988891602e+00
5.938735019999999976e-01 2.905313014984130859e+00
5.967085949999999528e-01 2.876487493515014648e+00
5.995437449999999613e-01 2.827278614044189453e+00
6.023789510000000513e-01 2.792954921722412109e+00
6.052142130000000009e-01 2.796725749969482422e+00
6.080495310000000320e-01 2.761897325515747070e+00
6.108849060000000053e-01 2.623873233795166016e+00
6.137203359999999774e-01 2.577587842941284180e+00
6.165558230000000028e-01 2.553429365158081055e+00
6.193913669999999705e-01 2.610819578170776367e+00
6.222269660000000480e-01 2.602653503417968750e+00
6.250626219999999567e-01 2.534739017486572266e+00
6.278983339999999469e-01 2.482670783996582031e+00
6.307341020000000187e-01 2.451755046844482422e+00
6.335699259999999500e-01 2.475872993469238281e+00
6.364058070000000455e-01 2.508266210556030273e+00
6.392417440000000006e-01 2.504880189895629883e+00
6.420777370000000372e-01 2.473101615905761719e+00
6.449137860000000444e-01 2.442440509796142578e+00
6.477498919999999938e-01 2.326124429702758789e+00
6.505860540000000247e-01 2.313117980957031250e+00
6.534222720000000262e-01 2.298460960388183594e+00
6.562585459999999982e-01 2.103095531463623047e+00
6.590948770000000234e-01 2.206584453582763672e+00
6.619312640000000192e-01 2.269428968429565430e+00
6.647677069999999855e-01 2.247026205062866211e+00
6.676042060000000333e-01 2.222009181976318359e+00
6.704407620000000234e-01 2.195878028869628906e+00
6.732773739999999840e-01 2.179935455322265625e+00
6.761140420000000262e-01 2.158050060272216797e+00
6.789507660000000389e-01 2.150796651840209961e+00
6.817875469999999938e-01 2.118508577346801758e+00
6.846243829999999475e-01 2.038736343383789062e+00
6.874612759999999545e-01 1.701933860778808594e+00
6.902982260000000148e-01 1.712489247322082520e+00
6.931352309999999628e-01 1.747241020202636719e+00
6.959722929999999641e-01 1.751852869987487793e+00
6.988094110000000470e-01 1.721852540969848633e+00
7.016465849999999893e-01 1.616713285446166992e+00
7.044838150000000132e-01 1.611091852188110352e+00
7.073211019999999793e-01 1.575233459472656250e+00
7.101584450000000270e-01 1.513084888458251953e+00
7.129958440000000452e-01 1.415417194366455078e+00
7.158332990000000340e-01 1.192284703254699707e+00
7.186708109999999650e-01 8.696196079254150391e-01
7.215083789999999775e-01 8.787153363227844238e-01
7.243460029999999605e-01 7.966889739036560059e-01
7.271836830000000251e-01 7.184455394744873047e-01
7.300214200000000320e-01 6.793792843818664551e-01
7.328592130000000093e-01 6.901213526725769043e-01
7.356970619999999572e-01 6.826398968696594238e-01
7.385349669999999866e-01 6.661043763160705566e-01
7.413729289999999583e-01 6.637005209922790527e-01
7.442109470000000115e-01 6.781708598136901855e-01
7.470490210000000353e-01 6.745616197586059570e-01
7.498871510000000296e-01 6.597076058387756348e-01
7.527253379999999661e-01 6.591858863830566406e-01
7.555635800000000124e-01 6.518763303756713867e-01
7.584018790000000010e-01 5.342041850090026855e-01
7.612402350000000428e-01 2.527935504913330078e-01
7.640786459999999725e-01 3.016576766967773438e-01
7.669171139999999554e-01 4.781119823455810547e-01
7.697556380000000198e-01 5.915362238883972168e-01
7.725942180000000548e-01 6.103522181510925293e-01
7.754328539999999492e-01 6.113733053207397461e-01
7.782715470000000080e-01 6.142142415046691895e-01
7.811102960000000373e-01 6.160104870796203613e-01
7.839491010000000371e-01 6.156644225120544434e-01
7.867879620000000074e-01 6.077846884727478027e-01
7.896268800000000310e-01 5.801807045936584473e-01
7.924658540000000251e-01 5.831090807914733887e-01
7.953048839999999897e-01 5.955761671066284180e-01
7.981439700000000359e-01 6.027912497520446777e-01
8.009831130000000243e-01 5.976207852363586426e-01
8.038223119999999833e-01 5.957196354866027832e-01
8.066615670000000238e-01 6.093102097511291504e-01
8.095008780000000348e-01 5.870214700698852539e-01
8.123402459999999881e-01 5.256512761116027832e-01
8.151796700000000229e-01 4.255587756633758545e-01
8.180191500000000282e-01 4.053742289543151855e-01
8.208586860000000041e-01 4.328072369098663330e-01
8.236982790000000332e-01 3.937806189060211182e-01
8.265379269999999501e-01 4.120908975601196289e-01
8.293776320000000313e-01 3.732449412345886230e-01
8.322173940000000547e-01 3.566634654998779297e-01
8.350572109999999659e-01 3.573924303054809570e-01
8.378970850000000414e-01 3.690788149833679199e-01
8.407370149999999764e-01 3.688184320926666260e-01
8.435770009999999930e-01 3.650483191013336182e-01
8.464170429999999801e-01 3.625350892543792725e-01
8.492571420000000204e-01 3.431008458137512207e-01
8.520972970000000313e-01 3.275121748447418213e-01
8.549375080000000127e-01 3.079789578914642334e-01
8.577777749999999646e-01 3.305944502353668213e-01
8.606180989999999698e-01 3.264877498149871826e-01
8.634584789999999455e-01 3.170822858810424805e-01
8.662989150000000027e-01 2.912975847721099854e-01
8.691394070000000305e-01 3.015157282352447510e-01
8.719799560000000005e-01 2.974073886871337891e-01
8.748205610000000521e-01 2.903462946414947510e-01
8.776612219999999631e-01 2.854482531547546387e-01
8.805019389999999557e-01 2.783707380294799805e-01
8.833427130000000016e-01 2.688620686531066895e-01
8.861835430000000180e-01 2.608327567577362061e-01
8.890244290000000049e-01 2.544267475605010986e-01
8.918653709999999624e-01 2.402646541595458984e-01
8.947063699999999731e-01 2.030347138643264771e-01
8.975474239999999826e-01 1.657416224479675293e-01
9.003885350000000454e-01 1.441789120435714722e-01
9.032297030000000504e-01 1.696440875530242920e-01
9.060709260000000542e-01 1.713243275880813599e-01
9.089122060000000003e-01 1.392541527748107910e-01
9.117535420000000279e-01 1.359048038721084595e-01
9.145949340000000261e-01 1.303998976945877075e-01
9.174363819999999947e-01 1.306385993957519531e-01
9.202778870000000166e-01 1.449716985225677490e-01
9.231194480000000091e-01 1.370197832584381104e-01
9.259610649999999721e-01 1.286884993314743042e-01
9.288027380000000166e-01 8.924316614866256714e-02
9.316444680000000034e-01 5.019857734441757202e-02
9.344862539999999607e-01 3.025588579475879669e-02
9.373280959999999995e-01 3.366037830710411072e-02
9.401699940000000089e-01 4.962437599897384644e-02
9.430119489999999605e-01 4.422921687364578247e-02
9.458539599999999936e-01 3.728489577770233154e-02
9.486960269999999973e-01 4.276756197214126587e-02
9.515381499999999715e-01 4.053173586726188660e-02
9.543803299999999989e-01 4.088837280869483948e-02
9.572225659999999969e-01 4.630085453391075134e-02
9.600648579999999654e-01 4.948925226926803589e-02
9.629072060000000155e-01 5.914879962801933289e-02
9.657496110000000078e-01 6.691230088472366333e-02
9.685920709999999989e-01 8.485674113035202026e-02
9.714345880000000433e-01 9.209860861301422119e-02
9.742771620000000299e-01 7.766652107238769531e-02
9.771197910000000153e-01 8.174551278352737427e-02
9.799624770000000540e-01 8.748184144496917725e-02
9.828052189999999522e-01 9.752530604600906372e-02
9.856480170000000429e-01 1.012101247906684875e-01
9.884908709999999932e-01 1.086795404553413391e-01
9.913337819999999967e-01 1.064977645874023438e-01
9.941767489999999707e-01 1.044679656624794006e-01
9.970197720000000263e-01 1.156422123312950134e-01
9.998628510000000524e-01 1.071090549230575562e-01
1.002705986999999910e+00 1.008773669600486755e-01
1.005549178999999960e+00 1.032601371407508850e-01
1.008392426999999980e+00 1.039327681064605713e-01
1.011235730999999971e+00 1.082945540547370911e-01
1.014079092000000015e+00 9.687473624944686890e-02
1.016922509000000030e+00 1.071956977248191833e-01
1.019765982000000015e+00 1.043835133314132690e-01
1.022609510999999971e+00 1.084670051932334900e-01
1.025453096999999980e+00 1.145130842924118042e-01
1.028296738999999960e+00 1.013144031167030334e-01
1.031140436999999910e+00 1.087977215647697449e-01
1.033984191000000052e+00 1.119246557354927063e-01
1.036828002000000026e+00 1.018658354878425598e-01
1.039671868000000110e+00 1.040513291954994202e-01
1.042515791000000025e+00 1.057188063859939575e-01
1.045359770999999993e+00 1.112471818923950195e-01
