3.615872339999999796e-01 1.272328495979309082e+00
3.644177160000000026e-01 1.459377169609069824e+00
3.672482539999999962e-01 1.586943268775939941e+00
3.700788480000000158e-01 1.577172398567199707e+00
3.729094980000000059e-01 1.430927753448486328e+00
3.757402049999999938e-01 1.484139561653137207e+00
3.785709680000000077e-01 1.625905156135559082e+00
3.814017869999999921e-01 1.400333404541015625e+00
3.842326620000000026e-01 1.304448008537292480e+00
3.870635940000000108e-01 1.422985911369323730e+00
3.898945819999999896e-01 1.610853314399719238e+00
3.927256259999999943e-01 1.410253405570983887e+00
3.955567260000000251e-01 1.468734741210937500e+00
3.983878829999999982e-01 1.822042346000671387e+00
4.012190950000000256e-01 2.268938064575195312e+00
4.040503639999999952e-01 2.255926609039306641e+00
4.068816900000000181e-01 2.215402364730834961e+00
4.097130709999999842e-01 2.266538143157958984e+00
4.125445090000000037e-01 2.326625585556030273e+00
4.153760029999999936e-01 2.378209352493286133e+00
4.182075530000000096e-01 2.301275491714477539e+00
4.210391589999999962e-01 2.321249723434448242e+00
4.238708219999999804e-01 2.281943082809448242e+00
4.267025409999999908e-01 2.233676671981811523e+00
4.295343160000000271e-01 2.028878927230834961e+00
4.323661469999999785e-01 2.156204938888549805e+00
4.351980349999999831e-01 2.357832431793212891e+00
4.380299790000000137e-01 2.373650312423706055e+00
4.408619790000000149e-01 2.457482576370239258e+00
4.436940349999999866e-01 2.593131780624389648e+00
4.465261480000000116e-01 2.621446371078491211e+00
4.493583170000000071e-01 2.769341468811035156e+00
4.521905419999999731e-01 2.789489030838012695e+00
4.550228230000000207e-01 2.766885280609130859e+00
4.578551610000000105e-01 2.820918321609497070e+00
4.606875550000000263e-01 2.834025621414184570e+00
4.635200050000000127e-01 2.869351625442504883e+00
4.663525110000000251e-01 2.805963993072509766e+00
4.691850739999999798e-01 2.792495727539062500e+00
4.720176919999999887e-01 2.828324794769287109e+00
4.748503669999999954e-01 2.878406524658203125e+00
4.776830989999999999e-01 2.900066852569580078e+00
4.805158860000000032e-01 2.968662977218627930e+00
4.833487300000000042e-01 2.950534343719482422e+00
4.861816299999999758e-01 2.718627929687500000e+00
4.890145859999999733e-01 2.826791524887084961e+00
4.918475979999999970e-01 2.904586791992187500e+00
4.946806670000000183e-01 2.955122232437133789e+00
4.975137920000000102e-01 2.965522289276123047e+00
5.003469729999999727e-01 2.904730319976806641e+00
5.031802100000000166e-01 2.878338813781738281e+00
5.060135040000000028e-01 2.969611644744873047e+00
5.088468539999999596e-01 2.980402469635009766e+00
5.116802599999999979e-01 3.009977340698242188e+00
5.145137220000000067e-01 2.942840099334716797e+00
5.173472409999999577e-01 2.786551713943481445e+00
5.201808159999999903e-01 2.911477565765380859e+00
5.230144469999999934e-01 3.040686368942260742e+00
5.258481339999999671e-01 3.042412519454956055e+00
5.286818779999999940e-01 3.094262123107910156e+00
5.315156779999999914e-01 3.185012817382812500e+00
5.343495339999999594e-01 3.178424358367919922e+00
5.371834460000000089e-01 3.207860946655273438e+00
5.400174150000000006e-01 3.152608156204223633e+00
5.428514389999999912e-01 3.175570011138916016e+00
5.456855200000000350e-01 3.239883899688720703e+00
5.485196580000000210e-01 3.250515699386596680e+00
5.513538510000000059e-01 3.269515037536621094e+00
5.541881010000000440e-01 3.305230617523193359e+00
5.570224070000000527e-01 3.268970727920532227e+00
5.598567690000000319e-01 3.216170072555541992e+00
5.626911869999999816e-01 3.271415948867797852e+00
5.655256619999999845e-01 3.277260541915893555e+00
5.683601929999999580e-01 3.234824419021606445e+00
5.711947800000000131e-01 3.205063343048095703e+00
5.740294230000000386e-01 3.245635032653808594e+00
5.768641230000000064e-01 3.220709562301635742e+00
5.796988789999999447e-01 3.226092100143432617e+00
5.825336909999999646e-01 3.299899816513061523e+00
5.853685589999999550e-01 3.243205785751342773e+00
5.882034839999999987e-01 3.025498390197753906e+00
5.910384650000000129e-01 2.893476724624633789e+00
5.938735019999999976e-01 2.939859867095947266e+00
5.967085949999999528e-01 2.918616056442260742e+00
5.995437449999999613e-01 2.874589204788208008e+00
6.023789510000000513e-01 2.834028720855712891e+00
6.052142130000000009e-01 2.830360651016235352e+00
6.080495310000000320e-01 2.792295455932617188e+00
6.108849060000000053e-01 2.682733297348022461e+00
6.137203359999999774e-01 2.623477697372436523e+00
6.165558230000000028e-01 2.607774019241333008e+00
6.193913669999999705e-01 2.660168409347534180e+00
6.222269660000000480e-01 2.644006252288818359e+00
6.250626219999999567e-01 2.577259778976440430e+00
6.278983339999999469e-01 2.513321161270141602e+00
6.307341020000000187e-01 2.490501165390014648e+00
6.335699259999999500e-01 2.518593549728393555e+00
6.364058070000000455e-01 2.551224708557128906e+00
6.392417440000000006e-01 2.553355455398559570e+00
6.420777370000000372e-01 2.511713743209838867e+00
6.449137860000000444e-01 2.474435567855834961e+00
6.477498919999999938e-01 2.358759403228759766e+00
6.505860540000000247e-01 2.348406791687011719e+00
6.534222720000000262e-01 2.334767341613769531e+00
6.562585459999999982e-01 2.143402099609375000e+00
6.590948770000000234e-01 2.246400356292724609e+00
6.619312640000000192e-01 2.298314094543457031e+00
6.647677069999999855e-01 2.282532453536987305e+00
6.676042060000000333e-01 2.257534503936767578e+00
6.704407620000000234e-01 2.236138105392456055e+00
6.732773739999999840e-01 2.211066007614135742e+00
6.761140420000000262e-01 2.199119567871093750e+00
6.789507660000000389e-01 2.175444602966308594e+00
6.817875469999999938e-01 2.150239467620849609e+00
6.846243829999999475e-01 2.059704065322875977e+00
6.874612759999999545e-01 1.726490736007690430e+00
6.902982260000000148e-01 1.742391347885131836e+00
6.931352309999999628e-01 1.769633412361145020e+00
6.959722929999999641e-01 1.782234430313110352e+00
6.988094110000000470e-01 1.751860976219177246e+00
7.016465849999999893e-01 1.654606461524963379e+00
7.044838150000000132e-01 1.633166313171386719e+00
7.073211019999999793e-01 1.604291439056396484e+00
7.101584450000000270e-01 1.539337158203125000e+00
7.129958440000000452e-01 1.439311861991882324e+00
7.158332990000000340e-01 1.210831522941589355e+00
7.186708109999999650e-01 8.843026757240295410e-01
7.215083789999999775e-01 9.031772017478942871e-01
7.243460029999999605e-01 8.292897343635559082e-01
7.271836830000000251e-01 7.485089302062988281e-01
7.300214200000000320e-01 7.053728103637695312e-01
7.328592130000000093e-01 7.122372984886169434e-01
7.356970619999999572e-01 7.067276239395141602e-01
7.385349669999999866e-01 6.954522728919982910e-01
7.413729289999999583e-01 6.904801726341247559e-01
7.442109470000000115e-01 6.995375156402587891e-01
7.470490210000000353e-01 6.996450424194335938e-01
7.498871510000000296e-01 6.879625916481018066e-01
7.527253379999999661e-01 6.806169152259826660e-01
7.555635800000000124e-01 6.691849827766418457e-01
7.584018790000000010e-01 5.388781428337097168e-01
7.612402350000000428e-01 2.531203031539916992e-01
7.640786459999999725e-01 3.151749372482299805e-01
7.669171139999999554e-01 5.047413706779479980e-01
7.697556380000000198e-01 6.113121509552001953e-01
7.725942180000000548e-01 6.307894587516784668e-01
7.754328539999999492e-01 6.374169588088989258e-01
7.782715470000000080e-01 6.366823911666870117e-01
7.811102960000000373e-01 6.395439505577087402e-01
7.839491010000000371e-01 6.383482813835144043e-01
7.867879620000000074e-01 6.264718770980834961e-01
7.896268800000000310e-01 6.102845072746276855e-01
7.924658540000000251e-01 6.053920984268188477e-01
7.953048839999999897e-01 6.114054918289184570e-01
7.981439700000000359e-01 6.240935325622558594e-01
8.009831130000000243e-01 6.105998158454895020e-01
8.038223119999999833e-01 6.126528978347778320e-01
8.066615670000000238e-01 6.309897899627685547e-01
8.095008780000000348e-01 6.032447814941406250e-01
8.123402459999999881e-01 5.354498624801635742e-01
8.151796700000000229e-01 4.389512538909912109e-01
8.180191500000000282e-01 4.178530275821685791e-01
8.208586860000000041e-01 4.439597427845001221e-01
8.236982790000000332e-01 4.152041375637054443e-01
8.265379269999999501e-01 4.235449731349945068e-01
8.293776320000000313e-01 3.829312026500701904e-01
8.322173940000000547e-01 3.686159551143646240e-01
8.350572109999999659e-01 3.771194219589233398e-01
8.378970850000000414e-01 3.846302032470703125e-01
8.407370149999999764e-01 3.860610425472259521e-01
8.435770009999999930e-01 3.819954097270965576e-01
8.464170429999999801e-01 3.789503276348114014e-01
8.492571420000000204e-01 3.593516945838928223e-01
8.520972970000000313e-01 3.466582894325256348e-01
8.549375080000000127e-01 3.289696276187896729e-01
8.577777749999999646e-01 3.485917448997497559e-01
8.606180989999999698e-01 3.446018993854522705e-01
8.634584789999999455e-01 3.323908448219299316e-01
8.662989150000000027e-01 3.083484172821044922e-01
8.691394070000000305e-01 3.184611797332763672e-01
8.719799560000000005e-01 3.135238885879516602e-01
8.748205610000000521e-01 3.056238591670989990e-01
8.776612219999999631e-01 3.034325838088989258e-01
8.805019389999999557e-01 2.922204434871673584e-01
8.833427130000000016e-01 2.847454547882080078e-01
8.861835430000000180e-01 2.748864293098449707e-01
8.890244290000000049e-01 2.716767787933349609e-01
8.918653709999999624e-01 2.496578097343444824e-01
8.947063699999999731e-01 2.154191434383392334e-01
8.975474239999999826e-01 1.738174408674240112e-01
9.003885350000000454e-01 1.586267948150634766e-01
9.032297030000000504e-01 1.802269816398620605e-01
9.060709260000000542e-01 1.811728477478027344e-01
9.089122060000000003e-01 1.474439501762390137e-01
9.117535420000000279e-01 1.458948850631713867e-01
9.145949340000000261e-01 1.315969973802566528e-01
9.174363819999999947e-01 1.348850578069686890e-01
9.202778870000000166e-01 1.627943515777587891e-01
9.231194480000000091e-01 1.467075496912002563e-01
9.259610649999999721e-01 1.348385363817214966e-01
9.288027380000000166e-01 9.888669848442077637e-02
9.316444680000000034e-01 4.971831291913986206e-02
9.344862539999999607e-01 3.205626457929611206e-02
9.373280959999999995e-01 3.451450541615486145e-02
9.401699940000000089e-01 5.390760302543640137e-02
9.430119489999999605e-01 4.582044854760169983e-02
9.458539599999999936e-01 4.062232375144958496e-02
9.486960269999999973e-01 4.432192817330360413e-02
9.515381499999999715e-01 4.654774069786071777e-02
9.543803299999999989e-01 4.414792731404304504e-02
9.572225659999999969e-01 5.034558847546577454e-02
9.600648579999999654e-01 5.449003726243972778e-02
9.629072060000000155e-01 6.188312172889709473e-02
9.657496110000000078e-01 6.869487464427947998e-02
9.685920709999999989e-01 9.221797436475753784e-02
9.714345880000000433e-01 9.625519812107086182e-02
9.742771620000000299e-01 8.719022572040557861e-02
9.771197910000000153e-01 8.375672250986099243e-02
9.799624770000000540e-01 8.919779956340789795e-02
9.828052189999999522e-01 1.015103757381439209e-01
9.856480170000000429e-01 1.096626296639442444e-01
9.884908709999999932e-01 1.140678450465202332e-01
9.913337819999999967e-01 1.149381175637245178e-01
9.941767489999999707e-01 1.118980422616004944e-01
9.970197720000000263e-01 1.191020086407661438e-01
9.998628510000000524e-01 1.109666079282760620e-01
1.002705986999999910e+00 1.147142276167869568e-01
1.005549178999999960e+00 1.082719862461090088e-01
1.008392426999999980e+00 1.091361045837402344e-01
1.011235730999999971e+00 1.136836558580398560e-01
1.014079092000000015e+00 1.176033541560173035e-01
1.016922509000000030e+00 1.137135773897171021e-01
1.019765982000000015e+00 1.153489574790000916e-01
1.022609510999999971e+00 1.103351265192031860e-01
1.025453096999999980e+00 1.152482703328132629e-01
1.028296738999999960e+00 1.030986011028289795e-01
1.031140436999999910e+00 1.142005994915962219e-01
1.033984191000000052e+00 1.126252263784408569e-01
1.036828002000000026e+00 1.095880493521690369e-01
1.039671868000000110e+00 1.094333454966545105e-01
1.042515791000000025e+00 1.162689924240112305e-01
1.045359770999999993e+00 1.271407902240753174e-01
