3.615872339999999796e-01 1.266572952270507812e+00
3.644177160000000026e-01 1.421900391578674316e+00
3.672482539999999962e-01 1.621865391731262207e+00
3.700788480000000158e-01 1.566348791122436523e+00
3.729094980000000059e-01 1.424110412597656250e+00
3.757402049999999938e-01 1.528643131256103516e+00
3.785709680000000077e-01 1.649940133094787598e+00
3.814017869999999921e-01 1.441174745559692383e+00
3.842326620000000026e-01 1.276168704032897949e+00
3.870635940000000108e-01 1.432616591453552246e+00
3.898945819999999896e-01 1.617260694503784180e+00
3.927256259999999943e-01 1.438060760498046875e+00
3.955567260000000251e-01 1.479528665542602539e+00
3.983878829999999982e-01 1.857515215873718262e+00
4.012190950000000256e-01 2.307625770568847656e+00
4.040503639999999952e-01 2.300785779953002930e+00
4.068816900000000181e-01 2.250157356262207031e+00
4.097130709999999842e-01 2.327904224395751953e+00
4.125445090000000037e-01 2.412539482116699219e+00
4.153760029999999936e-01 2.411129713058471680e+00
4.182075530000000096e-01 2.378147363662719727e+00
4.210391589999999962e-01 2.392189979553222656e+00
4.238708219999999804e-01 2.325850486755371094e+00
4.267025409999999908e-01 2.297211408615112305e+00
4.295343160000000271e-01 2.089758872985839844e+00
4.323661469999999785e-01 2.230696916580200195e+00
4.351980349999999831e-01 2.433257341384887695e+00
4.380299790000000137e-01 2.456540107727050781e+00
4.408619790000000149e-01 2.542201042175292969e+00
4.436940349999999866e-01 2.691927909851074219e+00
4.465261480000000116e-01 2.729052543640136719e+00
4.493583170000000071e-01 2.885247945785522461e+00
4.521905419999999731e-01 2.907499551773071289e+00
4.550228230000000207e-01 2.876786708831787109e+00
4.578551610000000105e-01 2.964312076568603516e+00
4.606875550000000263e-01 2.951858520507812500e+00
4.635200050000000127e-01 2.988860607147216797e+00
4.663525110000000251e-01 2.930586814880371094e+00
4.691850739999999798e-01 2.920738458633422852e+00
4.720176919999999887e-01 2.962114572525024414e+00
4.748503669999999954e-01 3.017333507537841797e+00
4.776830989999999999e-01 3.043467044830322266e+00
4.805158860000000032e-01 3.112731695175170898e+00
4.833487300000000042e-01 3.082374095916748047e+00
4.861816299999999758e-01 2.842875242233276367e+00
4.890145859999999733e-01 2.969659566879272461e+00
4.918475979999999970e-01 3.048716306686401367e+00
4.946806670000000183e-01 3.101463079452514648e+00
4.975137920000000102e-01 3.125365734100341797e+00
5.003469729999999727e-01 3.048970937728881836e+00
5.031802100000000166e-01 3.044135093688964844e+00
5.060135040000000028e-01 3.124110221862792969e+00
5.088468539999999596e-01 3.137251138687133789e+00
5.116802599999999979e-01 3.177060127258300781e+00
5.145137220000000067e-01 3.105339527130126953e+00
5.173472409999999577e-01 2.947518825531005859e+00
5.201808159999999903e-01 3.083069324493408203e+00
5.230144469999999934e-01 3.223011016845703125e+00
5.258481339999999671e-01 3.227793693542480469e+00
5.286818779999999940e-01 3.270506858825683594e+00
5.315156779999999914e-01 3.377765178680419922e+00
5.343495339999999594e-01 3.365304946899414062e+00
5.371834460000000089e-01 3.410421609878540039e+00
5.400174150000000006e-01 3.357130765914916992e+00
5.428514389999999912e-01 3.371522903442382812e+00
5.456855200000000350e-01 3.437636137008666992e+00
5.485196580000000210e-01 3.450344562530517578e+00
5.513538510000000059e-01 3.476559638977050781e+00
5.541881010000000440e-01 3.512099742889404297e+00
5.570224070000000527e-01 3.474086284637451172e+00
5.598567690000000319e-01 3.416528940200805664e+00
5.626911869999999816e-01 3.478299379348754883e+00
5.655256619999999845e-01 3.468158006668090820e+00
5.683601929999999580e-01 3.442292213439941406e+00
5.711947800000000131e-01 3.414401531219482422e+00
5.740294230000000386e-01 3.453387498855590820e+00
5.768641230000000064e-01 3.423402309417724609e+00
5.796988789999999447e-01 3.444061756134033203e+00
5.825336909999999646e-01 3.519698858261108398e+00
5.853685589999999550e-01 3.484255075454711914e+00
5.882034839999999987e-01 3.261062860488891602e+00
5.910384650000000129e-01 3.120130300521850586e+00
5.938735019999999976e-01 3.189646720886230469e+00
5.967085949999999528e-01 3.188331604003906250e+00
5.995437449999999613e-01 3.162386417388916016e+00
6.023789510000000513e-01 3.119487047195434570e+00
6.052142130000000009e-01 3.136694908142089844e+00
6.080495310000000320e-01 3.096347808837890625e+00
6.108849060000000053e-01 3.002962827682495117e+00
6.137203359999999774e-01 2.912551879882812500e+00
6.165558230000000028e-01 2.905394792556762695e+00
6.193913669999999705e-01 2.970788478851318359e+00
6.222269660000000480e-01 2.952260255813598633e+00
6.250626219999999567e-01 2.885300397872924805e+00
6.278983339999999469e-01 2.817625522613525391e+00
6.307341020000000187e-01 2.796054124832153320e+00
6.335699259999999500e-01 2.836038827896118164e+00
6.364058070000000455e-01 2.868347883224487305e+00
6.392417440000000006e-01 2.872236013412475586e+00
6.420777370000000372e-01 2.837609529495239258e+00
6.449137860000000444e-01 2.805522203445434570e+00
6.477498919999999938e-01 2.669274330139160156e+00
6.505860540000000247e-01 2.666194915771484375e+00
6.534222720000000262e-01 2.655022382736206055e+00
6.562585459999999982e-01 2.451251983642578125e+00
6.590948770000000234e-01 2.569837331771850586e+00
6.619312640000000192e-01 2.640414476394653320e+00
6.647677069999999855e-01 2.613918066024780273e+00
6.676042060000000333e-01 2.600488424301147461e+00
6.704407620000000234e-01 2.573874950408935547e+00
6.732773739999999840e-01 2.552050828933715820e+00
6.761140420000000262e-01 2.540653705596923828e+00
6.789507660000000389e-01 2.519796371459960938e+00
6.817875469999999938e-01 2.498214960098266602e+00
6.846243829999999475e-01 2.408316373825073242e+00
6.874612759999999545e-01 2.022366523742675781e+00
6.902982260000000148e-01 2.052274942398071289e+00
6.931352309999999628e-01 2.096428871154785156e+00
6.959722929999999641e-01 2.113547801971435547e+00
6.988094110000000470e-01 2.110345840454101562e+00
7.016465849999999893e-01 1.993474721908569336e+00
7.044838150000000132e-01 1.989049673080444336e+00
7.073211019999999793e-01 1.966329336166381836e+00
7.101584450000000270e-01 1.915280699729919434e+00
7.129958440000000452e-01 1.803487420082092285e+00
7.158332990000000340e-01 1.535809278488159180e+00
7.186708109999999650e-01 1.123994946479797363e+00
7.215083789999999775e-01 1.160919308662414551e+00
7.243460029999999605e-01 1.075023055076599121e+00
7.271836830000000251e-01 9.765505194664001465e-01
7.300214200000000320e-01 9.219838976860046387e-01
7.328592130000000093e-01 9.402779936790466309e-01
7.356970619999999572e-01 9.382163882255554199e-01
7.385349669999999866e-01 9.236350655555725098e-01
7.413729289999999583e-01 9.251663088798522949e-01
7.442109470000000115e-01 9.394845366477966309e-01
7.470490210000000353e-01 9.306899309158325195e-01
7.498871510000000296e-01 9.219008684158325195e-01
7.527253379999999661e-01 9.195224642753601074e-01
7.555635800000000124e-01 9.068567156791687012e-01
7.584018790000000010e-01 7.422959804534912109e-01
7.612402350000000428e-01 3.527143597602844238e-01
7.640786459999999725e-01 4.254974126815795898e-01
7.669171139999999554e-01 6.856294870376586914e-01
7.697556380000000198e-01 8.329861760139465332e-01
7.725942180000000548e-01 8.605716228485107422e-01
7.754328539999999492e-01 8.700457215309143066e-01
7.782715470000000080e-01 8.704845309257507324e-01
7.811102960000000373e-01 8.771256804466247559e-01
7.839491010000000371e-01 8.686521053314208984e-01
7.867879620000000074e-01 8.595045804977416992e-01
7.896268800000000310e-01 8.365041613578796387e-01
7.924658540000000251e-01 8.366638422012329102e-01
7.953048839999999897e-01 8.461154699325561523e-01
7.981439700000000359e-01 8.508370518684387207e-01
8.009831130000000243e-01 8.411082029342651367e-01
8.038223119999999833e-01 8.499431014060974121e-01
8.066615670000000238e-01 8.672795295715332031e-01
8.095008780000000348e-01 8.325797319412231445e-01
8.123402459999999881e-01 7.433948516845703125e-01
8.151796700000000229e-01 6.082902550697326660e-01
8.180191500000000282e-01 5.833450555801391602e-01
8.208586860000000041e-01 6.151784062385559082e-01
8.236982790000000332e-01 5.684772133827209473e-01
8.265379269999999501e-01 5.919778943061828613e-01
8.293776320000000313e-01 5.302205681800842285e-01
8.322173940000000547e-01 5.077018141746520996e-01
8.350572109999999659e-01 5.183244943618774414e-01
8.378970850000000414e-01 5.296800136566162109e-01
8.407370149999999764e-01 5.337088108062744141e-01
8.435770009999999930e-01 5.263423323631286621e-01
8.464170429999999801e-01 5.207067728042602539e-01
8.492571420000000204e-01 4.996930062770843506e-01
8.520972970000000313e-01 4.773448407649993896e-01
8.549375080000000127e-01 4.531819820404052734e-01
8.577777749999999646e-01 4.801318943500518799e-01
8.606180989999999698e-01 4.724939465522766113e-01
8.634584789999999455e-01 4.620086848735809326e-01
8.662989150000000027e-01 4.337002336978912354e-01
8.691394070000000305e-01 4.397183060646057129e-01
8.719799560000000005e-01 4.369108080863952637e-01
8.748205610000000521e-01 4.235296249389648438e-01
8.776612219999999631e-01 4.161305427551269531e-01
8.805019389999999557e-01 4.020632207393646240e-01
8.833427130000000016e-01 4.010583162307739258e-01
8.861835430000000180e-01 3.802450597286224365e-01
8.890244290000000049e-01 3.764877617359161377e-01
8.918653709999999624e-01 3.536711931228637695e-01
8.947063699999999731e-01 2.995760440826416016e-01
8.975474239999999826e-01 2.397172302007675171e-01
9.003885350000000454e-01 2.177319526672363281e-01
9.032297030000000504e-01 2.511600852012634277e-01
9.060709260000000542e-01 2.447802126407623291e-01
9.089122060000000003e-01 2.044117748737335205e-01
9.117535420000000279e-01 2.060891985893249512e-01
9.145949340000000261e-01 1.858900934457778931e-01
9.174363819999999947e-01 1.868756264448165894e-01
9.202778870000000166e-01 2.185480296611785889e-01
9.231194480000000091e-01 2.042119950056076050e-01
9.259610649999999721e-01 1.861692517995834351e-01
9.288027380000000166e-01 1.337066292762756348e-01
9.316444680000000034e-01 7.029984891414642334e-02
9.344862539999999607e-01 4.245603829622268677e-02
9.373280959999999995e-01 4.621903598308563232e-02
9.401699940000000089e-01 7.260292023420333862e-02
9.430119489999999605e-01 6.451585143804550171e-02
9.458539599999999936e-01 5.560792237520217896e-02
9.486960269999999973e-01 6.063322350382804871e-02
9.515381499999999715e-01 5.894118919968605042e-02
9.543803299999999989e-01 5.903157964348793030e-02
9.572225659999999969e-01 6.887683272361755371e-02
9.600648579999999654e-01 7.203797250986099243e-02
9.629072060000000155e-01 8.149326592683792114e-02
9.657496110000000078e-01 9.048186242580413818e-02
9.685920709999999989e-01 1.216598227620124817e-01
9.714345880000000433e-01 1.271355301141738892e-01
9.742771620000000299e-01 1.153447031974792480e-01
9.771197910000000153e-01 1.168206781148910522e-01
9.799624770000000540e-01 1.266072243452072144e-01
9.828052189999999522e-01 1.393090039491653442e-01
9.856480170000000429e-01 1.481333225965499878e-01
9.884908709999999932e-01 1.528138667345046997e-01
9.913337819999999967e-01 1.579947322607040405e-01
9.941767489999999707e-01 1.583587378263473511e-01
9.970197720000000263e-01 1.582641601562500000e-01
9.998628510000000524e-01 1.582275927066802979e-01
1.002705986999999910e+00 1.626548618078231812e-01
1.005549178999999960e+00 1.545133739709854126e-01
1.008392426999999980e+00 1.606119722127914429e-01
1.011235730999999971e+00 1.587025672197341919e-01
1.014079092000000015e+00 1.558880507946014404e-01
1.016922509000000030e+00 1.622909605503082275e-01
1.019765982000000015e+00 1.539641320705413818e-01
1.022609510999999971e+00 1.652463525533676147e-01
1.025453096999999980e+00 1.610061228275299072e-01
1.028296738999999960e+00 1.711349189281463623e-01
1.031140436999999910e+00 1.675064712762832642e-01
1.033984191000000052e+00 1.666058599948883057e-01
1.036828002000000026e+00 1.648055464029312134e-01
1.039671868000000110e+00 1.745093017816543579e-01
1.042515791000000025e+00 1.639152169227600098e-01
1.045359770999999993e+00 1.695379167795181274e-01
