3.615872339999999796e-01 1.312131881713867188e+00
3.644177160000000026e-01 1.458388686180114746e+00
3.672482539999999962e-01 1.536185026168823242e+00
3.700788480000000158e-01 1.568975090980529785e+00
3.729094980000000059e-01 1.405399084091186523e+00
3.757402049999999938e-01 1.498044490814208984e+00
3.785709680000000077e-01 1.636879205703735352e+00
3.814017869999999921e-01 1.442168951034545898e+00
3.842326620000000026e-01 1.263991713523864746e+00
3.870635940000000108e-01 1.404034495353698730e+00
3.898945819999999896e-01 1.592526793479919434e+00
3.927256259999999943e-01 1.407094478607177734e+00
3.955567260000000251e-01 1.463095545768737793e+00
3.983878829999999982e-01 1.839531779289245605e+00
4.012190950000000256e-01 2.287716388702392578e+00
4.040503639999999952e-01 2.283720970153808594e+00
4.068816900000000181e-01 2.255409479141235352e+00
4.097130709999999842e-01 2.301369190216064453e+00
4.125445090000000037e-01 2.396475076675415039e+00
4.153760029999999936e-01 2.403456449508666992e+00
4.182075530000000096e-01 2.352285623550415039e+00
4.210391589999999962e-01 2.374344110488891602e+00
4.238708219999999804e-01 2.327872276306152344e+00
4.267025409999999908e-01 2.285037517547607422e+00
4.295343160000000271e-01 2.080728530883789062e+00
4.323661469999999785e-01 2.188082456588745117e+00
4.351980349999999831e-01 2.418552398681640625e+00
4.380299790000000137e-01 2.435225725173950195e+00
4.408619790000000149e-01 2.516087770462036133e+00
4.436940349999999866e-01 2.690918684005737305e+00
4.465261480000000116e-01 2.696410655975341797e+00
4.493583170000000071e-01 2.853126525878906250e+00
4.521905419999999731e-01 2.886801719665527344e+00
4.550228230000000207e-01 2.846009254455566406e+00
4.578551610000000105e-01 2.901445627212524414e+00
4.606875550000000263e-01 2.925010442733764648e+00
4.635200050000000127e-01 2.976219892501831055e+00
4.663525110000000251e-01 2.913746595382690430e+00
4.691850739999999798e-01 2.894295930862426758e+00
4.720176919999999887e-01 2.943760156631469727e+00
4.748503669999999954e-01 2.986215353012084961e+00
4.776830989999999999e-01 3.020895957946777344e+00
4.805158860000000032e-01 3.086203098297119141e+00
4.833487300000000042e-01 3.059494256973266602e+00
4.861816299999999758e-01 2.820931673049926758e+00
4.890145859999999733e-01 2.935747623443603516e+00
4.918475979999999970e-01 3.026125669479370117e+00
4.946806670000000183e-01 3.073762655258178711e+00
4.975137920000000102e-01 3.095339536666870117e+00
5.003469729999999727e-01 3.028096914291381836e+00
5.031802100000000166e-01 2.997060060501098633e+00
5.060135040000000028e-01 3.097467899322509766e+00
5.088468539999999596e-01 3.123027563095092773e+00
5.116802599999999979e-01 3.160742521286010742e+00
5.145137220000000067e-01 3.088703155517578125e+00
5.173472409999999577e-01 2.922919511795043945e+00
5.201808159999999903e-01 3.053779840469360352e+00
5.230144469999999934e-01 3.201056718826293945e+00
5.258481339999999671e-01 3.202573776245117188e+00
5.286818779999999940e-01 3.242162227630615234e+00
5.315156779999999914e-01 3.351366043090820312e+00
5.343495339999999594e-01 3.347649812698364258e+00
5.371834460000000089e-01 3.390460968017578125e+00
5.400174150000000006e-01 3.330285310745239258e+00
5.428514389999999912e-01 3.353257656097412109e+00
5.456855200000000350e-01 3.415972232818603516e+00
5.485196580000000210e-01 3.423729181289672852e+00
5.513538510000000059e-01 3.471697330474853516e+00
5.541881010000000440e-01 3.499358415603637695e+00
5.570224070000000527e-01 3.457574367523193359e+00
5.598567690000000319e-01 3.430531740188598633e+00
5.626911869999999816e-01 3.475127220153808594e+00
5.655256619999999845e-01 3.456130981445312500e+00
5.683601929999999580e-01 3.424602746963500977e+00
5.711947800000000131e-01 3.390493631362915039e+00
5.740294230000000386e-01 3.451685428619384766e+00
5.768641230000000064e-01 3.412724971771240234e+00
5.796988789999999447e-01 3.426383256912231445e+00
5.825336909999999646e-01 3.510122537612915039e+00
5.853685589999999550e-01 3.479044198989868164e+00
5.882034839999999987e-01 3.248009443283081055e+00
5.910384650000000129e-01 3.102528095245361328e+00
5.938735019999999976e-01 3.164442777633666992e+00
5.967085949999999528e-01 3.160074234008789062e+00
5.995437449999999613e-01 3.124744892120361328e+00
6.023789510000000513e-01 3.095529556274414062e+00
6.052142130000000009e-01 3.115357637405395508e+00
6.080495310000000320e-01 3.064616203308105469e+00
6.108849060000000053e-01 2.921794891357421875e+00
6.137203359999999774e-01 2.824502229690551758e+00
6.165558230000000028e-01 2.819012641906738281e+00
6.193913669999999705e-01 2.915049552917480469e+00
6.222269660000000480e-01 2.898375749588012695e+00
6.250626219999999567e-01 2.826431035995483398e+00
6.278983339999999469e-01 2.752408981323242188e+00
6.307341020000000187e-01 2.722840785980224609e+00
6.335699259999999500e-01 2.768779993057250977e+00
6.364058070000000455e-01 2.792265653610229492e+00
6.392417440000000006e-01 2.803249835968017578e+00
6.420777370000000372e-01 2.772339105606079102e+00
6.449137860000000444e-01 2.734375476837158203e+00
6.477498919999999938e-01 2.608639717102050781e+00
6.505860540000000247e-01 2.598351955413818359e+00
6.534222720000000262e-01 2.585935831069946289e+00
6.562585459999999982e-01 2.373054027557373047e+00
6.590948770000000234e-01 2.474638700485229492e+00
6.619312640000000192e-01 2.542556762695312500e+00
6.647677069999999855e-01 2.512434482574462891e+00
6.676042060000000333e-01 2.479314088821411133e+00
6.704407620000000234e-01 2.457680225372314453e+00
6.732773739999999840e-01 2.416755914688110352e+00
6.761140420000000262e-01 2.410866260528564453e+00
6.789507660000000389e-01 2.405702590942382812e+00
6.817875469999999938e-01 2.383221626281738281e+00
6.846243829999999475e-01 2.307166337966918945e+00
6.874612759999999545e-01 1.941018462181091309e+00
6.902982260000000148e-01 1.969656467437744141e+00
6.931352309999999628e-01 2.017872571945190430e+00
6.959722929999999641e-01 2.045078516006469727e+00
6.988094110000000470e-01 2.028365850448608398e+00
7.016465849999999893e-01 1.921943664550781250e+00
7.044838150000000132e-01 1.918897509574890137e+00
7.073211019999999793e-01 1.885983228683471680e+00
7.101584450000000270e-01 1.827239513397216797e+00
7.129958440000000452e-01 1.723891139030456543e+00
7.158332990000000340e-01 1.463334321975708008e+00
7.186708109999999650e-01 1.055767059326171875e+00
7.215083789999999775e-01 1.083308815956115723e+00
7.243460029999999605e-01 9.887765049934387207e-01
7.271836830000000251e-01 8.934125304222106934e-01
7.300214200000000320e-01 8.291763663291931152e-01
7.328592130000000093e-01 8.439596891403198242e-01
7.356970619999999572e-01 8.404374122619628906e-01
7.385349669999999866e-01 8.102621436119079590e-01
7.413729289999999583e-01 8.166378736495971680e-01
7.442109470000000115e-01 8.277412652969360352e-01
7.470490210000000353e-01 8.318521380424499512e-01
7.498871510000000296e-01 8.170521855354309082e-01
7.527253379999999661e-01 8.031398057937622070e-01
7.555635800000000124e-01 8.032357692718505859e-01
7.584018790000000010e-01 6.589609980583190918e-01
7.612402350000000428e-01 3.039466440677642822e-01
7.640786459999999725e-01 3.628765046596527100e-01
7.669171139999999554e-01 5.871063470840454102e-01
7.697556380000000198e-01 7.223380208015441895e-01
7.725942180000000548e-01 7.541525959968566895e-01
7.754328539999999492e-01 7.589034438133239746e-01
7.782715470000000080e-01 7.565007805824279785e-01
7.811102960000000373e-01 7.675382494926452637e-01
7.839491010000000371e-01 7.695674896240234375e-01
7.867879620000000074e-01 7.531052827835083008e-01
7.896268800000000310e-01 7.278603911399841309e-01
7.924658540000000251e-01 7.321215271949768066e-01
7.953048839999999897e-01 7.397769093513488770e-01
7.981439700000000359e-01 7.477579116821289062e-01
8.009831130000000243e-01 7.425264120101928711e-01
8.038223119999999833e-01 7.395363450050354004e-01
8.066615670000000238e-01 7.553290724754333496e-01
8.095008780000000348e-01 7.321215867996215820e-01
8.123402459999999881e-01 6.571346521377563477e-01
8.151796700000000229e-01 5.377638339996337891e-01
8.180191500000000282e-01 5.029163360595703125e-01
8.208586860000000041e-01 5.372833013534545898e-01
8.236982790000000332e-01 4.949856698513031006e-01
8.265379269999999501e-01 5.092859864234924316e-01
8.293776320000000313e-01 4.496161341667175293e-01
8.322173940000000547e-01 4.353876411914825439e-01
8.350572109999999659e-01 4.392515122890472412e-01
8.378970850000000414e-01 4.463719725608825684e-01
8.407370149999999764e-01 4.520244300365447998e-01
8.435770009999999930e-01 4.400161504745483398e-01
8.464170429999999801e-01 4.408566355705261230e-01
8.492571420000000204e-01 4.259285032749176025e-01
8.520972970000000313e-01 3.998850584030151367e-01
8.549375080000000127e-01 3.786936402320861816e-01
8.577777749999999646e-01 4.022227823734283447e-01
8.606180989999999698e-01 3.896932005882263184e-01
8.634584789999999455e-01 3.842085599899291992e-01
8.662989150000000027e-01 3.511078059673309326e-01
8.691394070000000305e-01 3.678406178951263428e-01
8.719799560000000005e-01 3.642673790454864502e-01
8.748205610000000521e-01 3.482185304164886475e-01
8.776612219999999631e-01 3.408420681953430176e-01
8.805019389999999557e-01 3.307876288890838623e-01
8.833427130000000016e-01 3.265706598758697510e-01
8.861835430000000180e-01 3.110492527484893799e-01
8.890244290000000049e-01 3.037468194961547852e-01
8.918653709999999624e-01 2.877602279186248779e-01
8.947063699999999731e-01 2.440354526042938232e-01
8.975474239999999826e-01 1.942954212427139282e-01
9.003885350000000454e-01 1.696705520153045654e-01
9.032297030000000504e-01 1.999701857566833496e-01
9.060709260000000542e-01 1.989173591136932373e-01
9.089122060000000003e-01 1.628273129463195801e-01
9.117535420000000279e-01 1.639895588159561157e-01
9.145949340000000261e-01 1.490979343652725220e-01
9.174363819999999947e-01 1.459955573081970215e-01
9.202778870000000166e-01 1.683311164379119873e-01
9.231194480000000091e-01 1.611586511135101318e-01
9.259610649999999721e-01 1.483530104160308838e-01
9.288027380000000166e-01 1.081195548176765442e-01
9.316444680000000034e-01 5.591895431280136108e-02
9.344862539999999607e-01 3.166232258081436157e-02
9.373280959999999995e-01 3.293777629733085632e-02
9.401699940000000089e-01 5.517021194100379944e-02
9.430119489999999605e-01 4.331487417221069336e-02
9.458539599999999936e-01 3.983037918806076050e-02
9.486960269999999973e-01 4.344440251588821411e-02
9.515381499999999715e-01 4.535715654492378235e-02
9.543803299999999989e-01 4.617029801011085510e-02
9.572225659999999969e-01 5.085835233330726624e-02
9.600648579999999654e-01 4.982126131653785706e-02
9.629072060000000155e-01 6.276618689298629761e-02
9.657496110000000078e-01 6.737621128559112549e-02
9.685920709999999989e-01 8.530720323324203491e-02
9.714345880000000433e-01 9.374287724494934082e-02
9.742771620000000299e-01 8.231624215841293335e-02
9.771197910000000153e-01 8.665972203016281128e-02
9.799624770000000540e-01 9.019986540079116821e-02
9.828052189999999522e-01 1.034983173012733459e-01
9.856480170000000429e-01 1.056130677461624146e-01
9.884908709999999932e-01 1.098973751068115234e-01
9.913337819999999967e-01 1.127307713031768799e-01
9.941767489999999707e-01 1.223954036831855774e-01
9.970197720000000263e-01 1.141711845993995667e-01
9.998628510000000524e-01 1.203663274645805359e-01
1.002705986999999910e+00 1.109256520867347717e-01
1.005549178999999960e+00 1.119773089885711670e-01
1.008392426999999980e+00 1.214999556541442871e-01
1.011235730999999971e+00 1.132455170154571533e-01
1.014079092000000015e+00 1.128187775611877441e-01
1.016922509000000030e+00 1.167895868420600891e-01
1.019765982000000015e+00 1.158287897706031799e-01
1.022609510999999971e+00 1.172904670238494873e-01
1.025453096999999980e+00 1.197969317436218262e-01
1.028296738999999960e+00 1.191824078559875488e-01
1.031140436999999910e+00 1.151748076081275940e-01
1.033984191000000052e+00 1.251792162656784058e-01
1.036828002000000026e+00 1.120726093649864197e-01
1.039671868000000110e+00 1.094409376382827759e-01
1.042515791000000025e+00 1.275475472211837769e-01
1.045359770999999993e+00 1.155317574739456177e-01
