3.615872339999999796e-01 1.311714172363281250e+00
3.644177160000000026e-01 1.507565498352050781e+00
3.672482539999999962e-01 1.606365561485290527e+00
3.700788480000000158e-01 1.565043091773986816e+00
3.729094980000000059e-01 1.438395023345947266e+00
3.757402049999999938e-01 1.546556949615478516e+00
3.785709680000000077e-01 1.686274886131286621e+00
3.814017869999999921e-01 1.453723073005676270e+00
3.842326620000000026e-01 1.316908955574035645e+00
3.870635940000000108e-01 1.469233274459838867e+00
3.898945819999999896e-01 1.633423209190368652e+00
3.927256259999999943e-01 1.449940323829650879e+00
3.955567260000000251e-01 1.457564711570739746e+00
3.983878829999999982e-01 1.856410264968872070e+00
4.012190950000000256e-01 2.306468725204467773e+00
4.040503639999999952e-01 2.292827606201171875e+00
4.068816900000000181e-01 2.232757806777954102e+00
4.097130709999999842e-01 2.294014215469360352e+00
4.125445090000000037e-01 2.387266159057617188e+00
4.153760029999999936e-01 2.413750648498535156e+00
4.182075530000000096e-01 2.356839656829833984e+00
4.210391589999999962e-01 2.357957601547241211e+00
4.238708219999999804e-01 2.327226638793945312e+00
4.267025409999999908e-01 2.269027233123779297e+00
4.295343160000000271e-01 2.073975563049316406e+00
4.323661469999999785e-01 2.213945865631103516e+00
4.351980349999999831e-01 2.434083461761474609e+00
4.380299790000000137e-01 2.456658840179443359e+00
4.408619790000000149e-01 2.515664339065551758e+00
4.436940349999999866e-01 2.676156759262084961e+00
4.465261480000000116e-01 2.709331512451171875e+00
4.493583170000000071e-01 2.861252784729003906e+00
4.521905419999999731e-01 2.874495029449462891e+00
4.550228230000000207e-01 2.847410440444946289e+00
4.578551610000000105e-01 2.915967464447021484e+00
4.606875550000000263e-01 2.947247982025146484e+00
4.635200050000000127e-01 2.976371526718139648e+00
4.663525110000000251e-01 2.910002231597900391e+00
4.691850739999999798e-01 2.903935670852661133e+00
4.720176919999999887e-01 2.948287487030029297e+00
4.748503669999999954e-01 2.993060111999511719e+00
4.776830989999999999e-01 3.019701480865478516e+00
4.805158860000000032e-01 3.083240032196044922e+00
4.833487300000000042e-01 3.062405824661254883e+00
4.861816299999999758e-01 2.825905323028564453e+00
4.890145859999999733e-01 2.947144508361816406e+00
4.918475979999999970e-01 3.015056848526000977e+00
4.946806670000000183e-01 3.087233304977416992e+00
4.975137920000000102e-01 3.110780000686645508e+00
5.003469729999999727e-01 3.026345491409301758e+00
5.031802100000000166e-01 3.015774965286254883e+00
5.060135040000000028e-01 3.103899955749511719e+00
5.088468539999999596e-01 3.134315967559814453e+00
5.116802599999999979e-01 3.176281690597534180e+00
5.145137220000000067e-01 3.102099895477294922e+00
5.173472409999999577e-01 2.941433906555175781e+00
5.201808159999999903e-01 3.077197790145874023e+00
5.230144469999999934e-01 3.207302808761596680e+00
5.258481339999999671e-01 3.226375818252563477e+00
5.286818779999999940e-01 3.262575864791870117e+00
5.315156779999999914e-01 3.374109745025634766e+00
5.343495339999999594e-01 3.360728740692138672e+00
5.371834460000000089e-01 3.405144453048706055e+00
5.400174150000000006e-01 3.338190078735351562e+00
5.428514389999999912e-01 3.368969440460205078e+00
5.456855200000000350e-01 3.433984518051147461e+00
5.485196580000000210e-01 3.439876556396484375e+00
5.513538510000000059e-01 3.472273111343383789e+00
5.541881010000000440e-01 3.501703023910522461e+00
5.570224070000000527e-01 3.469938993453979492e+00
5.598567690000000319e-01 3.427567481994628906e+00
5.626911869999999816e-01 3.475156545639038086e+00
5.655256619999999845e-01 3.463917493820190430e+00
5.683601929999999580e-01 3.436517715454101562e+00
5.711947800000000131e-01 3.397985219955444336e+00
5.740294230000000386e-01 3.459079980850219727e+00
5.768641230000000064e-01 3.417918682098388672e+00
5.796988789999999447e-01 3.439138412475585938e+00
5.825336909999999646e-01 3.522695302963256836e+00
5.853685589999999550e-01 3.475586891174316406e+00
5.882034839999999987e-01 3.251510620117187500e+00
5.910384650000000129e-01 3.110182285308837891e+00
5.938735019999999976e-01 3.179927587509155273e+00
5.967085949999999528e-01 3.169397592544555664e+00
5.995437449999999613e-01 3.136158227920532227e+00
6.023789510000000513e-01 3.105953931808471680e+00
6.052142130000000009e-01 3.123638868331909180e+00
6.080495310000000320e-01 3.072607994079589844e+00
6.108849060000000053e-01 2.960482597351074219e+00
6.137203359999999774e-01 2.889272212982177734e+00
6.165558230000000028e-01 2.860957145690917969e+00
6.193913669999999705e-01 2.942976236343383789e+00
6.222269660000000480e-01 2.927079200744628906e+00
6.250626219999999567e-01 2.853010177612304688e+00
6.278983339999999469e-01 2.790570735931396484e+00
6.307341020000000187e-01 2.771368503570556641e+00
6.335699259999999500e-01 2.805481910705566406e+00
6.364058070000000455e-01 2.836100578308105469e+00
6.392417440000000006e-01 2.840209007263183594e+00
6.420777370000000372e-01 2.796654224395751953e+00
6.449137860000000444e-01 2.769012928009033203e+00
6.477498919999999938e-01 2.645141601562500000e+00
6.505860540000000247e-01 2.626851558685302734e+00
6.534222720000000262e-01 2.628345251083374023e+00
6.562585459999999982e-01 2.413188934326171875e+00
6.590948770000000234e-01 2.532367944717407227e+00
6.619312640000000192e-01 2.594518661499023438e+00
6.647677069999999855e-01 2.563062667846679688e+00
6.676042060000000333e-01 2.552052974700927734e+00
6.704407620000000234e-01 2.525966882705688477e+00
6.732773739999999840e-01 2.480798959732055664e+00
6.761140420000000262e-01 2.477877616882324219e+00
6.789507660000000389e-01 2.452426195144653320e+00
6.817875469999999938e-01 2.439121246337890625e+00
6.846243829999999475e-01 2.352636337280273438e+00
6.874612759999999545e-01 1.980066537857055664e+00
6.902982260000000148e-01 2.013947248458862305e+00
6.931352309999999628e-01 2.057278156280517578e+00
6.959722929999999641e-01 2.083610057830810547e+00
6.988094110000000470e-01 2.057819128036499023e+00
7.016465849999999893e-01 1.958110928535461426e+00
7.044838150000000132e-01 1.967368483543395996e+00
7.073211019999999793e-01 1.924474120140075684e+00
7.101584450000000270e-01 1.860292911529541016e+00
7.129958440000000452e-01 1.755193591117858887e+00
7.158332990000000340e-01 1.491974472999572754e+00
7.186708109999999650e-01 1.078688859939575195e+00
7.215083789999999775e-01 1.113469481468200684e+00
7.243460029999999605e-01 1.023956894874572754e+00
7.271836830000000251e-01 9.186569452285766602e-01
7.300214200000000320e-01 8.604164123535156250e-01
7.328592130000000093e-01 8.736690282821655273e-01
7.356970619999999572e-01 8.689334988594055176e-01
7.385349669999999866e-01 8.491756916046142578e-01
7.413729289999999583e-01 8.386632800102233887e-01
7.442109470000000115e-01 8.534806370735168457e-01
7.470490210000000353e-01 8.528290390968322754e-01
7.498871510000000296e-01 8.406264185905456543e-01
7.527253379999999661e-01 8.294816613197326660e-01
7.555635800000000124e-01 8.262605667114257812e-01
7.584018790000000010e-01 6.664352416992187500e-01
7.612402350000000428e-01 3.176952302455902100e-01
7.640786459999999725e-01 3.830866515636444092e-01
7.669171139999999554e-01 6.179504394531250000e-01
7.697556380000000198e-01 7.517827153205871582e-01
7.725942180000000548e-01 7.763074636459350586e-01
7.754328539999999492e-01 7.838661670684814453e-01
7.782715470000000080e-01 7.847322821617126465e-01
7.811102960000000373e-01 7.898862361907958984e-01
7.839491010000000371e-01 7.922914624214172363e-01
7.867879620000000074e-01 7.783133387565612793e-01
7.896268800000000310e-01 7.571179866790771484e-01
7.924658540000000251e-01 7.623766660690307617e-01
7.953048839999999897e-01 7.681469917297363281e-01
7.981439700000000359e-01 7.740423679351806641e-01
8.009831130000000243e-01 7.695862650871276855e-01
8.038223119999999833e-01 7.799480557441711426e-01
8.066615670000000238e-01 7.941820621490478516e-01
8.095008780000000348e-01 7.637698650360107422e-01
8.123402459999999881e-01 6.731730103492736816e-01
8.151796700000000229e-01 5.487227439880371094e-01
8.180191500000000282e-01 5.237639546394348145e-01
8.208586860000000041e-01 5.585890412330627441e-01
8.236982790000000332e-01 5.119531154632568359e-01
8.265379269999999501e-01 5.295410752296447754e-01
8.293776320000000313e-01 4.702015817165374756e-01
8.322173940000000547e-01 4.522530436515808105e-01
8.350572109999999659e-01 4.545825421810150146e-01
8.378970850000000414e-01 4.662782847881317139e-01
8.407370149999999764e-01 4.617270231246948242e-01
8.435770009999999930e-01 4.540407657623291016e-01
8.464170429999999801e-01 4.525106847286224365e-01
8.492571420000000204e-01 4.335847795009613037e-01
8.520972970000000313e-01 4.136839807033538818e-01
8.549375080000000127e-01 3.911452591419219971e-01
8.577777749999999646e-01 4.119459390640258789e-01
8.606180989999999698e-01 4.047362804412841797e-01
8.634584789999999455e-01 3.960986733436584473e-01
8.662989150000000027e-01 3.660958707332611084e-01
8.691394070000000305e-01 3.736971616744995117e-01
8.719799560000000005e-01 3.689582049846649170e-01
8.748205610000000521e-01 3.547995686531066895e-01
8.776612219999999631e-01 3.514369726181030273e-01
8.805019389999999557e-01 3.352183997631072998e-01
8.833427130000000016e-01 3.306764364242553711e-01
8.861835430000000180e-01 3.206021785736083984e-01
8.890244290000000049e-01 3.161968886852264404e-01
8.918653709999999624e-01 2.978966534137725830e-01
8.947063699999999731e-01 2.502003312110900879e-01
8.975474239999999826e-01 1.964517533779144287e-01
9.003885350000000454e-01 1.767780929803848267e-01
9.032297030000000504e-01 2.011477202177047729e-01
9.060709260000000542e-01 2.037083059549331665e-01
9.089122060000000003e-01 1.681340187788009644e-01
9.117535420000000279e-01 1.618141233921051025e-01
9.145949340000000261e-01 1.523209512233734131e-01
9.174363819999999947e-01 1.492848396301269531e-01
9.202778870000000166e-01 1.719284951686859131e-01
9.231194480000000091e-01 1.641993969678878784e-01
9.259610649999999721e-01 1.416375935077667236e-01
9.288027380000000166e-01 1.041196808218955994e-01
9.316444680000000034e-01 5.700400099158287048e-02
9.344862539999999607e-01 3.070914559066295624e-02
9.373280959999999995e-01 3.534466773271560669e-02
9.401699940000000089e-01 5.436484888195991516e-02
9.430119489999999605e-01 4.373608529567718506e-02
9.458539599999999936e-01 4.244247451424598694e-02
9.486960269999999973e-01 4.548424482345581055e-02
9.515381499999999715e-01 4.798317700624465942e-02
9.543803299999999989e-01 4.600365087389945984e-02
9.572225659999999969e-01 5.029046908020973206e-02
9.600648579999999654e-01 5.322772264480590820e-02
9.629072060000000155e-01 5.942869558930397034e-02
9.657496110000000078e-01 6.953928619623184204e-02
9.685920709999999989e-01 8.667311072349548340e-02
9.714345880000000433e-01 9.145156294107437134e-02
9.742771620000000299e-01 8.137828111648559570e-02
9.771197910000000153e-01 8.253674209117889404e-02
9.799624770000000540e-01 9.064853191375732422e-02
9.828052189999999522e-01 9.663970768451690674e-02
9.856480170000000429e-01 1.053761318325996399e-01
9.884908709999999932e-01 1.153396070003509521e-01
9.913337819999999967e-01 1.131086722016334534e-01
9.941767489999999707e-01 1.107562109827995300e-01
9.970197720000000263e-01 1.130030602216720581e-01
9.998628510000000524e-01 1.143718734383583069e-01
1.002705986999999910e+00 1.081700176000595093e-01
1.005549178999999960e+00 1.073262020945549011e-01
1.008392426999999980e+00 1.100509241223335266e-01
1.011235730999999971e+00 1.199006959795951843e-01
1.014079092000000015e+00 1.128768846392631531e-01
1.016922509000000030e+00 1.104875653982162476e-01
1.019765982000000015e+00 1.149471029639244080e-01
1.022609510999999971e+00 1.140587776899337769e-01
1.025453096999999980e+00 1.180725470185279846e-01
1.028296738999999960e+00 1.171038076281547546e-01
1.031140436999999910e+00 1.186181306838989258e-01
1.033984191000000052e+00 1.236561387777328491e-01
1.036828002000000026e+00 1.305580437183380127e-01
1.039671868000000110e+00 1.161750629544258118e-01
1.042515791000000025e+00 1.207159906625747681e-01
1.045359770999999993e+00 1.112653240561485291e-01
