3.615872339999999796e-01 1.308269500732421875e+00
3.644177160000000026e-01 1.471009373664855957e+00
3.672482539999999962e-01 1.608292937278747559e+00
3.700788480000000158e-01 1.596592187881469727e+00
3.729094980000000059e-01 1.424635648727416992e+00
3.757402049999999938e-01 1.502528905868530273e+00
3.785709680000000077e-01 1.652875900268554688e+00
3.814017869999999921e-01 1.450243473052978516e+00
3.842326620000000026e-01 1.320678234100341797e+00
3.870635940000000108e-01 1.456442594528198242e+00
3.898945819999999896e-01 1.622470736503601074e+00
3.927256259999999943e-01 1.423652887344360352e+00
3.955567260000000251e-01 1.485743045806884766e+00
3.983878829999999982e-01 1.849243402481079102e+00
4.012190950000000256e-01 2.296974420547485352e+00
4.040503639999999952e-01 2.268342256546020508e+00
4.068816900000000181e-01 2.245179891586303711e+00
4.097130709999999842e-01 2.275937795639038086e+00
4.125445090000000037e-01 2.389132976531982422e+00
4.153760029999999936e-01 2.387457370758056641e+00
4.182075530000000096e-01 2.345671892166137695e+00
4.210391589999999962e-01 2.357173919677734375e+00
4.238708219999999804e-01 2.297939300537109375e+00
4.267025409999999908e-01 2.256951570510864258e+00
4.295343160000000271e-01 2.054853439331054688e+00
4.323661469999999785e-01 2.174371957778930664e+00
4.351980349999999831e-01 2.381348848342895508e+00
4.380299790000000137e-01 2.394525527954101562e+00
4.408619790000000149e-01 2.486705541610717773e+00
4.436940349999999866e-01 2.626707315444946289e+00
4.465261480000000116e-01 2.663179636001586914e+00
4.493583170000000071e-01 2.806673049926757812e+00
4.521905419999999731e-01 2.834091186523437500e+00
4.550228230000000207e-01 2.809232234954833984e+00
4.578551610000000105e-01 2.866887092590332031e+00
4.606875550000000263e-01 2.895085096359252930e+00
4.635200050000000127e-01 2.907663583755493164e+00
4.663525110000000251e-01 2.853769302368164062e+00
4.691850739999999798e-01 2.855006933212280273e+00
4.720176919999999887e-01 2.878992795944213867e+00
4.748503669999999954e-01 2.932658910751342773e+00
4.776830989999999999e-01 2.958755493164062500e+00
4.805158860000000032e-01 3.017097949981689453e+00
4.833487300000000042e-01 3.005815982818603516e+00
4.861816299999999758e-01 2.770139694213867188e+00
4.890145859999999733e-01 2.883235931396484375e+00
4.918475979999999970e-01 2.955086231231689453e+00
4.946806670000000183e-01 3.026398658752441406e+00
4.975137920000000102e-01 3.020418405532836914e+00
5.003469729999999727e-01 2.957296848297119141e+00
5.031802100000000166e-01 2.929201841354370117e+00
5.060135040000000028e-01 3.029322862625122070e+00
5.088468539999999596e-01 3.046301603317260742e+00
5.116802599999999979e-01 3.088448524475097656e+00
5.145137220000000067e-01 3.009459495544433594e+00
5.173472409999999577e-01 2.853749990463256836e+00
5.201808159999999903e-01 2.982598066329956055e+00
5.230144469999999934e-01 3.115174293518066406e+00
5.258481339999999671e-01 3.120490074157714844e+00
5.286818779999999940e-01 3.155272722244262695e+00
5.315156779999999914e-01 3.260926961898803711e+00
5.343495339999999594e-01 3.259655475616455078e+00
5.371834460000000089e-01 3.303477048873901367e+00
5.400174150000000006e-01 3.253130435943603516e+00
5.428514389999999912e-01 3.267047166824340820e+00
5.456855200000000350e-01 3.332020282745361328e+00
5.485196580000000210e-01 3.332700490951538086e+00
5.513538510000000059e-01 3.358604192733764648e+00
5.541881010000000440e-01 3.392573595046997070e+00
5.570224070000000527e-01 3.364069700241088867e+00
5.598567690000000319e-01 3.311516046524047852e+00
5.626911869999999816e-01 3.366720914840698242e+00
5.655256619999999845e-01 3.353621959686279297e+00
5.683601929999999580e-01 3.324719667434692383e+00
5.711947800000000131e-01 3.288355588912963867e+00
5.740294230000000386e-01 3.335566997528076172e+00
5.768641230000000064e-01 3.309236764907836914e+00
5.796988789999999447e-01 3.318928718566894531e+00
5.825336909999999646e-01 3.394845008850097656e+00
5.853685589999999550e-01 3.345643520355224609e+00
5.882034839999999987e-01 3.125944852828979492e+00
5.910384650000000129e-01 2.979574918746948242e+00
5.938735019999999976e-01 3.029596567153930664e+00
5.967085949999999528e-01 3.021577358245849609e+00
5.995437449999999613e-01 2.975075960159301758e+00
6.023789510000000513e-01 2.936770439147949219e+00
6.052142130000000009e-01 2.942812204360961914e+00
6.080495310000000320e-01 2.895025730133056641e+00
6.108849060000000053e-01 2.785750627517700195e+00
6.137203359999999774e-01 2.709144830703735352e+00
6.165558230000000028e-01 2.691096544265747070e+00
6.193913669999999705e-01 2.767487287521362305e+00
6.222269660000000480e-01 2.752508401870727539e+00
6.250626219999999567e-01 2.675656080245971680e+00
6.278983339999999469e-01 2.612528324127197266e+00
6.307341020000000187e-01 2.590588569641113281e+00
6.335699259999999500e-01 2.623342037200927734e+00
6.364058070000000455e-01 2.650202274322509766e+00
6.392417440000000006e-01 2.648419857025146484e+00
6.420777370000000372e-01 2.617117643356323242e+00
6.449137860000000444e-01 2.583310604095458984e+00
6.477498919999999938e-01 2.459344625473022461e+00
6.505860540000000247e-01 2.443187713623046875e+00
6.534222720000000262e-01 2.442016601562500000e+00
6.562585459999999982e-01 2.233777046203613281e+00
6.590948770000000234e-01 2.335342168807983398e+00
6.619312640000000192e-01 2.392724514007568359e+00
6.647677069999999855e-01 2.372997999191284180e+00
6.676042060000000333e-01 2.344973564147949219e+00
6.704407620000000234e-01 2.315676927566528320e+00
6.732773739999999840e-01 2.291859626770019531e+00
6.761140420000000262e-01 2.277119636535644531e+00
6.789507660000000389e-01 2.264825582504272461e+00
6.817875469999999938e-01 2.234446287155151367e+00
6.846243829999999475e-01 2.151447534561157227e+00
6.874612759999999545e-01 1.811393976211547852e+00
6.902982260000000148e-01 1.830219388008117676e+00
6.931352309999999628e-01 1.877457499504089355e+00
6.959722929999999641e-01 1.874974727630615234e+00
6.988094110000000470e-01 1.853204727172851562e+00
7.016465849999999893e-01 1.751790285110473633e+00
7.044838150000000132e-01 1.753046989440917969e+00
7.073211019999999793e-01 1.710248827934265137e+00
7.101584450000000270e-01 1.639989852905273438e+00
7.129958440000000452e-01 1.541469097137451172e+00
7.158332990000000340e-01 1.299110054969787598e+00
7.186708109999999650e-01 9.447228908538818359e-01
7.215083789999999775e-01 9.601597785949707031e-01
7.243460029999999605e-01 8.745062947273254395e-01
7.271836830000000251e-01 7.918053269386291504e-01
7.300214200000000320e-01 7.354360818862915039e-01
7.328592130000000093e-01 7.528676390647888184e-01
7.356970619999999572e-01 7.488362193107604980e-01
7.385349669999999866e-01 7.262911796569824219e-01
7.413729289999999583e-01 7.251855731010437012e-01
7.442109470000000115e-01 7.453325390815734863e-01
7.470490210000000353e-01 7.385033965110778809e-01
7.498871510000000296e-01 7.287901043891906738e-01
7.527253379999999661e-01 7.232376933097839355e-01
7.555635800000000124e-01 7.022184133529663086e-01
7.584018790000000010e-01 5.750263333320617676e-01
7.612402350000000428e-01 2.757766544818878174e-01
7.640786459999999725e-01 3.330974280834197998e-01
7.669171139999999554e-01 5.311930775642395020e-01
7.697556380000000198e-01 6.469559073448181152e-01
7.725942180000000548e-01 6.697351336479187012e-01
7.754328539999999492e-01 6.718006134033203125e-01
7.782715470000000080e-01 6.832154393196105957e-01
7.811102960000000373e-01 6.813800334930419922e-01
7.839491010000000371e-01 6.780766844749450684e-01
7.867879620000000074e-01 6.653963923454284668e-01
7.896268800000000310e-01 6.375219225883483887e-01
7.924658540000000251e-01 6.448357105255126953e-01
7.953048839999999897e-01 6.542045474052429199e-01
7.981439700000000359e-01 6.639962792396545410e-01
8.009831130000000243e-01 6.597300171852111816e-01
8.038223119999999833e-01 6.493042111396789551e-01
8.066615670000000238e-01 6.648392081260681152e-01
8.095008780000000348e-01 6.367548108100891113e-01
8.123402459999999881e-01 5.722391009330749512e-01
8.151796700000000229e-01 4.667448401451110840e-01
8.180191500000000282e-01 4.417675435543060303e-01
8.208586860000000041e-01 4.674716889858245850e-01
8.236982790000000332e-01 4.330916106700897217e-01
8.265379269999999501e-01 4.500024616718292236e-01
8.293776320000000313e-01 4.029543697834014893e-01
8.322173940000000547e-01 3.881123065948486328e-01
8.350572109999999659e-01 3.963397741317749023e-01
8.378970850000000414e-01 4.050419926643371582e-01
8.407370149999999764e-01 4.003866612911224365e-01
8.435770009999999930e-01 3.985094726085662842e-01
8.464170429999999801e-01 3.932143151760101318e-01
8.492571420000000204e-01 3.761128485202789307e-01
8.520972970000000313e-01 3.630730807781219482e-01
8.549375080000000127e-01 3.389224112033843994e-01
8.577777749999999646e-01 3.625265657901763916e-01
8.606180989999999698e-01 3.553109467029571533e-01
8.634584789999999455e-01 3.483343124389648438e-01
8.662989150000000027e-01 3.233436644077301025e-01
8.691394070000000305e-01 3.290829658508300781e-01
8.719799560000000005e-01 3.327203094959259033e-01
8.748205610000000521e-01 3.143047392368316650e-01
8.776612219999999631e-01 3.133779466152191162e-01
8.805019389999999557e-01 3.006580471992492676e-01
8.833427130000000016e-01 2.941842079162597656e-01
8.861835430000000180e-01 2.813347280025482178e-01
8.890244290000000049e-01 2.795583009719848633e-01
8.918653709999999624e-01 2.633097171783447266e-01
8.947063699999999731e-01 2.269108146429061890e-01
8.975474239999999826e-01 1.815376281738281250e-01
9.003885350000000454e-01 1.604778915643692017e-01
9.032297030000000504e-01 1.848907619714736938e-01
9.060709260000000542e-01 1.824259459972381592e-01
9.089122060000000003e-01 1.532915383577346802e-01
9.117535420000000279e-01 1.513063609600067139e-01
9.145949340000000261e-01 1.410728245973587036e-01
9.174363819999999947e-01 1.394098997116088867e-01
9.202778870000000166e-01 1.602461636066436768e-01
9.231194480000000091e-01 1.515686213970184326e-01
9.259610649999999721e-01 1.362561583518981934e-01
9.288027380000000166e-01 9.595811367034912109e-02
9.316444680000000034e-01 4.953701794147491455e-02
9.344862539999999607e-01 3.124372288584709167e-02
9.373280959999999995e-01 3.468981012701988220e-02
9.401699940000000089e-01 5.407186970114707947e-02
9.430119489999999605e-01 4.722570627927780151e-02
9.458539599999999936e-01 3.914925083518028259e-02
9.486960269999999973e-01 4.504158720374107361e-02
9.515381499999999715e-01 4.467693343758583069e-02
9.543803299999999989e-01 4.492465406656265259e-02
9.572225659999999969e-01 5.120169743895530701e-02
9.600648579999999654e-01 5.241632089018821716e-02
9.629072060000000155e-01 6.474719941616058350e-02
9.657496110000000078e-01 6.997364759445190430e-02
9.685920709999999989e-01 9.332494437694549561e-02
9.714345880000000433e-01 9.322399646043777466e-02
9.742771620000000299e-01 8.455580472946166992e-02
9.771197910000000153e-01 8.582401275634765625e-02
9.799624770000000540e-01 9.271275252103805542e-02
9.828052189999999522e-01 1.034017652273178101e-01
9.856480170000000429e-01 1.083689108490943909e-01
9.884908709999999932e-01 1.098669096827507019e-01
9.913337819999999967e-01 1.099427193403244019e-01
9.941767489999999707e-01 1.201151534914970398e-01
9.970197720000000263e-01 1.140891313552856445e-01
9.998628510000000524e-01 1.191314011812210083e-01
1.002705986999999910e+00 1.091619357466697693e-01
1.005549178999999960e+00 1.076996624469757080e-01
1.008392426999999980e+00 1.117844507098197937e-01
1.011235730999999971e+00 1.121053174138069153e-01
1.014079092000000015e+00 1.105764582753181458e-01
1.016922509000000030e+00 1.159819811582565308e-01
1.019765982000000015e+00 1.167469099164009094e-01
1.022609510999999971e+00 1.100637167692184448e-01
1.025453096999999980e+00 1.154096424579620361e-01
1.028296738999999960e+00 1.140574291348457336e-01
1.031140436999999910e+00 1.100440248847007751e-01
1.033984191000000052e+00 1.116428449749946594e-01
1.036828002000000026e+00 1.122481748461723328e-01
1.039671868000000110e+00 1.127074062824249268e-01
1.042515791000000025e+00 1.117200478911399841e-01
1.045359770999999993e+00 1.145560219883918762e-01
