3.615872339999999796e-01 1.299854636192321777e+00
3.644177160000000026e-01 1.420380473136901855e+00
3.672482539999999962e-01 1.553535461425781250e+00
3.700788480000000158e-01 1.552657723426818848e+00
3.729094980000000059e-01 1.394689083099365234e+00
3.757402049999999938e-01 1.489186882972717285e+00
3.785709680000000077e-01 1.641057491302490234e+00
3.814017869999999921e-01 1.423323631286621094e+00
3.842326620000000026e-01 1.283639192581176758e+00
3.870635940000000108e-01 1.402230978012084961e+00
3.898945819999999896e-01 1.602021574974060059e+00
3.927256259999999943e-01 1.416962981224060059e+00
3.955567260000000251e-01 1.441981911659240723e+00
3.983878829999999982e-01 1.819317102432250977e+00
4.012190950000000256e-01 2.279694318771362305e+00
4.040503639999999952e-01 2.294215917587280273e+00
4.068816900000000181e-01 2.234606981277465820e+00
4.097130709999999842e-01 2.292234182357788086e+00
4.125445090000000037e-01 2.386955261230468750e+00
4.153760029999999936e-01 2.393057107925415039e+00
4.182075530000000096e-01 2.346375226974487305e+00
4.210391589999999962e-01 2.347595691680908203e+00
4.238708219999999804e-01 2.317736387252807617e+00
4.267025409999999908e-01 2.276172161102294922e+00
4.295343160000000271e-01 2.053664684295654297e+00
4.323661469999999785e-01 2.188082456588745117e+00
4.351980349999999831e-01 2.385168790817260742e+00
4.380299790000000137e-01 2.423912763595581055e+00
4.408619790000000149e-01 2.513200759887695312e+00
4.436940349999999866e-01 2.657697439193725586e+00
4.465261480000000116e-01 2.688611030578613281e+00
4.493583170000000071e-01 2.831992387771606445e+00
4.521905419999999731e-01 2.852768182754516602e+00
4.550228230000000207e-01 2.831313133239746094e+00
4.578551610000000105e-01 2.886340379714965820e+00
4.606875550000000263e-01 2.907050609588623047e+00
4.635200050000000127e-01 2.952455520629882812e+00
4.663525110000000251e-01 2.873554468154907227e+00
4.691850739999999798e-01 2.870637893676757812e+00
4.720176919999999887e-01 2.919830322265625000e+00
4.748503669999999954e-01 2.969200849533081055e+00
4.776830989999999999e-01 2.985313653945922852e+00
4.805158860000000032e-01 3.056707143783569336e+00
4.833487300000000042e-01 3.042243957519531250e+00
4.861816299999999758e-01 2.793372154235839844e+00
4.890145859999999733e-01 2.906909942626953125e+00
4.918475979999999970e-01 2.997392416000366211e+00
4.946806670000000183e-01 3.051980972290039062e+00
4.975137920000000102e-01 3.070715904235839844e+00
5.003469729999999727e-01 2.998433828353881836e+00
5.031802100000000166e-01 2.963665723800659180e+00
5.060135040000000028e-01 3.073943614959716797e+00
5.088468539999999596e-01 3.096634149551391602e+00
5.116802599999999979e-01 3.130681514739990234e+00
5.145137220000000067e-01 3.067990541458129883e+00
5.173472409999999577e-01 2.894571781158447266e+00
5.201808159999999903e-01 3.034742593765258789e+00
5.230144469999999934e-01 3.187399625778198242e+00
5.258481339999999671e-01 3.179099798202514648e+00
5.286818779999999940e-01 3.219391345977783203e+00
5.315156779999999914e-01 3.340185880661010742e+00
5.343495339999999594e-01 3.320188522338867188e+00
5.371834460000000089e-01 3.369477272033691406e+00
5.400174150000000006e-01 3.307978391647338867e+00
5.428514389999999912e-01 3.317723274230957031e+00
5.456855200000000350e-01 3.396111965179443359e+00
5.485196580000000210e-01 3.402004718780517578e+00
5.513538510000000059e-01 3.432495832443237305e+00
5.541881010000000440e-01 3.458554506301879883e+00
5.570224070000000527e-01 3.434691190719604492e+00
5.598567690000000319e-01 3.389061927795410156e+00
5.626911869999999816e-01 3.438493728637695312e+00
5.655256619999999845e-01 3.439345359802246094e+00
5.683601929999999580e-01 3.408140420913696289e+00
5.711947800000000131e-01 3.368485212326049805e+00
5.740294230000000386e-01 3.423131942749023438e+00
5.768641230000000064e-01 3.379598379135131836e+00
5.796988789999999447e-01 3.405307054519653320e+00
5.825336909999999646e-01 3.476701498031616211e+00
5.853685589999999550e-01 3.444368362426757812e+00
5.882034839999999987e-01 3.223210334777832031e+00
5.910384650000000129e-01 3.068058013916015625e+00
5.938735019999999976e-01 3.130818843841552734e+00
5.967085949999999528e-01 3.122336626052856445e+00
5.995437449999999613e-01 3.087390661239624023e+00
6.023789510000000513e-01 3.065185308456420898e+00
6.052142130000000009e-01 3.076797246932983398e+00
6.080495310000000320e-01 3.040200471878051758e+00
6.108849060000000053e-01 2.862373828887939453e+00
6.137203359999999774e-01 2.781700372695922852e+00
6.165558230000000028e-01 2.796345233917236328e+00
6.193913669999999705e-01 2.877841472625732422e+00
6.222269660000000480e-01 2.866442680358886719e+00
6.250626219999999567e-01 2.792136192321777344e+00
6.278983339999999469e-01 2.722213029861450195e+00
6.307341020000000187e-01 2.691727161407470703e+00
6.335699259999999500e-01 2.739636898040771484e+00
6.364058070000000455e-01 2.755964517593383789e+00
6.392417440000000006e-01 2.766218900680541992e+00
6.420777370000000372e-01 2.731436491012573242e+00
6.449137860000000444e-01 2.705335617065429688e+00
6.477498919999999938e-01 2.575515508651733398e+00
6.505860540000000247e-01 2.553396463394165039e+00
6.534222720000000262e-01 2.551840543746948242e+00
6.562585459999999982e-01 2.335586786270141602e+00
6.590948770000000234e-01 2.444988727569580078e+00
6.619312640000000192e-01 2.504770278930664062e+00
6.647677069999999855e-01 2.476492166519165039e+00
6.676042060000000333e-01 2.446384668350219727e+00
6.704407620000000234e-01 2.420848608016967773e+00
6.732773739999999840e-01 2.381155490875244141e+00
6.761140420000000262e-01 2.370556831359863281e+00
6.789507660000000389e-01 2.361819028854370117e+00
6.817875469999999938e-01 2.345706224441528320e+00
6.846243829999999475e-01 2.264926433563232422e+00
6.874612759999999545e-01 1.909781932830810547e+00
6.902982260000000148e-01 1.936702847480773926e+00
6.931352309999999628e-01 1.992357254028320312e+00
6.959722929999999641e-01 2.008924722671508789e+00
6.988094110000000470e-01 1.999792218208312988e+00
7.016465849999999893e-01 1.892161130905151367e+00
7.044838150000000132e-01 1.892686009407043457e+00
7.073211019999999793e-01 1.850670456886291504e+00
7.101584450000000270e-01 1.792454838752746582e+00
7.129958440000000452e-01 1.689719796180725098e+00
7.158332990000000340e-01 1.433269381523132324e+00
7.186708109999999650e-01 1.036419153213500977e+00
7.215083789999999775e-01 1.054891943931579590e+00
7.243460029999999605e-01 9.687854051589965820e-01
7.271836830000000251e-01 8.654772639274597168e-01
7.300214200000000320e-01 8.083209991455078125e-01
7.328592130000000093e-01 8.263159394264221191e-01
7.356970619999999572e-01 8.216692209243774414e-01
7.385349669999999866e-01 7.900917530059814453e-01
7.413729289999999583e-01 7.973485589027404785e-01
7.442109470000000115e-01 8.103350996971130371e-01
7.470490210000000353e-01 8.115464448928833008e-01
7.498871510000000296e-01 7.936492562294006348e-01
7.527253379999999661e-01 7.863147258758544922e-01
7.555635800000000124e-01 7.806632518768310547e-01
7.584018790000000010e-01 6.384336948394775391e-01
7.612402350000000428e-01 2.975459396839141846e-01
7.640786459999999725e-01 3.537874221801757812e-01
7.669171139999999554e-01 5.755267143249511719e-01
7.697556380000000198e-01 7.050354480743408203e-01
7.725942180000000548e-01 7.316147089004516602e-01
7.754328539999999492e-01 7.338241934776306152e-01
7.782715470000000080e-01 7.407259345054626465e-01
7.811102960000000373e-01 7.445570230484008789e-01
7.839491010000000371e-01 7.432854175567626953e-01
7.867879620000000074e-01 7.352076768875122070e-01
7.896268800000000310e-01 7.151367664337158203e-01
7.924658540000000251e-01 7.186512351036071777e-01
7.953048839999999897e-01 7.225564122200012207e-01
7.981439700000000359e-01 7.287694811820983887e-01
8.009831130000000243e-01 7.272256612777709961e-01
8.038223119999999833e-01 7.267130613327026367e-01
8.066615670000000238e-01 7.404500842094421387e-01
8.095008780000000348e-01 7.132236361503601074e-01
8.123402459999999881e-01 6.423794031143188477e-01
8.151796700000000229e-01 5.243769884109497070e-01
8.180191500000000282e-01 4.916897416114807129e-01
8.208586860000000041e-01 5.250319242477416992e-01
8.236982790000000332e-01 4.826287031173706055e-01
8.265379269999999501e-01 4.970333278179168701e-01
8.293776320000000313e-01 4.419895112514495850e-01
8.322173940000000547e-01 4.222312867641448975e-01
8.350572109999999659e-01 4.267165958881378174e-01
8.378970850000000414e-01 4.350714087486267090e-01
8.407370149999999764e-01 4.379149973392486572e-01
8.435770009999999930e-01 4.313502311706542969e-01
8.464170429999999801e-01 4.300785958766937256e-01
8.492571420000000204e-01 4.124836027622222900e-01
8.520972970000000313e-01 3.873286843299865723e-01
8.549375080000000127e-01 3.687008023262023926e-01
8.577777749999999646e-01 3.934825360774993896e-01
8.606180989999999698e-01 3.832238614559173584e-01
8.634584789999999455e-01 3.772291541099548340e-01
8.662989150000000027e-01 3.444281816482543945e-01
8.691394070000000305e-01 3.578944206237792969e-01
8.719799560000000005e-01 3.517352342605590820e-01
8.748205610000000521e-01 3.457169532775878906e-01
8.776612219999999631e-01 3.307877182960510254e-01
8.805019389999999557e-01 3.183768987655639648e-01
8.833427130000000016e-01 3.167735338211059570e-01
8.861835430000000180e-01 3.041842579841613770e-01
8.890244290000000049e-01 2.973261475563049316e-01
8.918653709999999624e-01 2.830693423748016357e-01
8.947063699999999731e-01 2.367435544729232788e-01
8.975474239999999826e-01 1.902576833963394165e-01
9.003885350000000454e-01 1.696705520153045654e-01
9.032297030000000504e-01 1.958273798227310181e-01
9.060709260000000542e-01 1.968234777450561523e-01
9.089122060000000003e-01 1.605902314186096191e-01
9.117535420000000279e-01 1.607803702354431152e-01
9.145949340000000261e-01 1.479720622301101685e-01
9.174363819999999947e-01 1.451942622661590576e-01
9.202778870000000166e-01 1.640108376741409302e-01
9.231194480000000091e-01 1.565129160881042480e-01
9.259610649999999721e-01 1.456353366374969482e-01
9.288027380000000166e-01 1.055375933647155762e-01
9.316444680000000034e-01 5.559289455413818359e-02
9.344862539999999607e-01 3.133421763777732849e-02
9.373280959999999995e-01 3.493400663137435913e-02
9.401699940000000089e-01 5.818863958120346069e-02
9.430119489999999605e-01 4.382446035742759705e-02
9.458539599999999936e-01 3.674009069800376892e-02
9.486960269999999973e-01 4.083773866295814514e-02
9.515381499999999715e-01 4.553027823567390442e-02
9.543803299999999989e-01 4.511698335409164429e-02
9.572225659999999969e-01 4.694617167115211487e-02
9.600648579999999654e-01 4.874210059642791748e-02
9.629072060000000155e-01 6.021174788475036621e-02
9.657496110000000078e-01 6.941791623830795288e-02
9.685920709999999989e-01 8.361981064081192017e-02
9.714345880000000433e-01 9.412944316864013672e-02
9.742771620000000299e-01 7.856561988592147827e-02
9.771197910000000153e-01 8.225668966770172119e-02
9.799624770000000540e-01 9.245999902486801147e-02
9.828052189999999522e-01 1.016278639435768127e-01
9.856480170000000429e-01 1.062557399272918701e-01
9.884908709999999932e-01 1.096788868308067322e-01
9.913337819999999967e-01 1.089358776807785034e-01
9.941767489999999707e-01 1.154804080724716187e-01
9.970197720000000263e-01 1.165448054671287537e-01
9.998628510000000524e-01 1.149950101971626282e-01
1.002705986999999910e+00 1.099056452512741089e-01
1.005549178999999960e+00 1.143541783094406128e-01
1.008392426999999980e+00 1.100067123770713806e-01
1.011235730999999971e+00 1.120869964361190796e-01
1.014079092000000015e+00 1.131220534443855286e-01
1.016922509000000030e+00 1.120031327009201050e-01
1.019765982000000015e+00 1.124120131134986877e-01
1.022609510999999971e+00 1.201865300536155701e-01
1.025453096999999980e+00 1.167350336909294128e-01
1.028296738999999960e+00 1.142676770687103271e-01
1.031140436999999910e+00 1.182637885212898254e-01
1.033984191000000052e+00 1.143145933747291565e-01
1.036828002000000026e+00 1.080156788229942322e-01
1.039671868000000110e+00 1.165192127227783203e-01
1.042515791000000025e+00 1.150312051177024841e-01
1.045359770999999993e+00 1.103683263063430786e-01
