3.615872339999999796e-01 1.375312924385070801e+00
3.644177160000000026e-01 1.481399178504943848e+00
3.672482539999999962e-01 1.561765789985656738e+00
3.700788480000000158e-01 1.566357493400573730e+00
3.729094980000000059e-01 1.440975069999694824e+00
3.757402049999999938e-01 1.498725891113281250e+00
3.785709680000000077e-01 1.639728546142578125e+00
3.814017869999999921e-01 1.410994887351989746e+00
3.842326620000000026e-01 1.347094178199768066e+00
3.870635940000000108e-01 1.461354017257690430e+00
3.898945819999999896e-01 1.628748178482055664e+00
3.927256259999999943e-01 1.432663440704345703e+00
3.955567260000000251e-01 1.447260379791259766e+00
3.983878829999999982e-01 1.810629725456237793e+00
4.012190950000000256e-01 2.260857820510864258e+00
4.040503639999999952e-01 2.245233535766601562e+00
4.068816900000000181e-01 2.221524477005004883e+00
4.097130709999999842e-01 2.263693332672119141e+00
4.125445090000000037e-01 2.343264102935791016e+00
4.153760029999999936e-01 2.355735540390014648e+00
4.182075530000000096e-01 2.301491022109985352e+00
4.210391589999999962e-01 2.324251413345336914e+00
4.238708219999999804e-01 2.303172826766967773e+00
4.267025409999999908e-01 2.240166664123535156e+00
4.295343160000000271e-01 2.032631635665893555e+00
4.323661469999999785e-01 2.140998601913452148e+00
4.351980349999999831e-01 2.357020854949951172e+00
4.380299790000000137e-01 2.375846624374389648e+00
4.408619790000000149e-01 2.458708047866821289e+00
4.436940349999999866e-01 2.605590343475341797e+00
4.465261480000000116e-01 2.619493007659912109e+00
4.493583170000000071e-01 2.771399021148681641e+00
4.521905419999999731e-01 2.801438093185424805e+00
4.550228230000000207e-01 2.774054288864135742e+00
4.578551610000000105e-01 2.822098016738891602e+00
4.606875550000000263e-01 2.858857154846191406e+00
4.635200050000000127e-01 2.869041681289672852e+00
4.663525110000000251e-01 2.829530239105224609e+00
4.691850739999999798e-01 2.813113451004028320e+00
4.720176919999999887e-01 2.850835084915161133e+00
4.748503669999999954e-01 2.898954629898071289e+00
4.776830989999999999e-01 2.925363779067993164e+00
4.805158860000000032e-01 2.993038892745971680e+00
4.833487300000000042e-01 2.959228277206420898e+00
4.861816299999999758e-01 2.733776330947875977e+00
4.890145859999999733e-01 2.854415416717529297e+00
4.918475979999999970e-01 2.933125972747802734e+00
4.946806670000000183e-01 2.986695528030395508e+00
4.975137920000000102e-01 3.009101152420043945e+00
5.003469729999999727e-01 2.935863733291625977e+00
5.031802100000000166e-01 2.924088954925537109e+00
5.060135040000000028e-01 3.015267372131347656e+00
5.088468539999999596e-01 3.043113946914672852e+00
5.116802599999999979e-01 3.079749822616577148e+00
5.145137220000000067e-01 3.020010232925415039e+00
5.173472409999999577e-01 2.857241153717041016e+00
5.201808159999999903e-01 2.997591257095336914e+00
5.230144469999999934e-01 3.124267339706420898e+00
5.258481339999999671e-01 3.142637729644775391e+00
5.286818779999999940e-01 3.186128139495849609e+00
5.315156779999999914e-01 3.282459735870361328e+00
5.343495339999999594e-01 3.281433343887329102e+00
5.371834460000000089e-01 3.318778991699218750e+00
5.400174150000000006e-01 3.249805927276611328e+00
5.428514389999999912e-01 3.287271022796630859e+00
5.456855200000000350e-01 3.338988780975341797e+00
5.485196580000000210e-01 3.360073566436767578e+00
5.513538510000000059e-01 3.386673212051391602e+00
5.541881010000000440e-01 3.416594743728637695e+00
5.570224070000000527e-01 3.390551805496215820e+00
5.598567690000000319e-01 3.334065675735473633e+00
5.626911869999999816e-01 3.398025751113891602e+00
5.655256619999999845e-01 3.389942646026611328e+00
5.683601929999999580e-01 3.357391595840454102e+00
5.711947800000000131e-01 3.330260992050170898e+00
5.740294230000000386e-01 3.376206874847412109e+00
5.768641230000000064e-01 3.349129676818847656e+00
5.796988789999999447e-01 3.364567518234252930e+00
5.825336909999999646e-01 3.443831205368041992e+00
5.853685589999999550e-01 3.398436069488525391e+00
5.882034839999999987e-01 3.171393871307373047e+00
5.910384650000000129e-01 3.045975685119628906e+00
5.938735019999999976e-01 3.094071149826049805e+00
5.967085949999999528e-01 3.083013057708740234e+00
5.995437449999999613e-01 3.056079626083374023e+00
6.023789510000000513e-01 3.018191576004028320e+00
6.052142130000000009e-01 3.028171300888061523e+00
6.080495310000000320e-01 2.981447458267211914e+00
6.108849060000000053e-01 2.867844820022583008e+00
6.137203359999999774e-01 2.797347784042358398e+00
6.165558230000000028e-01 2.766043901443481445e+00
6.193913669999999705e-01 2.836303949356079102e+00
6.222269660000000480e-01 2.824769258499145508e+00
6.250626219999999567e-01 2.748548269271850586e+00
6.278983339999999469e-01 2.679034471511840820e+00
6.307341020000000187e-01 2.654200315475463867e+00
6.335699259999999500e-01 2.694250583648681641e+00
6.364058070000000455e-01 2.708481311798095703e+00
6.392417440000000006e-01 2.720530986785888672e+00
6.420777370000000372e-01 2.682327985763549805e+00
6.449137860000000444e-01 2.646965026855468750e+00
6.477498919999999938e-01 2.519785881042480469e+00
6.505860540000000247e-01 2.500060319900512695e+00
6.534222720000000262e-01 2.492847681045532227e+00
6.562585459999999982e-01 2.295464038848876953e+00
6.590948770000000234e-01 2.392207622528076172e+00
6.619312640000000192e-01 2.430514812469482422e+00
6.647677069999999855e-01 2.400903224945068359e+00
6.676042060000000333e-01 2.359668493270874023e+00
6.704407620000000234e-01 2.327827692031860352e+00
6.732773739999999840e-01 2.293192863464355469e+00
6.761140420000000262e-01 2.286677598953247070e+00
6.789507660000000389e-01 2.272388935089111328e+00
6.817875469999999938e-01 2.263341903686523438e+00
6.846243829999999475e-01 2.198432445526123047e+00
6.874612759999999545e-01 1.870461583137512207e+00
6.902982260000000148e-01 1.905136466026306152e+00
6.931352309999999628e-01 1.965409636497497559e+00
6.959722929999999641e-01 1.989969253540039062e+00
6.988094110000000470e-01 1.978394150733947754e+00
7.016465849999999893e-01 1.871535539627075195e+00
7.044838150000000132e-01 1.871251583099365234e+00
7.073211019999999793e-01 1.846944093704223633e+00
7.101584450000000270e-01 1.769747018814086914e+00
7.129958440000000452e-01 1.670399069786071777e+00
7.158332990000000340e-01 1.404940485954284668e+00
7.186708109999999650e-01 1.025860786437988281e+00
7.215083789999999775e-01 1.043317317962646484e+00
7.243460029999999605e-01 9.604447484016418457e-01
7.271836830000000251e-01 8.661266565322875977e-01
7.300214200000000320e-01 8.016498684883117676e-01
7.328592130000000093e-01 8.173756599426269531e-01
7.356970619999999572e-01 8.073507547378540039e-01
7.385349669999999866e-01 7.905469536781311035e-01
7.413729289999999583e-01 7.901297807693481445e-01
7.442109470000000115e-01 7.991535663604736328e-01
7.470490210000000353e-01 7.944189906120300293e-01
7.498871510000000296e-01 7.830303907394409180e-01
7.527253379999999661e-01 7.730446457862854004e-01
7.555635800000000124e-01 7.606478929519653320e-01
7.584018790000000010e-01 6.256971955299377441e-01
7.612402350000000428e-01 2.942641675472259521e-01
7.640786459999999725e-01 3.556782305240631104e-01
7.669171139999999554e-01 5.712315440177917480e-01
7.697556380000000198e-01 7.000980973243713379e-01
7.725942180000000548e-01 7.265817523002624512e-01
7.754328539999999492e-01 7.236994504928588867e-01
7.782715470000000080e-01 7.273062467575073242e-01
7.811102960000000373e-01 7.321476340293884277e-01
7.839491010000000371e-01 7.305457592010498047e-01
7.867879620000000074e-01 7.232295870780944824e-01
7.896268800000000310e-01 6.985403299331665039e-01
7.924658540000000251e-01 7.016583681106567383e-01
7.953048839999999897e-01 7.163606286048889160e-01
7.981439700000000359e-01 7.248988151550292969e-01
8.009831130000000243e-01 7.110880613327026367e-01
8.038223119999999833e-01 7.166120409965515137e-01
8.066615670000000238e-01 7.303687334060668945e-01
8.095008780000000348e-01 7.036116719245910645e-01
8.123402459999999881e-01 6.243725419044494629e-01
8.151796700000000229e-01 5.050146579742431641e-01
8.180191500000000282e-01 4.830802381038665771e-01
8.208586860000000041e-01 5.157884955406188965e-01
8.236982790000000332e-01 4.744066298007965088e-01
8.265379269999999501e-01 4.865530729293823242e-01
8.293776320000000313e-01 4.362695813179016113e-01
8.322173940000000547e-01 4.157500863075256348e-01
8.350572109999999659e-01 4.166677594184875488e-01
8.378970850000000414e-01 4.274971783161163330e-01
8.407370149999999764e-01 4.304248392581939697e-01
8.435770009999999930e-01 4.201803803443908691e-01
8.464170429999999801e-01 4.251884818077087402e-01
8.492571420000000204e-01 4.020283520221710205e-01
8.520972970000000313e-01 3.845100998878479004e-01
8.549375080000000127e-01 3.609220385551452637e-01
8.577777749999999646e-01 3.808193802833557129e-01
8.606180989999999698e-01 3.777176439762115479e-01
8.634584789999999455e-01 3.701991140842437744e-01
8.662989150000000027e-01 3.365705907344818115e-01
8.691394070000000305e-01 3.470467329025268555e-01
8.719799560000000005e-01 3.398703932762145996e-01
8.748205610000000521e-01 3.338221013545989990e-01
8.776612219999999631e-01 3.268209099769592285e-01
8.805019389999999557e-01 3.130056858062744141e-01
8.833427130000000016e-01 3.093956112861633301e-01
8.861835430000000180e-01 2.952224314212799072e-01
8.890244290000000049e-01 2.899510562419891357e-01
8.918653709999999624e-01 2.736565470695495605e-01
8.947063699999999731e-01 2.324169874191284180e-01
8.975474239999999826e-01 1.822984814643859863e-01
9.003885350000000454e-01 1.676167398691177368e-01
9.032297030000000504e-01 1.938764601945877075e-01
9.060709260000000542e-01 1.870936900377273560e-01
9.089122060000000003e-01 1.517927944660186768e-01
9.117535420000000279e-01 1.544917374849319458e-01
9.145949340000000261e-01 1.413078010082244873e-01
9.174363819999999947e-01 1.409360617399215698e-01
9.202778870000000166e-01 1.638645678758621216e-01
9.231194480000000091e-01 1.502219736576080322e-01
9.259610649999999721e-01 1.361073851585388184e-01
9.288027380000000166e-01 9.723234176635742188e-02
9.316444680000000034e-01 4.929717630147933960e-02
9.344862539999999607e-01 3.193375095725059509e-02
9.373280959999999995e-01 3.432499617338180542e-02
9.401699940000000089e-01 5.306300148367881775e-02
9.430119489999999605e-01 4.702661186456680298e-02
9.458539599999999936e-01 3.729533031582832336e-02
9.486960269999999973e-01 4.470639675855636597e-02
9.515381499999999715e-01 4.176824167370796204e-02
9.543803299999999989e-01 4.545150697231292725e-02
9.572225659999999969e-01 4.859837144613265991e-02
9.600648579999999654e-01 5.145074799656867981e-02
9.629072060000000155e-01 5.815377831459045410e-02
9.657496110000000078e-01 6.543380767107009888e-02
9.685920709999999989e-01 8.320873230695724487e-02
9.714345880000000433e-01 9.652864187955856323e-02
9.742771620000000299e-01 7.817743718624114990e-02
9.771197910000000153e-01 8.240884542465209961e-02
9.799624770000000540e-01 9.000048786401748657e-02
9.828052189999999522e-01 9.981638193130493164e-02
9.856480170000000429e-01 1.017850264906883240e-01
9.884908709999999932e-01 1.046389117836952209e-01
9.913337819999999967e-01 1.102935969829559326e-01
9.941767489999999707e-01 1.116201132535934448e-01
9.970197720000000263e-01 1.106853783130645752e-01
9.998628510000000524e-01 1.112284287810325623e-01
1.002705986999999910e+00 1.086383387446403503e-01
1.005549178999999960e+00 1.025481298565864563e-01
1.008392426999999980e+00 1.098057106137275696e-01
1.011235730999999971e+00 1.102513819932937622e-01
1.014079092000000015e+00 1.121648550033569336e-01
1.016922509000000030e+00 1.041526496410369873e-01
1.019765982000000015e+00 1.069161295890808105e-01
1.022609510999999971e+00 1.060088574886322021e-01
1.025453096999999980e+00 1.069455295801162720e-01
1.028296738999999960e+00 1.058530732989311218e-01
1.031140436999999910e+00 1.141386255621910095e-01
1.033984191000000052e+00 1.070603877305984497e-01
1.036828002000000026e+00 1.110123768448829651e-01
1.039671868000000110e+00 1.146204844117164612e-01
1.042515791000000025e+00 1.091678664088249207e-01
1.045359770999999993e+00 1.068139523267745972e-01
