3.615872339999999796e-01 1.381622910499572754e+00
3.644177160000000026e-01 1.458464860916137695e+00
3.672482539999999962e-01 1.572915554046630859e+00
3.700788480000000158e-01 1.582481861114501953e+00
3.729094980000000059e-01 1.396980404853820801e+00
3.757402049999999938e-01 1.517258763313293457e+00
3.785709680000000077e-01 1.650610804557800293e+00
3.814017869999999921e-01 1.419389963150024414e+00
3.842326620000000026e-01 1.317293047904968262e+00
3.870635940000000108e-01 1.434309005737304688e+00
3.898945819999999896e-01 1.621217846870422363e+00
3.927256259999999943e-01 1.423146247863769531e+00
3.955567260000000251e-01 1.438081741333007812e+00
3.983878829999999982e-01 1.851820230484008789e+00
4.012190950000000256e-01 2.304470539093017578e+00
4.040503639999999952e-01 2.272813320159912109e+00
4.068816900000000181e-01 2.205058813095092773e+00
4.097130709999999842e-01 2.276659965515136719e+00
4.125445090000000037e-01 2.358911514282226562e+00
4.153760029999999936e-01 2.376397609710693359e+00
4.182075530000000096e-01 2.339837551116943359e+00
4.210391589999999962e-01 2.351688385009765625e+00
4.238708219999999804e-01 2.307269811630249023e+00
4.267025409999999908e-01 2.261146783828735352e+00
4.295343160000000271e-01 2.032413721084594727e+00
4.323661469999999785e-01 2.156113386154174805e+00
4.351980349999999831e-01 2.378432035446166992e+00
4.380299790000000137e-01 2.400041341781616211e+00
4.408619790000000149e-01 2.488062858581542969e+00
4.436940349999999866e-01 2.623113155364990234e+00
4.465261480000000116e-01 2.647282123565673828e+00
4.493583170000000071e-01 2.790966749191284180e+00
4.521905419999999731e-01 2.822809219360351562e+00
4.550228230000000207e-01 2.797176361083984375e+00
4.578551610000000105e-01 2.863313913345336914e+00
4.606875550000000263e-01 2.892919778823852539e+00
4.635200050000000127e-01 2.896724700927734375e+00
4.663525110000000251e-01 2.833879709243774414e+00
4.691850739999999798e-01 2.844099998474121094e+00
4.720176919999999887e-01 2.883848428726196289e+00
4.748503669999999954e-01 2.925209999084472656e+00
4.776830989999999999e-01 2.957197427749633789e+00
4.805158860000000032e-01 3.023318529129028320e+00
4.833487300000000042e-01 2.998673677444458008e+00
4.861816299999999758e-01 2.764098644256591797e+00
4.890145859999999733e-01 2.883356571197509766e+00
4.918475979999999970e-01 2.951471090316772461e+00
4.946806670000000183e-01 3.008561611175537109e+00
4.975137920000000102e-01 3.036257743835449219e+00
5.003469729999999727e-01 2.967533111572265625e+00
5.031802100000000166e-01 2.941914319992065430e+00
5.060135040000000028e-01 3.023236751556396484e+00
5.088468539999999596e-01 3.050021171569824219e+00
5.116802599999999979e-01 3.076162576675415039e+00
5.145137220000000067e-01 3.018803596496582031e+00
5.173472409999999577e-01 2.851638555526733398e+00
5.201808159999999903e-01 2.983864307403564453e+00
5.230144469999999934e-01 3.122993707656860352e+00
5.258481339999999671e-01 3.123839378356933594e+00
5.286818779999999940e-01 3.165135622024536133e+00
5.315156779999999914e-01 3.276952505111694336e+00
5.343495339999999594e-01 3.266455650329589844e+00
5.371834460000000089e-01 3.306932210922241211e+00
5.400174150000000006e-01 3.247884988784790039e+00
5.428514389999999912e-01 3.269567251205444336e+00
5.456855200000000350e-01 3.331165552139282227e+00
5.485196580000000210e-01 3.350324630737304688e+00
5.513538510000000059e-01 3.371796607971191406e+00
5.541881010000000440e-01 3.401014804840087891e+00
5.570224070000000527e-01 3.369320869445800781e+00
5.598567690000000319e-01 3.314023733139038086e+00
5.626911869999999816e-01 3.377997636795043945e+00
5.655256619999999845e-01 3.361429452896118164e+00
5.683601929999999580e-01 3.337888002395629883e+00
5.711947800000000131e-01 3.287510633468627930e+00
5.740294230000000386e-01 3.350959300994873047e+00
5.768641230000000064e-01 3.321265935897827148e+00
5.796988789999999447e-01 3.334867477416992188e+00
5.825336909999999646e-01 3.402721643447875977e+00
5.853685589999999550e-01 3.368064403533935547e+00
5.882034839999999987e-01 3.142436504364013672e+00
5.910384650000000129e-01 2.999762296676635742e+00
5.938735019999999976e-01 3.044229030609130859e+00
5.967085949999999528e-01 3.032857656478881836e+00
5.995437449999999613e-01 2.990629673004150391e+00
6.023789510000000513e-01 2.949918270111083984e+00
6.052142130000000009e-01 2.952930927276611328e+00
6.080495310000000320e-01 2.894538640975952148e+00
6.108849060000000053e-01 2.808713436126708984e+00
6.137203359999999774e-01 2.729543924331665039e+00
6.165558230000000028e-01 2.705092191696166992e+00
6.193913669999999705e-01 2.776692628860473633e+00
6.222269660000000480e-01 2.760551214218139648e+00
6.250626219999999567e-01 2.690741300582885742e+00
6.278983339999999469e-01 2.620095252990722656e+00
6.307341020000000187e-01 2.602842092514038086e+00
6.335699259999999500e-01 2.630931377410888672e+00
6.364058070000000455e-01 2.658385276794433594e+00
6.392417440000000006e-01 2.663846254348754883e+00
6.420777370000000372e-01 2.623263597488403320e+00
6.449137860000000444e-01 2.594472646713256836e+00
6.477498919999999938e-01 2.475699424743652344e+00
6.505860540000000247e-01 2.465537309646606445e+00
6.534222720000000262e-01 2.452813863754272461e+00
6.562585459999999982e-01 2.252378702163696289e+00
6.590948770000000234e-01 2.350314378738403320e+00
6.619312640000000192e-01 2.403227090835571289e+00
6.647677069999999855e-01 2.378263950347900391e+00
6.676042060000000333e-01 2.364068984985351562e+00
6.704407620000000234e-01 2.330638408660888672e+00
6.732773739999999840e-01 2.303754329681396484e+00
6.761140420000000262e-01 2.297425031661987305e+00
6.789507660000000389e-01 2.276473760604858398e+00
6.817875469999999938e-01 2.251836299896240234e+00
6.846243829999999475e-01 2.169627904891967773e+00
6.874612759999999545e-01 1.813767671585083008e+00
6.902982260000000148e-01 1.850598692893981934e+00
6.931352309999999628e-01 1.878952383995056152e+00
6.959722929999999641e-01 1.893501996994018555e+00
6.988094110000000470e-01 1.879818201065063477e+00
7.016465849999999893e-01 1.759487628936767578e+00
7.044838150000000132e-01 1.764415144920349121e+00
7.073211019999999793e-01 1.723309159278869629e+00
7.101584450000000270e-01 1.656480789184570312e+00
7.129958440000000452e-01 1.548609375953674316e+00
7.158332990000000340e-01 1.309773802757263184e+00
7.186708109999999650e-01 9.486799240112304688e-01
7.215083789999999775e-01 9.694188833236694336e-01
7.243460029999999605e-01 8.844944238662719727e-01
7.271836830000000251e-01 8.008952140808105469e-01
7.300214200000000320e-01 7.433568835258483887e-01
7.328592130000000093e-01 7.568840980529785156e-01
7.356970619999999572e-01 7.520356178283691406e-01
7.385349669999999866e-01 7.297455072402954102e-01
7.413729289999999583e-01 7.255486249923706055e-01
7.442109470000000115e-01 7.396524548530578613e-01
7.470490210000000353e-01 7.398915290832519531e-01
7.498871510000000296e-01 7.311627864837646484e-01
7.527253379999999661e-01 7.229250073432922363e-01
7.555635800000000124e-01 7.118211388587951660e-01
7.584018790000000010e-01 5.798696875572204590e-01
7.612402350000000428e-01 2.735593020915985107e-01
7.640786459999999725e-01 3.342940509319305420e-01
7.669171139999999554e-01 5.371212959289550781e-01
7.697556380000000198e-01 6.495236158370971680e-01
7.725942180000000548e-01 6.657901406288146973e-01
7.754328539999999492e-01 6.756672263145446777e-01
7.782715470000000080e-01 6.752830743789672852e-01
7.811102960000000373e-01 6.817689538002014160e-01
7.839491010000000371e-01 6.785379052162170410e-01
7.867879620000000074e-01 6.665036082267761230e-01
7.896268800000000310e-01 6.503115296363830566e-01
7.924658540000000251e-01 6.443939805030822754e-01
7.953048839999999897e-01 6.539155244827270508e-01
7.981439700000000359e-01 6.672853231430053711e-01
8.009831130000000243e-01 6.562507152557373047e-01
8.038223119999999833e-01 6.570252776145935059e-01
8.066615670000000238e-01 6.720970273017883301e-01
8.095008780000000348e-01 6.429260373115539551e-01
8.123402459999999881e-01 5.757273435592651367e-01
8.151796700000000229e-01 4.708087146282196045e-01
8.180191500000000282e-01 4.441197514533996582e-01
8.208586860000000041e-01 4.794025421142578125e-01
8.236982790000000332e-01 4.396970570087432861e-01
8.265379269999999501e-01 4.540277123451232910e-01
8.293776320000000313e-01 4.030773341655731201e-01
8.322173940000000547e-01 3.877094984054565430e-01
8.350572109999999659e-01 3.963908553123474121e-01
8.378970850000000414e-01 4.025222659111022949e-01
8.407370149999999764e-01 3.970103859901428223e-01
8.435770009999999930e-01 3.959594964981079102e-01
8.464170429999999801e-01 3.932236731052398682e-01
8.492571420000000204e-01 3.775258958339691162e-01
8.520972970000000313e-01 3.640463650226593018e-01
8.549375080000000127e-01 3.340384066104888916e-01
8.577777749999999646e-01 3.621407747268676758e-01
8.606180989999999698e-01 3.550730049610137939e-01
8.634584789999999455e-01 3.482304215431213379e-01
8.662989150000000027e-01 3.208520412445068359e-01
8.691394070000000305e-01 3.264567255973815918e-01
8.719799560000000005e-01 3.233134150505065918e-01
8.748205610000000521e-01 3.133135735988616943e-01
8.776612219999999631e-01 3.075123131275177002e-01
8.805019389999999557e-01 2.983885407447814941e-01
8.833427130000000016e-01 2.932985723018646240e-01
8.861835430000000180e-01 2.841982245445251465e-01
8.890244290000000049e-01 2.797738015651702881e-01
8.918653709999999624e-01 2.626063823699951172e-01
8.947063699999999731e-01 2.210870683193206787e-01
8.975474239999999826e-01 1.750699281692504883e-01
9.003885350000000454e-01 1.549120843410491943e-01
9.032297030000000504e-01 1.811255365610122681e-01
9.060709260000000542e-01 1.816526502370834351e-01
9.089122060000000003e-01 1.499756723642349243e-01
9.117535420000000279e-01 1.482066512107849121e-01
9.145949340000000261e-01 1.366187036037445068e-01
9.174363819999999947e-01 1.360345482826232910e-01
9.202778870000000166e-01 1.577795445919036865e-01
9.231194480000000091e-01 1.512768268585205078e-01
9.259610649999999721e-01 1.345158815383911133e-01
9.288027380000000166e-01 9.511373192071914673e-02
9.316444680000000034e-01 4.983152821660041809e-02
9.344862539999999607e-01 2.770523354411125183e-02
9.373280959999999995e-01 3.580516204237937927e-02
9.401699940000000089e-01 5.373727157711982727e-02
9.430119489999999605e-01 4.264864698052406311e-02
9.458539599999999936e-01 4.186966642737388611e-02
9.486960269999999973e-01 3.772475570440292358e-02
9.515381499999999715e-01 4.353105276823043823e-02
9.543803299999999989e-01 4.081207513809204102e-02
9.572225659999999969e-01 4.827056452631950378e-02
9.600648579999999654e-01 5.117167904973030090e-02
9.629072060000000155e-01 5.780375376343727112e-02
9.657496110000000078e-01 6.390283256769180298e-02
9.685920709999999989e-01 8.567529916763305664e-02
9.714345880000000433e-01 9.195650368928909302e-02
9.742771620000000299e-01 8.026976883411407471e-02
9.771197910000000153e-01 8.309714496135711670e-02
9.799624770000000540e-01 9.190329909324645996e-02
9.828052189999999522e-01 9.397549182176589966e-02
9.856480170000000429e-01 1.034922003746032715e-01
9.884908709999999932e-01 1.077424511313438416e-01
9.913337819999999967e-01 1.105084419250488281e-01
9.941767489999999707e-01 1.109728440642356873e-01
9.970197720000000263e-01 1.166579648852348328e-01
9.998628510000000524e-01 1.062738224864006042e-01
1.002705986999999910e+00 1.045144572854042053e-01
1.005549178999999960e+00 1.065685525536537170e-01
1.008392426999999980e+00 1.008592396974563599e-01
1.011235730999999971e+00 1.136300936341285706e-01
1.014079092000000015e+00 1.055342480540275574e-01
1.016922509000000030e+00 1.039320081472396851e-01
1.019765982000000015e+00 1.050505265593528748e-01
1.022609510999999971e+00 1.109116747975349426e-01
1.025453096999999980e+00 1.036750152707099915e-01
1.028296738999999960e+00 1.133893504738807678e-01
1.031140436999999910e+00 1.147695109248161316e-01
1.033984191000000052e+00 1.110683232545852661e-01
1.036828002000000026e+00 1.215747743844985962e-01
1.039671868000000110e+00 1.059142276644706726e-01
1.042515791000000025e+00 1.084789186716079712e-01
1.045359770999999993e+00 1.062206402420997620e-01
