3.615872339999999796e-01 1.284885644912719727e+00
3.644177160000000026e-01 1.429180383682250977e+00
3.672482539999999962e-01 1.576964259147644043e+00
3.700788480000000158e-01 1.563213706016540527e+00
3.729094980000000059e-01 1.373666882514953613e+00
3.757402049999999938e-01 1.496257185935974121e+00
3.785709680000000077e-01 1.665098071098327637e+00
3.814017869999999921e-01 1.406981468200683594e+00
3.842326620000000026e-01 1.294756889343261719e+00
3.870635940000000108e-01 1.440677642822265625e+00
3.898945819999999896e-01 1.599650979042053223e+00
3.927256259999999943e-01 1.391654849052429199e+00
3.955567260000000251e-01 1.460833787918090820e+00
3.983878829999999982e-01 1.830716013908386230e+00
4.012190950000000256e-01 2.265645027160644531e+00
4.040503639999999952e-01 2.219429969787597656e+00
4.068816900000000181e-01 2.231653928756713867e+00
4.097130709999999842e-01 2.270798444747924805e+00
4.125445090000000037e-01 2.361685276031494141e+00
4.153760029999999936e-01 2.367560625076293945e+00
4.182075530000000096e-01 2.322568416595458984e+00
4.210391589999999962e-01 2.320297002792358398e+00
4.238708219999999804e-01 2.284664154052734375e+00
4.267025409999999908e-01 2.244748592376708984e+00
4.295343160000000271e-01 2.017707347869873047e+00
4.323661469999999785e-01 2.174062967300415039e+00
4.351980349999999831e-01 2.373575210571289062e+00
4.380299790000000137e-01 2.391381978988647461e+00
4.408619790000000149e-01 2.466912984848022461e+00
4.436940349999999866e-01 2.607387781143188477e+00
4.465261480000000116e-01 2.635012626647949219e+00
4.493583170000000071e-01 2.802169799804687500e+00
4.521905419999999731e-01 2.811198711395263672e+00
4.550228230000000207e-01 2.776408195495605469e+00
4.578551610000000105e-01 2.834479570388793945e+00
4.606875550000000263e-01 2.866495609283447266e+00
4.635200050000000127e-01 2.885241746902465820e+00
4.663525110000000251e-01 2.827337503433227539e+00
4.691850739999999798e-01 2.825235605239868164e+00
4.720176919999999887e-01 2.878158330917358398e+00
4.748503669999999954e-01 2.909034729003906250e+00
4.776830989999999999e-01 2.923838615417480469e+00
4.805158860000000032e-01 3.001385211944580078e+00
4.833487300000000042e-01 2.986244440078735352e+00
4.861816299999999758e-01 2.735230445861816406e+00
4.890145859999999733e-01 2.851117372512817383e+00
4.918475979999999970e-01 2.928310394287109375e+00
4.946806670000000183e-01 2.993303775787353516e+00
4.975137920000000102e-01 3.006710052490234375e+00
5.003469729999999727e-01 2.924719810485839844e+00
5.031802100000000166e-01 2.911594629287719727e+00
5.060135040000000028e-01 2.988841533660888672e+00
5.088468539999999596e-01 3.025073289871215820e+00
5.116802599999999979e-01 3.049299240112304688e+00
5.145137220000000067e-01 2.977945327758789062e+00
5.173472409999999577e-01 2.825753211975097656e+00
5.201808159999999903e-01 2.952697038650512695e+00
5.230144469999999934e-01 3.090725183486938477e+00
5.258481339999999671e-01 3.081234455108642578e+00
5.286818779999999940e-01 3.124771118164062500e+00
5.315156779999999914e-01 3.238551855087280273e+00
5.343495339999999594e-01 3.226190090179443359e+00
5.371834460000000089e-01 3.272013425827026367e+00
5.400174150000000006e-01 3.205820322036743164e+00
5.428514389999999912e-01 3.226128816604614258e+00
5.456855200000000350e-01 3.290037155151367188e+00
5.485196580000000210e-01 3.296940326690673828e+00
5.513538510000000059e-01 3.341130733489990234e+00
5.541881010000000440e-01 3.369566440582275391e+00
5.570224070000000527e-01 3.329456090927124023e+00
5.598567690000000319e-01 3.280762195587158203e+00
5.626911869999999816e-01 3.332875490188598633e+00
5.655256619999999845e-01 3.323173522949218750e+00
5.683601929999999580e-01 3.294017314910888672e+00
5.711947800000000131e-01 3.263693332672119141e+00
5.740294230000000386e-01 3.306738615036010742e+00
5.768641230000000064e-01 3.284082651138305664e+00
5.796988789999999447e-01 3.296041965484619141e+00
5.825336909999999646e-01 3.359011650085449219e+00
5.853685589999999550e-01 3.329495668411254883e+00
5.882034839999999987e-01 3.115350008010864258e+00
5.910384650000000129e-01 2.982753753662109375e+00
5.938735019999999976e-01 3.025770425796508789e+00
5.967085949999999528e-01 3.022738933563232422e+00
5.995437449999999613e-01 2.989345312118530273e+00
6.023789510000000513e-01 2.948968887329101562e+00
6.052142130000000009e-01 2.967902898788452148e+00
6.080495310000000320e-01 2.926363229751586914e+00
6.108849060000000053e-01 2.817730903625488281e+00
6.137203359999999774e-01 2.721479177474975586e+00
6.165558230000000028e-01 2.725146770477294922e+00
6.193913669999999705e-01 2.801954984664916992e+00
6.222269660000000480e-01 2.777063608169555664e+00
6.250626219999999567e-01 2.709950685501098633e+00
6.278983339999999469e-01 2.655823469161987305e+00
6.307341020000000187e-01 2.624716281890869141e+00
6.335699259999999500e-01 2.649887561798095703e+00
6.364058070000000455e-01 2.690203905105590820e+00
6.392417440000000006e-01 2.689743518829345703e+00
6.420777370000000372e-01 2.661315917968750000e+00
6.449137860000000444e-01 2.623469114303588867e+00
6.477498919999999938e-01 2.497841119766235352e+00
6.505860540000000247e-01 2.493043422698974609e+00
6.534222720000000262e-01 2.486946105957031250e+00
6.562585459999999982e-01 2.287922382354736328e+00
6.590948770000000234e-01 2.393577098846435547e+00
6.619312640000000192e-01 2.460622549057006836e+00
6.647677069999999855e-01 2.439481496810913086e+00
6.676042060000000333e-01 2.418990850448608398e+00
6.704407620000000234e-01 2.387057304382324219e+00
6.732773739999999840e-01 2.367830514907836914e+00
6.761140420000000262e-01 2.348580837249755859e+00
6.789507660000000389e-01 2.340742826461791992e+00
6.817875469999999938e-01 2.312287569046020508e+00
6.846243829999999475e-01 2.240111351013183594e+00
6.874612759999999545e-01 1.875699520111083984e+00
6.902982260000000148e-01 1.896498680114746094e+00
6.931352309999999628e-01 1.931378602981567383e+00
6.959722929999999641e-01 1.948011636734008789e+00
6.988094110000000470e-01 1.929870724678039551e+00
7.016465849999999893e-01 1.825721263885498047e+00
7.044838150000000132e-01 1.827757596969604492e+00
7.073211019999999793e-01 1.793440699577331543e+00
7.101584450000000270e-01 1.728613257408142090e+00
7.129958440000000452e-01 1.631701707839965820e+00
7.158332990000000340e-01 1.378919363021850586e+00
7.186708109999999650e-01 1.001801490783691406e+00
7.215083789999999775e-01 1.029867291450500488e+00
7.243460029999999605e-01 9.475003480911254883e-01
7.271836830000000251e-01 8.521417379379272461e-01
7.300214200000000320e-01 7.883473634719848633e-01
7.328592130000000093e-01 8.140418529510498047e-01
7.356970619999999572e-01 8.022153377532958984e-01
7.385349669999999866e-01 7.766339778900146484e-01
7.413729289999999583e-01 7.805346250534057617e-01
7.442109470000000115e-01 7.964541316032409668e-01
7.470490210000000353e-01 7.962268590927124023e-01
7.498871510000000296e-01 7.865263223648071289e-01
7.527253379999999661e-01 7.742790579795837402e-01
7.555635800000000124e-01 7.596817612648010254e-01
7.584018790000000010e-01 6.252010464668273926e-01
7.612402350000000428e-01 2.905456423759460449e-01
7.640786459999999725e-01 3.620613515377044678e-01
7.669171139999999554e-01 5.762481093406677246e-01
7.697556380000000198e-01 6.988425850868225098e-01
7.725942180000000548e-01 7.218840122222900391e-01
7.754328539999999492e-01 7.270377874374389648e-01
7.782715470000000080e-01 7.383684515953063965e-01
7.811102960000000373e-01 7.305361628532409668e-01
7.839491010000000371e-01 7.389143705368041992e-01
7.867879620000000074e-01 7.268769741058349609e-01
7.896268800000000310e-01 6.991512179374694824e-01
7.924658540000000251e-01 7.016894221305847168e-01
7.953048839999999897e-01 7.102957963943481445e-01
7.981439700000000359e-01 7.204723954200744629e-01
8.009831130000000243e-01 7.102313041687011719e-01
8.038223119999999833e-01 7.144836187362670898e-01
8.066615670000000238e-01 7.251464128494262695e-01
8.095008780000000348e-01 7.027850151062011719e-01
8.123402459999999881e-01 6.249481439590454102e-01
8.151796700000000229e-01 5.132644772529602051e-01
8.180191500000000282e-01 4.771786630153656006e-01
8.208586860000000041e-01 5.178018808364868164e-01
8.236982790000000332e-01 4.740817844867706299e-01
8.265379269999999501e-01 4.860390126705169678e-01
8.293776320000000313e-01 4.366340935230255127e-01
8.322173940000000547e-01 4.221521914005279541e-01
8.350572109999999659e-01 4.252556860446929932e-01
8.378970850000000414e-01 4.357311725616455078e-01
8.407370149999999764e-01 4.330199658870697021e-01
8.435770009999999930e-01 4.319041371345520020e-01
8.464170429999999801e-01 4.197040796279907227e-01
8.492571420000000204e-01 4.031214118003845215e-01
8.520972970000000313e-01 3.817582130432128906e-01
8.549375080000000127e-01 3.672369718551635742e-01
8.577777749999999646e-01 3.876486420631408691e-01
8.606180989999999698e-01 3.815980851650238037e-01
8.634584789999999455e-01 3.788666129112243652e-01
8.662989150000000027e-01 3.407280147075653076e-01
8.691394070000000305e-01 3.467640578746795654e-01
8.719799560000000005e-01 3.460126519203186035e-01
8.748205610000000521e-01 3.436395227909088135e-01
8.776612219999999631e-01 3.306433558464050293e-01
8.805019389999999557e-01 3.207118511199951172e-01
8.833427130000000016e-01 3.129714429378509521e-01
8.861835430000000180e-01 3.022616207599639893e-01
8.890244290000000049e-01 2.914538085460662842e-01
8.918653709999999624e-01 2.781293690204620361e-01
8.947063699999999731e-01 2.370669245719909668e-01
8.975474239999999826e-01 1.856219619512557983e-01
9.003885350000000454e-01 1.696299165487289429e-01
9.032297030000000504e-01 1.967365592718124390e-01
9.060709260000000542e-01 1.942975968122482300e-01
9.089122060000000003e-01 1.589579284191131592e-01
9.117535420000000279e-01 1.592465937137603760e-01
9.145949340000000261e-01 1.452294588088989258e-01
9.174363819999999947e-01 1.428042799234390259e-01
9.202778870000000166e-01 1.663633286952972412e-01
9.231194480000000091e-01 1.542544066905975342e-01
9.259610649999999721e-01 1.426775753498077393e-01
9.288027380000000166e-01 9.800648689270019531e-02
9.316444680000000034e-01 5.244819074869155884e-02
9.344862539999999607e-01 2.893812768161296844e-02
9.373280959999999995e-01 3.314999490976333618e-02
9.401699940000000089e-01 5.262400582432746887e-02
9.430119489999999605e-01 4.320232942700386047e-02
9.458539599999999936e-01 3.970993310213088989e-02
9.486960269999999973e-01 4.096600785851478577e-02
9.515381499999999715e-01 4.521872103214263916e-02
9.543803299999999989e-01 4.222256690263748169e-02
9.572225659999999969e-01 4.811774939298629761e-02
9.600648579999999654e-01 5.305777490139007568e-02
9.629072060000000155e-01 6.127890199422836304e-02
9.657496110000000078e-01 6.771495938301086426e-02
9.685920709999999989e-01 8.877652138471603394e-02
9.714345880000000433e-01 9.269457310438156128e-02
9.742771620000000299e-01 7.999439537525177002e-02
9.771197910000000153e-01 8.573739975690841675e-02
9.799624770000000540e-01 8.868953585624694824e-02
9.828052189999999522e-01 9.810975193977355957e-02
9.856480170000000429e-01 1.037770286202430725e-01
9.884908709999999932e-01 1.108951792120933533e-01
9.913337819999999967e-01 1.097516342997550964e-01
9.941767489999999707e-01 1.132449433207511902e-01
9.970197720000000263e-01 1.096432656049728394e-01
9.998628510000000524e-01 1.088576763868331909e-01
1.002705986999999910e+00 1.076710969209671021e-01
1.005549178999999960e+00 1.043799147009849548e-01
1.008392426999999980e+00 1.096650063991546631e-01
1.011235730999999971e+00 1.091904193162918091e-01
1.014079092000000015e+00 1.099852845072746277e-01
1.016922509000000030e+00 1.133823767304420471e-01
1.019765982000000015e+00 1.077019795775413513e-01
1.022609510999999971e+00 1.135335043072700500e-01
1.025453096999999980e+00 1.133085191249847412e-01
1.028296738999999960e+00 1.184815317392349243e-01
1.031140436999999910e+00 1.161313503980636597e-01
1.033984191000000052e+00 1.141069978475570679e-01
1.036828002000000026e+00 1.132294610142707825e-01
1.039671868000000110e+00 1.177547276020050049e-01
1.042515791000000025e+00 1.248149871826171875e-01
1.045359770999999993e+00 1.120535209774971008e-01
