3.615872339999999796e-01 1.324822783470153809e+00
3.644177160000000026e-01 1.444481492042541504e+00
3.672482539999999962e-01 1.561187028884887695e+00
3.700788480000000158e-01 1.592442512512207031e+00
3.729094980000000059e-01 1.396980285644531250e+00
3.757402049999999938e-01 1.515061378479003906e+00
3.785709680000000077e-01 1.661965847015380859e+00
3.814017869999999921e-01 1.401974201202392578e+00
3.842326620000000026e-01 1.306868433952331543e+00
3.870635940000000108e-01 1.441498517990112305e+00
3.898945819999999896e-01 1.628029704093933105e+00
3.927256259999999943e-01 1.421520709991455078e+00
3.955567260000000251e-01 1.450211048126220703e+00
3.983878829999999982e-01 1.859203934669494629e+00
4.012190950000000256e-01 2.297302484512329102e+00
4.040503639999999952e-01 2.265287399291992188e+00
4.068816900000000181e-01 2.220175504684448242e+00
4.097130709999999842e-01 2.288824319839477539e+00
4.125445090000000037e-01 2.342889785766601562e+00
4.153760029999999936e-01 2.369791507720947266e+00
4.182075530000000096e-01 2.335738897323608398e+00
4.210391589999999962e-01 2.335337638854980469e+00
4.238708219999999804e-01 2.305099725723266602e+00
4.267025409999999908e-01 2.254272460937500000e+00
4.295343160000000271e-01 2.037095308303833008e+00
4.323661469999999785e-01 2.167010307312011719e+00
4.351980349999999831e-01 2.371124267578125000e+00
4.380299790000000137e-01 2.397650003433227539e+00
4.408619790000000149e-01 2.471939325332641602e+00
4.436940349999999866e-01 2.601138114929199219e+00
4.465261480000000116e-01 2.640610456466674805e+00
4.493583170000000071e-01 2.791402101516723633e+00
4.521905419999999731e-01 2.817241430282592773e+00
4.550228230000000207e-01 2.796339988708496094e+00
4.578551610000000105e-01 2.854320049285888672e+00
4.606875550000000263e-01 2.871366500854492188e+00
4.635200050000000127e-01 2.890840291976928711e+00
4.663525110000000251e-01 2.837328910827636719e+00
4.691850739999999798e-01 2.823913335800170898e+00
4.720176919999999887e-01 2.872792243957519531e+00
4.748503669999999954e-01 2.920879602432250977e+00
4.776830989999999999e-01 2.935078859329223633e+00
4.805158860000000032e-01 3.014599561691284180e+00
4.833487300000000042e-01 3.000724792480468750e+00
4.861816299999999758e-01 2.740258455276489258e+00
4.890145859999999733e-01 2.870884418487548828e+00
4.918475979999999970e-01 2.937682151794433594e+00
4.946806670000000183e-01 2.999142169952392578e+00
4.975137920000000102e-01 3.017540454864501953e+00
5.003469729999999727e-01 2.953409433364868164e+00
5.031802100000000166e-01 2.933811426162719727e+00
5.060135040000000028e-01 3.016159296035766602e+00
5.088468539999999596e-01 3.037199974060058594e+00
5.116802599999999979e-01 3.065499305725097656e+00
5.145137220000000067e-01 3.010554552078247070e+00
5.173472409999999577e-01 2.846636056900024414e+00
5.201808159999999903e-01 2.977216958999633789e+00
5.230144469999999934e-01 3.107687711715698242e+00
5.258481339999999671e-01 3.108571767807006836e+00
5.286818779999999940e-01 3.149542570114135742e+00
5.315156779999999914e-01 3.252117156982421875e+00
5.343495339999999594e-01 3.248838901519775391e+00
5.371834460000000089e-01 3.289517641067504883e+00
5.400174150000000006e-01 3.230439662933349609e+00
5.428514389999999912e-01 3.257532596588134766e+00
5.456855200000000350e-01 3.313436031341552734e+00
5.485196580000000210e-01 3.319277763366699219e+00
5.513538510000000059e-01 3.355231761932373047e+00
5.541881010000000440e-01 3.386621236801147461e+00
5.570224070000000527e-01 3.348035812377929688e+00
5.598567690000000319e-01 3.301648855209350586e+00
5.626911869999999816e-01 3.360443830490112305e+00
5.655256619999999845e-01 3.330074071884155273e+00
5.683601929999999580e-01 3.308558940887451172e+00
5.711947800000000131e-01 3.277183055877685547e+00
5.740294230000000386e-01 3.323471546173095703e+00
5.768641230000000064e-01 3.289031744003295898e+00
5.796988789999999447e-01 3.304928779602050781e+00
5.825336909999999646e-01 3.379238843917846680e+00
5.853685589999999550e-01 3.332478284835815430e+00
5.882034839999999987e-01 3.116822481155395508e+00
5.910384650000000129e-01 2.978062391281127930e+00
5.938735019999999976e-01 3.024332284927368164e+00
5.967085949999999528e-01 3.009026765823364258e+00
5.995437449999999613e-01 2.957527875900268555e+00
6.023789510000000513e-01 2.918381690979003906e+00
6.052142130000000009e-01 2.930244922637939453e+00
6.080495310000000320e-01 2.889340400695800781e+00
6.108849060000000053e-01 2.777266979217529297e+00
6.137203359999999774e-01 2.704061508178710938e+00
6.165558230000000028e-01 2.681600809097290039e+00
6.193913669999999705e-01 2.748626232147216797e+00
6.222269660000000480e-01 2.737666130065917969e+00
6.250626219999999567e-01 2.671812057495117188e+00
6.278983339999999469e-01 2.594884872436523438e+00
6.307341020000000187e-01 2.580297946929931641e+00
6.335699259999999500e-01 2.604866743087768555e+00
6.364058070000000455e-01 2.635710716247558594e+00
6.392417440000000006e-01 2.638570070266723633e+00
6.420777370000000372e-01 2.603498697280883789e+00
6.449137860000000444e-01 2.569366216659545898e+00
6.477498919999999938e-01 2.452179670333862305e+00
6.505860540000000247e-01 2.439352989196777344e+00
6.534222720000000262e-01 2.430480957031250000e+00
6.562585459999999982e-01 2.233223915100097656e+00
6.590948770000000234e-01 2.328910350799560547e+00
6.619312640000000192e-01 2.371795177459716797e+00
6.647677069999999855e-01 2.357310771942138672e+00
6.676042060000000333e-01 2.334739446640014648e+00
6.704407620000000234e-01 2.309067010879516602e+00
6.732773739999999840e-01 2.277768850326538086e+00
6.761140420000000262e-01 2.273844957351684570e+00
6.789507660000000389e-01 2.251124858856201172e+00
6.817875469999999938e-01 2.223272085189819336e+00
6.846243829999999475e-01 2.144410371780395508e+00
6.874612759999999545e-01 1.798812150955200195e+00
6.902982260000000148e-01 1.824617862701416016e+00
6.931352309999999628e-01 1.859852910041809082e+00
6.959722929999999641e-01 1.870236396789550781e+00
6.988094110000000470e-01 1.850572705268859863e+00
7.016465849999999893e-01 1.740966677665710449e+00
7.044838150000000132e-01 1.737639188766479492e+00
7.073211019999999793e-01 1.698106408119201660e+00
7.101584450000000270e-01 1.635376930236816406e+00
7.129958440000000452e-01 1.526690125465393066e+00
7.158332990000000340e-01 1.287242650985717773e+00
7.186708109999999650e-01 9.380519390106201172e-01
7.215083789999999775e-01 9.586706757545471191e-01
7.243460029999999605e-01 8.728540539741516113e-01
7.271836830000000251e-01 7.920694351196289062e-01
7.300214200000000320e-01 7.364225983619689941e-01
7.328592130000000093e-01 7.464877963066101074e-01
7.356970619999999572e-01 7.437790632247924805e-01
7.385349669999999866e-01 7.226488590240478516e-01
7.413729289999999583e-01 7.171736359596252441e-01
7.442109470000000115e-01 7.307140231132507324e-01
7.470490210000000353e-01 7.284083962440490723e-01
7.498871510000000296e-01 7.186657786369323730e-01
7.527253379999999661e-01 7.153820395469665527e-01
7.555635800000000124e-01 7.012402415275573730e-01
7.584018790000000010e-01 5.731629729270935059e-01
7.612402350000000428e-01 2.701139748096466064e-01
7.640786459999999725e-01 3.299861252307891846e-01
7.669171139999999554e-01 5.255152583122253418e-01
7.697556380000000198e-01 6.399340033531188965e-01
7.725942180000000548e-01 6.585345268249511719e-01
7.754328539999999492e-01 6.656367778778076172e-01
7.782715470000000080e-01 6.633875966072082520e-01
7.811102960000000373e-01 6.717606782913208008e-01
7.839491010000000371e-01 6.678196191787719727e-01
7.867879620000000074e-01 6.572563052177429199e-01
7.896268800000000310e-01 6.401940584182739258e-01
7.924658540000000251e-01 6.426561474800109863e-01
7.953048839999999897e-01 6.481748223304748535e-01
7.981439700000000359e-01 6.555693745613098145e-01
8.009831130000000243e-01 6.498793959617614746e-01
8.038223119999999833e-01 6.523334383964538574e-01
8.066615670000000238e-01 6.670344471931457520e-01
8.095008780000000348e-01 6.348916292190551758e-01
8.123402459999999881e-01 5.686675310134887695e-01
8.151796700000000229e-01 4.642598927021026611e-01
8.180191500000000282e-01 4.379514157772064209e-01
8.208586860000000041e-01 4.709950387477874756e-01
8.236982790000000332e-01 4.275322258472442627e-01
8.265379269999999501e-01 4.475315511226654053e-01
8.293776320000000313e-01 3.972407579421997070e-01
8.322173940000000547e-01 3.843610882759094238e-01
8.350572109999999659e-01 3.885189890861511230e-01
8.378970850000000414e-01 4.004129767417907715e-01
8.407370149999999764e-01 3.970103859901428223e-01
8.435770009999999930e-01 3.922964334487915039e-01
8.464170429999999801e-01 3.946186900138854980e-01
8.492571420000000204e-01 3.732063770294189453e-01
8.520972970000000313e-01 3.611174523830413818e-01
8.549375080000000127e-01 3.345510065555572510e-01
8.577777749999999646e-01 3.589164614677429199e-01
8.606180989999999698e-01 3.571078181266784668e-01
8.634584789999999455e-01 3.463763594627380371e-01
8.662989150000000027e-01 3.193377852439880371e-01
8.691394070000000305e-01 3.281308710575103760e-01
8.719799560000000005e-01 3.241501450538635254e-01
8.748205610000000521e-01 3.174844086170196533e-01
8.776612219999999631e-01 3.058428764343261719e-01
8.805019389999999557e-01 2.992105484008789062e-01
8.833427130000000016e-01 2.885174155235290527e-01
8.861835430000000180e-01 2.848508059978485107e-01
8.890244290000000049e-01 2.773310542106628418e-01
8.918653709999999624e-01 2.624437808990478516e-01
8.947063699999999731e-01 2.194614410400390625e-01
8.975474239999999826e-01 1.757159382104873657e-01
9.003885350000000454e-01 1.520105153322219849e-01
9.032297030000000504e-01 1.830405145883560181e-01
9.060709260000000542e-01 1.842043995857238770e-01
9.089122060000000003e-01 1.480610966682434082e-01
9.117535420000000279e-01 1.485274434089660645e-01
9.145949340000000261e-01 1.369382739067077637e-01
9.174363819999999947e-01 1.397025436162948608e-01
9.202778870000000166e-01 1.617598533630371094e-01
9.231194480000000091e-01 1.504797935485839844e-01
9.259610649999999721e-01 1.369265466928482056e-01
9.288027380000000166e-01 9.479509294033050537e-02
9.316444680000000034e-01 4.854968562722206116e-02
9.344862539999999607e-01 3.045955486595630646e-02
9.373280959999999995e-01 3.217514604330062866e-02
9.401699940000000089e-01 5.390520021319389343e-02
9.430119489999999605e-01 4.604694247245788574e-02
9.458539599999999936e-01 4.015369340777397156e-02
9.486960269999999973e-01 3.755170851945877075e-02
9.515381499999999715e-01 4.702752083539962769e-02
9.543803299999999989e-01 4.536620900034904480e-02
9.572225659999999969e-01 4.969028756022453308e-02
9.600648579999999654e-01 5.421335250139236450e-02
9.629072060000000155e-01 5.653134360909461975e-02
9.657496110000000078e-01 6.817540526390075684e-02
9.685920709999999989e-01 8.793984353542327881e-02
9.714345880000000433e-01 9.137815982103347778e-02
9.742771620000000299e-01 8.262486755847930908e-02
9.771197910000000153e-01 8.729194849729537964e-02
9.799624770000000540e-01 9.372116625308990479e-02
9.828052189999999522e-01 9.810628741979598999e-02
9.856480170000000429e-01 1.039172187447547913e-01
9.884908709999999932e-01 1.079601123929023743e-01
9.913337819999999967e-01 1.162895634770393372e-01
9.941767489999999707e-01 1.178371459245681763e-01
9.970197720000000263e-01 1.171321868896484375e-01
9.998628510000000524e-01 1.084827408194541931e-01
1.002705986999999910e+00 1.096377149224281311e-01
1.005549178999999960e+00 1.060383617877960205e-01
1.008392426999999980e+00 1.047815456986427307e-01
1.011235730999999971e+00 1.077879294753074646e-01
1.014079092000000015e+00 1.163345426321029663e-01
1.016922509000000030e+00 1.171655878424644470e-01
1.019765982000000015e+00 1.112098470330238342e-01
1.022609510999999971e+00 1.062303334474563599e-01
1.025453096999999980e+00 1.071566343307495117e-01
1.028296738999999960e+00 1.125765219330787659e-01
1.031140436999999910e+00 1.178242117166519165e-01
1.033984191000000052e+00 1.143213734030723572e-01
1.036828002000000026e+00 1.071842908859252930e-01
1.039671868000000110e+00 1.064518615603446960e-01
1.042515791000000025e+00 1.194422170519828796e-01
1.045359770999999993e+00 1.149170696735382080e-01
