3.615872339999999796e-01 1.197028398513793945e+00
3.644177160000000026e-01 1.419008851051330566e+00
3.672482539999999962e-01 1.546731948852539062e+00
3.700788480000000158e-01 1.583159565925598145e+00
3.729094980000000059e-01 1.437604308128356934e+00
3.757402049999999938e-01 1.466994643211364746e+00
3.785709680000000077e-01 1.629140734672546387e+00
3.814017869999999921e-01 1.384088516235351562e+00
3.842326620000000026e-01 1.273554682731628418e+00
3.870635940000000108e-01 1.400044083595275879e+00
3.898945819999999896e-01 1.581826210021972656e+00
3.927256259999999943e-01 1.398679256439208984e+00
3.955567260000000251e-01 1.407615542411804199e+00
3.983878829999999982e-01 1.809013128280639648e+00
4.012190950000000256e-01 2.247774124145507812e+00
4.040503639999999952e-01 2.231342077255249023e+00
4.068816900000000181e-01 2.183936119079589844e+00
4.097130709999999842e-01 2.220965862274169922e+00
4.125445090000000037e-01 2.298904180526733398e+00
4.153760029999999936e-01 2.361791849136352539e+00
4.182075530000000096e-01 2.275408506393432617e+00
4.210391589999999962e-01 2.309259414672851562e+00
4.238708219999999804e-01 2.262154102325439453e+00
4.267025409999999908e-01 2.219090700149536133e+00
4.295343160000000271e-01 1.993669152259826660e+00
4.323661469999999785e-01 2.119684219360351562e+00
4.351980349999999831e-01 2.315289497375488281e+00
4.380299790000000137e-01 2.348805427551269531e+00
4.408619790000000149e-01 2.415734291076660156e+00
4.436940349999999866e-01 2.545816421508789062e+00
4.465261480000000116e-01 2.574153184890747070e+00
4.493583170000000071e-01 2.739601850509643555e+00
4.521905419999999731e-01 2.761039972305297852e+00
4.550228230000000207e-01 2.730340957641601562e+00
4.578551610000000105e-01 2.777392864227294922e+00
4.606875550000000263e-01 2.786093235015869141e+00
4.635200050000000127e-01 2.834027767181396484e+00
4.663525110000000251e-01 2.775627136230468750e+00
4.691850739999999798e-01 2.755514144897460938e+00
4.720176919999999887e-01 2.788910865783691406e+00
4.748503669999999954e-01 2.841948032379150391e+00
4.776830989999999999e-01 2.873900651931762695e+00
4.805158860000000032e-01 2.933145999908447266e+00
4.833487300000000042e-01 2.919513702392578125e+00
4.861816299999999758e-01 2.669541358947753906e+00
4.890145859999999733e-01 2.784637451171875000e+00
4.918475979999999970e-01 2.873481273651123047e+00
4.946806670000000183e-01 2.915232658386230469e+00
4.975137920000000102e-01 2.930923938751220703e+00
5.003469729999999727e-01 2.869452238082885742e+00
5.031802100000000166e-01 2.841458797454833984e+00
5.060135040000000028e-01 2.917502641677856445e+00
5.088468539999999596e-01 2.944010496139526367e+00
5.116802599999999979e-01 2.969870328903198242e+00
5.145137220000000067e-01 2.904888629913330078e+00
5.173472409999999577e-01 2.745181798934936523e+00
5.201808159999999903e-01 2.866531848907470703e+00
5.230144469999999934e-01 2.987048387527465820e+00
5.258481339999999671e-01 2.993952751159667969e+00
5.286818779999999940e-01 3.031670093536376953e+00
5.315156779999999914e-01 3.151266574859619141e+00
5.343495339999999594e-01 3.121948719024658203e+00
5.371834460000000089e-01 3.164264440536499023e+00
5.400174150000000006e-01 3.114300966262817383e+00
5.428514389999999912e-01 3.127320051193237305e+00
5.456855200000000350e-01 3.179126739501953125e+00
5.485196580000000210e-01 3.193191051483154297e+00
5.513538510000000059e-01 3.225559711456298828e+00
5.541881010000000440e-01 3.258611202239990234e+00
5.570224070000000527e-01 3.229386806488037109e+00
5.598567690000000319e-01 3.174470424652099609e+00
5.626911869999999816e-01 3.224379777908325195e+00
5.655256619999999845e-01 3.220851898193359375e+00
5.683601929999999580e-01 3.184105873107910156e+00
5.711947800000000131e-01 3.142079591751098633e+00
5.740294230000000386e-01 3.202739477157592773e+00
5.768641230000000064e-01 3.163150548934936523e+00
5.796988789999999447e-01 3.159266710281372070e+00
5.825336909999999646e-01 3.241526603698730469e+00
5.853685589999999550e-01 3.201933145523071289e+00
5.882034839999999987e-01 2.984380006790161133e+00
5.910384650000000129e-01 2.839102983474731445e+00
5.938735019999999976e-01 2.887339115142822266e+00
5.967085949999999528e-01 2.869582176208496094e+00
5.995437449999999613e-01 2.825037717819213867e+00
6.023789510000000513e-01 2.792761087417602539e+00
6.052142130000000009e-01 2.810831308364868164e+00
6.080495310000000320e-01 2.766558885574340820e+00
6.108849060000000053e-01 2.596547842025756836e+00
6.137203359999999774e-01 2.527012348175048828e+00
6.165558230000000028e-01 2.530468225479125977e+00
6.193913669999999705e-01 2.597939014434814453e+00
6.222269660000000480e-01 2.598441123962402344e+00
6.250626219999999567e-01 2.528544187545776367e+00
6.278983339999999469e-01 2.465568780899047852e+00
6.307341020000000187e-01 2.441889524459838867e+00
6.335699259999999500e-01 2.473209619522094727e+00
6.364058070000000455e-01 2.497323751449584961e+00
6.392417440000000006e-01 2.498824596405029297e+00
6.420777370000000372e-01 2.469324350357055664e+00
6.449137860000000444e-01 2.445699691772460938e+00
6.477498919999999938e-01 2.322073221206665039e+00
6.505860540000000247e-01 2.303708314895629883e+00
6.534222720000000262e-01 2.295184850692749023e+00
6.562585459999999982e-01 2.093966484069824219e+00
6.590948770000000234e-01 2.204177618026733398e+00
6.619312640000000192e-01 2.257706880569458008e+00
6.647677069999999855e-01 2.235945701599121094e+00
6.676042060000000333e-01 2.212409257888793945e+00
6.704407620000000234e-01 2.195827722549438477e+00
6.732773739999999840e-01 2.171258926391601562e+00
6.761140420000000262e-01 2.154784917831420898e+00
6.789507660000000389e-01 2.138608932495117188e+00
6.817875469999999938e-01 2.112177133560180664e+00
6.846243829999999475e-01 2.042027235031127930e+00
6.874612759999999545e-01 1.698562026023864746e+00
6.902982260000000148e-01 1.704328179359436035e+00
6.931352309999999628e-01 1.739260554313659668e+00
6.959722929999999641e-01 1.744861364364624023e+00
6.988094110000000470e-01 1.720987081527709961e+00
7.016465849999999893e-01 1.616740703582763672e+00
7.044838150000000132e-01 1.602218985557556152e+00
7.073211019999999793e-01 1.570082426071166992e+00
7.101584450000000270e-01 1.513339161872863770e+00
7.129958440000000452e-01 1.418173670768737793e+00
7.158332990000000340e-01 1.205010414123535156e+00
7.186708109999999650e-01 8.563867211341857910e-01
7.215083789999999775e-01 8.843833208084106445e-01
7.243460029999999605e-01 8.060830235481262207e-01
7.271836830000000251e-01 7.202708125114440918e-01
7.300214200000000320e-01 6.800655722618103027e-01
7.328592130000000093e-01 6.871630549430847168e-01
7.356970619999999572e-01 6.878563761711120605e-01
7.385349669999999866e-01 6.637207865715026855e-01
7.413729289999999583e-01 6.630080938339233398e-01
7.442109470000000115e-01 6.741855144500732422e-01
7.470490210000000353e-01 6.751285791397094727e-01
7.498871510000000296e-01 6.616999506950378418e-01
7.527253379999999661e-01 6.460728645324707031e-01
7.555635800000000124e-01 6.488857269287109375e-01
7.584018790000000010e-01 5.411899089813232422e-01
7.612402350000000428e-01 2.422166764736175537e-01
7.640786459999999725e-01 2.974626123905181885e-01
7.669171139999999554e-01 4.760294258594512939e-01
7.697556380000000198e-01 5.877773761749267578e-01
7.725942180000000548e-01 6.120498776435852051e-01
7.754328539999999492e-01 6.124832630157470703e-01
7.782715470000000080e-01 6.137967109680175781e-01
7.811102960000000373e-01 6.103566288948059082e-01
7.839491010000000371e-01 6.170353889465332031e-01
7.867879620000000074e-01 6.065186262130737305e-01
7.896268800000000310e-01 5.852460861206054688e-01
7.924658540000000251e-01 5.835877060890197754e-01
7.953048839999999897e-01 5.902216434478759766e-01
7.981439700000000359e-01 5.957871079444885254e-01
8.009831130000000243e-01 5.939234495162963867e-01
8.038223119999999833e-01 5.924980044364929199e-01
8.066615670000000238e-01 6.016899943351745605e-01
8.095008780000000348e-01 5.795930624008178711e-01
8.123402459999999881e-01 5.219329595565795898e-01
8.151796700000000229e-01 4.259788095951080322e-01
8.180191500000000282e-01 4.016430974006652832e-01
8.208586860000000041e-01 4.288643598556518555e-01
8.236982790000000332e-01 3.897595107555389404e-01
8.265379269999999501e-01 4.077815115451812744e-01
8.293776320000000313e-01 3.628354072570800781e-01
8.322173940000000547e-01 3.550970256328582764e-01
8.350572109999999659e-01 3.552329540252685547e-01
8.378970850000000414e-01 3.703999221324920654e-01
8.407370149999999764e-01 3.668588697910308838e-01
8.435770009999999930e-01 3.582251667976379395e-01
8.464170429999999801e-01 3.646427989006042480e-01
8.492571420000000204e-01 3.420199453830718994e-01
8.520972970000000313e-01 3.272025585174560547e-01
8.549375080000000127e-01 3.096483349800109863e-01
8.577777749999999646e-01 3.294277787208557129e-01
8.606180989999999698e-01 3.269346654415130615e-01
8.634584789999999455e-01 3.199607133865356445e-01
8.662989150000000027e-01 2.916506528854370117e-01
8.691394070000000305e-01 3.031340837478637695e-01
8.719799560000000005e-01 3.013436496257781982e-01
8.748205610000000521e-01 2.898651659488677979e-01
8.776612219999999631e-01 2.881896793842315674e-01
8.805019389999999557e-01 2.769331336021423340e-01
8.833427130000000016e-01 2.691972851753234863e-01
8.861835430000000180e-01 2.582213282585144043e-01
8.890244290000000049e-01 2.566390931606292725e-01
8.918653709999999624e-01 2.424592077732086182e-01
8.947063699999999731e-01 2.069535702466964722e-01
8.975474239999999826e-01 1.676450520753860474e-01
9.003885350000000454e-01 1.460898518562316895e-01
9.032297030000000504e-01 1.701704263687133789e-01
9.060709260000000542e-01 1.688145548105239868e-01
9.089122060000000003e-01 1.401150673627853394e-01
9.117535420000000279e-01 1.368618309497833252e-01
9.145949340000000261e-01 1.270586103200912476e-01
9.174363819999999947e-01 1.277309209108352661e-01
9.202778870000000166e-01 1.472302675247192383e-01
9.231194480000000091e-01 1.394458711147308350e-01
9.259610649999999721e-01 1.289317458868026733e-01
9.288027380000000166e-01 9.547843784093856812e-02
9.316444680000000034e-01 5.010196939110755920e-02
9.344862539999999607e-01 3.060368075966835022e-02
9.373280959999999995e-01 3.306534886360168457e-02
9.401699940000000089e-01 4.908914864063262939e-02
9.430119489999999605e-01 4.394339025020599365e-02
9.458539599999999936e-01 3.906518965959548950e-02
9.486960269999999973e-01 4.370661452412605286e-02
9.515381499999999715e-01 4.358652606606483459e-02
9.543803299999999989e-01 4.695865511894226074e-02
9.572225659999999969e-01 4.719491302967071533e-02
9.600648579999999654e-01 5.044164136052131653e-02
9.629072060000000155e-01 5.724594369530677795e-02
9.657496110000000078e-01 6.376011669635772705e-02
9.685920709999999989e-01 8.296520262956619263e-02
9.714345880000000433e-01 9.207545965909957886e-02
9.742771620000000299e-01 7.788266241550445557e-02
9.771197910000000153e-01 7.863267511129379272e-02
9.799624770000000540e-01 8.788628131151199341e-02
9.828052189999999522e-01 9.480748325586318970e-02
9.856480170000000429e-01 9.784839302301406860e-02
9.884908709999999932e-01 1.034237742424011230e-01
9.913337819999999967e-01 1.062914803624153137e-01
9.941767489999999707e-01 1.071707457304000854e-01
9.970197720000000263e-01 1.083561629056930542e-01
9.998628510000000524e-01 1.061041206121444702e-01
1.002705986999999910e+00 1.042652204632759094e-01
1.005549178999999960e+00 1.031547039747238159e-01
1.008392426999999980e+00 1.056021079421043396e-01
1.011235730999999971e+00 1.035071238875389099e-01
1.014079092000000015e+00 1.012461930513381958e-01
1.016922509000000030e+00 1.062126085162162781e-01
1.019765982000000015e+00 1.128705367445945740e-01
1.022609510999999971e+00 1.117023751139640808e-01
1.025453096999999980e+00 1.009981259703636169e-01
1.028296738999999960e+00 1.086538285017013550e-01
1.031140436999999910e+00 1.122430637478828430e-01
1.033984191000000052e+00 1.076749637722969055e-01
1.036828002000000026e+00 1.035268455743789673e-01
1.039671868000000110e+00 1.000364124774932861e-01
1.042515791000000025e+00 1.063896194100379944e-01
1.045359770999999993e+00 1.027632877230644226e-01
