3.615872339999999796e-01 1.285735368728637695e+00
3.644177160000000026e-01 1.523258328437805176e+00
3.672482539999999962e-01 1.574511051177978516e+00
3.700788480000000158e-01 1.553941965103149414e+00
3.729094980000000059e-01 1.426993727684020996e+00
3.757402049999999938e-01 1.537840366363525391e+00
3.785709680000000077e-01 1.644054532051086426e+00
3.814017869999999921e-01 1.409956216812133789e+00
3.842326620000000026e-01 1.309755086898803711e+00
3.870635940000000108e-01 1.410231590270996094e+00
3.898945819999999896e-01 1.602592349052429199e+00
3.927256259999999943e-01 1.391346931457519531e+00
3.955567260000000251e-01 1.431221961975097656e+00
3.983878829999999982e-01 1.829720497131347656e+00
4.012190950000000256e-01 2.260256290435791016e+00
4.040503639999999952e-01 2.235724210739135742e+00
4.068816900000000181e-01 2.213154554367065430e+00
4.097130709999999842e-01 2.262479305267333984e+00
4.125445090000000037e-01 2.322943210601806641e+00
4.153760029999999936e-01 2.343157768249511719e+00
4.182075530000000096e-01 2.290468931198120117e+00
4.210391589999999962e-01 2.308519840240478516e+00
4.238708219999999804e-01 2.266094684600830078e+00
4.267025409999999908e-01 2.220511436462402344e+00
4.295343160000000271e-01 2.010653734207153320e+00
4.323661469999999785e-01 2.118903875350952148e+00
4.351980349999999831e-01 2.315496683120727539e+00
4.380299790000000137e-01 2.354475021362304688e+00
4.408619790000000149e-01 2.440982818603515625e+00
4.436940349999999866e-01 2.576156377792358398e+00
4.465261480000000116e-01 2.596491098403930664e+00
4.493583170000000071e-01 2.749784708023071289e+00
4.521905419999999731e-01 2.757349729537963867e+00
4.550228230000000207e-01 2.716689109802246094e+00
4.578551610000000105e-01 2.794195890426635742e+00
4.606875550000000263e-01 2.806831836700439453e+00
4.635200050000000127e-01 2.831336021423339844e+00
4.663525110000000251e-01 2.768657922744750977e+00
4.691850739999999798e-01 2.773746728897094727e+00
4.720176919999999887e-01 2.818155765533447266e+00
4.748503669999999954e-01 2.852734088897705078e+00
4.776830989999999999e-01 2.880458116531372070e+00
4.805158860000000032e-01 2.936192274093627930e+00
4.833487300000000042e-01 2.918205261230468750e+00
4.861816299999999758e-01 2.687752008438110352e+00
4.890145859999999733e-01 2.815237522125244141e+00
4.918475979999999970e-01 2.876420497894287109e+00
4.946806670000000183e-01 2.934813499450683594e+00
4.975137920000000102e-01 2.940654993057250977e+00
5.003469729999999727e-01 2.867221117019653320e+00
5.031802100000000166e-01 2.846654653549194336e+00
5.060135040000000028e-01 2.938081264495849609e+00
5.088468539999999596e-01 2.950067758560180664e+00
5.116802599999999979e-01 2.980254173278808594e+00
5.145137220000000067e-01 2.918449401855468750e+00
5.173472409999999577e-01 2.759331464767456055e+00
5.201808159999999903e-01 2.889802932739257812e+00
5.230144469999999934e-01 3.005715370178222656e+00
5.258481339999999671e-01 3.006759881973266602e+00
5.286818779999999940e-01 3.047302007675170898e+00
5.315156779999999914e-01 3.151227474212646484e+00
5.343495339999999594e-01 3.139922857284545898e+00
5.371834460000000089e-01 3.171422719955444336e+00
5.400174150000000006e-01 3.125700235366821289e+00
5.428514389999999912e-01 3.134552240371704102e+00
5.456855200000000350e-01 3.200037479400634766e+00
5.485196580000000210e-01 3.218503952026367188e+00
5.513538510000000059e-01 3.239971876144409180e+00
5.541881010000000440e-01 3.261278152465820312e+00
5.570224070000000527e-01 3.220627307891845703e+00
5.598567690000000319e-01 3.184904813766479492e+00
5.626911869999999816e-01 3.233284473419189453e+00
5.655256619999999845e-01 3.224640369415283203e+00
5.683601929999999580e-01 3.202936410903930664e+00
5.711947800000000131e-01 3.155792713165283203e+00
5.740294230000000386e-01 3.206219196319580078e+00
5.768641230000000064e-01 3.172827005386352539e+00
5.796988789999999447e-01 3.180934906005859375e+00
5.825336909999999646e-01 3.250365972518920898e+00
5.853685589999999550e-01 3.202436447143554688e+00
5.882034839999999987e-01 2.986264705657958984e+00
5.910384650000000129e-01 2.852214574813842773e+00
5.938735019999999976e-01 2.901965618133544922e+00
5.967085949999999528e-01 2.890847682952880859e+00
5.995437449999999613e-01 2.839819431304931641e+00
6.023789510000000513e-01 2.801080226898193359e+00
6.052142130000000009e-01 2.797919988632202148e+00
6.080495310000000320e-01 2.765254974365234375e+00
6.108849060000000053e-01 2.684241056442260742e+00
6.137203359999999774e-01 2.579157352447509766e+00
6.165558230000000028e-01 2.560801029205322266e+00
6.193913669999999705e-01 2.626375436782836914e+00
6.222269660000000480e-01 2.615055799484252930e+00
6.250626219999999567e-01 2.542062282562255859e+00
6.278983339999999469e-01 2.479320287704467773e+00
6.307341020000000187e-01 2.461476087570190430e+00
6.335699259999999500e-01 2.488070249557495117e+00
6.364058070000000455e-01 2.511637687683105469e+00
6.392417440000000006e-01 2.511116027832031250e+00
6.420777370000000372e-01 2.485775947570800781e+00
6.449137860000000444e-01 2.447291374206542969e+00
6.477498919999999938e-01 2.333265542984008789e+00
6.505860540000000247e-01 2.319679260253906250e+00
6.534222720000000262e-01 2.307711362838745117e+00
6.562585459999999982e-01 2.113105535507202148e+00
6.590948770000000234e-01 2.205767631530761719e+00
6.619312640000000192e-01 2.266953706741333008e+00
6.647677069999999855e-01 2.252318382263183594e+00
6.676042060000000333e-01 2.234760999679565430e+00
6.704407620000000234e-01 2.204735994338989258e+00
6.732773739999999840e-01 2.188152313232421875e+00
6.761140420000000262e-01 2.172485589981079102e+00
6.789507660000000389e-01 2.143907785415649414e+00
6.817875469999999938e-01 2.122452020645141602e+00
6.846243829999999475e-01 2.037737131118774414e+00
6.874612759999999545e-01 1.709480047225952148e+00
6.902982260000000148e-01 1.723214507102966309e+00
6.931352309999999628e-01 1.751015305519104004e+00
6.959722929999999641e-01 1.757395029067993164e+00
6.988094110000000470e-01 1.730592489242553711e+00
7.016465849999999893e-01 1.632294535636901855e+00
7.044838150000000132e-01 1.623909473419189453e+00
7.073211019999999793e-01 1.580368041992187500e+00
7.101584450000000270e-01 1.520184040069580078e+00
7.129958440000000452e-01 1.424805998802185059e+00
7.158332990000000340e-01 1.196158766746520996e+00
7.186708109999999650e-01 8.656936287879943848e-01
7.215083789999999775e-01 8.899340033531188965e-01
7.243460029999999605e-01 8.134118914604187012e-01
7.271836830000000251e-01 7.333248257637023926e-01
7.300214200000000320e-01 6.842044591903686523e-01
7.328592130000000093e-01 6.971746087074279785e-01
7.356970619999999572e-01 6.896645426750183105e-01
7.385349669999999866e-01 6.800622344017028809e-01
7.413729289999999583e-01 6.779235005378723145e-01
7.442109470000000115e-01 6.832608580589294434e-01
7.470490210000000353e-01 6.835502386093139648e-01
7.498871510000000296e-01 6.689217090606689453e-01
7.527253379999999661e-01 6.668040752410888672e-01
7.555635800000000124e-01 6.625908017158508301e-01
7.584018790000000010e-01 5.389855504035949707e-01
7.612402350000000428e-01 2.563596367835998535e-01
7.640786459999999725e-01 3.090599775314331055e-01
7.669171139999999554e-01 4.900771081447601318e-01
7.697556380000000198e-01 6.032322645187377930e-01
7.725942180000000548e-01 6.250702738761901855e-01
7.754328539999999492e-01 6.282353401184082031e-01
7.782715470000000080e-01 6.279038190841674805e-01
7.811102960000000373e-01 6.275946497917175293e-01
7.839491010000000371e-01 6.299923658370971680e-01
7.867879620000000074e-01 6.123343706130981445e-01
7.896268800000000310e-01 5.973263382911682129e-01
7.924658540000000251e-01 6.025186181068420410e-01
7.953048839999999897e-01 6.043596267700195312e-01
7.981439700000000359e-01 6.121632456779479980e-01
8.009831130000000243e-01 6.028906106948852539e-01
8.038223119999999833e-01 6.075965762138366699e-01
8.066615670000000238e-01 6.154373884201049805e-01
8.095008780000000348e-01 5.925625562667846680e-01
8.123402459999999881e-01 5.257053375244140625e-01
8.151796700000000229e-01 4.314341247081756592e-01
8.180191500000000282e-01 4.057174324989318848e-01
8.208586860000000041e-01 4.360238611698150635e-01
8.236982790000000332e-01 4.008451104164123535e-01
8.265379269999999501e-01 4.155383706092834473e-01
8.293776320000000313e-01 3.729800581932067871e-01
8.322173940000000547e-01 3.575672507286071777e-01
8.350572109999999659e-01 3.642834424972534180e-01
8.378970850000000414e-01 3.765396773815155029e-01
8.407370149999999764e-01 3.738737106323242188e-01
8.435770009999999930e-01 3.724849224090576172e-01
8.464170429999999801e-01 3.687936663627624512e-01
8.492571420000000204e-01 3.506402671337127686e-01
8.520972970000000313e-01 3.373830318450927734e-01
8.549375080000000127e-01 3.137942552566528320e-01
8.577777749999999646e-01 3.376105129718780518e-01
8.606180989999999698e-01 3.335448503494262695e-01
8.634584789999999455e-01 3.334513008594512939e-01
8.662989150000000027e-01 3.038356602191925049e-01
8.691394070000000305e-01 3.103615939617156982e-01
8.719799560000000005e-01 3.072664141654968262e-01
8.748205610000000521e-01 2.942169308662414551e-01
8.776612219999999631e-01 2.871525287628173828e-01
8.805019389999999557e-01 2.809164524078369141e-01
8.833427130000000016e-01 2.790760695934295654e-01
8.861835430000000180e-01 2.673479616641998291e-01
8.890244290000000049e-01 2.634671628475189209e-01
8.918653709999999624e-01 2.479996830224990845e-01
8.947063699999999731e-01 2.097671478986740112e-01
8.975474239999999826e-01 1.713330000638961792e-01
9.003885350000000454e-01 1.527424454689025879e-01
9.032297030000000504e-01 1.758010834455490112e-01
9.060709260000000542e-01 1.743145287036895752e-01
9.089122060000000003e-01 1.430898904800415039e-01
9.117535420000000279e-01 1.415516585111618042e-01
9.145949340000000261e-01 1.328198015689849854e-01
9.174363819999999947e-01 1.313926875591278076e-01
9.202778870000000166e-01 1.523713022470474243e-01
9.231194480000000091e-01 1.436103582382202148e-01
9.259610649999999721e-01 1.381699889898300171e-01
9.288027380000000166e-01 9.451288729906082153e-02
9.316444680000000034e-01 5.282692983746528625e-02
9.344862539999999607e-01 2.846809104084968567e-02
9.373280959999999995e-01 3.426428884267807007e-02
9.401699940000000089e-01 4.914393648505210876e-02
9.430119489999999605e-01 4.613812267780303955e-02
9.458539599999999936e-01 3.809769079089164734e-02
9.486960269999999973e-01 4.415507987141609192e-02
9.515381499999999715e-01 4.455901309847831726e-02
9.543803299999999989e-01 4.370264336466789246e-02
9.572225659999999969e-01 5.154927074909210205e-02
9.600648579999999654e-01 5.240042880177497864e-02
9.629072060000000155e-01 5.890109017491340637e-02
9.657496110000000078e-01 6.488013267517089844e-02
9.685920709999999989e-01 8.389307558536529541e-02
9.714345880000000433e-01 9.692656248807907104e-02
9.742771620000000299e-01 7.885965704917907715e-02
9.771197910000000153e-01 8.414221554994583130e-02
9.799624770000000540e-01 9.397176653146743774e-02
9.828052189999999522e-01 9.698076546192169189e-02
9.856480170000000429e-01 1.054106652736663818e-01
9.884908709999999932e-01 1.096378788352012634e-01
9.913337819999999967e-01 1.137232780456542969e-01
9.941767489999999707e-01 1.097571998834609985e-01
9.970197720000000263e-01 1.064267754554748535e-01
9.998628510000000524e-01 1.119674965739250183e-01
1.002705986999999910e+00 1.038287431001663208e-01
1.005549178999999960e+00 1.061328724026679993e-01
1.008392426999999980e+00 1.101683229207992554e-01
1.011235730999999971e+00 1.077834516763687134e-01
1.014079092000000015e+00 1.181048601865768433e-01
1.016922509000000030e+00 1.097967326641082764e-01
1.019765982000000015e+00 1.134680211544036865e-01
1.022609510999999971e+00 1.069689169526100159e-01
1.025453096999999980e+00 1.127596050500869751e-01
1.028296738999999960e+00 1.129579618573188782e-01
1.031140436999999910e+00 1.134558320045471191e-01
1.033984191000000052e+00 1.011673063039779663e-01
1.036828002000000026e+00 1.181481555104255676e-01
1.039671868000000110e+00 1.102913022041320801e-01
1.042515791000000025e+00 1.030378639698028564e-01
1.045359770999999993e+00 1.121789142489433289e-01
