3.615872339999999796e-01 1.333223104476928711e+00
3.644177160000000026e-01 1.517518877983093262e+00
3.672482539999999962e-01 1.602395772933959961e+00
3.700788480000000158e-01 1.547811865806579590e+00
3.729094980000000059e-01 1.431030273437500000e+00
3.757402049999999938e-01 1.497051358222961426e+00
3.785709680000000077e-01 1.643131852149963379e+00
3.814017869999999921e-01 1.430453777313232422e+00
3.842326620000000026e-01 1.310115575790405273e+00
3.870635940000000108e-01 1.454923152923583984e+00
3.898945819999999896e-01 1.627982020378112793e+00
3.927256259999999943e-01 1.436480522155761719e+00
3.955567260000000251e-01 1.461517095565795898e+00
3.983878829999999982e-01 1.813879728317260742e+00
4.012190950000000256e-01 2.287755489349365234e+00
4.040503639999999952e-01 2.237806320190429688e+00
4.068816900000000181e-01 2.208235740661621094e+00
4.097130709999999842e-01 2.262565612792968750e+00
4.125445090000000037e-01 2.368627309799194336e+00
4.153760029999999936e-01 2.358033418655395508e+00
4.182075530000000096e-01 2.326405525207519531e+00
4.210391589999999962e-01 2.338901042938232422e+00
4.238708219999999804e-01 2.284156084060668945e+00
4.267025409999999908e-01 2.259234905242919922e+00
4.295343160000000271e-01 2.040027141571044922e+00
4.323661469999999785e-01 2.171397686004638672e+00
4.351980349999999831e-01 2.356647729873657227e+00
4.380299790000000137e-01 2.394018173217773438e+00
4.408619790000000149e-01 2.477320909500122070e+00
4.436940349999999866e-01 2.631989955902099609e+00
4.465261480000000116e-01 2.636820077896118164e+00
4.493583170000000071e-01 2.793974876403808594e+00
4.521905419999999731e-01 2.830293655395507812e+00
4.550228230000000207e-01 2.782591104507446289e+00
4.578551610000000105e-01 2.847658872604370117e+00
4.606875550000000263e-01 2.867564201354980469e+00
4.635200050000000127e-01 2.898561239242553711e+00
4.663525110000000251e-01 2.826754331588745117e+00
4.691850739999999798e-01 2.830150842666625977e+00
4.720176919999999887e-01 2.860449314117431641e+00
4.748503669999999954e-01 2.925493717193603516e+00
4.776830989999999999e-01 2.941311120986938477e+00
4.805158860000000032e-01 3.008011817932128906e+00
4.833487300000000042e-01 2.984491586685180664e+00
4.861816299999999758e-01 2.749265193939208984e+00
4.890145859999999733e-01 2.872721433639526367e+00
4.918475979999999970e-01 2.946210622787475586e+00
4.946806670000000183e-01 3.013037204742431641e+00
4.975137920000000102e-01 3.013993740081787109e+00
5.003469729999999727e-01 2.940251827239990234e+00
5.031802100000000166e-01 2.929129123687744141e+00
5.060135040000000028e-01 3.015608072280883789e+00
5.088468539999999596e-01 3.039044618606567383e+00
5.116802599999999979e-01 3.064925193786621094e+00
5.145137220000000067e-01 2.994152784347534180e+00
5.173472409999999577e-01 2.839563131332397461e+00
5.201808159999999903e-01 2.959152221679687500e+00
5.230144469999999934e-01 3.096510171890258789e+00
5.258481339999999671e-01 3.095605373382568359e+00
5.286818779999999940e-01 3.137209415435791016e+00
5.315156779999999914e-01 3.251174211502075195e+00
5.343495339999999594e-01 3.246947526931762695e+00
5.371834460000000089e-01 3.280521392822265625e+00
5.400174150000000006e-01 3.216255426406860352e+00
5.428514389999999912e-01 3.244706869125366211e+00
5.456855200000000350e-01 3.301828145980834961e+00
5.485196580000000210e-01 3.305845737457275391e+00
5.513538510000000059e-01 3.340772151947021484e+00
5.541881010000000440e-01 3.372824192047119141e+00
5.570224070000000527e-01 3.324085235595703125e+00
5.598567690000000319e-01 3.285008192062377930e+00
5.626911869999999816e-01 3.342814445495605469e+00
5.655256619999999845e-01 3.329549312591552734e+00
5.683601929999999580e-01 3.300566673278808594e+00
5.711947800000000131e-01 3.264462232589721680e+00
5.740294230000000386e-01 3.321618556976318359e+00
5.768641230000000064e-01 3.283285617828369141e+00
5.796988789999999447e-01 3.297527551651000977e+00
5.825336909999999646e-01 3.374679327011108398e+00
5.853685589999999550e-01 3.318224430084228516e+00
5.882034839999999987e-01 3.100823402404785156e+00
5.910384650000000129e-01 2.953161239624023438e+00
5.938735019999999976e-01 3.016216039657592773e+00
5.967085949999999528e-01 2.998547554016113281e+00
5.995437449999999613e-01 2.954273462295532227e+00
6.023789510000000513e-01 2.914613723754882812e+00
6.052142130000000009e-01 2.916233539581298828e+00
6.080495310000000320e-01 2.860159158706665039e+00
6.108849060000000053e-01 2.768697500228881836e+00
6.137203359999999774e-01 2.703220129013061523e+00
6.165558230000000028e-01 2.684196233749389648e+00
6.193913669999999705e-01 2.741856336593627930e+00
6.222269660000000480e-01 2.728910446166992188e+00
6.250626219999999567e-01 2.653558492660522461e+00
6.278983339999999469e-01 2.589967966079711914e+00
6.307341020000000187e-01 2.568512678146362305e+00
6.335699259999999500e-01 2.605178833007812500e+00
6.364058070000000455e-01 2.628233671188354492e+00
6.392417440000000006e-01 2.627896785736083984e+00
6.420777370000000372e-01 2.602972984313964844e+00
6.449137860000000444e-01 2.567481517791748047e+00
6.477498919999999938e-01 2.433738231658935547e+00
6.505860540000000247e-01 2.424786329269409180e+00
6.534222720000000262e-01 2.418298006057739258e+00
6.562585459999999982e-01 2.224703311920166016e+00
6.590948770000000234e-01 2.321659803390502930e+00
6.619312640000000192e-01 2.371160507202148438e+00
6.647677069999999855e-01 2.346478223800659180e+00
6.676042060000000333e-01 2.334037542343139648e+00
6.704407620000000234e-01 2.306232213973999023e+00
6.732773739999999840e-01 2.273820877075195312e+00
6.761140420000000262e-01 2.257283926010131836e+00
6.789507660000000389e-01 2.248139619827270508e+00
6.817875469999999938e-01 2.220895528793334961e+00
6.846243829999999475e-01 2.134853363037109375e+00
6.874612759999999545e-01 1.803617954254150391e+00
6.902982260000000148e-01 1.823268532752990723e+00
6.931352309999999628e-01 1.853654861450195312e+00
6.959722929999999641e-01 1.854218482971191406e+00
6.988094110000000470e-01 1.843795895576477051e+00
7.016465849999999893e-01 1.738119840621948242e+00
7.044838150000000132e-01 1.732561945915222168e+00
7.073211019999999793e-01 1.685812473297119141e+00
7.101584450000000270e-01 1.621323108673095703e+00
7.129958440000000452e-01 1.518152713775634766e+00
7.158332990000000340e-01 1.286887049674987793e+00
7.186708109999999650e-01 9.328742027282714844e-01
7.215083789999999775e-01 9.448007941246032715e-01
7.243460029999999605e-01 8.701246380805969238e-01
7.271836830000000251e-01 7.864550352096557617e-01
7.300214200000000320e-01 7.282086014747619629e-01
7.328592130000000093e-01 7.519621849060058594e-01
7.356970619999999572e-01 7.428745627403259277e-01
7.385349669999999866e-01 7.226014733314514160e-01
7.413729289999999583e-01 7.268009781837463379e-01
7.442109470000000115e-01 7.331205010414123535e-01
7.470490210000000353e-01 7.351242899894714355e-01
7.498871510000000296e-01 7.206050753593444824e-01
7.527253379999999661e-01 7.124342322349548340e-01
7.555635800000000124e-01 7.088937163352966309e-01
7.584018790000000010e-01 5.800212025642395020e-01
7.612402350000000428e-01 2.724455893039703369e-01
7.640786459999999725e-01 3.316440284252166748e-01
7.669171139999999554e-01 5.241757035255432129e-01
7.697556380000000198e-01 6.491621136665344238e-01
7.725942180000000548e-01 6.611982583999633789e-01
7.754328539999999492e-01 6.681120395660400391e-01
7.782715470000000080e-01 6.674146652221679688e-01
7.811102960000000373e-01 6.706084012985229492e-01
7.839491010000000371e-01 6.707868576049804688e-01
7.867879620000000074e-01 6.606045365333557129e-01
7.896268800000000310e-01 6.396080255508422852e-01
7.924658540000000251e-01 6.419678330421447754e-01
7.953048839999999897e-01 6.513195633888244629e-01
7.981439700000000359e-01 6.543209552764892578e-01
8.009831130000000243e-01 6.439399123191833496e-01
8.038223119999999833e-01 6.503033638000488281e-01
8.066615670000000238e-01 6.690880060195922852e-01
8.095008780000000348e-01 6.380247473716735840e-01
8.123402459999999881e-01 5.699863433837890625e-01
8.151796700000000229e-01 4.661122262477874756e-01
8.180191500000000282e-01 4.439542293548583984e-01
8.208586860000000041e-01 4.698581397533416748e-01
8.236982790000000332e-01 4.324398934841156006e-01
8.265379269999999501e-01 4.422463774681091309e-01
8.293776320000000313e-01 3.997544646263122559e-01
8.322173940000000547e-01 3.841446638107299805e-01
8.350572109999999659e-01 3.917932212352752686e-01
8.378970850000000414e-01 4.025407433509826660e-01
8.407370149999999764e-01 4.001868665218353271e-01
8.435770009999999930e-01 3.938745558261871338e-01
8.464170429999999801e-01 3.960976004600524902e-01
8.492571420000000204e-01 3.770560324192047119e-01
8.520972970000000313e-01 3.653614223003387451e-01
8.549375080000000127e-01 3.457346260547637939e-01
8.577777749999999646e-01 3.639744818210601807e-01
8.606180989999999698e-01 3.554114401340484619e-01
8.634584789999999455e-01 3.477808535099029541e-01
8.662989150000000027e-01 3.255089521408081055e-01
8.691394070000000305e-01 3.321006000041961670e-01
8.719799560000000005e-01 3.290122151374816895e-01
8.748205610000000521e-01 3.139862120151519775e-01
8.776612219999999631e-01 3.074625432491302490e-01
8.805019389999999557e-01 2.984614968299865723e-01
8.833427130000000016e-01 2.951288223266601562e-01
8.861835430000000180e-01 2.838560640811920166e-01
8.890244290000000049e-01 2.789633274078369141e-01
8.918653709999999624e-01 2.648375928401947021e-01
8.947063699999999731e-01 2.190853953361511230e-01
8.975474239999999826e-01 1.786484718322753906e-01
9.003885350000000454e-01 1.639821678400039673e-01
9.032297030000000504e-01 1.863818317651748657e-01
9.060709260000000542e-01 1.869387030601501465e-01
9.089122060000000003e-01 1.522270292043685913e-01
9.117535420000000279e-01 1.486852318048477173e-01
9.145949340000000261e-01 1.391358077526092529e-01
9.174363819999999947e-01 1.440148800611495972e-01
9.202778870000000166e-01 1.620265841484069824e-01
9.231194480000000091e-01 1.498746275901794434e-01
9.259610649999999721e-01 1.346542537212371826e-01
9.288027380000000166e-01 9.634965658187866211e-02
9.316444680000000034e-01 5.265267938375473022e-02
9.344862539999999607e-01 3.193390741944313049e-02
9.373280959999999995e-01 3.436680138111114502e-02
9.401699940000000089e-01 5.497300624847412109e-02
9.430119489999999605e-01 4.348116740584373474e-02
9.458539599999999936e-01 4.323936626315116882e-02
9.486960269999999973e-01 4.303037375211715698e-02
9.515381499999999715e-01 4.311113432049751282e-02
9.543803299999999989e-01 4.460909590125083923e-02
9.572225659999999969e-01 5.099010467529296875e-02
9.600648579999999654e-01 4.906309023499488831e-02
9.629072060000000155e-01 6.153310090303421021e-02
9.657496110000000078e-01 6.429438292980194092e-02
9.685920709999999989e-01 9.035988897085189819e-02
9.714345880000000433e-01 9.444083273410797119e-02
9.742771620000000299e-01 8.625818043947219849e-02
9.771197910000000153e-01 8.860461413860321045e-02
9.799624770000000540e-01 9.365573525428771973e-02
9.828052189999999522e-01 9.984403103590011597e-02
9.856480170000000429e-01 1.079775318503379822e-01
9.884908709999999932e-01 1.115888729691505432e-01
9.913337819999999967e-01 1.140260174870491028e-01
9.941767489999999707e-01 1.108956784009933472e-01
9.970197720000000263e-01 1.222130879759788513e-01
9.998628510000000524e-01 1.174819394946098328e-01
1.002705986999999910e+00 1.107168942689895630e-01
1.005549178999999960e+00 1.140486896038055420e-01
1.008392426999999980e+00 1.091598942875862122e-01
1.011235730999999971e+00 1.173592507839202881e-01
1.014079092000000015e+00 1.172953695058822632e-01
1.016922509000000030e+00 1.165584921836853027e-01
1.019765982000000015e+00 1.137533113360404968e-01
1.022609510999999971e+00 1.155967712402343750e-01
1.025453096999999980e+00 1.176585853099822998e-01
1.028296738999999960e+00 1.243704557418823242e-01
1.031140436999999910e+00 1.118279024958610535e-01
1.033984191000000052e+00 1.107652559876441956e-01
1.036828002000000026e+00 1.176328733563423157e-01
1.039671868000000110e+00 1.157935634255409241e-01
1.042515791000000025e+00 1.224085986614227295e-01
1.045359770999999993e+00 1.204510480165481567e-01
