3.615872339999999796e-01 1.252645850181579590e+00
3.644177160000000026e-01 1.430640935897827148e+00
3.672482539999999962e-01 1.507388472557067871e+00
3.700788480000000158e-01 1.521528601646423340e+00
3.729094980000000059e-01 1.363610744476318359e+00
3.757402049999999938e-01 1.458577394485473633e+00
3.785709680000000077e-01 1.627359151840209961e+00
3.814017869999999921e-01 1.395148396492004395e+00
3.842326620000000026e-01 1.265639901161193848e+00
3.870635940000000108e-01 1.402291655540466309e+00
3.898945819999999896e-01 1.581367731094360352e+00
3.927256259999999943e-01 1.376520872116088867e+00
3.955567260000000251e-01 1.412975072860717773e+00
3.983878829999999982e-01 1.776373267173767090e+00
4.012190950000000256e-01 2.238727092742919922e+00
4.040503639999999952e-01 2.220918416976928711e+00
4.068816900000000181e-01 2.179216623306274414e+00
4.097130709999999842e-01 2.213289499282836914e+00
4.125445090000000037e-01 2.291834115982055664e+00
4.153760029999999936e-01 2.343956232070922852e+00
4.182075530000000096e-01 2.272582769393920898e+00
4.210391589999999962e-01 2.293621778488159180e+00
4.238708219999999804e-01 2.240470409393310547e+00
4.267025409999999908e-01 2.197422027587890625e+00
4.295343160000000271e-01 1.994974970817565918e+00
4.323661469999999785e-01 2.108126163482666016e+00
4.351980349999999831e-01 2.304162263870239258e+00
4.380299790000000137e-01 2.338306188583374023e+00
4.408619790000000149e-01 2.401709556579589844e+00
4.436940349999999866e-01 2.556741952896118164e+00
4.465261480000000116e-01 2.548497438430786133e+00
4.493583170000000071e-01 2.721213817596435547e+00
4.521905419999999731e-01 2.742758512496948242e+00
4.550228230000000207e-01 2.709657192230224609e+00
4.578551610000000105e-01 2.764060497283935547e+00
4.606875550000000263e-01 2.793530702590942383e+00
4.635200050000000127e-01 2.814936399459838867e+00
4.663525110000000251e-01 2.764748096466064453e+00
4.691850739999999798e-01 2.744984865188598633e+00
4.720176919999999887e-01 2.778679370880126953e+00
4.748503669999999954e-01 2.823483943939208984e+00
4.776830989999999999e-01 2.863807916641235352e+00
4.805158860000000032e-01 2.921399831771850586e+00
4.833487300000000042e-01 2.898470163345336914e+00
4.861816299999999758e-01 2.663033246994018555e+00
4.890145859999999733e-01 2.779091596603393555e+00
4.918475979999999970e-01 2.855209112167358398e+00
4.946806670000000183e-01 2.906754493713378906e+00
4.975137920000000102e-01 2.923313379287719727e+00
5.003469729999999727e-01 2.851250171661376953e+00
5.031802100000000166e-01 2.836234807968139648e+00
5.060135040000000028e-01 2.908765316009521484e+00
5.088468539999999596e-01 2.923501968383789062e+00
5.116802599999999979e-01 2.959798336029052734e+00
5.145137220000000067e-01 2.891462326049804688e+00
5.173472409999999577e-01 2.734586954116821289e+00
5.201808159999999903e-01 2.854152441024780273e+00
5.230144469999999934e-01 2.980937004089355469e+00
5.258481339999999671e-01 2.986736059188842773e+00
5.286818779999999940e-01 3.021265029907226562e+00
5.315156779999999914e-01 3.124777078628540039e+00
5.343495339999999594e-01 3.115026473999023438e+00
5.371834460000000089e-01 3.152751445770263672e+00
5.400174150000000006e-01 3.098225355148315430e+00
5.428514389999999912e-01 3.125924348831176758e+00
5.456855200000000350e-01 3.174497365951538086e+00
5.485196580000000210e-01 3.188862323760986328e+00
5.513538510000000059e-01 3.205048799514770508e+00
5.541881010000000440e-01 3.246490955352783203e+00
5.570224070000000527e-01 3.205251216888427734e+00
5.598567690000000319e-01 3.164683818817138672e+00
5.626911869999999816e-01 3.215558052062988281e+00
5.655256619999999845e-01 3.206740856170654297e+00
5.683601929999999580e-01 3.171285629272460938e+00
5.711947800000000131e-01 3.144204854965209961e+00
5.740294230000000386e-01 3.189511537551879883e+00
5.768641230000000064e-01 3.147629261016845703e+00
5.796988789999999447e-01 3.166364431381225586e+00
5.825336909999999646e-01 3.232919454574584961e+00
5.853685589999999550e-01 3.188315153121948242e+00
5.882034839999999987e-01 2.969598770141601562e+00
5.910384650000000129e-01 2.831634759902954102e+00
5.938735019999999976e-01 2.873830318450927734e+00
5.967085949999999528e-01 2.853209018707275391e+00
5.995437449999999613e-01 2.810063123703002930e+00
6.023789510000000513e-01 2.783066034317016602e+00
6.052142130000000009e-01 2.805698633193969727e+00
6.080495310000000320e-01 2.766367673873901367e+00
6.108849060000000053e-01 2.575435161590576172e+00
6.137203359999999774e-01 2.515890121459960938e+00
6.165558230000000028e-01 2.519296169281005859e+00
6.193913669999999705e-01 2.601696729660034180e+00
6.222269660000000480e-01 2.590126037597656250e+00
6.250626219999999567e-01 2.522662639617919922e+00
6.278983339999999469e-01 2.449288845062255859e+00
6.307341020000000187e-01 2.434812307357788086e+00
6.335699259999999500e-01 2.452530860900878906e+00
6.364058070000000455e-01 2.483961820602416992e+00
6.392417440000000006e-01 2.488402128219604492e+00
6.420777370000000372e-01 2.453140020370483398e+00
6.449137860000000444e-01 2.425930023193359375e+00
6.477498919999999938e-01 2.304954051971435547e+00
6.505860540000000247e-01 2.301072359085083008e+00
6.534222720000000262e-01 2.287085056304931641e+00
6.562585459999999982e-01 2.093911647796630859e+00
6.590948770000000234e-01 2.187690496444702148e+00
6.619312640000000192e-01 2.254344224929809570e+00
6.647677069999999855e-01 2.223500967025756836e+00
6.676042060000000333e-01 2.211625099182128906e+00
6.704407620000000234e-01 2.183206081390380859e+00
6.732773739999999840e-01 2.160801887512207031e+00
6.761140420000000262e-01 2.147277593612670898e+00
6.789507660000000389e-01 2.131396055221557617e+00
6.817875469999999938e-01 2.107276201248168945e+00
6.846243829999999475e-01 2.031871795654296875e+00
6.874612759999999545e-01 1.687169790267944336e+00
6.902982260000000148e-01 1.704829931259155273e+00
6.931352309999999628e-01 1.723117828369140625e+00
6.959722929999999641e-01 1.737304329872131348e+00
6.988094110000000470e-01 1.706942319869995117e+00
7.016465849999999893e-01 1.613834619522094727e+00
7.044838150000000132e-01 1.601349830627441406e+00
7.073211019999999793e-01 1.566035270690917969e+00
7.101584450000000270e-01 1.500833868980407715e+00
7.129958440000000452e-01 1.407026767730712891e+00
7.158332990000000340e-01 1.197530746459960938e+00
7.186708109999999650e-01 8.555011153221130371e-01
7.215083789999999775e-01 8.717545866966247559e-01
7.243460029999999605e-01 7.975739240646362305e-01
7.271836830000000251e-01 7.189580798149108887e-01
7.300214200000000320e-01 6.734732389450073242e-01
7.328592130000000093e-01 6.856188178062438965e-01
7.356970619999999572e-01 6.729341745376586914e-01
7.385349669999999866e-01 6.595988273620605469e-01
7.413729289999999583e-01 6.548424959182739258e-01
7.442109470000000115e-01 6.683980822563171387e-01
7.470490210000000353e-01 6.640110015869140625e-01
7.498871510000000296e-01 6.550415158271789551e-01
7.527253379999999661e-01 6.469016671180725098e-01
7.555635800000000124e-01 6.483628153800964355e-01
7.584018790000000010e-01 5.390459895133972168e-01
7.612402350000000428e-01 2.465591430664062500e-01
7.640786459999999725e-01 2.929586172103881836e-01
7.669171139999999554e-01 4.721801877021789551e-01
7.697556380000000198e-01 5.787381529808044434e-01
7.725942180000000548e-01 6.094496846199035645e-01
7.754328539999999492e-01 6.066351532936096191e-01
7.782715470000000080e-01 6.057949066162109375e-01
7.811102960000000373e-01 6.038804650306701660e-01
7.839491010000000371e-01 6.134183406829833984e-01
7.867879620000000074e-01 5.933334827423095703e-01
7.896268800000000310e-01 5.863158106803894043e-01
7.924658540000000251e-01 5.806252956390380859e-01
7.953048839999999897e-01 5.854789614677429199e-01
7.981439700000000359e-01 5.946418046951293945e-01
8.009831130000000243e-01 5.839633941650390625e-01
8.038223119999999833e-01 5.842211842536926270e-01
8.066615670000000238e-01 6.019737124443054199e-01
8.095008780000000348e-01 5.736728310585021973e-01
8.123402459999999881e-01 5.211195349693298340e-01
8.151796700000000229e-01 4.191091656684875488e-01
8.180191500000000282e-01 3.992618322372436523e-01
8.208586860000000041e-01 4.226715266704559326e-01
8.236982790000000332e-01 3.892459869384765625e-01
8.265379269999999501e-01 4.053478837013244629e-01
8.293776320000000313e-01 3.643201291561126709e-01
8.322173940000000547e-01 3.494710326194763184e-01
8.350572109999999659e-01 3.530057072639465332e-01
8.378970850000000414e-01 3.599584996700286865e-01
8.407370149999999764e-01 3.607764542102813721e-01
8.435770009999999930e-01 3.533287942409515381e-01
8.464170429999999801e-01 3.554011881351470947e-01
8.492571420000000204e-01 3.402404487133026123e-01
8.520972970000000313e-01 3.276058733463287354e-01
8.549375080000000127e-01 3.085265159606933594e-01
8.577777749999999646e-01 3.259980678558349609e-01
8.606180989999999698e-01 3.245880007743835449e-01
8.634584789999999455e-01 3.188172280788421631e-01
8.662989150000000027e-01 2.878672480583190918e-01
8.691394070000000305e-01 2.974068224430084229e-01
8.719799560000000005e-01 2.979668974876403809e-01
8.748205610000000521e-01 2.847374081611633301e-01
8.776612219999999631e-01 2.789962589740753174e-01
8.805019389999999557e-01 2.688217461109161377e-01
8.833427130000000016e-01 2.683759629726409912e-01
8.861835430000000180e-01 2.575566470623016357e-01
8.890244290000000049e-01 2.503401935100555420e-01
8.918653709999999624e-01 2.401996105909347534e-01
8.947063699999999731e-01 2.029854357242584229e-01
8.975474239999999826e-01 1.606181710958480835e-01
9.003885350000000454e-01 1.423559784889221191e-01
9.032297030000000504e-01 1.658725887537002563e-01
9.060709260000000542e-01 1.682202368974685669e-01
9.089122060000000003e-01 1.406494677066802979e-01
9.117535420000000279e-01 1.378721147775650024e-01
9.145949340000000261e-01 1.271758526563644409e-01
9.174363819999999947e-01 1.270902901887893677e-01
9.202778870000000166e-01 1.471519172191619873e-01
9.231194480000000091e-01 1.364510208368301392e-01
9.259610649999999721e-01 1.276174485683441162e-01
9.288027380000000166e-01 9.117952734231948853e-02
9.316444680000000034e-01 4.848693683743476868e-02
9.344862539999999607e-01 2.779021486639976501e-02
9.373280959999999995e-01 3.160169348120689392e-02
9.401699940000000089e-01 5.085837095975875854e-02
9.430119489999999605e-01 3.935006260871887207e-02
9.458539599999999936e-01 3.662890940904617310e-02
9.486960269999999973e-01 4.029837623238563538e-02
9.515381499999999715e-01 3.975267335772514343e-02
9.543803299999999989e-01 4.438151046633720398e-02
9.572225659999999969e-01 4.545524716377258301e-02
9.600648579999999654e-01 4.740391299128532410e-02
9.629072060000000155e-01 5.695170536637306213e-02
9.657496110000000078e-01 6.292373687028884888e-02
9.685920709999999989e-01 7.581787556409835815e-02
9.714345880000000433e-01 8.870711922645568848e-02
9.742771620000000299e-01 7.656595855951309204e-02
9.771197910000000153e-01 8.282640576362609863e-02
9.799624770000000540e-01 8.267235755920410156e-02
9.828052189999999522e-01 9.452659636735916138e-02
9.856480170000000429e-01 9.697875380516052246e-02
9.884908709999999932e-01 1.003375798463821411e-01
9.913337819999999967e-01 1.051527410745620728e-01
9.941767489999999707e-01 1.015217080712318420e-01
9.970197720000000263e-01 1.033667102456092834e-01
9.998628510000000524e-01 1.024230569601058960e-01
1.002705986999999910e+00 1.049230769276618958e-01
1.005549178999999960e+00 9.600701928138732910e-02
1.008392426999999980e+00 1.000161394476890564e-01
1.011235730999999971e+00 9.679200500249862671e-02
1.014079092000000015e+00 1.038708314299583435e-01
1.016922509000000030e+00 1.033736094832420349e-01
1.019765982000000015e+00 1.027044802904129028e-01
1.022609510999999971e+00 1.007198840379714966e-01
1.025453096999999980e+00 9.868191182613372803e-02
1.028296738999999960e+00 1.079025715589523315e-01
1.031140436999999910e+00 9.641763567924499512e-02
1.033984191000000052e+00 1.088904440402984619e-01
1.036828002000000026e+00 1.014279276132583618e-01
1.039671868000000110e+00 9.931562840938568115e-02
1.042515791000000025e+00 9.348799288272857666e-02
1.045359770999999993e+00 1.030626296997070312e-01
