3.615872339999999796e-01 1.315034985542297363e+00
3.644177160000000026e-01 1.476976990699768066e+00
3.672482539999999962e-01 1.552838802337646484e+00
3.700788480000000158e-01 1.565711498260498047e+00
3.729094980000000059e-01 1.412972807884216309e+00
3.757402049999999938e-01 1.514612197875976562e+00
3.785709680000000077e-01 1.648069500923156738e+00
3.814017869999999921e-01 1.434064745903015137e+00
3.842326620000000026e-01 1.299610376358032227e+00
3.870635940000000108e-01 1.421186327934265137e+00
3.898945819999999896e-01 1.608398795127868652e+00
3.927256259999999943e-01 1.421676397323608398e+00
3.955567260000000251e-01 1.430896639823913574e+00
3.983878829999999982e-01 1.830824017524719238e+00
4.012190950000000256e-01 2.281697273254394531e+00
4.040503639999999952e-01 2.267428159713745117e+00
4.068816900000000181e-01 2.217133760452270508e+00
4.097130709999999842e-01 2.278464078903198242e+00
4.125445090000000037e-01 2.361270189285278320e+00
4.153760029999999936e-01 2.368432283401489258e+00
4.182075530000000096e-01 2.328181266784667969e+00
4.210391589999999962e-01 2.331436157226562500e+00
4.238708219999999804e-01 2.298882007598876953e+00
4.267025409999999908e-01 2.253093957901000977e+00
4.295343160000000271e-01 2.034584999084472656e+00
4.323661469999999785e-01 2.163221359252929688e+00
4.351980349999999831e-01 2.390753507614135742e+00
4.380299790000000137e-01 2.401072263717651367e+00
4.408619790000000149e-01 2.492163181304931641e+00
4.436940349999999866e-01 2.625403881072998047e+00
4.465261480000000116e-01 2.654759645462036133e+00
4.493583170000000071e-01 2.786140680313110352e+00
4.521905419999999731e-01 2.830827713012695312e+00
4.550228230000000207e-01 2.798125028610229492e+00
4.578551610000000105e-01 2.861038208007812500e+00
4.606875550000000263e-01 2.883485078811645508e+00
4.635200050000000127e-01 2.918710231781005859e+00
4.663525110000000251e-01 2.848209142684936523e+00
4.691850739999999798e-01 2.857498645782470703e+00
4.720176919999999887e-01 2.893385648727416992e+00
4.748503669999999954e-01 2.936576366424560547e+00
4.776830989999999999e-01 2.974726200103759766e+00
4.805158860000000032e-01 3.028520345687866211e+00
4.833487300000000042e-01 2.993913412094116211e+00
4.861816299999999758e-01 2.770738840103149414e+00
4.890145859999999733e-01 2.881588459014892578e+00
4.918475979999999970e-01 2.962554454803466797e+00
4.946806670000000183e-01 3.027117013931274414e+00
4.975137920000000102e-01 3.039382696151733398e+00
5.003469729999999727e-01 2.973905086517333984e+00
5.031802100000000166e-01 2.948799371719360352e+00
5.060135040000000028e-01 3.038020849227905273e+00
5.088468539999999596e-01 3.060507535934448242e+00
5.116802599999999979e-01 3.101581335067749023e+00
5.145137220000000067e-01 3.036239624023437500e+00
5.173472409999999577e-01 2.872833728790283203e+00
5.201808159999999903e-01 2.997938394546508789e+00
5.230144469999999934e-01 3.137295961380004883e+00
5.258481339999999671e-01 3.136118650436401367e+00
5.286818779999999940e-01 3.177387714385986328e+00
5.315156779999999914e-01 3.289420843124389648e+00
5.343495339999999594e-01 3.278525114059448242e+00
5.371834460000000089e-01 3.331091880798339844e+00
5.400174150000000006e-01 3.264896869659423828e+00
5.428514389999999912e-01 3.282071352005004883e+00
5.456855200000000350e-01 3.350873470306396484e+00
5.485196580000000210e-01 3.359365224838256836e+00
5.513538510000000059e-01 3.390656948089599609e+00
5.541881010000000440e-01 3.422964811325073242e+00
5.570224070000000527e-01 3.388679027557373047e+00
5.598567690000000319e-01 3.339032649993896484e+00
5.626911869999999816e-01 3.395076751708984375e+00
5.655256619999999845e-01 3.390598535537719727e+00
5.683601929999999580e-01 3.349586486816406250e+00
5.711947800000000131e-01 3.322883129119873047e+00
5.740294230000000386e-01 3.370860099792480469e+00
5.768641230000000064e-01 3.346947908401489258e+00
5.796988789999999447e-01 3.355100870132446289e+00
5.825336909999999646e-01 3.431950330734252930e+00
5.853685589999999550e-01 3.389091491699218750e+00
5.882034839999999987e-01 3.165403366088867188e+00
5.910384650000000129e-01 3.040442228317260742e+00
5.938735019999999976e-01 3.095719575881958008e+00
5.967085949999999528e-01 3.081163644790649414e+00
5.995437449999999613e-01 3.055830717086791992e+00
6.023789510000000513e-01 3.016455650329589844e+00
6.052142130000000009e-01 3.043848752975463867e+00
6.080495310000000320e-01 2.981662273406982422e+00
6.108849060000000053e-01 2.890269279479980469e+00
6.137203359999999774e-01 2.818357944488525391e+00
6.165558230000000028e-01 2.795721292495727539e+00
6.193913669999999705e-01 2.868597745895385742e+00
6.222269660000000480e-01 2.849340200424194336e+00
6.250626219999999567e-01 2.780811786651611328e+00
6.278983339999999469e-01 2.712342739105224609e+00
6.307341020000000187e-01 2.693605899810791016e+00
6.335699259999999500e-01 2.731563329696655273e+00
6.364058070000000455e-01 2.755056142807006836e+00
6.392417440000000006e-01 2.760435819625854492e+00
6.420777370000000372e-01 2.727052211761474609e+00
6.449137860000000444e-01 2.696644306182861328e+00
6.477498919999999938e-01 2.575342655181884766e+00
6.505860540000000247e-01 2.560331106185913086e+00
6.534222720000000262e-01 2.553864479064941406e+00
6.562585459999999982e-01 2.350074291229248047e+00
6.590948770000000234e-01 2.462515592575073242e+00
6.619312640000000192e-01 2.523663997650146484e+00
6.647677069999999855e-01 2.505986452102661133e+00
6.676042060000000333e-01 2.487679958343505859e+00
6.704407620000000234e-01 2.455294847488403320e+00
6.732773739999999840e-01 2.433619260787963867e+00
6.761140420000000262e-01 2.413550853729248047e+00
6.789507660000000389e-01 2.401769638061523438e+00
6.817875469999999938e-01 2.390038013458251953e+00
6.846243829999999475e-01 2.296657085418701172e+00
6.874612759999999545e-01 1.928456664085388184e+00
6.902982260000000148e-01 1.956886172294616699e+00
6.931352309999999628e-01 2.001094818115234375e+00
6.959722929999999641e-01 2.017496109008789062e+00
6.988094110000000470e-01 1.999166607856750488e+00
7.016465849999999893e-01 1.884657740592956543e+00
7.044838150000000132e-01 1.890472292900085449e+00
7.073211019999999793e-01 1.854838848114013672e+00
7.101584450000000270e-01 1.789236903190612793e+00
7.129958440000000452e-01 1.697636127471923828e+00
7.158332990000000340e-01 1.438326954841613770e+00
7.186708109999999650e-01 1.051861643791198730e+00
7.215083789999999775e-01 1.081637144088745117e+00
7.243460029999999605e-01 9.911609888076782227e-01
7.271836830000000251e-01 9.015809893608093262e-01
7.300214200000000320e-01 8.501332998275756836e-01
7.328592130000000093e-01 8.687896728515625000e-01
7.356970619999999572e-01 8.577614426612854004e-01
7.385349669999999866e-01 8.379316926002502441e-01
7.413729289999999583e-01 8.445173501968383789e-01
7.442109470000000115e-01 8.558207750320434570e-01
7.470490210000000353e-01 8.551011681556701660e-01
7.498871510000000296e-01 8.436167240142822266e-01
7.527253379999999661e-01 8.353446722030639648e-01
7.555635800000000124e-01 8.317469358444213867e-01
7.584018790000000010e-01 6.819287538528442383e-01
7.612402350000000428e-01 3.239885866641998291e-01
7.640786459999999725e-01 3.926667869091033936e-01
7.669171139999999554e-01 6.238601803779602051e-01
7.697556380000000198e-01 7.666276097297668457e-01
7.725942180000000548e-01 7.899795174598693848e-01
7.754328539999999492e-01 7.934700846672058105e-01
7.782715470000000080e-01 7.974780201911926270e-01
7.811102960000000373e-01 7.985138893127441406e-01
7.839491010000000371e-01 8.015230298042297363e-01
7.867879620000000074e-01 7.895081043243408203e-01
7.896268800000000310e-01 7.621443867683410645e-01
7.924658540000000251e-01 7.668337821960449219e-01
7.953048839999999897e-01 7.764610648155212402e-01
7.981439700000000359e-01 7.874481081962585449e-01
8.009831130000000243e-01 7.768676280975341797e-01
8.038223119999999833e-01 7.798877954483032227e-01
8.066615670000000238e-01 7.914027571678161621e-01
8.095008780000000348e-01 7.661443948745727539e-01
8.123402459999999881e-01 6.826727390289306641e-01
8.151796700000000229e-01 5.592243671417236328e-01
8.180191500000000282e-01 5.325617194175720215e-01
8.208586860000000041e-01 5.620942115783691406e-01
8.236982790000000332e-01 5.228534340858459473e-01
8.265379269999999501e-01 5.430498719215393066e-01
8.293776320000000313e-01 4.763875603675842285e-01
8.322173940000000547e-01 4.673166871070861816e-01
8.350572109999999659e-01 4.674879014492034912e-01
8.378970850000000414e-01 4.845026135444641113e-01
8.407370149999999764e-01 4.874179065227508545e-01
8.435770009999999930e-01 4.805395305156707764e-01
8.464170429999999801e-01 4.766103327274322510e-01
8.492571420000000204e-01 4.531769156455993652e-01
8.520972970000000313e-01 4.307161569595336914e-01
8.549375080000000127e-01 4.165541529655456543e-01
8.577777749999999646e-01 4.390393197536468506e-01
8.606180989999999698e-01 4.342406392097473145e-01
8.634584789999999455e-01 4.267361760139465332e-01
8.662989150000000027e-01 3.943892419338226318e-01
8.691394070000000305e-01 4.027465283870697021e-01
8.719799560000000005e-01 3.981075286865234375e-01
8.748205610000000521e-01 3.875192999839782715e-01
8.776612219999999631e-01 3.830703496932983398e-01
8.805019389999999557e-01 3.657532036304473877e-01
8.833427130000000016e-01 3.606908619403839111e-01
8.861835430000000180e-01 3.487096428871154785e-01
8.890244290000000049e-01 3.437459170818328857e-01
8.918653709999999624e-01 3.203039765357971191e-01
8.947063699999999731e-01 2.724753022193908691e-01
8.975474239999999826e-01 2.209433168172836304e-01
9.003885350000000454e-01 1.980864405632019043e-01
9.032297030000000504e-01 2.271521687507629395e-01
9.060709260000000542e-01 2.240987718105316162e-01
9.089122060000000003e-01 1.893520802259445190e-01
9.117535420000000279e-01 1.840852648019790649e-01
9.145949340000000261e-01 1.685931980609893799e-01
9.174363819999999947e-01 1.702873408794403076e-01
9.202778870000000166e-01 1.980348080396652222e-01
9.231194480000000091e-01 1.883901357650756836e-01
9.259610649999999721e-01 1.682175695896148682e-01
9.288027380000000166e-01 1.228716447949409485e-01
9.316444680000000034e-01 7.082821428775787354e-02
9.344862539999999607e-01 4.539753124117851257e-02
9.373280959999999995e-01 4.907535761594772339e-02
9.401699940000000089e-01 6.976569443941116333e-02
9.430119489999999605e-01 6.080865859985351562e-02
9.458539599999999936e-01 5.550696328282356262e-02
9.486960269999999973e-01 5.925312265753746033e-02
9.515381499999999715e-01 6.065817549824714661e-02
9.543803299999999989e-01 5.971427634358406067e-02
9.572225659999999969e-01 6.387506425380706787e-02
9.600648579999999654e-01 6.842125207185745239e-02
9.629072060000000155e-01 8.057714253664016724e-02
9.657496110000000078e-01 8.879707008600234985e-02
9.685920709999999989e-01 1.115577667951583862e-01
9.714345880000000433e-01 1.186488345265388489e-01
9.742771620000000299e-01 1.087771430611610413e-01
9.771197910000000153e-01 1.099329143762588501e-01
9.799624770000000540e-01 1.158836260437965393e-01
9.828052189999999522e-01 1.296099573373794556e-01
9.856480170000000429e-01 1.349022388458251953e-01
9.884908709999999932e-01 1.448881477117538452e-01
9.913337819999999967e-01 1.414625495672225952e-01
9.941767489999999707e-01 1.460938751697540283e-01
9.970197720000000263e-01 1.467428505420684814e-01
9.998628510000000524e-01 1.502921283245086670e-01
1.002705986999999910e+00 1.422711163759231567e-01
1.005549178999999960e+00 1.394802927970886230e-01
1.008392426999999980e+00 1.407703906297683716e-01
1.011235730999999971e+00 1.431315988302230835e-01
1.014079092000000015e+00 1.469498574733734131e-01
1.016922509000000030e+00 1.479331403970718384e-01
1.019765982000000015e+00 1.485033184289932251e-01
1.022609510999999971e+00 1.490675210952758789e-01
1.025453096999999980e+00 1.545077115297317505e-01
1.028296738999999960e+00 1.478260755538940430e-01
1.031140436999999910e+00 1.452956050634384155e-01
1.033984191000000052e+00 1.555683016777038574e-01
1.036828002000000026e+00 1.461467742919921875e-01
1.039671868000000110e+00 1.600267887115478516e-01
1.042515791000000025e+00 1.532416343688964844e-01
1.045359770999999993e+00 1.499215215444564819e-01
