3.615872339999999796e-01 1.266987204551696777e+00
3.644177160000000026e-01 1.442277908325195312e+00
3.672482539999999962e-01 1.520537257194519043e+00
3.700788480000000158e-01 1.538454651832580566e+00
3.729094980000000059e-01 1.411939144134521484e+00
3.757402049999999938e-01 1.476667165756225586e+00
3.785709680000000077e-01 1.640615463256835938e+00
3.814017869999999921e-01 1.386252999305725098e+00
3.842326620000000026e-01 1.281197547912597656e+00
3.870635940000000108e-01 1.400109171867370605e+00
3.898945819999999896e-01 1.583328485488891602e+00
3.927256259999999943e-01 1.380746722221374512e+00
3.955567260000000251e-01 1.422755122184753418e+00
3.983878829999999982e-01 1.789351701736450195e+00
4.012190950000000256e-01 2.241515636444091797e+00
4.040503639999999952e-01 2.238814592361450195e+00
4.068816900000000181e-01 2.216361761093139648e+00
4.097130709999999842e-01 2.249522447586059570e+00
4.125445090000000037e-01 2.330836772918701172e+00
4.153760029999999936e-01 2.344092130661010742e+00
4.182075530000000096e-01 2.286733388900756836e+00
4.210391589999999962e-01 2.297908306121826172e+00
4.238708219999999804e-01 2.263190746307373047e+00
4.267025409999999908e-01 2.214792966842651367e+00
4.295343160000000271e-01 2.004991292953491211e+00
4.323661469999999785e-01 2.122822523117065430e+00
4.351980349999999831e-01 2.336045980453491211e+00
4.380299790000000137e-01 2.345581769943237305e+00
4.408619790000000149e-01 2.426357746124267578e+00
4.436940349999999866e-01 2.565270662307739258e+00
4.465261480000000116e-01 2.598767757415771484e+00
4.493583170000000071e-01 2.755292415618896484e+00
4.521905419999999731e-01 2.757318735122680664e+00
4.550228230000000207e-01 2.741083860397338867e+00
4.578551610000000105e-01 2.781597852706909180e+00
4.606875550000000263e-01 2.808089256286621094e+00
4.635200050000000127e-01 2.844234466552734375e+00
4.663525110000000251e-01 2.782043695449829102e+00
4.691850739999999798e-01 2.769836425781250000e+00
4.720176919999999887e-01 2.803744316101074219e+00
4.748503669999999954e-01 2.860909461975097656e+00
4.776830989999999999e-01 2.885007381439208984e+00
4.805158860000000032e-01 2.939210414886474609e+00
4.833487300000000042e-01 2.930649757385253906e+00
4.861816299999999758e-01 2.694275617599487305e+00
4.890145859999999733e-01 2.803890466690063477e+00
4.918475979999999970e-01 2.881147384643554688e+00
4.946806670000000183e-01 2.936868190765380859e+00
4.975137920000000102e-01 2.943674087524414062e+00
5.003469729999999727e-01 2.881482124328613281e+00
5.031802100000000166e-01 2.844086408615112305e+00
5.060135040000000028e-01 2.943289756774902344e+00
5.088468539999999596e-01 2.948320388793945312e+00
5.116802599999999979e-01 2.985219717025756836e+00
5.145137220000000067e-01 2.915861606597900391e+00
5.173472409999999577e-01 2.754040002822875977e+00
5.201808159999999903e-01 2.883604049682617188e+00
5.230144469999999934e-01 3.001116752624511719e+00
5.258481339999999671e-01 3.013002157211303711e+00
5.286818779999999940e-01 3.039368629455566406e+00
5.315156779999999914e-01 3.151530981063842773e+00
5.343495339999999594e-01 3.134334802627563477e+00
5.371834460000000089e-01 3.186145305633544922e+00
5.400174150000000006e-01 3.120942592620849609e+00
5.428514389999999912e-01 3.141547679901123047e+00
5.456855200000000350e-01 3.200429439544677734e+00
5.485196580000000210e-01 3.210443019866943359e+00
5.513538510000000059e-01 3.239808797836303711e+00
5.541881010000000440e-01 3.271446704864501953e+00
5.570224070000000527e-01 3.242850303649902344e+00
5.598567690000000319e-01 3.178321123123168945e+00
5.626911869999999816e-01 3.234105348587036133e+00
5.655256619999999845e-01 3.228118658065795898e+00
5.683601929999999580e-01 3.189310789108276367e+00
5.711947800000000131e-01 3.163070917129516602e+00
5.740294230000000386e-01 3.204808473587036133e+00
5.768641230000000064e-01 3.170247793197631836e+00
5.796988789999999447e-01 3.193177700042724609e+00
5.825336909999999646e-01 3.255721569061279297e+00
5.853685589999999550e-01 3.221041917800903320e+00
5.882034839999999987e-01 2.997219562530517578e+00
5.910384650000000129e-01 2.863355636596679688e+00
5.938735019999999976e-01 2.899281978607177734e+00
5.967085949999999528e-01 2.887193202972412109e+00
5.995437449999999613e-01 2.836021423339843750e+00
6.023789510000000513e-01 2.805465221405029297e+00
6.052142130000000009e-01 2.819509983062744141e+00
6.080495310000000320e-01 2.782973289489746094e+00
6.108849060000000053e-01 2.625605583190917969e+00
6.137203359999999774e-01 2.540201663970947266e+00
6.165558230000000028e-01 2.536565542221069336e+00
6.193913669999999705e-01 2.616619586944580078e+00
6.222269660000000480e-01 2.611293077468872070e+00
6.250626219999999567e-01 2.545877456665039062e+00
6.278983339999999469e-01 2.478709220886230469e+00
6.307341020000000187e-01 2.462044000625610352e+00
6.335699259999999500e-01 2.486781597137451172e+00
6.364058070000000455e-01 2.503376960754394531e+00
6.392417440000000006e-01 2.517549991607666016e+00
6.420777370000000372e-01 2.483683824539184570e+00
6.449137860000000444e-01 2.445563554763793945e+00
6.477498919999999938e-01 2.337187528610229492e+00
6.505860540000000247e-01 2.321853160858154297e+00
6.534222720000000262e-01 2.314827203750610352e+00
6.562585459999999982e-01 2.122872829437255859e+00
6.590948770000000234e-01 2.207192897796630859e+00
6.619312640000000192e-01 2.271321296691894531e+00
6.647677069999999855e-01 2.248279809951782227e+00
6.676042060000000333e-01 2.237311363220214844e+00
6.704407620000000234e-01 2.210164785385131836e+00
6.732773739999999840e-01 2.183049678802490234e+00
6.761140420000000262e-01 2.164763927459716797e+00
6.789507660000000389e-01 2.153682231903076172e+00
6.817875469999999938e-01 2.123939990997314453e+00
6.846243829999999475e-01 2.051989078521728516e+00
6.874612759999999545e-01 1.709202527999877930e+00
6.902982260000000148e-01 1.716202735900878906e+00
6.931352309999999628e-01 1.745201110839843750e+00
6.959722929999999641e-01 1.752691149711608887e+00
6.988094110000000470e-01 1.737566947937011719e+00
7.016465849999999893e-01 1.628522753715515137e+00
7.044838150000000132e-01 1.616870284080505371e+00
7.073211019999999793e-01 1.581075310707092285e+00
7.101584450000000270e-01 1.516737818717956543e+00
7.129958440000000452e-01 1.419813275337219238e+00
7.158332990000000340e-01 1.204227566719055176e+00
7.186708109999999650e-01 8.721200227737426758e-01
7.215083789999999775e-01 8.823812007904052734e-01
7.243460029999999605e-01 8.094973564147949219e-01
7.271836830000000251e-01 7.260144352912902832e-01
7.300214200000000320e-01 6.825118660926818848e-01
7.328592130000000093e-01 6.916182637214660645e-01
7.356970619999999572e-01 6.863029003143310547e-01
7.385349669999999866e-01 6.653869748115539551e-01
7.413729289999999583e-01 6.644161939620971680e-01
7.442109470000000115e-01 6.781266331672668457e-01
7.470490210000000353e-01 6.755757331848144531e-01
7.498871510000000296e-01 6.633576154708862305e-01
7.527253379999999661e-01 6.487635374069213867e-01
7.555635800000000124e-01 6.509023904800415039e-01
7.584018790000000010e-01 5.377997756004333496e-01
7.612402350000000428e-01 2.543872892856597900e-01
7.640786459999999725e-01 2.985763251781463623e-01
7.669171139999999554e-01 4.810777902603149414e-01
7.697556380000000198e-01 5.861709117889404297e-01
7.725942180000000548e-01 6.115688085556030273e-01
7.754328539999999492e-01 6.126815080642700195e-01
7.782715470000000080e-01 6.110331416130065918e-01
7.811102960000000373e-01 6.147386431694030762e-01
7.839491010000000371e-01 6.106070280075073242e-01
7.867879620000000074e-01 6.098377704620361328e-01
7.896268800000000310e-01 5.871790051460266113e-01
7.924658540000000251e-01 5.865271687507629395e-01
7.953048839999999897e-01 5.928145647048950195e-01
7.981439700000000359e-01 6.036012172698974609e-01
8.009831130000000243e-01 5.914342403411865234e-01
8.038223119999999833e-01 6.000483632087707520e-01
8.066615670000000238e-01 6.031590700149536133e-01
8.095008780000000348e-01 5.842404961585998535e-01
8.123402459999999881e-01 5.189830660820007324e-01
8.151796700000000229e-01 4.301931560039520264e-01
8.180191500000000282e-01 4.047482013702392578e-01
8.208586860000000041e-01 4.319188594818115234e-01
8.236982790000000332e-01 3.956161141395568848e-01
8.265379269999999501e-01 4.101990759372711182e-01
8.293776320000000313e-01 3.689695894718170166e-01
8.322173940000000547e-01 3.566823005676269531e-01
8.350572109999999659e-01 3.632909655570983887e-01
8.378970850000000414e-01 3.666839897632598877e-01
8.407370149999999764e-01 3.687312304973602295e-01
8.435770009999999930e-01 3.618637621402740479e-01
8.464170429999999801e-01 3.623985648155212402e-01
8.492571420000000204e-01 3.431563973426818848e-01
8.520972970000000313e-01 3.315693140029907227e-01
8.549375080000000127e-01 3.139716386795043945e-01
8.577777749999999646e-01 3.325755894184112549e-01
8.606180989999999698e-01 3.242355585098266602e-01
8.634584789999999455e-01 3.221304118633270264e-01
8.662989150000000027e-01 2.971971333026885986e-01
8.691394070000000305e-01 3.058179914951324463e-01
8.719799560000000005e-01 3.016016781330108643e-01
8.748205610000000521e-01 2.957019209861755371e-01
8.776612219999999631e-01 2.848335802555084229e-01
8.805019389999999557e-01 2.790982425212860107e-01
8.833427130000000016e-01 2.719829678535461426e-01
8.861835430000000180e-01 2.601580619812011719e-01
8.890244290000000049e-01 2.569948434829711914e-01
8.918653709999999624e-01 2.408556938171386719e-01
8.947063699999999731e-01 2.087733447551727295e-01
8.975474239999999826e-01 1.651027053594589233e-01
9.003885350000000454e-01 1.497769057750701904e-01
9.032297030000000504e-01 1.702668964862823486e-01
9.060709260000000542e-01 1.765217483043670654e-01
9.089122060000000003e-01 1.365108489990234375e-01
9.117535420000000279e-01 1.400737613439559937e-01
9.145949340000000261e-01 1.258590519428253174e-01
9.174363819999999947e-01 1.286359429359436035e-01
9.202778870000000166e-01 1.446695625782012939e-01
9.231194480000000091e-01 1.422625780105590820e-01
9.259610649999999721e-01 1.288332045078277588e-01
9.288027380000000166e-01 9.414908289909362793e-02
9.316444680000000034e-01 5.009578168392181396e-02
9.344862539999999607e-01 2.820290625095367432e-02
9.373280959999999995e-01 3.106257878243923187e-02
9.401699940000000089e-01 4.955575242638587952e-02
9.430119489999999605e-01 4.166715219616889954e-02
9.458539599999999936e-01 4.123115167021751404e-02
9.486960269999999973e-01 4.363565519452095032e-02
9.515381499999999715e-01 4.340818896889686584e-02
9.543803299999999989e-01 4.536594450473785400e-02
9.572225659999999969e-01 4.491443186998367310e-02
9.600648579999999654e-01 4.743662104010581970e-02
9.629072060000000155e-01 5.756447836756706238e-02
9.657496110000000078e-01 6.910894811153411865e-02
9.685920709999999989e-01 8.233645558357238770e-02
9.714345880000000433e-01 9.001229703426361084e-02
9.742771620000000299e-01 8.074825257062911987e-02
9.771197910000000153e-01 7.969164103269577026e-02
9.799624770000000540e-01 8.737854659557342529e-02
9.828052189999999522e-01 9.592467546463012695e-02
9.856480170000000429e-01 1.013496443629264832e-01
9.884908709999999932e-01 1.025737300515174866e-01
9.913337819999999967e-01 1.026144474744796753e-01
9.941767489999999707e-01 1.092850118875503540e-01
9.970197720000000263e-01 1.103218570351600647e-01
9.998628510000000524e-01 1.096638515591621399e-01
1.002705986999999910e+00 1.028937622904777527e-01
1.005549178999999960e+00 1.002927720546722412e-01
1.008392426999999980e+00 1.012726575136184692e-01
1.011235730999999971e+00 1.028622537851333618e-01
1.014079092000000015e+00 1.009163036942481995e-01
1.016922509000000030e+00 1.066030040383338928e-01
1.019765982000000015e+00 1.019336506724357605e-01
1.022609510999999971e+00 1.050637736916542053e-01
1.025453096999999980e+00 1.091856732964515686e-01
1.028296738999999960e+00 1.047800704836845398e-01
1.031140436999999910e+00 1.108329743146896362e-01
1.033984191000000052e+00 1.103521063923835754e-01
1.036828002000000026e+00 1.002712845802307129e-01
1.039671868000000110e+00 1.043942421674728394e-01
1.042515791000000025e+00 1.024002358317375183e-01
1.045359770999999993e+00 1.069520711898803711e-01
