3.615872339999999796e-01 1.262949347496032715e+00
3.644177160000000026e-01 1.451476573944091797e+00
3.672482539999999962e-01 1.568762660026550293e+00
3.700788480000000158e-01 1.560689568519592285e+00
3.729094980000000059e-01 1.413184523582458496e+00
3.757402049999999938e-01 1.470622062683105469e+00
3.785709680000000077e-01 1.647437095642089844e+00
3.814017869999999921e-01 1.398410081863403320e+00
3.842326620000000026e-01 1.284454584121704102e+00
3.870635940000000108e-01 1.405385017395019531e+00
3.898945819999999896e-01 1.597780823707580566e+00
3.927256259999999943e-01 1.397357702255249023e+00
3.955567260000000251e-01 1.423676967620849609e+00
3.983878829999999982e-01 1.810949802398681641e+00
4.012190950000000256e-01 2.276309967041015625e+00
4.040503639999999952e-01 2.247333288192749023e+00
4.068816900000000181e-01 2.192478179931640625e+00
4.097130709999999842e-01 2.244882583618164062e+00
4.125445090000000037e-01 2.324395418167114258e+00
4.153760029999999936e-01 2.345984935760498047e+00
4.182075530000000096e-01 2.298650503158569336e+00
4.210391589999999962e-01 2.291250944137573242e+00
4.238708219999999804e-01 2.270927190780639648e+00
4.267025409999999908e-01 2.221493721008300781e+00
4.295343160000000271e-01 2.012965679168701172e+00
4.323661469999999785e-01 2.139383554458618164e+00
4.351980349999999831e-01 2.345000743865966797e+00
4.380299790000000137e-01 2.370006084442138672e+00
4.408619790000000149e-01 2.441704034805297852e+00
4.436940349999999866e-01 2.595399379730224609e+00
4.465261480000000116e-01 2.608225345611572266e+00
4.493583170000000071e-01 2.766157388687133789e+00
4.521905419999999731e-01 2.782622814178466797e+00
4.550228230000000207e-01 2.745809555053710938e+00
4.578551610000000105e-01 2.812733411788940430e+00
4.606875550000000263e-01 2.822677373886108398e+00
4.635200050000000127e-01 2.865089893341064453e+00
4.663525110000000251e-01 2.803922176361083984e+00
4.691850739999999798e-01 2.800914049148559570e+00
4.720176919999999887e-01 2.834712743759155273e+00
4.748503669999999954e-01 2.871824026107788086e+00
4.776830989999999999e-01 2.898628473281860352e+00
4.805158860000000032e-01 2.969078779220581055e+00
4.833487300000000042e-01 2.957467555999755859e+00
4.861816299999999758e-01 2.706822156906127930e+00
4.890145859999999733e-01 2.835840463638305664e+00
4.918475979999999970e-01 2.896372079849243164e+00
4.946806670000000183e-01 2.956583499908447266e+00
4.975137920000000102e-01 2.983288049697875977e+00
5.003469729999999727e-01 2.892210006713867188e+00
5.031802100000000166e-01 2.883983373641967773e+00
5.060135040000000028e-01 2.962239742279052734e+00
5.088468539999999596e-01 2.973412036895751953e+00
5.116802599999999979e-01 3.011380434036254883e+00
5.145137220000000067e-01 2.937689065933227539e+00
5.173472409999999577e-01 2.774918556213378906e+00
5.201808159999999903e-01 2.905092954635620117e+00
5.230144469999999934e-01 3.042804479598999023e+00
5.258481339999999671e-01 3.045511960983276367e+00
5.286818779999999940e-01 3.082953929901123047e+00
5.315156779999999914e-01 3.179109096527099609e+00
5.343495339999999594e-01 3.168472290039062500e+00
5.371834460000000089e-01 3.207216501235961914e+00
5.400174150000000006e-01 3.150374889373779297e+00
5.428514389999999912e-01 3.166958570480346680e+00
5.456855200000000350e-01 3.223770856857299805e+00
5.485196580000000210e-01 3.238355636596679688e+00
5.513538510000000059e-01 3.266489267349243164e+00
5.541881010000000440e-01 3.296542167663574219e+00
5.570224070000000527e-01 3.264251708984375000e+00
5.598567690000000319e-01 3.207548141479492188e+00
5.626911869999999816e-01 3.266059398651123047e+00
5.655256619999999845e-01 3.256882905960083008e+00
5.683601929999999580e-01 3.221091508865356445e+00
5.711947800000000131e-01 3.195151567459106445e+00
5.740294230000000386e-01 3.242073059082031250e+00
5.768641230000000064e-01 3.201992034912109375e+00
5.796988789999999447e-01 3.223780632019042969e+00
5.825336909999999646e-01 3.284543037414550781e+00
5.853685589999999550e-01 3.248663663864135742e+00
5.882034839999999987e-01 3.023660182952880859e+00
5.910384650000000129e-01 2.880248546600341797e+00
5.938735019999999976e-01 2.938573837280273438e+00
5.967085949999999528e-01 2.916775703430175781e+00
5.995437449999999613e-01 2.872087717056274414e+00
6.023789510000000513e-01 2.836224317550659180e+00
6.052142130000000009e-01 2.860293149948120117e+00
6.080495310000000320e-01 2.794940710067749023e+00
6.108849060000000053e-01 2.628858804702758789e+00
6.137203359999999774e-01 2.574697256088256836e+00
6.165558230000000028e-01 2.583492994308471680e+00
6.193913669999999705e-01 2.659011840820312500e+00
6.222269660000000480e-01 2.643024444580078125e+00
6.250626219999999567e-01 2.573493003845214844e+00
6.278983339999999469e-01 2.507935285568237305e+00
6.307341020000000187e-01 2.487332344055175781e+00
6.335699259999999500e-01 2.517943382263183594e+00
6.364058070000000455e-01 2.538906812667846680e+00
6.392417440000000006e-01 2.545738220214843750e+00
6.420777370000000372e-01 2.516445636749267578e+00
6.449137860000000444e-01 2.485738992691040039e+00
6.477498919999999938e-01 2.361031293869018555e+00
6.505860540000000247e-01 2.352941036224365234e+00
6.534222720000000262e-01 2.344520807266235352e+00
6.562585459999999982e-01 2.150827407836914062e+00
6.590948770000000234e-01 2.247605800628662109e+00
6.619312640000000192e-01 2.298232078552246094e+00
6.647677069999999855e-01 2.285835027694702148e+00
6.676042060000000333e-01 2.258868217468261719e+00
6.704407620000000234e-01 2.244411230087280273e+00
6.732773739999999840e-01 2.214150905609130859e+00
6.761140420000000262e-01 2.193262577056884766e+00
6.789507660000000389e-01 2.179783582687377930e+00
6.817875469999999938e-01 2.162749767303466797e+00
6.846243829999999475e-01 2.088566303253173828e+00
6.874612759999999545e-01 1.724388718605041504e+00
6.902982260000000148e-01 1.749320626258850098e+00
6.931352309999999628e-01 1.779433250427246094e+00
6.959722929999999641e-01 1.787696599960327148e+00
6.988094110000000470e-01 1.764803647994995117e+00
7.016465849999999893e-01 1.657200455665588379e+00
7.044838150000000132e-01 1.654592394828796387e+00
7.073211019999999793e-01 1.612546443939208984e+00
7.101584450000000270e-01 1.547990083694458008e+00
7.129958440000000452e-01 1.459544301033020020e+00
7.158332990000000340e-01 1.235675334930419922e+00
7.186708109999999650e-01 8.826299309730529785e-01
7.215083789999999775e-01 9.093787074089050293e-01
7.243460029999999605e-01 8.374655842781066895e-01
7.271836830000000251e-01 7.525784969329833984e-01
7.300214200000000320e-01 6.982257366180419922e-01
7.328592130000000093e-01 7.179955840110778809e-01
7.356970619999999572e-01 7.176575064659118652e-01
7.385349669999999866e-01 7.034609913825988770e-01
7.413729289999999583e-01 6.994124054908752441e-01
7.442109470000000115e-01 7.102228403091430664e-01
7.470490210000000353e-01 7.119270563125610352e-01
7.498871510000000296e-01 6.942701339721679688e-01
7.527253379999999661e-01 6.899408102035522461e-01
7.555635800000000124e-01 6.841975450515747070e-01
7.584018790000000010e-01 5.722004175186157227e-01
7.612402350000000428e-01 2.566259801387786865e-01
7.640786459999999725e-01 3.097174167633056641e-01
7.669171139999999554e-01 5.050663948059082031e-01
7.697556380000000198e-01 6.196196079254150391e-01
7.725942180000000548e-01 6.383985280990600586e-01
7.754328539999999492e-01 6.434197425842285156e-01
7.782715470000000080e-01 6.472731232643127441e-01
7.811102960000000373e-01 6.448548436164855957e-01
7.839491010000000371e-01 6.440035104751586914e-01
7.867879620000000074e-01 6.433591246604919434e-01
7.896268800000000310e-01 6.175454258918762207e-01
7.924658540000000251e-01 6.211317777633666992e-01
7.953048839999999897e-01 6.272417902946472168e-01
7.981439700000000359e-01 6.276087164878845215e-01
8.009831130000000243e-01 6.256997585296630859e-01
8.038223119999999833e-01 6.292626261711120605e-01
8.066615670000000238e-01 6.346319913864135742e-01
8.095008780000000348e-01 6.117671132087707520e-01
8.123402459999999881e-01 5.520109534263610840e-01
8.151796700000000229e-01 4.490316510200500488e-01
8.180191500000000282e-01 4.212850034236907959e-01
8.208586860000000041e-01 4.504149258136749268e-01
8.236982790000000332e-01 4.147837758064270020e-01
8.265379269999999501e-01 4.337701499462127686e-01
8.293776320000000313e-01 3.824581205844879150e-01
8.322173940000000547e-01 3.733711242675781250e-01
8.350572109999999659e-01 3.829213082790374756e-01
8.378970850000000414e-01 3.875250816345214844e-01
8.407370149999999764e-01 3.901437520980834961e-01
8.435770009999999930e-01 3.925763666629791260e-01
8.464170429999999801e-01 3.905960619449615479e-01
8.492571420000000204e-01 3.675173223018646240e-01
8.520972970000000313e-01 3.580106198787689209e-01
8.549375080000000127e-01 3.354808092117309570e-01
8.577777749999999646e-01 3.558612763881683350e-01
8.606180989999999698e-01 3.508772552013397217e-01
8.634584789999999455e-01 3.468082845211029053e-01
8.662989150000000027e-01 3.171714842319488525e-01
8.691394070000000305e-01 3.281157314777374268e-01
8.719799560000000005e-01 3.275416493415832520e-01
8.748205610000000521e-01 3.142436146736145020e-01
8.776612219999999631e-01 3.061772286891937256e-01
8.805019389999999557e-01 2.980130910873413086e-01
8.833427130000000016e-01 2.986524701118469238e-01
8.861835430000000180e-01 2.876276075839996338e-01
8.890244290000000049e-01 2.799176573753356934e-01
8.918653709999999624e-01 2.673190534114837646e-01
8.947063699999999731e-01 2.239360809326171875e-01
8.975474239999999826e-01 1.808271557092666626e-01
9.003885350000000454e-01 1.608054339885711670e-01
9.032297030000000504e-01 1.838899105787277222e-01
9.060709260000000542e-01 1.877297312021255493e-01
9.089122060000000003e-01 1.516749411821365356e-01
9.117535420000000279e-01 1.515733301639556885e-01
9.145949340000000261e-01 1.402168273925781250e-01
9.174363819999999947e-01 1.434177309274673462e-01
9.202778870000000166e-01 1.625903993844985962e-01
9.231194480000000091e-01 1.511359512805938721e-01
9.259610649999999721e-01 1.437727659940719604e-01
9.288027380000000166e-01 1.060326099395751953e-01
9.316444680000000034e-01 5.614114180207252502e-02
9.344862539999999607e-01 3.206050395965576172e-02
9.373280959999999995e-01 3.435653075575828552e-02
9.401699940000000089e-01 5.221696943044662476e-02
9.430119489999999605e-01 4.611545801162719727e-02
9.458539599999999936e-01 4.134602844715118408e-02
9.486960269999999973e-01 4.607662558555603027e-02
9.515381499999999715e-01 4.643230512738227844e-02
9.543803299999999989e-01 4.889648407697677612e-02
9.572225659999999969e-01 5.551737174391746521e-02
9.600648579999999654e-01 5.489109456539154053e-02
9.629072060000000155e-01 6.534478813409805298e-02
9.657496110000000078e-01 7.266556471586227417e-02
9.685920709999999989e-01 9.546671062707901001e-02
9.714345880000000433e-01 1.036654487252235413e-01
9.742771620000000299e-01 8.746096491813659668e-02
9.771197910000000153e-01 9.220941364765167236e-02
9.799624770000000540e-01 9.696541726589202881e-02
9.828052189999999522e-01 1.099268123507499695e-01
9.856480170000000429e-01 1.130925267934799194e-01
9.884908709999999932e-01 1.156934648752212524e-01
9.913337819999999967e-01 1.205119937658309937e-01
9.941767489999999707e-01 1.191999167203903198e-01
9.970197720000000263e-01 1.206573992967605591e-01
9.998628510000000524e-01 1.250990033149719238e-01
1.002705986999999910e+00 1.220558211207389832e-01
1.005549178999999960e+00 1.198600381612777710e-01
1.008392426999999980e+00 1.148483306169509888e-01
1.011235730999999971e+00 1.176389381289482117e-01
1.014079092000000015e+00 1.170570999383926392e-01
1.016922509000000030e+00 1.146223992109298706e-01
1.019765982000000015e+00 1.167272850871086121e-01
1.022609510999999971e+00 1.218485534191131592e-01
1.025453096999999980e+00 1.222067475318908691e-01
1.028296738999999960e+00 1.132783591747283936e-01
1.031140436999999910e+00 1.168088614940643311e-01
1.033984191000000052e+00 1.160069778561592102e-01
1.036828002000000026e+00 1.222967281937599182e-01
1.039671868000000110e+00 1.091440990567207336e-01
1.042515791000000025e+00 1.222843006253242493e-01
1.045359770999999993e+00 1.114385873079299927e-01
