3.615872339999999796e-01 1.338963866233825684e+00
3.644177160000000026e-01 1.475172162055969238e+00
3.672482539999999962e-01 1.604916214942932129e+00
3.700788480000000158e-01 1.555777788162231445e+00
3.729094980000000059e-01 1.410467624664306641e+00
3.757402049999999938e-01 1.546480894088745117e+00
3.785709680000000077e-01 1.633092761039733887e+00
3.814017869999999921e-01 1.403156638145446777e+00
3.842326620000000026e-01 1.302878260612487793e+00
3.870635940000000108e-01 1.420387506484985352e+00
3.898945819999999896e-01 1.618769764900207520e+00
3.927256259999999943e-01 1.424461126327514648e+00
3.955567260000000251e-01 1.460694909095764160e+00
3.983878829999999982e-01 1.829021334648132324e+00
4.012190950000000256e-01 2.292303562164306641e+00
4.040503639999999952e-01 2.273141384124755859e+00
4.068816900000000181e-01 2.233644962310791016e+00
4.097130709999999842e-01 2.283824443817138672e+00
4.125445090000000037e-01 2.380322694778442383e+00
4.153760029999999936e-01 2.387029409408569336e+00
4.182075530000000096e-01 2.324345827102661133e+00
4.210391589999999962e-01 2.351218223571777344e+00
4.238708219999999804e-01 2.298225641250610352e+00
4.267025409999999908e-01 2.239446401596069336e+00
4.295343160000000271e-01 2.035638332366943359e+00
4.323661469999999785e-01 2.165514230728149414e+00
4.351980349999999831e-01 2.376039743423461914e+00
4.380299790000000137e-01 2.410211324691772461e+00
4.408619790000000149e-01 2.473056554794311523e+00
4.436940349999999866e-01 2.619912385940551758e+00
4.465261480000000116e-01 2.649160623550415039e+00
4.493583170000000071e-01 2.783882856369018555e+00
4.521905419999999731e-01 2.810685634613037109e+00
4.550228230000000207e-01 2.767917633056640625e+00
4.578551610000000105e-01 2.837493181228637695e+00
4.606875550000000263e-01 2.845889329910278320e+00
4.635200050000000127e-01 2.884338855743408203e+00
4.663525110000000251e-01 2.847043275833129883e+00
4.691850739999999798e-01 2.826111078262329102e+00
4.720176919999999887e-01 2.863041639328002930e+00
4.748503669999999954e-01 2.907757282257080078e+00
4.776830989999999999e-01 2.928494215011596680e+00
4.805158860000000032e-01 2.991165399551391602e+00
4.833487300000000042e-01 2.969005107879638672e+00
4.861816299999999758e-01 2.735130786895751953e+00
4.890145859999999733e-01 2.838809013366699219e+00
4.918475979999999970e-01 2.925018072128295898e+00
4.946806670000000183e-01 2.987054586410522461e+00
4.975137920000000102e-01 2.992747068405151367e+00
5.003469729999999727e-01 2.928632497787475586e+00
5.031802100000000166e-01 2.901452779769897461e+00
5.060135040000000028e-01 2.990696668624877930e+00
5.088468539999999596e-01 3.005862712860107422e+00
5.116802599999999979e-01 3.028367042541503906e+00
5.145137220000000067e-01 2.960789203643798828e+00
5.173472409999999577e-01 2.803473949432373047e+00
5.201808159999999903e-01 2.931079387664794922e+00
5.230144469999999934e-01 3.059150457382202148e+00
5.258481339999999671e-01 3.068181514739990234e+00
5.286818779999999940e-01 3.100528240203857422e+00
5.315156779999999914e-01 3.203637838363647461e+00
5.343495339999999594e-01 3.187164306640625000e+00
5.371834460000000089e-01 3.229393720626831055e+00
5.400174150000000006e-01 3.179255962371826172e+00
5.428514389999999912e-01 3.180089950561523438e+00
5.456855200000000350e-01 3.256697654724121094e+00
5.485196580000000210e-01 3.264626026153564453e+00
5.513538510000000059e-01 3.293243169784545898e+00
5.541881010000000440e-01 3.317031383514404297e+00
5.570224070000000527e-01 3.280053853988647461e+00
5.598567690000000319e-01 3.234431743621826172e+00
5.626911869999999816e-01 3.292865991592407227e+00
5.655256619999999845e-01 3.287468671798706055e+00
5.683601929999999580e-01 3.247431755065917969e+00
5.711947800000000131e-01 3.214181184768676758e+00
5.740294230000000386e-01 3.262132167816162109e+00
5.768641230000000064e-01 3.230034828186035156e+00
5.796988789999999447e-01 3.241255998611450195e+00
5.825336909999999646e-01 3.302264928817749023e+00
5.853685589999999550e-01 3.259750366210937500e+00
5.882034839999999987e-01 3.038048028945922852e+00
5.910384650000000129e-01 2.909373044967651367e+00
5.938735019999999976e-01 2.952805519104003906e+00
5.967085949999999528e-01 2.929734945297241211e+00
5.995437449999999613e-01 2.884735345840454102e+00
6.023789510000000513e-01 2.850330829620361328e+00
6.052142130000000009e-01 2.851175546646118164e+00
6.080495310000000320e-01 2.807995796203613281e+00
6.108849060000000053e-01 2.695003747940063477e+00
6.137203359999999774e-01 2.623524904251098633e+00
6.165558230000000028e-01 2.608488559722900391e+00
6.193913669999999705e-01 2.668999433517456055e+00
6.222269660000000480e-01 2.657039642333984375e+00
6.250626219999999567e-01 2.590352058410644531e+00
6.278983339999999469e-01 2.518750905990600586e+00
6.307341020000000187e-01 2.497563600540161133e+00
6.335699259999999500e-01 2.535157442092895508e+00
6.364058070000000455e-01 2.553174972534179688e+00
6.392417440000000006e-01 2.557433366775512695e+00
6.420777370000000372e-01 2.527755975723266602e+00
6.449137860000000444e-01 2.486986398696899414e+00
6.477498919999999938e-01 2.382398843765258789e+00
6.505860540000000247e-01 2.365161657333374023e+00
6.534222720000000262e-01 2.351407766342163086e+00
6.562585459999999982e-01 2.157270669937133789e+00
6.590948770000000234e-01 2.265075683593750000e+00
6.619312640000000192e-01 2.316729068756103516e+00
6.647677069999999855e-01 2.292756080627441406e+00
6.676042060000000333e-01 2.270411729812622070e+00
6.704407620000000234e-01 2.245512962341308594e+00
6.732773739999999840e-01 2.221895694732666016e+00
6.761140420000000262e-01 2.215041637420654297e+00
6.789507660000000389e-01 2.198453664779663086e+00
6.817875469999999938e-01 2.170970916748046875e+00
6.846243829999999475e-01 2.072006225585937500e+00
6.874612759999999545e-01 1.739930868148803711e+00
6.902982260000000148e-01 1.760012269020080566e+00
6.931352309999999628e-01 1.781196117401123047e+00
6.959722929999999641e-01 1.797589421272277832e+00
6.988094110000000470e-01 1.767738342285156250e+00
7.016465849999999893e-01 1.670525074005126953e+00
7.044838150000000132e-01 1.659455299377441406e+00
7.073211019999999793e-01 1.619756102561950684e+00
7.101584450000000270e-01 1.555274128913879395e+00
7.129958440000000452e-01 1.452789187431335449e+00
7.158332990000000340e-01 1.224289536476135254e+00
7.186708109999999650e-01 8.909862041473388672e-01
7.215083789999999775e-01 9.195867180824279785e-01
7.243460029999999605e-01 8.341038823127746582e-01
7.271836830000000251e-01 7.527514100074768066e-01
7.300214200000000320e-01 7.086117267608642578e-01
7.328592130000000093e-01 7.284978628158569336e-01
7.356970619999999572e-01 7.199079990386962891e-01
7.385349669999999866e-01 6.983720660209655762e-01
7.413729289999999583e-01 7.068827748298645020e-01
7.442109470000000115e-01 7.183920741081237793e-01
7.470490210000000353e-01 7.111675739288330078e-01
7.498871510000000296e-01 6.985716819763183594e-01
7.527253379999999661e-01 6.892517209053039551e-01
7.555635800000000124e-01 6.824901700019836426e-01
7.584018790000000010e-01 5.488132238388061523e-01
7.612402350000000428e-01 2.631120085716247559e-01
7.640786459999999725e-01 3.198391795158386230e-01
7.669171139999999554e-01 5.161454677581787109e-01
7.697556380000000198e-01 6.195394992828369141e-01
7.725942180000000548e-01 6.460500359535217285e-01
7.754328539999999492e-01 6.454862952232360840e-01
7.782715470000000080e-01 6.480169296264648438e-01
7.811102960000000373e-01 6.506329774856567383e-01
7.839491010000000371e-01 6.424496769905090332e-01
7.867879620000000074e-01 6.404640674591064453e-01
7.896268800000000310e-01 6.197219491004943848e-01
7.924658540000000251e-01 6.227977275848388672e-01
7.953048839999999897e-01 6.288297772407531738e-01
7.981439700000000359e-01 6.336786150932312012e-01
8.009831130000000243e-01 6.257347464561462402e-01
8.038223119999999833e-01 6.255548596382141113e-01
8.066615670000000238e-01 6.441694498062133789e-01
8.095008780000000348e-01 6.085422635078430176e-01
8.123402459999999881e-01 5.517935752868652344e-01
8.151796700000000229e-01 4.493559002876281738e-01
8.180191500000000282e-01 4.256074726581573486e-01
8.208586860000000041e-01 4.544341564178466797e-01
8.236982790000000332e-01 4.191052317619323730e-01
8.265379269999999501e-01 4.364821314811706543e-01
8.293776320000000313e-01 3.910666704177856445e-01
8.322173940000000547e-01 3.781201541423797607e-01
8.350572109999999659e-01 3.868434727191925049e-01
8.378970850000000414e-01 3.934303224086761475e-01
8.407370149999999764e-01 3.957537114620208740e-01
8.435770009999999930e-01 3.925311863422393799e-01
8.464170429999999801e-01 3.868001103401184082e-01
8.492571420000000204e-01 3.686969876289367676e-01
8.520972970000000313e-01 3.598523437976837158e-01
8.549375080000000127e-01 3.321548402309417725e-01
8.577777749999999646e-01 3.624569773674011230e-01
8.606180989999999698e-01 3.514716029167175293e-01
8.634584789999999455e-01 3.460519313812255859e-01
8.662989150000000027e-01 3.218642175197601318e-01
8.691394070000000305e-01 3.304884731769561768e-01
8.719799560000000005e-01 3.236397206783294678e-01
8.748205610000000521e-01 3.160582184791564941e-01
8.776612219999999631e-01 3.133645355701446533e-01
8.805019389999999557e-01 3.009500801563262939e-01
8.833427130000000016e-01 2.940785884857177734e-01
8.861835430000000180e-01 2.875701189041137695e-01
8.890244290000000049e-01 2.810329496860504150e-01
8.918653709999999624e-01 2.632190883159637451e-01
8.947063699999999731e-01 2.245158553123474121e-01
8.975474239999999826e-01 1.814959645271301270e-01
9.003885350000000454e-01 1.653587222099304199e-01
9.032297030000000504e-01 1.904135346412658691e-01
9.060709260000000542e-01 1.861988604068756104e-01
9.089122060000000003e-01 1.555936634540557861e-01
9.117535420000000279e-01 1.539337486028671265e-01
9.145949340000000261e-01 1.409302055835723877e-01
9.174363819999999947e-01 1.430325657129287720e-01
9.202778870000000166e-01 1.620901823043823242e-01
9.231194480000000091e-01 1.568294763565063477e-01
9.259610649999999721e-01 1.409208178520202637e-01
9.288027380000000166e-01 1.011834070086479187e-01
9.316444680000000034e-01 5.157031491398811340e-02
9.344862539999999607e-01 3.055046498775482178e-02
9.373280959999999995e-01 3.623134642839431763e-02
9.401699940000000089e-01 5.788360163569450378e-02
9.430119489999999605e-01 4.879688471555709839e-02
9.458539599999999936e-01 4.469665139913558960e-02
9.486960269999999973e-01 4.773980379104614258e-02
9.515381499999999715e-01 4.873761162161827087e-02
9.543803299999999989e-01 5.109872668981552124e-02
9.572225659999999969e-01 5.273576453328132629e-02
9.600648579999999654e-01 5.880818143486976624e-02
9.629072060000000155e-01 6.593327224254608154e-02
9.657496110000000078e-01 7.026893645524978638e-02
9.685920709999999989e-01 9.698803722858428955e-02
9.714345880000000433e-01 1.042467802762985229e-01
9.742771620000000299e-01 9.007527679204940796e-02
9.771197910000000153e-01 9.318514168262481689e-02
9.799624770000000540e-01 9.985555708408355713e-02
9.828052189999999522e-01 1.109405085444450378e-01
9.856480170000000429e-01 1.177155748009681702e-01
9.884908709999999932e-01 1.202106028795242310e-01
9.913337819999999967e-01 1.174232140183448792e-01
9.941767489999999707e-01 1.256169080734252930e-01
9.970197720000000263e-01 1.239983141422271729e-01
9.998628510000000524e-01 1.232996135950088501e-01
1.002705986999999910e+00 1.222511753439903259e-01
1.005549178999999960e+00 1.164168342947959900e-01
1.008392426999999980e+00 1.207112669944763184e-01
1.011235730999999971e+00 1.190397143363952637e-01
1.014079092000000015e+00 1.207585409283638000e-01
1.016922509000000030e+00 1.150834932923316956e-01
1.019765982000000015e+00 1.223604008555412292e-01
1.022609510999999971e+00 1.268996298313140869e-01
1.025453096999999980e+00 1.154569908976554871e-01
1.028296738999999960e+00 1.221525669097900391e-01
1.031140436999999910e+00 1.185712069272994995e-01
1.033984191000000052e+00 1.197694018483161926e-01
1.036828002000000026e+00 1.259182393550872803e-01
1.039671868000000110e+00 1.289754509925842285e-01
1.042515791000000025e+00 1.109308674931526184e-01
1.045359770999999993e+00 1.172005906701087952e-01
