3.615872339999999796e-01 1.301588535308837891e+00
3.644177160000000026e-01 1.468130469322204590e+00
3.672482539999999962e-01 1.597746491432189941e+00
3.700788480000000158e-01 1.586807250976562500e+00
3.729094980000000059e-01 1.436465501785278320e+00
3.757402049999999938e-01 1.488410472869873047e+00
3.785709680000000077e-01 1.666137099266052246e+00
3.814017869999999921e-01 1.435060381889343262e+00
3.842326620000000026e-01 1.301285266876220703e+00
3.870635940000000108e-01 1.445439934730529785e+00
3.898945819999999896e-01 1.649870872497558594e+00
3.927256259999999943e-01 1.432509541511535645e+00
3.955567260000000251e-01 1.460885763168334961e+00
3.983878829999999982e-01 1.817027688026428223e+00
4.012190950000000256e-01 2.279256343841552734e+00
4.040503639999999952e-01 2.282481670379638672e+00
4.068816900000000181e-01 2.246939897537231445e+00
4.097130709999999842e-01 2.283782243728637695e+00
4.125445090000000037e-01 2.380600929260253906e+00
4.153760029999999936e-01 2.372781276702880859e+00
4.182075530000000096e-01 2.329375982284545898e+00
4.210391589999999962e-01 2.347075939178466797e+00
4.238708219999999804e-01 2.307346582412719727e+00
4.267025409999999908e-01 2.253671169281005859e+00
4.295343160000000271e-01 2.049185991287231445e+00
4.323661469999999785e-01 2.176583290100097656e+00
4.351980349999999831e-01 2.375181436538696289e+00
4.380299790000000137e-01 2.415650844573974609e+00
4.408619790000000149e-01 2.479489803314208984e+00
4.436940349999999866e-01 2.638892889022827148e+00
4.465261480000000116e-01 2.652902841567993164e+00
4.493583170000000071e-01 2.825419425964355469e+00
4.521905419999999731e-01 2.815643072128295898e+00
4.550228230000000207e-01 2.806392669677734375e+00
4.578551610000000105e-01 2.844150304794311523e+00
4.606875550000000263e-01 2.881879806518554688e+00
4.635200050000000127e-01 2.902313947677612305e+00
4.663525110000000251e-01 2.835855007171630859e+00
4.691850739999999798e-01 2.841868162155151367e+00
4.720176919999999887e-01 2.877623081207275391e+00
4.748503669999999954e-01 2.911142587661743164e+00
4.776830989999999999e-01 2.959733486175537109e+00
4.805158860000000032e-01 3.006728410720825195e+00
4.833487300000000042e-01 2.988872289657592773e+00
4.861816299999999758e-01 2.749685525894165039e+00
4.890145859999999733e-01 2.870637655258178711e+00
4.918475979999999970e-01 2.947581291198730469e+00
4.946806670000000183e-01 3.008272171020507812e+00
4.975137920000000102e-01 3.032768964767456055e+00
5.003469729999999727e-01 2.952887773513793945e+00
5.031802100000000166e-01 2.945766448974609375e+00
5.060135040000000028e-01 3.022724866867065430e+00
5.088468539999999596e-01 3.030250787734985352e+00
5.116802599999999979e-01 3.062203407287597656e+00
5.145137220000000067e-01 3.002241849899291992e+00
5.173472409999999577e-01 2.832929611206054688e+00
5.201808159999999903e-01 2.961074829101562500e+00
5.230144469999999934e-01 3.097400426864624023e+00
5.258481339999999671e-01 3.100028753280639648e+00
5.286818779999999940e-01 3.144330024719238281e+00
5.315156779999999914e-01 3.241294384002685547e+00
5.343495339999999594e-01 3.228956222534179688e+00
5.371834460000000089e-01 3.280311107635498047e+00
5.400174150000000006e-01 3.211026668548583984e+00
5.428514389999999912e-01 3.236677646636962891e+00
5.456855200000000350e-01 3.306129932403564453e+00
5.485196580000000210e-01 3.313803911209106445e+00
5.513538510000000059e-01 3.336530208587646484e+00
5.541881010000000440e-01 3.369527578353881836e+00
5.570224070000000527e-01 3.325420618057250977e+00
5.598567690000000319e-01 3.286067485809326172e+00
5.626911869999999816e-01 3.345342636108398438e+00
5.655256619999999845e-01 3.328506469726562500e+00
5.683601929999999580e-01 3.301378726959228516e+00
5.711947800000000131e-01 3.273254394531250000e+00
5.740294230000000386e-01 3.309259891510009766e+00
5.768641230000000064e-01 3.281008243560791016e+00
5.796988789999999447e-01 3.292826652526855469e+00
5.825336909999999646e-01 3.371358394622802734e+00
5.853685589999999550e-01 3.331901073455810547e+00
5.882034839999999987e-01 3.099582433700561523e+00
5.910384650000000129e-01 2.964769124984741211e+00
5.938735019999999976e-01 3.016723394393920898e+00
5.967085949999999528e-01 2.998695850372314453e+00
5.995437449999999613e-01 2.965650796890258789e+00
6.023789510000000513e-01 2.923944234848022461e+00
6.052142130000000009e-01 2.941220760345458984e+00
6.080495310000000320e-01 2.890300273895263672e+00
6.108849060000000053e-01 2.781293869018554688e+00
6.137203359999999774e-01 2.732666254043579102e+00
6.165558230000000028e-01 2.696962356567382812e+00
6.193913669999999705e-01 2.764639616012573242e+00
6.222269660000000480e-01 2.752359151840209961e+00
6.250626219999999567e-01 2.683167934417724609e+00
6.278983339999999469e-01 2.613608121871948242e+00
6.307341020000000187e-01 2.596618652343750000e+00
6.335699259999999500e-01 2.627619028091430664e+00
6.364058070000000455e-01 2.654830932617187500e+00
6.392417440000000006e-01 2.664273738861083984e+00
6.420777370000000372e-01 2.624667167663574219e+00
6.449137860000000444e-01 2.587420701980590820e+00
6.477498919999999938e-01 2.474643230438232422e+00
6.505860540000000247e-01 2.457630872726440430e+00
6.534222720000000262e-01 2.451005220413208008e+00
6.562585459999999982e-01 2.254407644271850586e+00
6.590948770000000234e-01 2.358840942382812500e+00
6.619312640000000192e-01 2.411271810531616211e+00
6.647677069999999855e-01 2.397827625274658203e+00
6.676042060000000333e-01 2.375489234924316406e+00
6.704407620000000234e-01 2.353317499160766602e+00
6.732773739999999840e-01 2.330085515975952148e+00
6.761140420000000262e-01 2.319544315338134766e+00
6.789507660000000389e-01 2.299066543579101562e+00
6.817875469999999938e-01 2.277528047561645508e+00
6.846243829999999475e-01 2.186770915985107422e+00
6.874612759999999545e-01 1.834652304649353027e+00
6.902982260000000148e-01 1.848331809043884277e+00
6.931352309999999628e-01 1.885190367698669434e+00
6.959722929999999641e-01 1.902890682220458984e+00
6.988094110000000470e-01 1.877888083457946777e+00
7.016465849999999893e-01 1.764401435852050781e+00
7.044838150000000132e-01 1.759209156036376953e+00
7.073211019999999793e-01 1.728486299514770508e+00
7.101584450000000270e-01 1.660323262214660645e+00
7.129958440000000452e-01 1.564824342727661133e+00
7.158332990000000340e-01 1.327728390693664551e+00
7.186708109999999650e-01 9.622671604156494141e-01
7.215083789999999775e-01 9.839969277381896973e-01
7.243460029999999605e-01 9.051874279975891113e-01
7.271836830000000251e-01 8.195639848709106445e-01
7.300214200000000320e-01 7.706451416015625000e-01
7.328592130000000093e-01 7.837795615196228027e-01
7.356970619999999572e-01 7.754281759262084961e-01
7.385349669999999866e-01 7.574881911277770996e-01
7.413729289999999583e-01 7.567456364631652832e-01
7.442109470000000115e-01 7.690709829330444336e-01
7.470490210000000353e-01 7.703289389610290527e-01
7.498871510000000296e-01 7.579843997955322266e-01
7.527253379999999661e-01 7.480034232139587402e-01
7.555635800000000124e-01 7.380114197731018066e-01
7.584018790000000010e-01 6.143233180046081543e-01
7.612402350000000428e-01 2.815083265304565430e-01
7.640786459999999725e-01 3.498200476169586182e-01
7.669171139999999554e-01 5.608406066894531250e-01
7.697556380000000198e-01 6.765379905700683594e-01
7.725942180000000548e-01 7.022120356559753418e-01
7.754328539999999492e-01 7.087711095809936523e-01
7.782715470000000080e-01 7.070091366767883301e-01
7.811102960000000373e-01 7.122167348861694336e-01
7.839491010000000371e-01 7.102445960044860840e-01
7.867879620000000074e-01 6.952913999557495117e-01
7.896268800000000310e-01 6.744507551193237305e-01
7.924658540000000251e-01 6.821295619010925293e-01
7.953048839999999897e-01 6.875636577606201172e-01
7.981439700000000359e-01 6.903198957443237305e-01
8.009831130000000243e-01 6.917027235031127930e-01
8.038223119999999833e-01 6.853470206260681152e-01
8.066615670000000238e-01 7.052895426750183105e-01
8.095008780000000348e-01 6.746817827224731445e-01
8.123402459999999881e-01 6.035853028297424316e-01
8.151796700000000229e-01 4.950624406337738037e-01
8.180191500000000282e-01 4.658753573894500732e-01
8.208586860000000041e-01 4.991365075111389160e-01
8.236982790000000332e-01 4.646282792091369629e-01
8.265379269999999501e-01 4.778218567371368408e-01
8.293776320000000313e-01 4.279526174068450928e-01
8.322173940000000547e-01 4.161914885044097900e-01
8.350572109999999659e-01 4.173587262630462646e-01
8.378970850000000414e-01 4.249035716056823730e-01
8.407370149999999764e-01 4.244641959667205811e-01
8.435770009999999930e-01 4.193058013916015625e-01
8.464170429999999801e-01 4.147706627845764160e-01
8.492571420000000204e-01 3.982189595699310303e-01
8.520972970000000313e-01 3.810531497001647949e-01
8.549375080000000127e-01 3.601974546909332275e-01
8.577777749999999646e-01 3.863119482994079590e-01
8.606180989999999698e-01 3.786010146141052246e-01
8.634584789999999455e-01 3.730695843696594238e-01
8.662989150000000027e-01 3.403154313564300537e-01
8.691394070000000305e-01 3.494985699653625488e-01
8.719799560000000005e-01 3.489230573177337646e-01
8.748205610000000521e-01 3.369143009185791016e-01
8.776612219999999631e-01 3.310867547988891602e-01
8.805019389999999557e-01 3.206190764904022217e-01
8.833427130000000016e-01 3.129179477691650391e-01
8.861835430000000180e-01 3.042488098144531250e-01
8.890244290000000049e-01 2.975631654262542725e-01
8.918653709999999624e-01 2.790005207061767578e-01
8.947063699999999731e-01 2.375159412622451782e-01
8.975474239999999826e-01 1.946363300085067749e-01
9.003885350000000454e-01 1.720335930585861206e-01
9.032297030000000504e-01 1.973393112421035767e-01
9.060709260000000542e-01 1.977010518312454224e-01
9.089122060000000003e-01 1.624716222286224365e-01
9.117535420000000279e-01 1.617800891399383545e-01
9.145949340000000261e-01 1.500694900751113892e-01
9.174363819999999947e-01 1.494372636079788208e-01
9.202778870000000166e-01 1.724089235067367554e-01
9.231194480000000091e-01 1.613220572471618652e-01
9.259610649999999721e-01 1.489078402519226074e-01
9.288027380000000166e-01 1.057056784629821777e-01
9.316444680000000034e-01 6.153433769941329956e-02
9.344862539999999607e-01 3.380319476127624512e-02
9.373280959999999995e-01 3.476441279053688049e-02
9.401699940000000089e-01 5.695523694157600403e-02
9.430119489999999605e-01 4.975324124097824097e-02
9.458539599999999936e-01 4.568758606910705566e-02
9.486960269999999973e-01 4.992403462529182434e-02
9.515381499999999715e-01 4.924533888697624207e-02
9.543803299999999989e-01 5.365259200334548950e-02
9.572225659999999969e-01 5.545301735401153564e-02
9.600648579999999654e-01 5.589869245886802673e-02
9.629072060000000155e-01 6.610146164894104004e-02
9.657496110000000078e-01 7.602801918983459473e-02
9.685920709999999989e-01 9.535513818264007568e-02
9.714345880000000433e-01 1.045261025428771973e-01
9.742771620000000299e-01 9.176694601774215698e-02
9.771197910000000153e-01 9.329986572265625000e-02
9.799624770000000540e-01 1.010390296578407288e-01
9.828052189999999522e-01 1.044572964310646057e-01
9.856480170000000429e-01 1.197639852762222290e-01
9.884908709999999932e-01 1.178908795118331909e-01
9.913337819999999967e-01 1.240911036729812622e-01
9.941767489999999707e-01 1.259481161832809448e-01
9.970197720000000263e-01 1.228473111987113953e-01
9.998628510000000524e-01 1.240178048610687256e-01
1.002705986999999910e+00 1.241451501846313477e-01
1.005549178999999960e+00 1.204146593809127808e-01
1.008392426999999980e+00 1.177738308906555176e-01
1.011235730999999971e+00 1.248803809285163879e-01
1.014079092000000015e+00 1.215317472815513611e-01
1.016922509000000030e+00 1.232915595173835754e-01
1.019765982000000015e+00 1.264616996049880981e-01
1.022609510999999971e+00 1.303934156894683838e-01
1.025453096999999980e+00 1.215113699436187744e-01
1.028296738999999960e+00 1.262469887733459473e-01
1.031140436999999910e+00 1.361422538757324219e-01
1.033984191000000052e+00 1.233083829283714294e-01
1.036828002000000026e+00 1.241732835769653320e-01
1.039671868000000110e+00 1.286463290452957153e-01
1.042515791000000025e+00 1.284857243299484253e-01
1.045359770999999993e+00 1.227402538061141968e-01
