3.615872339999999796e-01 1.258307099342346191e+00
3.644177160000000026e-01 1.383755445480346680e+00
3.672482539999999962e-01 1.533589839935302734e+00
3.700788480000000158e-01 1.567056775093078613e+00
3.729094980000000059e-01 1.407869577407836914e+00
3.757402049999999938e-01 1.471568107604980469e+00
3.785709680000000077e-01 1.590005040168762207e+00
3.814017869999999921e-01 1.407478332519531250e+00
3.842326620000000026e-01 1.272024393081665039e+00
3.870635940000000108e-01 1.429899334907531738e+00
3.898945819999999896e-01 1.605746984481811523e+00
3.927256259999999943e-01 1.391131758689880371e+00
3.955567260000000251e-01 1.428038239479064941e+00
3.983878829999999982e-01 1.780703783035278320e+00
4.012190950000000256e-01 2.234979152679443359e+00
4.040503639999999952e-01 2.229449987411499023e+00
4.068816900000000181e-01 2.176810503005981445e+00
4.097130709999999842e-01 2.247072219848632812e+00
4.125445090000000037e-01 2.316313743591308594e+00
4.153760029999999936e-01 2.340954303741455078e+00
4.182075530000000096e-01 2.292606353759765625e+00
4.210391589999999962e-01 2.319423675537109375e+00
4.238708219999999804e-01 2.274140357971191406e+00
4.267025409999999908e-01 2.214662790298461914e+00
4.295343160000000271e-01 1.989676356315612793e+00
4.323661469999999785e-01 2.109704971313476562e+00
4.351980349999999831e-01 2.326145887374877930e+00
4.380299790000000137e-01 2.337526082992553711e+00
4.408619790000000149e-01 2.400324821472167969e+00
4.436940349999999866e-01 2.555089235305786133e+00
4.465261480000000116e-01 2.578117370605468750e+00
4.493583170000000071e-01 2.725522756576538086e+00
4.521905419999999731e-01 2.747162342071533203e+00
4.550228230000000207e-01 2.714429616928100586e+00
4.578551610000000105e-01 2.774595737457275391e+00
4.606875550000000263e-01 2.795052289962768555e+00
4.635200050000000127e-01 2.816812515258789062e+00
4.663525110000000251e-01 2.769714117050170898e+00
4.691850739999999798e-01 2.753695249557495117e+00
4.720176919999999887e-01 2.788991689682006836e+00
4.748503669999999954e-01 2.823177576065063477e+00
4.776830989999999999e-01 2.860887527465820312e+00
4.805158860000000032e-01 2.927003860473632812e+00
4.833487300000000042e-01 2.916289329528808594e+00
4.861816299999999758e-01 2.675713300704956055e+00
4.890145859999999733e-01 2.780797481536865234e+00
4.918475979999999970e-01 2.856214523315429688e+00
4.946806670000000183e-01 2.917364120483398438e+00
4.975137920000000102e-01 2.936579227447509766e+00
5.003469729999999727e-01 2.861423969268798828e+00
5.031802100000000166e-01 2.839208364486694336e+00
5.060135040000000028e-01 2.922313690185546875e+00
5.088468539999999596e-01 2.935711622238159180e+00
5.116802599999999979e-01 2.974752187728881836e+00
5.145137220000000067e-01 2.902462959289550781e+00
5.173472409999999577e-01 2.739124059677124023e+00
5.201808159999999903e-01 2.870541095733642578e+00
5.230144469999999934e-01 2.989048242568969727e+00
5.258481339999999671e-01 2.994144201278686523e+00
5.286818779999999940e-01 3.028751611709594727e+00
5.315156779999999914e-01 3.127686262130737305e+00
5.343495339999999594e-01 3.123163700103759766e+00
5.371834460000000089e-01 3.170508384704589844e+00
5.400174150000000006e-01 3.109591007232666016e+00
5.428514389999999912e-01 3.132861614227294922e+00
5.456855200000000350e-01 3.173866271972656250e+00
5.485196580000000210e-01 3.197573661804199219e+00
5.513538510000000059e-01 3.232885599136352539e+00
5.541881010000000440e-01 3.255342483520507812e+00
5.570224070000000527e-01 3.216505527496337891e+00
5.598567690000000319e-01 3.178532361984252930e+00
5.626911869999999816e-01 3.222965240478515625e+00
5.655256619999999845e-01 3.219014167785644531e+00
5.683601929999999580e-01 3.186286449432373047e+00
5.711947800000000131e-01 3.152014017105102539e+00
5.740294230000000386e-01 3.197883367538452148e+00
5.768641230000000064e-01 3.164003372192382812e+00
5.796988789999999447e-01 3.170609712600708008e+00
5.825336909999999646e-01 3.238476276397705078e+00
5.853685589999999550e-01 3.200682163238525391e+00
5.882034839999999987e-01 2.983475923538208008e+00
5.910384650000000129e-01 2.839525699615478516e+00
5.938735019999999976e-01 2.893158197402954102e+00
5.967085949999999528e-01 2.870276689529418945e+00
5.995437449999999613e-01 2.821620464324951172e+00
6.023789510000000513e-01 2.793564796447753906e+00
6.052142130000000009e-01 2.813296079635620117e+00
6.080495310000000320e-01 2.786319732666015625e+00
6.108849060000000053e-01 2.625460386276245117e+00
6.137203359999999774e-01 2.507645606994628906e+00
6.165558230000000028e-01 2.533729076385498047e+00
6.193913669999999705e-01 2.603738069534301758e+00
6.222269660000000480e-01 2.599428415298461914e+00
6.250626219999999567e-01 2.528004407882690430e+00
6.278983339999999469e-01 2.468237876892089844e+00
6.307341020000000187e-01 2.434798240661621094e+00
6.335699259999999500e-01 2.469794988632202148e+00
6.364058070000000455e-01 2.487224817276000977e+00
6.392417440000000006e-01 2.494572877883911133e+00
6.420777370000000372e-01 2.465709686279296875e+00
6.449137860000000444e-01 2.431149721145629883e+00
6.477498919999999938e-01 2.317025184631347656e+00
6.505860540000000247e-01 2.300543308258056641e+00
6.534222720000000262e-01 2.292339801788330078e+00
6.562585459999999982e-01 2.097983121871948242e+00
6.590948770000000234e-01 2.187312841415405273e+00
6.619312640000000192e-01 2.246634006500244141e+00
6.647677069999999855e-01 2.231963872909545898e+00
6.676042060000000333e-01 2.215678930282592773e+00
6.704407620000000234e-01 2.180712461471557617e+00
6.732773739999999840e-01 2.159497976303100586e+00
6.761140420000000262e-01 2.139971017837524414e+00
6.789507660000000389e-01 2.130487680435180664e+00
6.817875469999999938e-01 2.108309030532836914e+00
6.846243829999999475e-01 2.029685735702514648e+00
6.874612759999999545e-01 1.693464398384094238e+00
6.902982260000000148e-01 1.704026937484741211e+00
6.931352309999999628e-01 1.720920562744140625e+00
6.959722929999999641e-01 1.738500118255615234e+00
6.988094110000000470e-01 1.711334943771362305e+00
7.016465849999999893e-01 1.618075728416442871e+00
7.044838150000000132e-01 1.596574902534484863e+00
7.073211019999999793e-01 1.571462750434875488e+00
7.101584450000000270e-01 1.500974297523498535e+00
7.129958440000000452e-01 1.408640146255493164e+00
7.158332990000000340e-01 1.197363376617431641e+00
7.186708109999999650e-01 8.590984940528869629e-01
7.215083789999999775e-01 8.739287853240966797e-01
7.243460029999999605e-01 7.973144650459289551e-01
7.271836830000000251e-01 7.208527326583862305e-01
7.300214200000000320e-01 6.740545630455017090e-01
7.328592130000000093e-01 6.836307644844055176e-01
7.356970619999999572e-01 6.814702153205871582e-01
7.385349669999999866e-01 6.630765199661254883e-01
7.413729289999999583e-01 6.640069484710693359e-01
7.442109470000000115e-01 6.760531663894653320e-01
7.470490210000000353e-01 6.750335097312927246e-01
7.498871510000000296e-01 6.632611155509948730e-01
7.527253379999999661e-01 6.503151655197143555e-01
7.555635800000000124e-01 6.451933979988098145e-01
7.584018790000000010e-01 5.421050786972045898e-01
7.612402350000000428e-01 2.461626082658767700e-01
7.640786459999999725e-01 2.952849268913269043e-01
7.669171139999999554e-01 4.804542958736419678e-01
7.697556380000000198e-01 5.809316635131835938e-01
7.725942180000000548e-01 6.071569919586181641e-01
7.754328539999999492e-01 6.059492230415344238e-01
7.782715470000000080e-01 6.062269210815429688e-01
7.811102960000000373e-01 6.052717566490173340e-01
7.839491010000000371e-01 6.077986359596252441e-01
7.867879620000000074e-01 6.059313416481018066e-01
7.896268800000000310e-01 5.893790125846862793e-01
7.924658540000000251e-01 5.846234560012817383e-01
7.953048839999999897e-01 5.854569673538208008e-01
7.981439700000000359e-01 5.945025086402893066e-01
8.009831130000000243e-01 5.899715423583984375e-01
8.038223119999999833e-01 5.917857289314270020e-01
8.066615670000000238e-01 6.033160686492919922e-01
8.095008780000000348e-01 5.810953974723815918e-01
8.123402459999999881e-01 5.197572112083435059e-01
8.151796700000000229e-01 4.267995953559875488e-01
8.180191500000000282e-01 4.001441597938537598e-01
8.208586860000000041e-01 4.246173799037933350e-01
8.236982790000000332e-01 3.945130705833435059e-01
8.265379269999999501e-01 4.090786576271057129e-01
8.293776320000000313e-01 3.673553168773651123e-01
8.322173940000000547e-01 3.510738015174865723e-01
8.350572109999999659e-01 3.539018332958221436e-01
8.378970850000000414e-01 3.650237023830413818e-01
8.407370149999999764e-01 3.656514585018157959e-01
8.435770009999999930e-01 3.623796105384826660e-01
8.464170429999999801e-01 3.623681366443634033e-01
8.492571420000000204e-01 3.422256410121917725e-01
8.520972970000000313e-01 3.290328085422515869e-01
8.549375080000000127e-01 3.081921339035034180e-01
8.577777749999999646e-01 3.267136812210083008e-01
8.606180989999999698e-01 3.236137032508850098e-01
8.634584789999999455e-01 3.194325566291809082e-01
8.662989150000000027e-01 2.945960760116577148e-01
8.691394070000000305e-01 2.978338301181793213e-01
8.719799560000000005e-01 2.991212308406829834e-01
8.748205610000000521e-01 2.884238958358764648e-01
8.776612219999999631e-01 2.876498997211456299e-01
8.805019389999999557e-01 2.725202739238739014e-01
8.833427130000000016e-01 2.676480710506439209e-01
8.861835430000000180e-01 2.593075037002563477e-01
8.890244290000000049e-01 2.567544281482696533e-01
8.918653709999999624e-01 2.406028807163238525e-01
8.947063699999999731e-01 2.049365788698196411e-01
8.975474239999999826e-01 1.650277972221374512e-01
9.003885350000000454e-01 1.464259028434753418e-01
9.032297030000000504e-01 1.678477227687835693e-01
9.060709260000000542e-01 1.712471544742584229e-01
9.089122060000000003e-01 1.386090219020843506e-01
9.117535420000000279e-01 1.412841826677322388e-01
9.145949340000000261e-01 1.287496834993362427e-01
9.174363819999999947e-01 1.288098394870758057e-01
9.202778870000000166e-01 1.484639942646026611e-01
9.231194480000000091e-01 1.380024999380111694e-01
9.259610649999999721e-01 1.297386735677719116e-01
9.288027380000000166e-01 9.596143662929534912e-02
9.316444680000000034e-01 4.848584160208702087e-02
9.344862539999999607e-01 3.305030614137649536e-02
9.373280959999999995e-01 3.157132491469383240e-02
9.401699940000000089e-01 5.011472478508949280e-02
9.430119489999999605e-01 4.089232906699180603e-02
9.458539599999999936e-01 4.234224185347557068e-02
9.486960269999999973e-01 4.162733629345893860e-02
9.515381499999999715e-01 4.311671108007431030e-02
9.543803299999999989e-01 4.198091849684715271e-02
9.572225659999999969e-01 4.560962691903114319e-02
9.600648579999999654e-01 4.879102855920791626e-02
9.629072060000000155e-01 5.877727270126342773e-02
9.657496110000000078e-01 6.375400722026824951e-02
9.685920709999999989e-01 8.661281317472457886e-02
9.714345880000000433e-01 8.972558379173278809e-02
9.742771620000000299e-01 8.227412402629852295e-02
9.771197910000000153e-01 8.159177750349044800e-02
9.799624770000000540e-01 8.663820475339889526e-02
9.828052189999999522e-01 9.266022592782974243e-02
9.856480170000000429e-01 1.010118052363395691e-01
9.884908709999999932e-01 1.036582291126251221e-01
9.913337819999999967e-01 1.061300635337829590e-01
9.941767489999999707e-01 1.087149009108543396e-01
9.970197720000000263e-01 1.096326559782028198e-01
9.998628510000000524e-01 1.089941710233688354e-01
1.002705986999999910e+00 1.062822565436363220e-01
1.005549178999999960e+00 1.002757474780082703e-01
1.008392426999999980e+00 1.071782633662223816e-01
1.011235730999999971e+00 1.067659184336662292e-01
1.014079092000000015e+00 1.123794317245483398e-01
1.016922509000000030e+00 1.095627620816230774e-01
1.019765982000000015e+00 1.051457822322845459e-01
1.022609510999999971e+00 1.059212833642959595e-01
1.025453096999999980e+00 1.103547289967536926e-01
1.028296738999999960e+00 1.023571342229843140e-01
1.031140436999999910e+00 9.851507097482681274e-02
1.033984191000000052e+00 1.120528355240821838e-01
1.036828002000000026e+00 1.051414012908935547e-01
1.039671868000000110e+00 1.022131219506263733e-01
1.042515791000000025e+00 1.057787165045738220e-01
1.045359770999999993e+00 1.036422327160835266e-01
