3.615872339999999796e-01 1.288710236549377441e+00
3.644177160000000026e-01 1.462306857109069824e+00
3.672482539999999962e-01 1.543859720230102539e+00
3.700788480000000158e-01 1.597072601318359375e+00
3.729094980000000059e-01 1.399750590324401855e+00
3.757402049999999938e-01 1.523584485054016113e+00
3.785709680000000077e-01 1.668308258056640625e+00
3.814017869999999921e-01 1.412679076194763184e+00
3.842326620000000026e-01 1.308353662490844727e+00
3.870635940000000108e-01 1.411945700645446777e+00
3.898945819999999896e-01 1.617365121841430664e+00
3.927256259999999943e-01 1.416863799095153809e+00
3.955567260000000251e-01 1.448702812194824219e+00
3.983878829999999982e-01 1.810304641723632812e+00
4.012190950000000256e-01 2.245524168014526367e+00
4.040503639999999952e-01 2.261720180511474609e+00
4.068816900000000181e-01 2.226505756378173828e+00
4.097130709999999842e-01 2.252223253250122070e+00
4.125445090000000037e-01 2.352195024490356445e+00
4.153760029999999936e-01 2.352337598800659180e+00
4.182075530000000096e-01 2.303829669952392578e+00
4.210391589999999962e-01 2.317287683486938477e+00
4.238708219999999804e-01 2.284085512161254883e+00
4.267025409999999908e-01 2.228515625000000000e+00
4.295343160000000271e-01 2.019183397293090820e+00
4.323661469999999785e-01 2.151672840118408203e+00
4.351980349999999831e-01 2.351138591766357422e+00
4.380299790000000137e-01 2.383009195327758789e+00
4.408619790000000149e-01 2.466810703277587891e+00
4.436940349999999866e-01 2.590663433074951172e+00
4.465261480000000116e-01 2.627139091491699219e+00
4.493583170000000071e-01 2.777555227279663086e+00
4.521905419999999731e-01 2.784554243087768555e+00
4.550228230000000207e-01 2.761854171752929688e+00
4.578551610000000105e-01 2.810939550399780273e+00
4.606875550000000263e-01 2.844888925552368164e+00
4.635200050000000127e-01 2.855606794357299805e+00
4.663525110000000251e-01 2.787121057510375977e+00
4.691850739999999798e-01 2.796757698059082031e+00
4.720176919999999887e-01 2.841696739196777344e+00
4.748503669999999954e-01 2.876059055328369141e+00
4.776830989999999999e-01 2.893581867218017578e+00
4.805158860000000032e-01 2.968257188796997070e+00
4.833487300000000042e-01 2.928842067718505859e+00
4.861816299999999758e-01 2.695837974548339844e+00
4.890145859999999733e-01 2.824123144149780273e+00
4.918475979999999970e-01 2.893999814987182617e+00
4.946806670000000183e-01 2.947829246520996094e+00
4.975137920000000102e-01 2.963599205017089844e+00
5.003469729999999727e-01 2.895034790039062500e+00
5.031802100000000166e-01 2.879698276519775391e+00
5.060135040000000028e-01 2.946477413177490234e+00
5.088468539999999596e-01 2.973041057586669922e+00
5.116802599999999979e-01 2.997365951538085938e+00
5.145137220000000067e-01 2.934382200241088867e+00
5.173472409999999577e-01 2.774836778640747070e+00
5.201808159999999903e-01 2.894952774047851562e+00
5.230144469999999934e-01 3.025420904159545898e+00
5.258481339999999671e-01 3.022681474685668945e+00
5.286818779999999940e-01 3.069611072540283203e+00
5.315156779999999914e-01 3.166593790054321289e+00
5.343495339999999594e-01 3.157580375671386719e+00
5.371834460000000089e-01 3.191674947738647461e+00
5.400174150000000006e-01 3.133397102355957031e+00
5.428514389999999912e-01 3.152351856231689453e+00
5.456855200000000350e-01 3.214721918106079102e+00
5.485196580000000210e-01 3.218813896179199219e+00
5.513538510000000059e-01 3.246372461318969727e+00
5.541881010000000440e-01 3.278937339782714844e+00
5.570224070000000527e-01 3.242692232131958008e+00
5.598567690000000319e-01 3.195938110351562500e+00
5.626911869999999816e-01 3.244380235671997070e+00
5.655256619999999845e-01 3.237876176834106445e+00
5.683601929999999580e-01 3.205753087997436523e+00
5.711947800000000131e-01 3.179859876632690430e+00
5.740294230000000386e-01 3.213366746902465820e+00
5.768641230000000064e-01 3.183779239654541016e+00
5.796988789999999447e-01 3.199161767959594727e+00
5.825336909999999646e-01 3.258026361465454102e+00
5.853685589999999550e-01 3.217687845230102539e+00
5.882034839999999987e-01 2.998402833938598633e+00
5.910384650000000129e-01 2.867742776870727539e+00
5.938735019999999976e-01 2.912818670272827148e+00
5.967085949999999528e-01 2.903752088546752930e+00
5.995437449999999613e-01 2.846399545669555664e+00
6.023789510000000513e-01 2.804338693618774414e+00
6.052142130000000009e-01 2.816695451736450195e+00
6.080495310000000320e-01 2.768934249877929688e+00
6.108849060000000053e-01 2.679724693298339844e+00
6.137203359999999774e-01 2.581959724426269531e+00
6.165558230000000028e-01 2.574226617813110352e+00
6.193913669999999705e-01 2.629880666732788086e+00
6.222269660000000480e-01 2.618175745010375977e+00
6.250626219999999567e-01 2.553036212921142578e+00
6.278983339999999469e-01 2.489058494567871094e+00
6.307341020000000187e-01 2.463961124420166016e+00
6.335699259999999500e-01 2.495233535766601562e+00
6.364058070000000455e-01 2.522109270095825195e+00
6.392417440000000006e-01 2.520853757858276367e+00
6.420777370000000372e-01 2.501345396041870117e+00
6.449137860000000444e-01 2.448437452316284180e+00
6.477498919999999938e-01 2.344328641891479492e+00
6.505860540000000247e-01 2.335902214050292969e+00
6.534222720000000262e-01 2.320188999176025391e+00
6.562585459999999982e-01 2.122034311294555664e+00
6.590948770000000234e-01 2.229655265808105469e+00
6.619312640000000192e-01 2.275391578674316406e+00
6.647677069999999855e-01 2.257950544357299805e+00
6.676042060000000333e-01 2.242163181304931641e+00
6.704407620000000234e-01 2.212811231613159180e+00
6.732773739999999840e-01 2.192321777343750000e+00
6.761140420000000262e-01 2.178420543670654297e+00
6.789507660000000389e-01 2.159428358078002930e+00
6.817875469999999938e-01 2.134255647659301758e+00
6.846243829999999475e-01 2.047048330307006836e+00
6.874612759999999545e-01 1.715915918350219727e+00
6.902982260000000148e-01 1.727579712867736816e+00
6.931352309999999628e-01 1.749374151229858398e+00
6.959722929999999641e-01 1.763696551322937012e+00
6.988094110000000470e-01 1.735645413398742676e+00
7.016465849999999893e-01 1.627399921417236328e+00
7.044838150000000132e-01 1.625222325325012207e+00
7.073211019999999793e-01 1.594557523727416992e+00
7.101584450000000270e-01 1.526820421218872070e+00
7.129958440000000452e-01 1.435427784919738770e+00
7.158332990000000340e-01 1.205039501190185547e+00
7.186708109999999650e-01 8.756273984909057617e-01
7.215083789999999775e-01 9.005832672119140625e-01
7.243460029999999605e-01 8.193510174751281738e-01
7.271836830000000251e-01 7.424212098121643066e-01
7.300214200000000320e-01 6.937955021858215332e-01
7.328592130000000093e-01 7.089052200317382812e-01
7.356970619999999572e-01 7.089438438415527344e-01
7.385349669999999866e-01 6.837838888168334961e-01
7.413729289999999583e-01 6.872028112411499023e-01
7.442109470000000115e-01 6.944115161895751953e-01
7.470490210000000353e-01 6.967041492462158203e-01
7.498871510000000296e-01 6.865560412406921387e-01
7.527253379999999661e-01 6.774367094039916992e-01
7.555635800000000124e-01 6.731076240539550781e-01
7.584018790000000010e-01 5.494303107261657715e-01
7.612402350000000428e-01 2.622025012969970703e-01
7.640786459999999725e-01 3.157671093940734863e-01
7.669171139999999554e-01 4.995864927768707275e-01
7.697556380000000198e-01 6.092367768287658691e-01
7.725942180000000548e-01 6.320125460624694824e-01
7.754328539999999492e-01 6.282955408096313477e-01
7.782715470000000080e-01 6.315953135490417480e-01
7.811102960000000373e-01 6.333757638931274414e-01
7.839491010000000371e-01 6.365949511528015137e-01
7.867879620000000074e-01 6.194576025009155273e-01
7.896268800000000310e-01 6.089046597480773926e-01
7.924658540000000251e-01 6.052457094192504883e-01
7.953048839999999897e-01 6.118358969688415527e-01
7.981439700000000359e-01 6.125428080558776855e-01
8.009831130000000243e-01 6.147503256797790527e-01
8.038223119999999833e-01 6.108109951019287109e-01
8.066615670000000238e-01 6.201829910278320312e-01
8.095008780000000348e-01 5.937903523445129395e-01
8.123402459999999881e-01 5.351150631904602051e-01
8.151796700000000229e-01 4.358865618705749512e-01
8.180191500000000282e-01 4.150595068931579590e-01
8.208586860000000041e-01 4.437719285488128662e-01
8.236982790000000332e-01 4.112250208854675293e-01
8.265379269999999501e-01 4.232301712036132812e-01
8.293776320000000313e-01 3.769062161445617676e-01
8.322173940000000547e-01 3.680750429630279541e-01
8.350572109999999659e-01 3.751933574676513672e-01
8.378970850000000414e-01 3.825825750827789307e-01
8.407370149999999764e-01 3.829129636287689209e-01
8.435770009999999930e-01 3.822790980339050293e-01
8.464170429999999801e-01 3.782014548778533936e-01
8.492571420000000204e-01 3.614660203456878662e-01
8.520972970000000313e-01 3.497030436992645264e-01
8.549375080000000127e-01 3.267056345939636230e-01
8.577777749999999646e-01 3.506575524806976318e-01
8.606180989999999698e-01 3.434430360794067383e-01
8.634584789999999455e-01 3.368368148803710938e-01
8.662989150000000027e-01 3.060486018657684326e-01
8.691394070000000305e-01 3.188667595386505127e-01
8.719799560000000005e-01 3.195418119430541992e-01
8.748205610000000521e-01 3.092207312583923340e-01
8.776612219999999631e-01 2.999550402164459229e-01
8.805019389999999557e-01 2.924083769321441650e-01
8.833427130000000016e-01 2.850382626056671143e-01
8.861835430000000180e-01 2.780324816703796387e-01
8.890244290000000049e-01 2.689813971519470215e-01
8.918653709999999624e-01 2.576083838939666748e-01
8.947063699999999731e-01 2.185583561658859253e-01
8.975474239999999826e-01 1.743393242359161377e-01
9.003885350000000454e-01 1.564912796020507812e-01
9.032297030000000504e-01 1.828169375658035278e-01
9.060709260000000542e-01 1.821026057004928589e-01
9.089122060000000003e-01 1.487415134906768799e-01
9.117535420000000279e-01 1.472656279802322388e-01
9.145949340000000261e-01 1.393768638372421265e-01
9.174363819999999947e-01 1.387819051742553711e-01
9.202778870000000166e-01 1.572694331407546997e-01
9.231194480000000091e-01 1.547672301530838013e-01
9.259610649999999721e-01 1.394550502300262451e-01
9.288027380000000166e-01 9.985719621181488037e-02
9.316444680000000034e-01 5.348334461450576782e-02
9.344862539999999607e-01 3.034516423940658569e-02
9.373280959999999995e-01 2.971701323986053467e-02
9.401699940000000089e-01 5.238942429423332214e-02
9.430119489999999605e-01 4.814544692635536194e-02
9.458539599999999936e-01 4.473579674959182739e-02
9.486960269999999973e-01 4.455105587840080261e-02
9.515381499999999715e-01 4.524582251906394958e-02
9.543803299999999989e-01 4.833978042006492615e-02
9.572225659999999969e-01 4.841540008783340454e-02
9.600648579999999654e-01 5.034029483795166016e-02
9.629072060000000155e-01 6.435135751962661743e-02
9.657496110000000078e-01 6.968925893306732178e-02
9.685920709999999989e-01 9.253637492656707764e-02
9.714345880000000433e-01 9.690018743276596069e-02
9.742771620000000299e-01 8.323670923709869385e-02
9.771197910000000153e-01 8.731138706207275391e-02
9.799624770000000540e-01 9.628693014383316040e-02
9.828052189999999522e-01 1.076920852065086365e-01
9.856480170000000429e-01 1.117437854409217834e-01
9.884908709999999932e-01 1.122472360730171204e-01
9.913337819999999967e-01 1.157564148306846619e-01
9.941767489999999707e-01 1.193402260541915894e-01
9.970197720000000263e-01 1.188939735293388367e-01
9.998628510000000524e-01 1.150780543684959412e-01
1.002705986999999910e+00 1.147125214338302612e-01
1.005549178999999960e+00 1.119239926338195801e-01
1.008392426999999980e+00 1.175065413117408752e-01
1.011235730999999971e+00 1.183950975537300110e-01
1.014079092000000015e+00 1.132239103317260742e-01
1.016922509000000030e+00 1.151512563228607178e-01
1.019765982000000015e+00 1.191544160246849060e-01
1.022609510999999971e+00 1.161646097898483276e-01
1.025453096999999980e+00 1.120852306485176086e-01
1.028296738999999960e+00 1.262764334678649902e-01
1.031140436999999910e+00 1.144078671932220459e-01
1.033984191000000052e+00 1.206924319267272949e-01
1.036828002000000026e+00 1.184305399656295776e-01
1.039671868000000110e+00 1.297087520360946655e-01
1.042515791000000025e+00 1.194133162498474121e-01
1.045359770999999993e+00 1.175824478268623352e-01
