3.615872339999999796e-01 1.301847100257873535e+00
3.644177160000000026e-01 1.459249258041381836e+00
3.672482539999999962e-01 1.556566238403320312e+00
3.700788480000000158e-01 1.585285782814025879e+00
3.729094980000000059e-01 1.428479552268981934e+00
3.757402049999999938e-01 1.469403743743896484e+00
3.785709680000000077e-01 1.648429632186889648e+00
3.814017869999999921e-01 1.433243274688720703e+00
3.842326620000000026e-01 1.306571722030639648e+00
3.870635940000000108e-01 1.430039763450622559e+00
3.898945819999999896e-01 1.637713551521301270e+00
3.927256259999999943e-01 1.428011775016784668e+00
3.955567260000000251e-01 1.459025979042053223e+00
3.983878829999999982e-01 1.829733252525329590e+00
4.012190950000000256e-01 2.256490945816040039e+00
4.040503639999999952e-01 2.294750452041625977e+00
4.068816900000000181e-01 2.223699808120727539e+00
4.097130709999999842e-01 2.285289287567138672e+00
4.125445090000000037e-01 2.361103057861328125e+00
4.153760029999999936e-01 2.375617742538452148e+00
4.182075530000000096e-01 2.308206558227539062e+00
4.210391589999999962e-01 2.318904876708984375e+00
4.238708219999999804e-01 2.300652265548706055e+00
4.267025409999999908e-01 2.255751609802246094e+00
4.295343160000000271e-01 2.029632329940795898e+00
4.323661469999999785e-01 2.163911342620849609e+00
4.351980349999999831e-01 2.376371622085571289e+00
4.380299790000000137e-01 2.398900032043457031e+00
4.408619790000000149e-01 2.494357109069824219e+00
4.436940349999999866e-01 2.615895748138427734e+00
4.465261480000000116e-01 2.629935979843139648e+00
4.493583170000000071e-01 2.778891563415527344e+00
4.521905419999999731e-01 2.810083627700805664e+00
4.550228230000000207e-01 2.770379543304443359e+00
4.578551610000000105e-01 2.838259935379028320e+00
4.606875550000000263e-01 2.853499650955200195e+00
4.635200050000000127e-01 2.880953550338745117e+00
4.663525110000000251e-01 2.829102039337158203e+00
4.691850739999999798e-01 2.810292720794677734e+00
4.720176919999999887e-01 2.862401723861694336e+00
4.748503669999999954e-01 2.893456935882568359e+00
4.776830989999999999e-01 2.932033538818359375e+00
4.805158860000000032e-01 2.994602918624877930e+00
4.833487300000000042e-01 2.980667114257812500e+00
4.861816299999999758e-01 2.736077070236206055e+00
4.890145859999999733e-01 2.855975627899169922e+00
4.918475979999999970e-01 2.919867515563964844e+00
4.946806670000000183e-01 2.994239568710327148e+00
4.975137920000000102e-01 3.019628763198852539e+00
5.003469729999999727e-01 2.926140069961547852e+00
5.031802100000000166e-01 2.914597988128662109e+00
5.060135040000000028e-01 3.003190994262695312e+00
5.088468539999999596e-01 3.016000032424926758e+00
5.116802599999999979e-01 3.044342279434204102e+00
5.145137220000000067e-01 2.983653306961059570e+00
5.173472409999999577e-01 2.818400144577026367e+00
5.201808159999999903e-01 2.946480512619018555e+00
5.230144469999999934e-01 3.093580007553100586e+00
5.258481339999999671e-01 3.098110437393188477e+00
5.286818779999999940e-01 3.126341581344604492e+00
5.315156779999999914e-01 3.238721609115600586e+00
5.343495339999999594e-01 3.227080345153808594e+00
5.371834460000000089e-01 3.257972717285156250e+00
5.400174150000000006e-01 3.201023578643798828e+00
5.428514389999999912e-01 3.238257884979248047e+00
5.456855200000000350e-01 3.296376466751098633e+00
5.485196580000000210e-01 3.298298120498657227e+00
5.513538510000000059e-01 3.331535100936889648e+00
5.541881010000000440e-01 3.358118295669555664e+00
5.570224070000000527e-01 3.323792457580566406e+00
5.598567690000000319e-01 3.276878118515014648e+00
5.626911869999999816e-01 3.326563596725463867e+00
5.655256619999999845e-01 3.321795225143432617e+00
5.683601929999999580e-01 3.287658214569091797e+00
5.711947800000000131e-01 3.250619888305664062e+00
5.740294230000000386e-01 3.308123111724853516e+00
5.768641230000000064e-01 3.275759935379028320e+00
5.796988789999999447e-01 3.282808303833007812e+00
5.825336909999999646e-01 3.350442886352539062e+00
5.853685589999999550e-01 3.314205408096313477e+00
5.882034839999999987e-01 3.089826583862304688e+00
5.910384650000000129e-01 2.954803943634033203e+00
5.938735019999999976e-01 3.007061243057250977e+00
5.967085949999999528e-01 2.994987010955810547e+00
5.995437449999999613e-01 2.954163074493408203e+00
6.023789510000000513e-01 2.917382240295410156e+00
6.052142130000000009e-01 2.945326328277587891e+00
6.080495310000000320e-01 2.898576021194458008e+00
6.108849060000000053e-01 2.789468765258789062e+00
6.137203359999999774e-01 2.674812078475952148e+00
6.165558230000000028e-01 2.673628091812133789e+00
6.193913669999999705e-01 2.738153934478759766e+00
6.222269660000000480e-01 2.737097740173339844e+00
6.250626219999999567e-01 2.668226242065429688e+00
6.278983339999999469e-01 2.599784374237060547e+00
6.307341020000000187e-01 2.585661649703979492e+00
6.335699259999999500e-01 2.607151269912719727e+00
6.364058070000000455e-01 2.633864879608154297e+00
6.392417440000000006e-01 2.635917186737060547e+00
6.420777370000000372e-01 2.612131357192993164e+00
6.449137860000000444e-01 2.583194494247436523e+00
6.477498919999999938e-01 2.460148572921752930e+00
6.505860540000000247e-01 2.440762042999267578e+00
6.534222720000000262e-01 2.444527149200439453e+00
6.562585459999999982e-01 2.234027385711669922e+00
6.590948770000000234e-01 2.337459087371826172e+00
6.619312640000000192e-01 2.401308059692382812e+00
6.647677069999999855e-01 2.374282121658325195e+00
6.676042060000000333e-01 2.358350753784179688e+00
6.704407620000000234e-01 2.327168464660644531e+00
6.732773739999999840e-01 2.302496433258056641e+00
6.761140420000000262e-01 2.293480157852172852e+00
6.789507660000000389e-01 2.274394512176513672e+00
6.817875469999999938e-01 2.256598711013793945e+00
6.846243829999999475e-01 2.176244497299194336e+00
6.874612759999999545e-01 1.812176704406738281e+00
6.902982260000000148e-01 1.836200118064880371e+00
6.931352309999999628e-01 1.870820164680480957e+00
6.959722929999999641e-01 1.883069872856140137e+00
6.988094110000000470e-01 1.859481692314147949e+00
7.016465849999999893e-01 1.750740647315979004e+00
7.044838150000000132e-01 1.748999357223510742e+00
7.073211019999999793e-01 1.712946414947509766e+00
7.101584450000000270e-01 1.650110244750976562e+00
7.129958440000000452e-01 1.552763938903808594e+00
7.158332990000000340e-01 1.317760109901428223e+00
7.186708109999999650e-01 9.479757547378540039e-01
7.215083789999999775e-01 9.731569290161132812e-01
7.243460029999999605e-01 8.907637000083923340e-01
7.271836830000000251e-01 8.082011938095092773e-01
7.300214200000000320e-01 7.466498017311096191e-01
7.328592130000000093e-01 7.631360888481140137e-01
7.356970619999999572e-01 7.609314322471618652e-01
7.385349669999999866e-01 7.388927340507507324e-01
7.413729289999999583e-01 7.390033602714538574e-01
7.442109470000000115e-01 7.518168687820434570e-01
7.470490210000000353e-01 7.516935467720031738e-01
7.498871510000000296e-01 7.387091517448425293e-01
7.527253379999999661e-01 7.341507077217102051e-01
7.555635800000000124e-01 7.380787134170532227e-01
7.584018790000000010e-01 6.217926740646362305e-01
7.612402350000000428e-01 2.845793664455413818e-01
7.640786459999999725e-01 3.236513137817382812e-01
7.669171139999999554e-01 5.322957634925842285e-01
7.697556380000000198e-01 6.627337336540222168e-01
7.725942180000000548e-01 6.848087906837463379e-01
7.754328539999999492e-01 6.873856782913208008e-01
7.782715470000000080e-01 6.906848549842834473e-01
7.811102960000000373e-01 6.901646256446838379e-01
7.839491010000000371e-01 6.914526224136352539e-01
7.867879620000000074e-01 6.931024789810180664e-01
7.896268800000000310e-01 6.666603684425354004e-01
7.924658540000000251e-01 6.609757542610168457e-01
7.953048839999999897e-01 6.699150800704956055e-01
7.981439700000000359e-01 6.793165802955627441e-01
8.009831130000000243e-01 6.677860617637634277e-01
8.038223119999999833e-01 6.707565784454345703e-01
8.066615670000000238e-01 6.888259649276733398e-01
8.095008780000000348e-01 6.637297272682189941e-01
8.123402459999999881e-01 5.983423590660095215e-01
8.151796700000000229e-01 4.863328039646148682e-01
8.180191500000000282e-01 4.490066170692443848e-01
8.208586860000000041e-01 4.896529018878936768e-01
8.236982790000000332e-01 4.475690722465515137e-01
8.265379269999999501e-01 4.630326330661773682e-01
8.293776320000000313e-01 4.151377081871032715e-01
8.322173940000000547e-01 3.930322527885437012e-01
8.350572109999999659e-01 4.026359915733337402e-01
8.378970850000000414e-01 4.078958034515380859e-01
8.407370149999999764e-01 4.125623106956481934e-01
8.435770009999999930e-01 4.080866277217864990e-01
8.464170429999999801e-01 4.048707783222198486e-01
8.492571420000000204e-01 3.827968537807464600e-01
8.520972970000000313e-01 3.747569024562835693e-01
8.549375080000000127e-01 3.452089130878448486e-01
8.577777749999999646e-01 3.682779371738433838e-01
8.606180989999999698e-01 3.634435832500457764e-01
8.634584789999999455e-01 3.600161373615264893e-01
8.662989150000000027e-01 3.274590075016021729e-01
8.691394070000000305e-01 3.384581506252288818e-01
8.719799560000000005e-01 3.329188525676727295e-01
8.748205610000000521e-01 3.204304873943328857e-01
8.776612219999999631e-01 3.180403709411621094e-01
8.805019389999999557e-01 3.043639659881591797e-01
8.833427130000000016e-01 2.969885468482971191e-01
8.861835430000000180e-01 2.849937379360198975e-01
8.890244290000000049e-01 2.825099527835845947e-01
8.918653709999999624e-01 2.728962600231170654e-01
8.947063699999999731e-01 2.331578284502029419e-01
8.975474239999999826e-01 1.911248415708541870e-01
9.003885350000000454e-01 1.636759191751480103e-01
9.032297030000000504e-01 1.863574683666229248e-01
9.060709260000000542e-01 1.927855312824249268e-01
9.089122060000000003e-01 1.531832963228225708e-01
9.117535420000000279e-01 1.564731895923614502e-01
9.145949340000000261e-01 1.396517753601074219e-01
9.174363819999999947e-01 1.370917558670043945e-01
9.202778870000000166e-01 1.595107913017272949e-01
9.231194480000000091e-01 1.576248109340667725e-01
9.259610649999999721e-01 1.484403014183044434e-01
9.288027380000000166e-01 1.120137423276901245e-01
9.316444680000000034e-01 6.385621428489685059e-02
9.344862539999999607e-01 3.094897046685218811e-02
9.373280959999999995e-01 2.903090417385101318e-02
9.401699940000000089e-01 5.581373721361160278e-02
9.430119489999999605e-01 4.373081028461456299e-02
9.458539599999999936e-01 4.047739878296852112e-02
9.486960269999999973e-01 4.123633354902267456e-02
9.515381499999999715e-01 4.491852223873138428e-02
9.543803299999999989e-01 4.135589674115180969e-02
9.572225659999999969e-01 5.259381979703903198e-02
9.600648579999999654e-01 4.601136595010757446e-02
9.629072060000000155e-01 5.679887533187866211e-02
9.657496110000000078e-01 5.597260594367980957e-02
9.685920709999999989e-01 8.154680579900741577e-02
9.714345880000000433e-01 9.401851892471313477e-02
9.742771620000000299e-01 8.279242366552352905e-02
9.771197910000000153e-01 8.091834187507629395e-02
9.799624770000000540e-01 8.734572678804397583e-02
9.828052189999999522e-01 9.221899509429931641e-02
9.856480170000000429e-01 1.000999286770820618e-01
9.884908709999999932e-01 1.109397634863853455e-01
9.913337819999999967e-01 1.088719740509986877e-01
9.941767489999999707e-01 1.134827882051467896e-01
9.970197720000000263e-01 1.146853640675544739e-01
9.998628510000000524e-01 1.167400106787681580e-01
1.002705986999999910e+00 1.099067702889442444e-01
1.005549178999999960e+00 1.041963174939155579e-01
1.008392426999999980e+00 1.090657263994216919e-01
1.011235730999999971e+00 1.107533052563667297e-01
1.014079092000000015e+00 1.085844486951828003e-01
1.016922509000000030e+00 1.092491075396537781e-01
1.019765982000000015e+00 1.133711487054824829e-01
1.022609510999999971e+00 1.196773052215576172e-01
1.025453096999999980e+00 1.093540862202644348e-01
1.028296738999999960e+00 1.140842884778976440e-01
1.031140436999999910e+00 1.136526018381118774e-01
1.033984191000000052e+00 1.148070320487022400e-01
1.036828002000000026e+00 1.140870153903961182e-01
1.039671868000000110e+00 1.115152686834335327e-01
1.042515791000000025e+00 1.232276186347007751e-01
1.045359770999999993e+00 1.107190698385238647e-01
