3.615872339999999796e-01 1.317049860954284668e+00
3.644177160000000026e-01 1.489302515983581543e+00
3.672482539999999962e-01 1.652364850044250488e+00
3.700788480000000158e-01 1.592571973800659180e+00
3.729094980000000059e-01 1.397768020629882812e+00
3.757402049999999938e-01 1.511012315750122070e+00
3.785709680000000077e-01 1.643067955970764160e+00
3.814017869999999921e-01 1.415892601013183594e+00
3.842326620000000026e-01 1.312933564186096191e+00
3.870635940000000108e-01 1.442215085029602051e+00
3.898945819999999896e-01 1.618430137634277344e+00
3.927256259999999943e-01 1.433360815048217773e+00
3.955567260000000251e-01 1.440161943435668945e+00
3.983878829999999982e-01 1.820485711097717285e+00
4.012190950000000256e-01 2.233153820037841797e+00
4.040503639999999952e-01 2.240161657333374023e+00
4.068816900000000181e-01 2.192435264587402344e+00
4.097130709999999842e-01 2.258883476257324219e+00
4.125445090000000037e-01 2.353568553924560547e+00
4.153760029999999936e-01 2.370799541473388672e+00
4.182075530000000096e-01 2.281517267227172852e+00
4.210391589999999962e-01 2.308760404586791992e+00
4.238708219999999804e-01 2.274062633514404297e+00
4.267025409999999908e-01 2.227155208587646484e+00
4.295343160000000271e-01 1.994146227836608887e+00
4.323661469999999785e-01 2.159091472625732422e+00
4.351980349999999831e-01 2.338991165161132812e+00
4.380299790000000137e-01 2.373056411743164062e+00
4.408619790000000149e-01 2.453484535217285156e+00
4.436940349999999866e-01 2.605990648269653320e+00
4.465261480000000116e-01 2.602352619171142578e+00
4.493583170000000071e-01 2.743545532226562500e+00
4.521905419999999731e-01 2.774920463562011719e+00
4.550228230000000207e-01 2.749097108840942383e+00
4.578551610000000105e-01 2.809948205947875977e+00
4.606875550000000263e-01 2.831089258193969727e+00
4.635200050000000127e-01 2.847831964492797852e+00
4.663525110000000251e-01 2.783804893493652344e+00
4.691850739999999798e-01 2.780943393707275391e+00
4.720176919999999887e-01 2.805100440979003906e+00
4.748503669999999954e-01 2.862783432006835938e+00
4.776830989999999999e-01 2.892966747283935547e+00
4.805158860000000032e-01 2.961462497711181641e+00
4.833487300000000042e-01 2.915710210800170898e+00
4.861816299999999758e-01 2.690595865249633789e+00
4.890145859999999733e-01 2.814991950988769531e+00
4.918475979999999970e-01 2.866389989852905273e+00
4.946806670000000183e-01 2.945901393890380859e+00
4.975137920000000102e-01 2.943195819854736328e+00
5.003469729999999727e-01 2.876448869705200195e+00
5.031802100000000166e-01 2.857710838317871094e+00
5.060135040000000028e-01 2.947710514068603516e+00
5.088468539999999596e-01 2.958107233047485352e+00
5.116802599999999979e-01 2.989859819412231445e+00
5.145137220000000067e-01 2.915795087814331055e+00
5.173472409999999577e-01 2.760618686676025391e+00
5.201808159999999903e-01 2.879442453384399414e+00
5.230144469999999934e-01 3.021311759948730469e+00
5.258481339999999671e-01 3.022506475448608398e+00
5.286818779999999940e-01 3.054329872131347656e+00
5.315156779999999914e-01 3.147056818008422852e+00
5.343495339999999594e-01 3.161492824554443359e+00
5.371834460000000089e-01 3.189776897430419922e+00
5.400174150000000006e-01 3.134621620178222656e+00
5.428514389999999912e-01 3.154229879379272461e+00
5.456855200000000350e-01 3.203557252883911133e+00
5.485196580000000210e-01 3.222414493560791016e+00
5.513538510000000059e-01 3.251756668090820312e+00
5.541881010000000440e-01 3.276205778121948242e+00
5.570224070000000527e-01 3.238504886627197266e+00
5.598567690000000319e-01 3.189947366714477539e+00
5.626911869999999816e-01 3.247810363769531250e+00
5.655256619999999845e-01 3.228036880493164062e+00
5.683601929999999580e-01 3.200476884841918945e+00
5.711947800000000131e-01 3.175724744796752930e+00
5.740294230000000386e-01 3.218597888946533203e+00
5.768641230000000064e-01 3.181589841842651367e+00
5.796988789999999447e-01 3.195950984954833984e+00
5.825336909999999646e-01 3.260716199874877930e+00
5.853685589999999550e-01 3.214106082916259766e+00
5.882034839999999987e-01 2.994861125946044922e+00
5.910384650000000129e-01 2.867055416107177734e+00
5.938735019999999976e-01 2.914218425750732422e+00
5.967085949999999528e-01 2.896589994430541992e+00
5.995437449999999613e-01 2.852633714675903320e+00
6.023789510000000513e-01 2.805599451065063477e+00
6.052142130000000009e-01 2.819060087203979492e+00
6.080495310000000320e-01 2.771306991577148438e+00
6.108849060000000053e-01 2.656757831573486328e+00
6.137203359999999774e-01 2.589301586151123047e+00
6.165558230000000028e-01 2.567658901214599609e+00
6.193913669999999705e-01 2.641109943389892578e+00
6.222269660000000480e-01 2.631934404373168945e+00
6.250626219999999567e-01 2.547140121459960938e+00
6.278983339999999469e-01 2.486999034881591797e+00
6.307341020000000187e-01 2.471012592315673828e+00
6.335699259999999500e-01 2.489043712615966797e+00
6.364058070000000455e-01 2.520250082015991211e+00
6.392417440000000006e-01 2.524785280227661133e+00
6.420777370000000372e-01 2.496105432510375977e+00
6.449137860000000444e-01 2.457384586334228516e+00
6.477498919999999938e-01 2.341293811798095703e+00
6.505860540000000247e-01 2.321982383728027344e+00
6.534222720000000262e-01 2.318049192428588867e+00
6.562585459999999982e-01 2.125650167465209961e+00
6.590948770000000234e-01 2.220363616943359375e+00
6.619312640000000192e-01 2.271286725997924805e+00
6.647677069999999855e-01 2.254699945449829102e+00
6.676042060000000333e-01 2.243391275405883789e+00
6.704407620000000234e-01 2.212241888046264648e+00
6.732773739999999840e-01 2.192528009414672852e+00
6.761140420000000262e-01 2.177188396453857422e+00
6.789507660000000389e-01 2.162866830825805664e+00
6.817875469999999938e-01 2.135903358459472656e+00
6.846243829999999475e-01 2.051489114761352539e+00
6.874612759999999545e-01 1.713929414749145508e+00
6.902982260000000148e-01 1.719682812690734863e+00
6.931352309999999628e-01 1.750959873199462891e+00
6.959722929999999641e-01 1.761548638343811035e+00
6.988094110000000470e-01 1.735046625137329102e+00
7.016465849999999893e-01 1.631342649459838867e+00
7.044838150000000132e-01 1.618203163146972656e+00
7.073211019999999793e-01 1.584362387657165527e+00
7.101584450000000270e-01 1.516973137855529785e+00
7.129958440000000452e-01 1.414522171020507812e+00
7.158332990000000340e-01 1.196622252464294434e+00
7.186708109999999650e-01 8.726985454559326172e-01
7.215083789999999775e-01 8.872736096382141113e-01
7.243460029999999605e-01 8.111862540245056152e-01
7.271836830000000251e-01 7.312259674072265625e-01
7.300214200000000320e-01 6.809259653091430664e-01
7.328592130000000093e-01 6.966301202774047852e-01
7.356970619999999572e-01 6.916458606719970703e-01
7.385349669999999866e-01 6.699989438056945801e-01
7.413729289999999583e-01 6.705693006515502930e-01
7.442109470000000115e-01 6.868845820426940918e-01
7.470490210000000353e-01 6.835378408432006836e-01
7.498871510000000296e-01 6.688157916069030762e-01
7.527253379999999661e-01 6.607556939125061035e-01
7.555635800000000124e-01 6.508945822715759277e-01
7.584018790000000010e-01 5.337619185447692871e-01
7.612402350000000428e-01 2.532143890857696533e-01
7.640786459999999725e-01 3.082892596721649170e-01
7.669171139999999554e-01 4.886638820171356201e-01
7.697556380000000198e-01 5.958257913589477539e-01
7.725942180000000548e-01 6.186389327049255371e-01
7.754328539999999492e-01 6.178715229034423828e-01
7.782715470000000080e-01 6.229307055473327637e-01
7.811102960000000373e-01 6.188215017318725586e-01
7.839491010000000371e-01 6.212370991706848145e-01
7.867879620000000074e-01 6.082018613815307617e-01
7.896268800000000310e-01 5.896098613739013672e-01
7.924658540000000251e-01 5.980931520462036133e-01
7.953048839999999897e-01 6.019150018692016602e-01
7.981439700000000359e-01 6.059294342994689941e-01
8.009831130000000243e-01 5.993137955665588379e-01
8.038223119999999833e-01 5.997689962387084961e-01
8.066615670000000238e-01 6.148695349693298340e-01
8.095008780000000348e-01 5.889958739280700684e-01
8.123402459999999881e-01 5.180097222328186035e-01
8.151796700000000229e-01 4.298144876956939697e-01
8.180191500000000282e-01 4.064736664295196533e-01
8.208586860000000041e-01 4.302698969841003418e-01
8.236982790000000332e-01 4.014882445335388184e-01
8.265379269999999501e-01 4.161773025989532471e-01
8.293776320000000313e-01 3.707077503204345703e-01
8.322173940000000547e-01 3.599739670753479004e-01
8.350572109999999659e-01 3.665075302124023438e-01
8.378970850000000414e-01 3.656288683414459229e-01
8.407370149999999764e-01 3.679578006267547607e-01
8.435770009999999930e-01 3.704767227172851562e-01
8.464170429999999801e-01 3.642037510871887207e-01
8.492571420000000204e-01 3.448338508605957031e-01
8.520972970000000313e-01 3.307298421859741211e-01
8.549375080000000127e-01 3.181059956550598145e-01
8.577777749999999646e-01 3.347001671791076660e-01
8.606180989999999698e-01 3.306205868721008301e-01
8.634584789999999455e-01 3.246389925479888916e-01
8.662989150000000027e-01 2.969508171081542969e-01
8.691394070000000305e-01 3.052834272384643555e-01
8.719799560000000005e-01 3.005535006523132324e-01
8.748205610000000521e-01 2.940584123134613037e-01
8.776612219999999631e-01 2.869916558265686035e-01
8.805019389999999557e-01 2.796827256679534912e-01
8.833427130000000016e-01 2.768250405788421631e-01
8.861835430000000180e-01 2.617043256759643555e-01
8.890244290000000049e-01 2.594804167747497559e-01
8.918653709999999624e-01 2.415044009685516357e-01
8.947063699999999731e-01 2.053522318601608276e-01
8.975474239999999826e-01 1.648869961500167847e-01
9.003885350000000454e-01 1.496524959802627563e-01
9.032297030000000504e-01 1.723241358995437622e-01
9.060709260000000542e-01 1.680982857942581177e-01
9.089122060000000003e-01 1.405418366193771362e-01
9.117535420000000279e-01 1.351014077663421631e-01
9.145949340000000261e-01 1.281706541776657104e-01
9.174363819999999947e-01 1.298852860927581787e-01
9.202778870000000166e-01 1.516555100679397583e-01
9.231194480000000091e-01 1.448340564966201782e-01
9.259610649999999721e-01 1.274154484272003174e-01
9.288027380000000166e-01 9.270941466093063354e-02
9.316444680000000034e-01 4.798425361514091492e-02
9.344862539999999607e-01 2.840887010097503662e-02
9.373280959999999995e-01 3.118370100855827332e-02
9.401699940000000089e-01 4.648524150252342224e-02
9.430119489999999605e-01 4.267485067248344421e-02
9.458539599999999936e-01 3.882925584912300110e-02
9.486960269999999973e-01 4.117093235254287720e-02
9.515381499999999715e-01 4.285172000527381897e-02
9.543803299999999989e-01 4.267359524965286255e-02
9.572225659999999969e-01 4.907284304499626160e-02
9.600648579999999654e-01 5.153039470314979553e-02
9.629072060000000155e-01 5.931864306330680847e-02
9.657496110000000078e-01 6.401891261339187622e-02
9.685920709999999989e-01 8.690714091062545776e-02
9.714345880000000433e-01 9.027356654405593872e-02
9.742771620000000299e-01 7.657968997955322266e-02
9.771197910000000153e-01 8.327128738164901733e-02
9.799624770000000540e-01 8.859271556138992310e-02
9.828052189999999522e-01 9.352614730596542358e-02
9.856480170000000429e-01 1.033460274338722229e-01
9.884908709999999932e-01 1.071704477071762085e-01
9.913337819999999967e-01 1.083878651261329651e-01
9.941767489999999707e-01 1.089980080723762512e-01
9.970197720000000263e-01 1.079960092902183533e-01
9.998628510000000524e-01 1.066596060991287231e-01
1.002705986999999910e+00 1.095025613903999329e-01
1.005549178999999960e+00 9.560073912143707275e-02
1.008392426999999980e+00 1.056562885642051697e-01
1.011235730999999971e+00 1.093560755252838135e-01
1.014079092000000015e+00 1.096469610929489136e-01
1.016922509000000030e+00 1.068987026810646057e-01
1.019765982000000015e+00 1.077428981661796570e-01
1.022609510999999971e+00 1.048078835010528564e-01
1.025453096999999980e+00 1.134993880987167358e-01
1.028296738999999960e+00 1.079635396599769592e-01
1.031140436999999910e+00 1.062209606170654297e-01
1.033984191000000052e+00 1.096035912632942200e-01
1.036828002000000026e+00 1.045956760644912720e-01
1.039671868000000110e+00 1.080033779144287109e-01
1.042515791000000025e+00 1.045214906334877014e-01
1.045359770999999993e+00 1.112700551748275757e-01
