3.615872339999999796e-01 1.316267967224121094e+00
3.644177160000000026e-01 1.468214273452758789e+00
3.672482539999999962e-01 1.594793796539306641e+00
3.700788480000000158e-01 1.609220862388610840e+00
3.729094980000000059e-01 1.415316820144653320e+00
3.757402049999999938e-01 1.508770585060119629e+00
3.785709680000000077e-01 1.645989298820495605e+00
3.814017869999999921e-01 1.428552269935607910e+00
3.842326620000000026e-01 1.310644984245300293e+00
3.870635940000000108e-01 1.456089377403259277e+00
3.898945819999999896e-01 1.657367706298828125e+00
3.927256259999999943e-01 1.449474573135375977e+00
3.955567260000000251e-01 1.465002894401550293e+00
3.983878829999999982e-01 1.842049121856689453e+00
4.012190950000000256e-01 2.297181129455566406e+00
4.040503639999999952e-01 2.300724029541015625e+00
4.068816900000000181e-01 2.269872188568115234e+00
4.097130709999999842e-01 2.315578699111938477e+00
4.125445090000000037e-01 2.408011913299560547e+00
4.153760029999999936e-01 2.408452749252319336e+00
4.182075530000000096e-01 2.375266551971435547e+00
4.210391589999999962e-01 2.362339973449707031e+00
4.238708219999999804e-01 2.328054189682006836e+00
4.267025409999999908e-01 2.270913124084472656e+00
4.295343160000000271e-01 2.082971572875976562e+00
4.323661469999999785e-01 2.206301927566528320e+00
4.351980349999999831e-01 2.397068500518798828e+00
4.380299790000000137e-01 2.431680917739868164e+00
4.408619790000000149e-01 2.502213954925537109e+00
4.436940349999999866e-01 2.655461549758911133e+00
4.465261480000000116e-01 2.668111324310302734e+00
4.493583170000000071e-01 2.826643943786621094e+00
4.521905419999999731e-01 2.850586414337158203e+00
4.550228230000000207e-01 2.819909811019897461e+00
4.578551610000000105e-01 2.872048377990722656e+00
4.606875550000000263e-01 2.901596546173095703e+00
4.635200050000000127e-01 2.918328762054443359e+00
4.663525110000000251e-01 2.877573966979980469e+00
4.691850739999999798e-01 2.838672876358032227e+00
4.720176919999999887e-01 2.906962633132934570e+00
4.748503669999999954e-01 2.932618141174316406e+00
4.776830989999999999e-01 2.956053733825683594e+00
4.805158860000000032e-01 3.021944999694824219e+00
4.833487300000000042e-01 3.004137992858886719e+00
4.861816299999999758e-01 2.749930143356323242e+00
4.890145859999999733e-01 2.876114845275878906e+00
4.918475979999999970e-01 2.954112529754638672e+00
4.946806670000000183e-01 3.014084100723266602e+00
4.975137920000000102e-01 3.016945600509643555e+00
5.003469729999999727e-01 2.951421022415161133e+00
5.031802100000000166e-01 2.918894529342651367e+00
5.060135040000000028e-01 3.013937234878540039e+00
5.088468539999999596e-01 3.021583557128906250e+00
5.116802599999999979e-01 3.045483350753784180e+00
5.145137220000000067e-01 2.985574960708618164e+00
5.173472409999999577e-01 2.831209182739257812e+00
5.201808159999999903e-01 2.959884405136108398e+00
5.230144469999999934e-01 3.074190855026245117e+00
5.258481339999999671e-01 3.076915740966796875e+00
5.286818779999999940e-01 3.118241548538208008e+00
5.315156779999999914e-01 3.228528499603271484e+00
5.343495339999999594e-01 3.209251642227172852e+00
5.371834460000000089e-01 3.259116411209106445e+00
5.400174150000000006e-01 3.189439058303833008e+00
5.428514389999999912e-01 3.215249300003051758e+00
5.456855200000000350e-01 3.279456853866577148e+00
5.485196580000000210e-01 3.281300544738769531e+00
5.513538510000000059e-01 3.310534477233886719e+00
5.541881010000000440e-01 3.334321737289428711e+00
5.570224070000000527e-01 3.311979293823242188e+00
5.598567690000000319e-01 3.255481958389282227e+00
5.626911869999999816e-01 3.306620121002197266e+00
5.655256619999999845e-01 3.297557592391967773e+00
5.683601929999999580e-01 3.263887166976928711e+00
5.711947800000000131e-01 3.235303401947021484e+00
5.740294230000000386e-01 3.283209085464477539e+00
5.768641230000000064e-01 3.241300344467163086e+00
5.796988789999999447e-01 3.255024909973144531e+00
5.825336909999999646e-01 3.332395553588867188e+00
5.853685589999999550e-01 3.289597988128662109e+00
5.882034839999999987e-01 3.059223890304565430e+00
5.910384650000000129e-01 2.923610210418701172e+00
5.938735019999999976e-01 2.967320442199707031e+00
5.967085949999999528e-01 2.954334735870361328e+00
5.995437449999999613e-01 2.907669782638549805e+00
6.023789510000000513e-01 2.871715307235717773e+00
6.052142130000000009e-01 2.870910644531250000e+00
6.080495310000000320e-01 2.837911605834960938e+00
6.108849060000000053e-01 2.725087404251098633e+00
6.137203359999999774e-01 2.655512332916259766e+00
6.165558230000000028e-01 2.625099897384643555e+00
6.193913669999999705e-01 2.704162836074829102e+00
6.222269660000000480e-01 2.685106515884399414e+00
6.250626219999999567e-01 2.602643728256225586e+00
6.278983339999999469e-01 2.546697378158569336e+00
6.307341020000000187e-01 2.525853872299194336e+00
6.335699259999999500e-01 2.549273490905761719e+00
6.364058070000000455e-01 2.576962947845458984e+00
6.392417440000000006e-01 2.584198951721191406e+00
6.420777370000000372e-01 2.554843187332153320e+00
6.449137860000000444e-01 2.520120143890380859e+00
6.477498919999999938e-01 2.405582427978515625e+00
6.505860540000000247e-01 2.390589714050292969e+00
6.534222720000000262e-01 2.380100011825561523e+00
6.562585459999999982e-01 2.179650545120239258e+00
6.590948770000000234e-01 2.286926746368408203e+00
6.619312640000000192e-01 2.341120719909667969e+00
6.647677069999999855e-01 2.318000793457031250e+00
6.676042060000000333e-01 2.304525136947631836e+00
6.704407620000000234e-01 2.277555942535400391e+00
6.732773739999999840e-01 2.261871337890625000e+00
6.761140420000000262e-01 2.239516258239746094e+00
6.789507660000000389e-01 2.227121353149414062e+00
6.817875469999999938e-01 2.184845924377441406e+00
6.846243829999999475e-01 2.108751773834228516e+00
6.874612759999999545e-01 1.765922427177429199e+00
6.902982260000000148e-01 1.786242127418518066e+00
6.931352309999999628e-01 1.806240081787109375e+00
6.959722929999999641e-01 1.816402792930603027e+00
6.988094110000000470e-01 1.795565605163574219e+00
7.016465849999999893e-01 1.683328628540039062e+00
7.044838150000000132e-01 1.682377815246582031e+00
7.073211019999999793e-01 1.637431502342224121e+00
7.101584450000000270e-01 1.574867367744445801e+00
7.129958440000000452e-01 1.476380348205566406e+00
7.158332990000000340e-01 1.252629756927490234e+00
7.186708109999999650e-01 8.986709117889404297e-01
7.215083789999999775e-01 9.276818037033081055e-01
7.243460029999999605e-01 8.417580127716064453e-01
7.271836830000000251e-01 7.654015421867370605e-01
7.300214200000000320e-01 7.167402505874633789e-01
7.328592130000000093e-01 7.278869152069091797e-01
7.356970619999999572e-01 7.208901643753051758e-01
7.385349669999999866e-01 6.978575587272644043e-01
7.413729289999999583e-01 7.013408541679382324e-01
7.442109470000000115e-01 7.110462188720703125e-01
7.470490210000000353e-01 7.065861225128173828e-01
7.498871510000000296e-01 6.968092918395996094e-01
7.527253379999999661e-01 6.853094100952148438e-01
7.555635800000000124e-01 6.824085116386413574e-01
7.584018790000000010e-01 5.656477212905883789e-01
7.612402350000000428e-01 2.564868927001953125e-01
7.640786459999999725e-01 3.184232115745544434e-01
7.669171139999999554e-01 5.106629729270935059e-01
7.697556380000000198e-01 6.217607855796813965e-01
7.725942180000000548e-01 6.471304297447204590e-01
7.754328539999999492e-01 6.483039855957031250e-01
7.782715470000000080e-01 6.462119221687316895e-01
7.811102960000000373e-01 6.494913101196289062e-01
7.839491010000000371e-01 6.433947086334228516e-01
7.867879620000000074e-01 6.397672891616821289e-01
7.896268800000000310e-01 6.122583150863647461e-01
7.924658540000000251e-01 6.186230182647705078e-01
7.953048839999999897e-01 6.241674423217773438e-01
7.981439700000000359e-01 6.301242113113403320e-01
8.009831130000000243e-01 6.199761033058166504e-01
8.038223119999999833e-01 6.262806057929992676e-01
8.066615670000000238e-01 6.315759420394897461e-01
8.095008780000000348e-01 6.135661602020263672e-01
8.123402459999999881e-01 5.501275062561035156e-01
8.151796700000000229e-01 4.503724277019500732e-01
8.180191500000000282e-01 4.258377850055694580e-01
8.208586860000000041e-01 4.559614658355712891e-01
8.236982790000000332e-01 4.188181757926940918e-01
8.265379269999999501e-01 4.320826828479766846e-01
8.293776320000000313e-01 3.827848732471466064e-01
8.322173940000000547e-01 3.760927915573120117e-01
8.350572109999999659e-01 3.748095333576202393e-01
8.378970850000000414e-01 3.874762952327728271e-01
8.407370149999999764e-01 3.887976408004760742e-01
8.435770009999999930e-01 3.834961950778961182e-01
8.464170429999999801e-01 3.811284303665161133e-01
8.492571420000000204e-01 3.621931672096252441e-01
8.520972970000000313e-01 3.488121330738067627e-01
8.549375080000000127e-01 3.290188610553741455e-01
8.577777749999999646e-01 3.494244813919067383e-01
8.606180989999999698e-01 3.418421745300292969e-01
8.634584789999999455e-01 3.335983753204345703e-01
8.662989150000000027e-01 3.113151192665100098e-01
8.691394070000000305e-01 3.151521384716033936e-01
8.719799560000000005e-01 3.149225413799285889e-01
8.748205610000000521e-01 3.096277117729187012e-01
8.776612219999999631e-01 3.002202808856964111e-01
8.805019389999999557e-01 2.915917932987213135e-01
8.833427130000000016e-01 2.856448888778686523e-01
8.861835430000000180e-01 2.730721533298492432e-01
8.890244290000000049e-01 2.684521377086639404e-01
8.918653709999999624e-01 2.519699633121490479e-01
8.947063699999999731e-01 2.117652446031570435e-01
8.975474239999999826e-01 1.697310358285903931e-01
9.003885350000000454e-01 1.565760374069213867e-01
9.032297030000000504e-01 1.799186170101165771e-01
9.060709260000000542e-01 1.793027669191360474e-01
9.089122060000000003e-01 1.422075927257537842e-01
9.117535420000000279e-01 1.455301046371459961e-01
9.145949340000000261e-01 1.338807046413421631e-01
9.174363819999999947e-01 1.361570060253143311e-01
9.202778870000000166e-01 1.569338142871856689e-01
9.231194480000000091e-01 1.484121084213256836e-01
9.259610649999999721e-01 1.381813138723373413e-01
9.288027380000000166e-01 9.601058810949325562e-02
9.316444680000000034e-01 5.292180180549621582e-02
9.344862539999999607e-01 2.908337861299514771e-02
9.373280959999999995e-01 3.212881833314895630e-02
9.401699940000000089e-01 5.688937753438949585e-02
9.430119489999999605e-01 5.002289265394210815e-02
9.458539599999999936e-01 4.431482404470443726e-02
9.486960269999999973e-01 4.366220533847808838e-02
9.515381499999999715e-01 4.750670492649078369e-02
9.543803299999999989e-01 4.709815606474876404e-02
9.572225659999999969e-01 4.872096702456474304e-02
9.600648579999999654e-01 5.317899957299232483e-02
9.629072060000000155e-01 5.954644456505775452e-02
9.657496110000000078e-01 6.593295931816101074e-02
9.685920709999999989e-01 8.615400642156600952e-02
9.714345880000000433e-01 9.545648843050003052e-02
9.742771620000000299e-01 7.647428661584854126e-02
9.771197910000000153e-01 8.722438663244247437e-02
9.799624770000000540e-01 8.938549458980560303e-02
9.828052189999999522e-01 9.900757670402526855e-02
9.856480170000000429e-01 1.031623110175132751e-01
9.884908709999999932e-01 1.066330373287200928e-01
9.913337819999999967e-01 1.135944053530693054e-01
9.941767489999999707e-01 1.073390766978263855e-01
9.970197720000000263e-01 1.116455346345901489e-01
9.998628510000000524e-01 1.159156635403633118e-01
1.002705986999999910e+00 1.122859790921211243e-01
1.005549178999999960e+00 1.133722513914108276e-01
1.008392426999999980e+00 1.079843789339065552e-01
1.011235730999999971e+00 1.129155680537223816e-01
1.014079092000000015e+00 1.132245138287544250e-01
1.016922509000000030e+00 1.087041869759559631e-01
1.019765982000000015e+00 1.103448197245597839e-01
1.022609510999999971e+00 1.130743473768234253e-01
1.025453096999999980e+00 1.098992079496383667e-01
1.028296738999999960e+00 1.162284612655639648e-01
1.031140436999999910e+00 1.128887832164764404e-01
1.033984191000000052e+00 1.128303408622741699e-01
1.036828002000000026e+00 1.170816794037818909e-01
1.039671868000000110e+00 1.092772409319877625e-01
1.042515791000000025e+00 1.222628876566886902e-01
1.045359770999999993e+00 1.231903061270713806e-01
