3.615872339999999796e-01 1.378440737724304199e+00
3.644177160000000026e-01 1.452340960502624512e+00
3.672482539999999962e-01 1.620564103126525879e+00
3.700788480000000158e-01 1.584105730056762695e+00
3.729094980000000059e-01 1.448930740356445312e+00
3.757402049999999938e-01 1.474392414093017578e+00
3.785709680000000077e-01 1.654810070991516113e+00
3.814017869999999921e-01 1.424171090126037598e+00
3.842326620000000026e-01 1.331582903861999512e+00
3.870635940000000108e-01 1.428180694580078125e+00
3.898945819999999896e-01 1.624338507652282715e+00
3.927256259999999943e-01 1.414198040962219238e+00
3.955567260000000251e-01 1.467441678047180176e+00
3.983878829999999982e-01 1.852348923683166504e+00
4.012190950000000256e-01 2.285662174224853516e+00
4.040503639999999952e-01 2.286511421203613281e+00
4.068816900000000181e-01 2.241792440414428711e+00
4.097130709999999842e-01 2.297275304794311523e+00
4.125445090000000037e-01 2.385935544967651367e+00
4.153760029999999936e-01 2.427888393402099609e+00
4.182075530000000096e-01 2.341647148132324219e+00
4.210391589999999962e-01 2.361426830291748047e+00
4.238708219999999804e-01 2.317648887634277344e+00
4.267025409999999908e-01 2.282714366912841797e+00
4.295343160000000271e-01 2.060127258300781250e+00
4.323661469999999785e-01 2.197855949401855469e+00
4.351980349999999831e-01 2.377474784851074219e+00
4.380299790000000137e-01 2.408651351928710938e+00
4.408619790000000149e-01 2.493693113327026367e+00
4.436940349999999866e-01 2.640849590301513672e+00
4.465261480000000116e-01 2.672814130783081055e+00
4.493583170000000071e-01 2.813236474990844727e+00
4.521905419999999731e-01 2.841089010238647461e+00
4.550228230000000207e-01 2.799421310424804688e+00
4.578551610000000105e-01 2.869941234588623047e+00
4.606875550000000263e-01 2.898011445999145508e+00
4.635200050000000127e-01 2.903733253479003906e+00
4.663525110000000251e-01 2.844292163848876953e+00
4.691850739999999798e-01 2.855350494384765625e+00
4.720176919999999887e-01 2.891110658645629883e+00
4.748503669999999954e-01 2.922759056091308594e+00
4.776830989999999999e-01 2.947748422622680664e+00
4.805158860000000032e-01 3.002538919448852539e+00
4.833487300000000042e-01 3.000470876693725586e+00
4.861816299999999758e-01 2.745293140411376953e+00
4.890145859999999733e-01 2.880239486694335938e+00
4.918475979999999970e-01 2.944765806198120117e+00
4.946806670000000183e-01 3.006979703903198242e+00
4.975137920000000102e-01 3.021388053894042969e+00
5.003469729999999727e-01 2.950046062469482422e+00
5.031802100000000166e-01 2.924264192581176758e+00
5.060135040000000028e-01 3.014540910720825195e+00
5.088468539999999596e-01 3.032904624938964844e+00
5.116802599999999979e-01 3.068055391311645508e+00
5.145137220000000067e-01 2.994818210601806641e+00
5.173472409999999577e-01 2.832447290420532227e+00
5.201808159999999903e-01 2.966814517974853516e+00
5.230144469999999934e-01 3.098011493682861328e+00
5.258481339999999671e-01 3.102169275283813477e+00
5.286818779999999940e-01 3.141031265258789062e+00
5.315156779999999914e-01 3.245260477066040039e+00
5.343495339999999594e-01 3.233107566833496094e+00
5.371834460000000089e-01 3.280413150787353516e+00
5.400174150000000006e-01 3.212498188018798828e+00
5.428514389999999912e-01 3.242050647735595703e+00
5.456855200000000350e-01 3.291500091552734375e+00
5.485196580000000210e-01 3.309431076049804688e+00
5.513538510000000059e-01 3.340632438659667969e+00
5.541881010000000440e-01 3.367696285247802734e+00
5.570224070000000527e-01 3.329113006591796875e+00
5.598567690000000319e-01 3.283355236053466797e+00
5.626911869999999816e-01 3.335895299911499023e+00
5.655256619999999845e-01 3.326024293899536133e+00
5.683601929999999580e-01 3.309587240219116211e+00
5.711947800000000131e-01 3.270218133926391602e+00
5.740294230000000386e-01 3.320662498474121094e+00
5.768641230000000064e-01 3.273935317993164062e+00
5.796988789999999447e-01 3.295215606689453125e+00
5.825336909999999646e-01 3.364692449569702148e+00
5.853685589999999550e-01 3.323380947113037109e+00
5.882034839999999987e-01 3.091281414031982422e+00
5.910384650000000129e-01 2.970907926559448242e+00
5.938735019999999976e-01 3.020605802536010742e+00
5.967085949999999528e-01 3.001177549362182617e+00
5.995437449999999613e-01 2.955342292785644531e+00
6.023789510000000513e-01 2.922724962234497070e+00
6.052142130000000009e-01 2.928597211837768555e+00
6.080495310000000320e-01 2.882265090942382812e+00
6.108849060000000053e-01 2.779627084732055664e+00
6.137203359999999774e-01 2.703108549118041992e+00
6.165558230000000028e-01 2.689738512039184570e+00
6.193913669999999705e-01 2.755830764770507812e+00
6.222269660000000480e-01 2.737817287445068359e+00
6.250626219999999567e-01 2.671495199203491211e+00
6.278983339999999469e-01 2.604546785354614258e+00
6.307341020000000187e-01 2.585648059844970703e+00
6.335699259999999500e-01 2.613853693008422852e+00
6.364058070000000455e-01 2.631022214889526367e+00
6.392417440000000006e-01 2.644235372543334961e+00
6.420777370000000372e-01 2.609686613082885742e+00
6.449137860000000444e-01 2.573895215988159180e+00
6.477498919999999938e-01 2.453600406646728516e+00
6.505860540000000247e-01 2.441282272338867188e+00
6.534222720000000262e-01 2.439766168594360352e+00
6.562585459999999982e-01 2.243342161178588867e+00
6.590948770000000234e-01 2.344649553298950195e+00
6.619312640000000192e-01 2.394579887390136719e+00
6.647677069999999855e-01 2.378489255905151367e+00
6.676042060000000333e-01 2.356911659240722656e+00
6.704407620000000234e-01 2.328280925750732422e+00
6.732773739999999840e-01 2.295747995376586914e+00
6.761140420000000262e-01 2.285034656524658203e+00
6.789507660000000389e-01 2.276742219924926758e+00
6.817875469999999938e-01 2.243651151657104492e+00
6.846243829999999475e-01 2.158591032028198242e+00
6.874612759999999545e-01 1.807401657104492188e+00
6.902982260000000148e-01 1.834431529045104980e+00
6.931352309999999628e-01 1.869243860244750977e+00
6.959722929999999641e-01 1.887600541114807129e+00
6.988094110000000470e-01 1.856786370277404785e+00
7.016465849999999893e-01 1.756911754608154297e+00
7.044838150000000132e-01 1.750902175903320312e+00
7.073211019999999793e-01 1.710164546966552734e+00
7.101584450000000270e-01 1.649650812149047852e+00
7.129958440000000452e-01 1.555512309074401855e+00
7.158332990000000340e-01 1.312449574470520020e+00
7.186708109999999650e-01 9.520219564437866211e-01
7.215083789999999775e-01 9.801290631294250488e-01
7.243460029999999605e-01 8.956413269042968750e-01
7.271836830000000251e-01 8.080878257751464844e-01
7.300214200000000320e-01 7.537841796875000000e-01
7.328592130000000093e-01 7.758160233497619629e-01
7.356970619999999572e-01 7.764935493469238281e-01
7.385349669999999866e-01 7.531934976577758789e-01
7.413729289999999583e-01 7.511323690414428711e-01
7.442109470000000115e-01 7.605145573616027832e-01
7.470490210000000353e-01 7.640550136566162109e-01
7.498871510000000296e-01 7.541807293891906738e-01
7.527253379999999661e-01 7.446821928024291992e-01
7.555635800000000124e-01 7.333001494407653809e-01
7.584018790000000010e-01 6.081634163856506348e-01
7.612402350000000428e-01 2.838460206985473633e-01
7.640786459999999725e-01 3.455963730812072754e-01
7.669171139999999554e-01 5.557101368904113770e-01
7.697556380000000198e-01 6.769529581069946289e-01
7.725942180000000548e-01 7.000421881675720215e-01
7.754328539999999492e-01 7.052478790283203125e-01
7.782715470000000080e-01 7.018895149230957031e-01
7.811102960000000373e-01 7.046531438827514648e-01
7.839491010000000371e-01 7.042812108993530273e-01
7.867879620000000074e-01 6.912840604782104492e-01
7.896268800000000310e-01 6.631392240524291992e-01
7.924658540000000251e-01 6.775290966033935547e-01
7.953048839999999897e-01 6.762944459915161133e-01
7.981439700000000359e-01 6.868717670440673828e-01
8.009831130000000243e-01 6.802548766136169434e-01
8.038223119999999833e-01 6.854159832000732422e-01
8.066615670000000238e-01 6.960242390632629395e-01
8.095008780000000348e-01 6.637908816337585449e-01
8.123402459999999881e-01 6.031253933906555176e-01
8.151796700000000229e-01 4.867094457149505615e-01
8.180191500000000282e-01 4.595318138599395752e-01
8.208586860000000041e-01 4.948781728744506836e-01
8.236982790000000332e-01 4.552029073238372803e-01
8.265379269999999501e-01 4.777017831802368164e-01
8.293776320000000313e-01 4.224140048027038574e-01
8.322173940000000547e-01 4.043520390987396240e-01
8.350572109999999659e-01 4.119298458099365234e-01
8.378970850000000414e-01 4.204446077346801758e-01
8.407370149999999764e-01 4.196521341800689697e-01
8.435770009999999930e-01 4.189287424087524414e-01
8.464170429999999801e-01 4.185525476932525635e-01
8.492571420000000204e-01 3.966348171234130859e-01
8.520972970000000313e-01 3.841405212879180908e-01
8.549375080000000127e-01 3.615683019161224365e-01
8.577777749999999646e-01 3.809181749820709229e-01
8.606180989999999698e-01 3.803381323814392090e-01
8.634584789999999455e-01 3.710323870182037354e-01
8.662989150000000027e-01 3.437805771827697754e-01
8.691394070000000305e-01 3.480151593685150146e-01
8.719799560000000005e-01 3.497777283191680908e-01
8.748205610000000521e-01 3.394045233726501465e-01
8.776612219999999631e-01 3.281741738319396973e-01
8.805019389999999557e-01 3.180376589298248291e-01
8.833427130000000016e-01 3.140687048435211182e-01
8.861835430000000180e-01 3.007687032222747803e-01
8.890244290000000049e-01 3.001950085163116455e-01
8.918653709999999624e-01 2.824907004833221436e-01
8.947063699999999731e-01 2.377092391252517700e-01
8.975474239999999826e-01 1.899071037769317627e-01
9.003885350000000454e-01 1.719181388616561890e-01
9.032297030000000504e-01 1.953530907630920410e-01
9.060709260000000542e-01 2.004357725381851196e-01
9.089122060000000003e-01 1.595527827739715576e-01
9.117535420000000279e-01 1.600959151983261108e-01
9.145949340000000261e-01 1.511867940425872803e-01
9.174363819999999947e-01 1.459317505359649658e-01
9.202778870000000166e-01 1.703709959983825684e-01
9.231194480000000091e-01 1.618971526622772217e-01
9.259610649999999721e-01 1.480551809072494507e-01
9.288027380000000166e-01 1.066201552748680115e-01
9.316444680000000034e-01 6.020969897508621216e-02
9.344862539999999607e-01 3.455215319991111755e-02
9.373280959999999995e-01 3.542996197938919067e-02
9.401699940000000089e-01 5.939755588769912720e-02
9.430119489999999605e-01 4.840896278619766235e-02
9.458539599999999936e-01 4.447080194950103760e-02
9.486960269999999973e-01 4.745076969265937805e-02
9.515381499999999715e-01 5.240968987345695496e-02
9.543803299999999989e-01 5.058406665921211243e-02
9.572225659999999969e-01 5.482105910778045654e-02
9.600648579999999654e-01 5.705567449331283569e-02
9.629072060000000155e-01 6.550999730825424194e-02
9.657496110000000078e-01 7.085305452346801758e-02
9.685920709999999989e-01 9.546371549367904663e-02
9.714345880000000433e-01 1.019955873489379883e-01
9.742771620000000299e-01 8.793858438730239868e-02
9.771197910000000153e-01 9.426535665988922119e-02
9.799624770000000540e-01 9.845329076051712036e-02
9.828052189999999522e-01 1.123653128743171692e-01
9.856480170000000429e-01 1.169365644454956055e-01
9.884908709999999932e-01 1.191050708293914795e-01
9.913337819999999967e-01 1.255270093679428101e-01
9.941767489999999707e-01 1.183542162179946899e-01
9.970197720000000263e-01 1.228473857045173645e-01
9.998628510000000524e-01 1.212068647146224976e-01
1.002705986999999910e+00 1.214717552065849304e-01
1.005549178999999960e+00 1.213235408067703247e-01
1.008392426999999980e+00 1.213916689157485962e-01
1.011235730999999971e+00 1.218872442841529846e-01
1.014079092000000015e+00 1.229110881686210632e-01
1.016922509000000030e+00 1.225444078445434570e-01
1.019765982000000015e+00 1.239564940333366394e-01
1.022609510999999971e+00 1.176052391529083252e-01
1.025453096999999980e+00 1.272521615028381348e-01
1.028296738999999960e+00 1.189439967274665833e-01
1.031140436999999910e+00 1.262526363134384155e-01
1.033984191000000052e+00 1.318247020244598389e-01
1.036828002000000026e+00 1.285589784383773804e-01
1.039671868000000110e+00 1.226321384310722351e-01
1.042515791000000025e+00 1.226061210036277771e-01
1.045359770999999993e+00 1.336581707000732422e-01
