3.615872339999999796e-01 1.322671175003051758e+00
3.644177160000000026e-01 1.439813256263732910e+00
3.672482539999999962e-01 1.559443593025207520e+00
3.700788480000000158e-01 1.543420553207397461e+00
3.729094980000000059e-01 1.403415203094482422e+00
3.757402049999999938e-01 1.525417804718017578e+00
3.785709680000000077e-01 1.629017591476440430e+00
3.814017869999999921e-01 1.401221275329589844e+00
3.842326620000000026e-01 1.286943793296813965e+00
3.870635940000000108e-01 1.414106607437133789e+00
3.898945819999999896e-01 1.581764340400695801e+00
3.927256259999999943e-01 1.410725474357604980e+00
3.955567260000000251e-01 1.436773538589477539e+00
3.983878829999999982e-01 1.814545512199401855e+00
4.012190950000000256e-01 2.248153448104858398e+00
4.040503639999999952e-01 2.225500822067260742e+00
4.068816900000000181e-01 2.207649230957031250e+00
4.097130709999999842e-01 2.243234395980834961e+00
4.125445090000000037e-01 2.338464021682739258e+00
4.153760029999999936e-01 2.344929933547973633e+00
4.182075530000000096e-01 2.291157484054565430e+00
4.210391589999999962e-01 2.295020580291748047e+00
4.238708219999999804e-01 2.252129554748535156e+00
4.267025409999999908e-01 2.217168569564819336e+00
4.295343160000000271e-01 2.014855861663818359e+00
4.323661469999999785e-01 2.135056972503662109e+00
4.351980349999999831e-01 2.336603403091430664e+00
4.380299790000000137e-01 2.368998765945434570e+00
4.408619790000000149e-01 2.436906099319458008e+00
4.436940349999999866e-01 2.582373857498168945e+00
4.465261480000000116e-01 2.599355936050415039e+00
4.493583170000000071e-01 2.728661060333251953e+00
4.521905419999999731e-01 2.764270782470703125e+00
4.550228230000000207e-01 2.721999406814575195e+00
4.578551610000000105e-01 2.776427507400512695e+00
4.606875550000000263e-01 2.802161931991577148e+00
4.635200050000000127e-01 2.828510522842407227e+00
4.663525110000000251e-01 2.781455993652343750e+00
4.691850739999999798e-01 2.767170429229736328e+00
4.720176919999999887e-01 2.803803682327270508e+00
4.748503669999999954e-01 2.849354028701782227e+00
4.776830989999999999e-01 2.874891281127929688e+00
4.805158860000000032e-01 2.928127050399780273e+00
4.833487300000000042e-01 2.910965442657470703e+00
4.861816299999999758e-01 2.686433076858520508e+00
4.890145859999999733e-01 2.795635700225830078e+00
4.918475979999999970e-01 2.869368553161621094e+00
4.946806670000000183e-01 2.922263622283935547e+00
4.975137920000000102e-01 2.934565305709838867e+00
5.003469729999999727e-01 2.863080024719238281e+00
5.031802100000000166e-01 2.839584112167358398e+00
5.060135040000000028e-01 2.937611103057861328e+00
5.088468539999999596e-01 2.947237253189086914e+00
5.116802599999999979e-01 2.966593265533447266e+00
5.145137220000000067e-01 2.899798154830932617e+00
5.173472409999999577e-01 2.756190538406372070e+00
5.201808159999999903e-01 2.867632389068603516e+00
5.230144469999999934e-01 3.002489328384399414e+00
5.258481339999999671e-01 2.994091987609863281e+00
5.286818779999999940e-01 3.038705825805664062e+00
5.315156779999999914e-01 3.138923168182373047e+00
5.343495339999999594e-01 3.131541967391967773e+00
5.371834460000000089e-01 3.180327653884887695e+00
5.400174150000000006e-01 3.109737157821655273e+00
5.428514389999999912e-01 3.126420736312866211e+00
5.456855200000000350e-01 3.180021286010742188e+00
5.485196580000000210e-01 3.196892023086547852e+00
5.513538510000000059e-01 3.227551937103271484e+00
5.541881010000000440e-01 3.248930692672729492e+00
5.570224070000000527e-01 3.218328475952148438e+00
5.598567690000000319e-01 3.169612884521484375e+00
5.626911869999999816e-01 3.225595712661743164e+00
5.655256619999999845e-01 3.219865083694458008e+00
5.683601929999999580e-01 3.177668809890747070e+00
5.711947800000000131e-01 3.152626037597656250e+00
5.740294230000000386e-01 3.193918704986572266e+00
5.768641230000000064e-01 3.163460016250610352e+00
5.796988789999999447e-01 3.170682907104492188e+00
5.825336909999999646e-01 3.233405590057373047e+00
5.853685589999999550e-01 3.198125123977661133e+00
5.882034839999999987e-01 2.974912881851196289e+00
5.910384650000000129e-01 2.847695827484130859e+00
5.938735019999999976e-01 2.887498617172241211e+00
5.967085949999999528e-01 2.869631052017211914e+00
5.995437449999999613e-01 2.820535898208618164e+00
6.023789510000000513e-01 2.781445503234863281e+00
6.052142130000000009e-01 2.779606580734252930e+00
6.080495310000000320e-01 2.749229669570922852e+00
6.108849060000000053e-01 2.653027772903442383e+00
6.137203359999999774e-01 2.574731349945068359e+00
6.165558230000000028e-01 2.545799493789672852e+00
6.193913669999999705e-01 2.605775833129882812e+00
6.222269660000000480e-01 2.592383146286010742e+00
6.250626219999999567e-01 2.528438329696655273e+00
6.278983339999999469e-01 2.458344221115112305e+00
6.307341020000000187e-01 2.444348096847534180e+00
6.335699259999999500e-01 2.475273370742797852e+00
6.364058070000000455e-01 2.492679834365844727e+00
6.392417440000000006e-01 2.502451658248901367e+00
6.420777370000000372e-01 2.458818912506103516e+00
6.449137860000000444e-01 2.430864095687866211e+00
6.477498919999999938e-01 2.325090408325195312e+00
6.505860540000000247e-01 2.305354118347167969e+00
6.534222720000000262e-01 2.293880939483642578e+00
6.562585459999999982e-01 2.102436304092407227e+00
6.590948770000000234e-01 2.198131322860717773e+00
6.619312640000000192e-01 2.253747701644897461e+00
6.647677069999999855e-01 2.229218959808349609e+00
6.676042060000000333e-01 2.208378553390502930e+00
6.704407620000000234e-01 2.180401325225830078e+00
6.732773739999999840e-01 2.154737949371337891e+00
6.761140420000000262e-01 2.151284933090209961e+00
6.789507660000000389e-01 2.131570100784301758e+00
6.817875469999999938e-01 2.104335069656372070e+00
6.846243829999999475e-01 2.014228582382202148e+00
6.874612759999999545e-01 1.697135448455810547e+00
6.902982260000000148e-01 1.712328553199768066e+00
6.931352309999999628e-01 1.725757241249084473e+00
6.959722929999999641e-01 1.741195201873779297e+00
6.988094110000000470e-01 1.713489174842834473e+00
7.016465849999999893e-01 1.615133047103881836e+00
7.044838150000000132e-01 1.605530977249145508e+00
7.073211019999999793e-01 1.571061491966247559e+00
7.101584450000000270e-01 1.494063854217529297e+00
7.129958440000000452e-01 1.401339888572692871e+00
7.158332990000000340e-01 1.180414438247680664e+00
7.186708109999999650e-01 8.581667542457580566e-01
7.215083789999999775e-01 8.787123560905456543e-01
7.243460029999999605e-01 7.992260456085205078e-01
7.271836830000000251e-01 7.172130346298217773e-01
7.300214200000000320e-01 6.779927015304565430e-01
7.328592130000000093e-01 6.919169425964355469e-01
7.356970619999999572e-01 6.803620457649230957e-01
7.385349669999999866e-01 6.618524789810180664e-01
7.413729289999999583e-01 6.657889485359191895e-01
7.442109470000000115e-01 6.767610907554626465e-01
7.470490210000000353e-01 6.695979833602905273e-01
7.498871510000000296e-01 6.594253778457641602e-01
7.527253379999999661e-01 6.538342237472534180e-01
7.555635800000000124e-01 6.485122442245483398e-01
7.584018790000000010e-01 5.253893136978149414e-01
7.612402350000000428e-01 2.545191943645477295e-01
7.640786459999999725e-01 3.049030601978302002e-01
7.669171139999999554e-01 4.800238609313964844e-01
7.697556380000000198e-01 5.859947800636291504e-01
7.725942180000000548e-01 6.092956066131591797e-01
7.754328539999999492e-01 6.077486276626586914e-01
7.782715470000000080e-01 6.081522107124328613e-01
7.811102960000000373e-01 6.126589775085449219e-01
7.839491010000000371e-01 6.082207560539245605e-01
7.867879620000000074e-01 6.006933450698852539e-01
7.896268800000000310e-01 5.858687162399291992e-01
7.924658540000000251e-01 5.894584655761718750e-01
7.953048839999999897e-01 5.917986631393432617e-01
7.981439700000000359e-01 5.992565751075744629e-01
8.009831130000000243e-01 5.875501632690429688e-01
8.038223119999999833e-01 5.904231071472167969e-01
8.066615670000000238e-01 6.033137440681457520e-01
8.095008780000000348e-01 5.767738223075866699e-01
8.123402459999999881e-01 5.197024941444396973e-01
8.151796700000000229e-01 4.243819117546081543e-01
8.180191500000000282e-01 4.040909409523010254e-01
8.208586860000000041e-01 4.281128644943237305e-01
8.236982790000000332e-01 3.919475078582763672e-01
8.265379269999999501e-01 4.064651429653167725e-01
8.293776320000000313e-01 3.658139109611511230e-01
8.322173940000000547e-01 3.581551313400268555e-01
8.350572109999999659e-01 3.551720678806304932e-01
8.378970850000000414e-01 3.630328476428985596e-01
8.407370149999999764e-01 3.649496734142303467e-01
8.435770009999999930e-01 3.636685907840728760e-01
8.464170429999999801e-01 3.546675443649291992e-01
8.492571420000000204e-01 3.450207710266113281e-01
8.520972970000000313e-01 3.336255252361297607e-01
8.549375080000000127e-01 3.092417418956756592e-01
8.577777749999999646e-01 3.318173289299011230e-01
8.606180989999999698e-01 3.239578604698181152e-01
8.634584789999999455e-01 3.167821764945983887e-01
8.662989150000000027e-01 2.924671769142150879e-01
8.691394070000000305e-01 3.006422221660614014e-01
8.719799560000000005e-01 2.967254519462585449e-01
8.748205610000000521e-01 2.874758243560791016e-01
8.776612219999999631e-01 2.812541425228118896e-01
8.805019389999999557e-01 2.778251171112060547e-01
8.833427130000000016e-01 2.678622901439666748e-01
8.861835430000000180e-01 2.590239346027374268e-01
8.890244290000000049e-01 2.503305077552795410e-01
8.918653709999999624e-01 2.408551126718521118e-01
8.947063699999999731e-01 2.010422945022583008e-01
8.975474239999999826e-01 1.655472964048385620e-01
9.003885350000000454e-01 1.481437236070632935e-01
9.032297030000000504e-01 1.681986302137374878e-01
9.060709260000000542e-01 1.719000488519668579e-01
9.089122060000000003e-01 1.435884684324264526e-01
9.117535420000000279e-01 1.391987502574920654e-01
9.145949340000000261e-01 1.268054395914077759e-01
9.174363819999999947e-01 1.278600543737411499e-01
9.202778870000000166e-01 1.440273523330688477e-01
9.231194480000000091e-01 1.360255628824234009e-01
9.259610649999999721e-01 1.243231222033500671e-01
9.288027380000000166e-01 9.188286960124969482e-02
9.316444680000000034e-01 4.719170555472373962e-02
9.344862539999999607e-01 2.774312347173690796e-02
9.373280959999999995e-01 3.456936031579971313e-02
9.401699940000000089e-01 5.282089486718177795e-02
9.430119489999999605e-01 4.657106101512908936e-02
9.458539599999999936e-01 4.212787747383117676e-02
9.486960269999999973e-01 4.226427152752876282e-02
9.515381499999999715e-01 4.219333827495574951e-02
9.543803299999999989e-01 4.727501049637794495e-02
9.572225659999999969e-01 4.886847734451293945e-02
9.600648579999999654e-01 4.995152726769447327e-02
9.629072060000000155e-01 5.836715921759605408e-02
9.657496110000000078e-01 6.362935155630111694e-02
9.685920709999999989e-01 7.976236194372177124e-02
9.714345880000000433e-01 8.873274177312850952e-02
9.742771620000000299e-01 7.798725366592407227e-02
9.771197910000000153e-01 7.970303297042846680e-02
9.799624770000000540e-01 8.727212995290756226e-02
9.828052189999999522e-01 9.135064482688903809e-02
9.856480170000000429e-01 9.214361011981964111e-02
9.884908709999999932e-01 1.007112041115760803e-01
9.913337819999999967e-01 1.019144877791404724e-01
9.941767489999999707e-01 1.065358519554138184e-01
9.970197720000000263e-01 1.093693003058433533e-01
9.998628510000000524e-01 1.049002557992935181e-01
1.002705986999999910e+00 1.031571775674819946e-01
1.005549178999999960e+00 9.949280321598052979e-02
1.008392426999999980e+00 1.004146859049797058e-01
1.011235730999999971e+00 1.061856672167778015e-01
1.014079092000000015e+00 1.028357371687889099e-01
1.016922509000000030e+00 1.052367761731147766e-01
1.019765982000000015e+00 1.058076694607734680e-01
1.022609510999999971e+00 1.081254407763481140e-01
1.025453096999999980e+00 1.027529835700988770e-01
1.028296738999999960e+00 1.088835969567298889e-01
1.031140436999999910e+00 1.066715866327285767e-01
1.033984191000000052e+00 1.097506657242774963e-01
1.036828002000000026e+00 1.036098822951316833e-01
1.039671868000000110e+00 9.978347271680831909e-02
1.042515791000000025e+00 1.063326969742774963e-01
1.045359770999999993e+00 1.083313599228858948e-01
