3.615872339999999796e-01 1.286495566368103027e+00
3.644177160000000026e-01 1.444370269775390625e+00
3.672482539999999962e-01 1.559364318847656250e+00
3.700788480000000158e-01 1.583305597305297852e+00
3.729094980000000059e-01 1.416195988655090332e+00
3.757402049999999938e-01 1.475201606750488281e+00
3.785709680000000077e-01 1.639325976371765137e+00
3.814017869999999921e-01 1.418537139892578125e+00
3.842326620000000026e-01 1.285867333412170410e+00
3.870635940000000108e-01 1.444280505180358887e+00
3.898945819999999896e-01 1.621598005294799805e+00
3.927256259999999943e-01 1.415754675865173340e+00
3.955567260000000251e-01 1.465204596519470215e+00
3.983878829999999982e-01 1.828776240348815918e+00
4.012190950000000256e-01 2.294713020324707031e+00
4.040503639999999952e-01 2.278273820877075195e+00
4.068816900000000181e-01 2.235355615615844727e+00
4.097130709999999842e-01 2.287784814834594727e+00
4.125445090000000037e-01 2.364949464797973633e+00
4.153760029999999936e-01 2.392946720123291016e+00
4.182075530000000096e-01 2.342362165451049805e+00
4.210391589999999962e-01 2.347354888916015625e+00
4.238708219999999804e-01 2.298633098602294922e+00
4.267025409999999908e-01 2.276811599731445312e+00
4.295343160000000271e-01 2.055924177169799805e+00
4.323661469999999785e-01 2.199893712997436523e+00
4.351980349999999831e-01 2.386997699737548828e+00
4.380299790000000137e-01 2.428168296813964844e+00
4.408619790000000149e-01 2.512906312942504883e+00
4.436940349999999866e-01 2.670996904373168945e+00
4.465261480000000116e-01 2.685270071029663086e+00
4.493583170000000071e-01 2.832949876785278320e+00
4.521905419999999731e-01 2.859607934951782227e+00
4.550228230000000207e-01 2.826087474822998047e+00
4.578551610000000105e-01 2.889676094055175781e+00
4.606875550000000263e-01 2.914583206176757812e+00
4.635200050000000127e-01 2.954181909561157227e+00
4.663525110000000251e-01 2.874003171920776367e+00
4.691850739999999798e-01 2.874105215072631836e+00
4.720176919999999887e-01 2.906183242797851562e+00
4.748503669999999954e-01 2.964356184005737305e+00
4.776830989999999999e-01 2.990799903869628906e+00
4.805158860000000032e-01 3.054408788681030273e+00
4.833487300000000042e-01 3.033243894577026367e+00
4.861816299999999758e-01 2.794087409973144531e+00
4.890145859999999733e-01 2.935479879379272461e+00
4.918475979999999970e-01 2.995627641677856445e+00
4.946806670000000183e-01 3.049222946166992188e+00
4.975137920000000102e-01 3.077997207641601562e+00
5.003469729999999727e-01 3.010542869567871094e+00
5.031802100000000166e-01 2.982960224151611328e+00
5.060135040000000028e-01 3.079693794250488281e+00
5.088468539999999596e-01 3.098092079162597656e+00
5.116802599999999979e-01 3.126606702804565430e+00
5.145137220000000067e-01 3.049955606460571289e+00
5.173472409999999577e-01 2.893790245056152344e+00
5.201808159999999903e-01 3.031455755233764648e+00
5.230144469999999934e-01 3.163850307464599609e+00
5.258481339999999671e-01 3.163398742675781250e+00
5.286818779999999940e-01 3.197769641876220703e+00
5.315156779999999914e-01 3.323510169982910156e+00
5.343495339999999594e-01 3.309424638748168945e+00
5.371834460000000089e-01 3.344773054122924805e+00
5.400174150000000006e-01 3.289788722991943359e+00
5.428514389999999912e-01 3.325500011444091797e+00
5.456855200000000350e-01 3.389252185821533203e+00
5.485196580000000210e-01 3.393561363220214844e+00
5.513538510000000059e-01 3.428833961486816406e+00
5.541881010000000440e-01 3.452834606170654297e+00
5.570224070000000527e-01 3.418973684310913086e+00
5.598567690000000319e-01 3.378416776657104492e+00
5.626911869999999816e-01 3.425272941589355469e+00
5.655256619999999845e-01 3.415743112564086914e+00
5.683601929999999580e-01 3.383723258972167969e+00
5.711947800000000131e-01 3.349894523620605469e+00
5.740294230000000386e-01 3.404034852981567383e+00
5.768641230000000064e-01 3.371787309646606445e+00
5.796988789999999447e-01 3.383571386337280273e+00
5.825336909999999646e-01 3.456184387207031250e+00
5.853685589999999550e-01 3.428829908370971680e+00
5.882034839999999987e-01 3.201997518539428711e+00
5.910384650000000129e-01 3.063562154769897461e+00
5.938735019999999976e-01 3.123784780502319336e+00
5.967085949999999528e-01 3.119242191314697266e+00
5.995437449999999613e-01 3.090872049331665039e+00
6.023789510000000513e-01 3.046951532363891602e+00
6.052142130000000009e-01 3.067304372787475586e+00
6.080495310000000320e-01 3.010494470596313477e+00
6.108849060000000053e-01 2.923166275024414062e+00
6.137203359999999774e-01 2.841444015502929688e+00
6.165558230000000028e-01 2.826827526092529297e+00
6.193913669999999705e-01 2.894189119338989258e+00
6.222269660000000480e-01 2.878609180450439453e+00
6.250626219999999567e-01 2.807722091674804688e+00
6.278983339999999469e-01 2.742893218994140625e+00
6.307341020000000187e-01 2.729246854782104492e+00
6.335699259999999500e-01 2.754111289978027344e+00
6.364058070000000455e-01 2.777442932128906250e+00
6.392417440000000006e-01 2.791291236877441406e+00
6.420777370000000372e-01 2.762422800064086914e+00
6.449137860000000444e-01 2.729097366333007812e+00
6.477498919999999938e-01 2.599837303161621094e+00
6.505860540000000247e-01 2.588968515396118164e+00
6.534222720000000262e-01 2.584724903106689453e+00
6.562585459999999982e-01 2.376628160476684570e+00
6.590948770000000234e-01 2.492820024490356445e+00
6.619312640000000192e-01 2.554328918457031250e+00
6.647677069999999855e-01 2.534687995910644531e+00
6.676042060000000333e-01 2.515693426132202148e+00
6.704407620000000234e-01 2.493381261825561523e+00
6.732773739999999840e-01 2.461087465286254883e+00
6.761140420000000262e-01 2.454135894775390625e+00
6.789507660000000389e-01 2.443938016891479492e+00
6.817875469999999938e-01 2.412718534469604492e+00
6.846243829999999475e-01 2.325875759124755859e+00
6.874612759999999545e-01 1.949406266212463379e+00
6.902982260000000148e-01 1.979595065116882324e+00
6.931352309999999628e-01 2.011912107467651367e+00
6.959722929999999641e-01 2.029415845870971680e+00
6.988094110000000470e-01 2.013047456741333008e+00
7.016465849999999893e-01 1.908269047737121582e+00
7.044838150000000132e-01 1.902061581611633301e+00
7.073211019999999793e-01 1.877161622047424316e+00
7.101584450000000270e-01 1.815586209297180176e+00
7.129958440000000452e-01 1.703588604927062988e+00
7.158332990000000340e-01 1.454028367996215820e+00
7.186708109999999650e-01 1.056267380714416504e+00
7.215083789999999775e-01 1.090633749961853027e+00
7.243460029999999605e-01 9.963474869728088379e-01
7.271836830000000251e-01 9.051336050033569336e-01
7.300214200000000320e-01 8.514819741249084473e-01
7.328592130000000093e-01 8.697493672370910645e-01
7.356970619999999572e-01 8.609270453453063965e-01
7.385349669999999866e-01 8.404117822647094727e-01
7.413729289999999583e-01 8.419180512428283691e-01
7.442109470000000115e-01 8.525689244270324707e-01
7.470490210000000353e-01 8.536967635154724121e-01
7.498871510000000296e-01 8.463283777236938477e-01
7.527253379999999661e-01 8.336718678474426270e-01
7.555635800000000124e-01 8.249938488006591797e-01
7.584018790000000010e-01 6.747126579284667969e-01
7.612402350000000428e-01 3.201904892921447754e-01
7.640786459999999725e-01 3.864945173263549805e-01
7.669171139999999554e-01 6.250602006912231445e-01
7.697556380000000198e-01 7.564379572868347168e-01
7.725942180000000548e-01 7.895993590354919434e-01
7.754328539999999492e-01 7.977499365806579590e-01
7.782715470000000080e-01 7.952801585197448730e-01
7.811102960000000373e-01 7.981629967689514160e-01
7.839491010000000371e-01 7.947791218757629395e-01
7.867879620000000074e-01 7.945135831832885742e-01
7.896268800000000310e-01 7.654501199722290039e-01
7.924658540000000251e-01 7.668480277061462402e-01
7.953048839999999897e-01 7.758826017379760742e-01
7.981439700000000359e-01 7.852224111557006836e-01
8.009831130000000243e-01 7.730119824409484863e-01
8.038223119999999833e-01 7.800416350364685059e-01
8.066615670000000238e-01 7.912120223045349121e-01
8.095008780000000348e-01 7.592213153839111328e-01
8.123402459999999881e-01 6.836381554603576660e-01
8.151796700000000229e-01 5.632944107055664062e-01
8.180191500000000282e-01 5.304283499717712402e-01
8.208586860000000041e-01 5.655961632728576660e-01
8.236982790000000332e-01 5.175582766532897949e-01
8.265379269999999501e-01 5.361142158508300781e-01
8.293776320000000313e-01 4.798101484775543213e-01
8.322173940000000547e-01 4.581167399883270264e-01
8.350572109999999659e-01 4.690256118774414062e-01
8.378970850000000414e-01 4.768910109996795654e-01
8.407370149999999764e-01 4.786078035831451416e-01
8.435770009999999930e-01 4.754456281661987305e-01
8.464170429999999801e-01 4.751105010509490967e-01
8.492571420000000204e-01 4.489506781101226807e-01
8.520972970000000313e-01 4.353089332580566406e-01
8.549375080000000127e-01 4.095831811428070068e-01
8.577777749999999646e-01 4.339525401592254639e-01
8.606180989999999698e-01 4.268843233585357666e-01
8.634584789999999455e-01 4.209267795085906982e-01
8.662989150000000027e-01 3.876937329769134521e-01
8.691394070000000305e-01 3.957646787166595459e-01
8.719799560000000005e-01 3.914501965045928955e-01
8.748205610000000521e-01 3.828851580619812012e-01
8.776612219999999631e-01 3.725170791149139404e-01
8.805019389999999557e-01 3.577574789524078369e-01
8.833427130000000016e-01 3.475601375102996826e-01
8.861835430000000180e-01 3.404485583305358887e-01
8.890244290000000049e-01 3.332925736904144287e-01
8.918653709999999624e-01 3.183949589729309082e-01
8.947063699999999731e-01 2.650434672832489014e-01
8.975474239999999826e-01 2.143854200839996338e-01
9.003885350000000454e-01 1.934338361024856567e-01
9.032297030000000504e-01 2.195394337177276611e-01
9.060709260000000542e-01 2.226736098527908325e-01
9.089122060000000003e-01 1.793744266033172607e-01
9.117535420000000279e-01 1.841925233602523804e-01
9.145949340000000261e-01 1.624006628990173340e-01
9.174363819999999947e-01 1.673916280269622803e-01
9.202778870000000166e-01 1.889785230159759521e-01
9.231194480000000091e-01 1.800295710563659668e-01
9.259610649999999721e-01 1.645634025335311890e-01
9.288027380000000166e-01 1.178824454545974731e-01
9.316444680000000034e-01 6.586419790983200073e-02
9.344862539999999607e-01 4.058299958705902100e-02
9.373280959999999995e-01 4.576655477285385132e-02
9.401699940000000089e-01 6.417829543352127075e-02
9.430119489999999605e-01 5.597943440079689026e-02
9.458539599999999936e-01 5.329233035445213318e-02
9.486960269999999973e-01 5.577550083398818970e-02
9.515381499999999715e-01 5.507538840174674988e-02
9.543803299999999989e-01 5.642833188176155090e-02
9.572225659999999969e-01 6.058655679225921631e-02
9.600648579999999654e-01 6.365326046943664551e-02
9.629072060000000155e-01 7.025218009948730469e-02
9.657496110000000078e-01 7.642759382724761963e-02
9.685920709999999989e-01 1.037065312266349792e-01
9.714345880000000433e-01 1.141525059938430786e-01
9.742771620000000299e-01 1.006318777799606323e-01
9.771197910000000153e-01 1.029434502124786377e-01
9.799624770000000540e-01 1.086770370602607727e-01
9.828052189999999522e-01 1.148591786623001099e-01
9.856480170000000429e-01 1.239342242479324341e-01
9.884908709999999932e-01 1.276234537363052368e-01
9.913337819999999967e-01 1.329952925443649292e-01
9.941767489999999707e-01 1.339773088693618774e-01
9.970197720000000263e-01 1.350696235895156860e-01
9.998628510000000524e-01 1.360012590885162354e-01
1.002705986999999910e+00 1.356962025165557861e-01
1.005549178999999960e+00 1.289469450712203979e-01
1.008392426999999980e+00 1.315861195325851440e-01
1.011235730999999971e+00 1.373341232538223267e-01
1.014079092000000015e+00 1.365208774805068970e-01
1.016922509000000030e+00 1.382580101490020752e-01
1.019765982000000015e+00 1.389459818601608276e-01
1.022609510999999971e+00 1.350350677967071533e-01
1.025453096999999980e+00 1.424091607332229614e-01
1.028296738999999960e+00 1.427602171897888184e-01
1.031140436999999910e+00 1.458314210176467896e-01
1.033984191000000052e+00 1.429501920938491821e-01
1.036828002000000026e+00 1.384094953536987305e-01
1.039671868000000110e+00 1.355851292610168457e-01
1.042515791000000025e+00 1.528755724430084229e-01
1.045359770999999993e+00 1.338514834642410278e-01
