3.615872339999999796e-01 1.380409002304077148e+00
3.644177160000000026e-01 1.631898641586303711e+00
3.672482539999999962e-01 1.680433273315429688e+00
3.700788480000000158e-01 1.610483169555664062e+00
3.729094980000000059e-01 1.480996727943420410e+00
3.757402049999999938e-01 1.529641985893249512e+00
3.785709680000000077e-01 1.683857202529907227e+00
3.814017869999999921e-01 1.474376678466796875e+00
3.842326620000000026e-01 1.291259765625000000e+00
3.870635940000000108e-01 1.471164822578430176e+00
3.898945819999999896e-01 1.622150540351867676e+00
3.927256259999999943e-01 1.441493511199951172e+00
3.955567260000000251e-01 1.469054818153381348e+00
3.983878829999999982e-01 1.887702107429504395e+00
4.012190950000000256e-01 2.303949356079101562e+00
4.040503639999999952e-01 2.296570301055908203e+00
4.068816900000000181e-01 2.273954868316650391e+00
4.097130709999999842e-01 2.302164316177368164e+00
4.125445090000000037e-01 2.390138864517211914e+00
4.153760029999999936e-01 2.374729633331298828e+00
4.182075530000000096e-01 2.322464466094970703e+00
4.210391589999999962e-01 2.346156835556030273e+00
4.238708219999999804e-01 2.294817209243774414e+00
4.267025409999999908e-01 2.272246122360229492e+00
4.295343160000000271e-01 2.033578872680664062e+00
4.323661469999999785e-01 2.173847913742065430e+00
4.351980349999999831e-01 2.375576496124267578e+00
4.380299790000000137e-01 2.417711734771728516e+00
4.408619790000000149e-01 2.496958017349243164e+00
4.436940349999999866e-01 2.638047456741333008e+00
4.465261480000000116e-01 2.672721385955810547e+00
4.493583170000000071e-01 2.833742380142211914e+00
4.521905419999999731e-01 2.851641654968261719e+00
4.550228230000000207e-01 2.828564643859863281e+00
4.578551610000000105e-01 2.901835680007934570e+00
4.606875550000000263e-01 2.900981903076171875e+00
4.635200050000000127e-01 2.915284633636474609e+00
4.663525110000000251e-01 2.873353004455566406e+00
4.691850739999999798e-01 2.853968620300292969e+00
4.720176919999999887e-01 2.896938800811767578e+00
4.748503669999999954e-01 2.957450628280639648e+00
4.776830989999999999e-01 2.983916282653808594e+00
4.805158860000000032e-01 3.052644491195678711e+00
4.833487300000000042e-01 3.025868892669677734e+00
4.861816299999999758e-01 2.781429529190063477e+00
4.890145859999999733e-01 2.897315502166748047e+00
4.918475979999999970e-01 2.986640214920043945e+00
4.946806670000000183e-01 3.024238109588623047e+00
4.975137920000000102e-01 3.057831525802612305e+00
5.003469729999999727e-01 2.980498790740966797e+00
5.031802100000000166e-01 2.957294225692749023e+00
5.060135040000000028e-01 3.054406404495239258e+00
5.088468539999999596e-01 3.076431035995483398e+00
5.116802599999999979e-01 3.100526332855224609e+00
5.145137220000000067e-01 3.047301769256591797e+00
5.173472409999999577e-01 2.885797739028930664e+00
5.201808159999999903e-01 3.009103536605834961e+00
5.230144469999999934e-01 3.158039331436157227e+00
5.258481339999999671e-01 3.157950878143310547e+00
5.286818779999999940e-01 3.206586837768554688e+00
5.315156779999999914e-01 3.325458049774169922e+00
5.343495339999999594e-01 3.311606884002685547e+00
5.371834460000000089e-01 3.349747419357299805e+00
5.400174150000000006e-01 3.298674345016479492e+00
5.428514389999999912e-01 3.312748670578002930e+00
5.456855200000000350e-01 3.394645214080810547e+00
5.485196580000000210e-01 3.388684034347534180e+00
5.513538510000000059e-01 3.418923377990722656e+00
5.541881010000000440e-01 3.462886333465576172e+00
5.570224070000000527e-01 3.417841672897338867e+00
5.598567690000000319e-01 3.383237838745117188e+00
5.626911869999999816e-01 3.411785364151000977e+00
5.655256619999999845e-01 3.424004793167114258e+00
5.683601929999999580e-01 3.382112264633178711e+00
5.711947800000000131e-01 3.346346855163574219e+00
5.740294230000000386e-01 3.409062623977661133e+00
5.768641230000000064e-01 3.380510807037353516e+00
5.796988789999999447e-01 3.379281520843505859e+00
5.825336909999999646e-01 3.467092990875244141e+00
5.853685589999999550e-01 3.429233312606811523e+00
5.882034839999999987e-01 3.201924800872802734e+00
5.910384650000000129e-01 3.066968679428100586e+00
5.938735019999999976e-01 3.118724822998046875e+00
5.967085949999999528e-01 3.127454996109008789e+00
5.995437449999999613e-01 3.093061208724975586e+00
6.023789510000000513e-01 3.039566993713378906e+00
6.052142130000000009e-01 3.067155599594116211e+00
6.080495310000000320e-01 3.009812355041503906e+00
6.108849060000000053e-01 2.920524120330810547e+00
6.137203359999999774e-01 2.848435878753662109e+00
6.165558230000000028e-01 2.829710721969604492e+00
6.193913669999999705e-01 2.905668020248413086e+00
6.222269660000000480e-01 2.890002489089965820e+00
6.250626219999999567e-01 2.814802169799804688e+00
6.278983339999999469e-01 2.747548580169677734e+00
6.307341020000000187e-01 2.722728252410888672e+00
6.335699259999999500e-01 2.762546539306640625e+00
6.364058070000000455e-01 2.800129413604736328e+00
6.392417440000000006e-01 2.789029121398925781e+00
6.420777370000000372e-01 2.765137672424316406e+00
6.449137860000000444e-01 2.727243423461914062e+00
6.477498919999999938e-01 2.602453947067260742e+00
6.505860540000000247e-01 2.590984821319580078e+00
6.534222720000000262e-01 2.591668844223022461e+00
6.562585459999999982e-01 2.374372959136962891e+00
6.590948770000000234e-01 2.491279363632202148e+00
6.619312640000000192e-01 2.544033288955688477e+00
6.647677069999999855e-01 2.520157575607299805e+00
6.676042060000000333e-01 2.493519067764282227e+00
6.704407620000000234e-01 2.463144779205322266e+00
6.732773739999999840e-01 2.447088241577148438e+00
6.761140420000000262e-01 2.422663688659667969e+00
6.789507660000000389e-01 2.408709764480590820e+00
6.817875469999999938e-01 2.382927179336547852e+00
6.846243829999999475e-01 2.304919719696044922e+00
6.874612759999999545e-01 1.933505058288574219e+00
6.902982260000000148e-01 1.983324885368347168e+00
6.931352309999999628e-01 2.024136543273925781e+00
6.959722929999999641e-01 2.036927938461303711e+00
6.988094110000000470e-01 2.032242298126220703e+00
7.016465849999999893e-01 1.925934314727783203e+00
7.044838150000000132e-01 1.937947154045104980e+00
7.073211019999999793e-01 1.899259686470031738e+00
7.101584450000000270e-01 1.823228001594543457e+00
7.129958440000000452e-01 1.733192443847656250e+00
7.158332990000000340e-01 1.459733128547668457e+00
7.186708109999999650e-01 1.055569648742675781e+00
7.215083789999999775e-01 1.087343096733093262e+00
7.243460029999999605e-01 9.953950047492980957e-01
7.271836830000000251e-01 9.034260511398315430e-01
7.300214200000000320e-01 8.451898694038391113e-01
7.328592130000000093e-01 8.728995323181152344e-01
7.356970619999999572e-01 8.627468943595886230e-01
7.385349669999999866e-01 8.417530059814453125e-01
7.413729289999999583e-01 8.477606177330017090e-01
7.442109470000000115e-01 8.545907735824584961e-01
7.470490210000000353e-01 8.579916357994079590e-01
7.498871510000000296e-01 8.486819863319396973e-01
7.527253379999999661e-01 8.390244841575622559e-01
7.555635800000000124e-01 8.245086669921875000e-01
7.584018790000000010e-01 6.773434877395629883e-01
7.612402350000000428e-01 3.110056221485137939e-01
7.640786459999999725e-01 3.798615038394927979e-01
7.669171139999999554e-01 6.150444149971008301e-01
7.697556380000000198e-01 7.644594311714172363e-01
7.725942180000000548e-01 7.880114316940307617e-01
7.754328539999999492e-01 7.916003465652465820e-01
7.782715470000000080e-01 7.904744744300842285e-01
7.811102960000000373e-01 7.970156073570251465e-01
7.839491010000000371e-01 7.863558530807495117e-01
7.867879620000000074e-01 7.804569005966186523e-01
7.896268800000000310e-01 7.571973800659179688e-01
7.924658540000000251e-01 7.659951448440551758e-01
7.953048839999999897e-01 7.712885141372680664e-01
7.981439700000000359e-01 7.802038788795471191e-01
8.009831130000000243e-01 7.708086967468261719e-01
8.038223119999999833e-01 7.756479382514953613e-01
8.066615670000000238e-01 7.958227992057800293e-01
8.095008780000000348e-01 7.627162337303161621e-01
8.123402459999999881e-01 6.880978941917419434e-01
8.151796700000000229e-01 5.546946525573730469e-01
8.180191500000000282e-01 5.240372419357299805e-01
8.208586860000000041e-01 5.610294342041015625e-01
8.236982790000000332e-01 5.250980854034423828e-01
8.265379269999999501e-01 5.350978970527648926e-01
8.293776320000000313e-01 4.743575453758239746e-01
8.322173940000000547e-01 4.631551802158355713e-01
8.350572109999999659e-01 4.591881632804870605e-01
8.378970850000000414e-01 4.732235372066497803e-01
8.407370149999999764e-01 4.768369495868682861e-01
8.435770009999999930e-01 4.716376662254333496e-01
8.464170429999999801e-01 4.710556566715240479e-01
8.492571420000000204e-01 4.499414563179016113e-01
8.520972970000000313e-01 4.329099357128143311e-01
8.549375080000000127e-01 4.008071124553680420e-01
8.577777749999999646e-01 4.260002970695495605e-01
8.606180989999999698e-01 4.280697107315063477e-01
8.634584789999999455e-01 4.167221784591674805e-01
8.662989150000000027e-01 3.842079341411590576e-01
8.691394070000000305e-01 3.912281990051269531e-01
8.719799560000000005e-01 3.904735147953033447e-01
8.748205610000000521e-01 3.777093589305877686e-01
8.776612219999999631e-01 3.711890280246734619e-01
8.805019389999999557e-01 3.536487221717834473e-01
8.833427130000000016e-01 3.503431081771850586e-01
8.861835430000000180e-01 3.336391150951385498e-01
8.890244290000000049e-01 3.308208584785461426e-01
8.918653709999999624e-01 3.041494488716125488e-01
8.947063699999999731e-01 2.634906768798828125e-01
8.975474239999999826e-01 2.060910910367965698e-01
9.003885350000000454e-01 1.855404973030090332e-01
9.032297030000000504e-01 2.193089872598648071e-01
9.060709260000000542e-01 2.211215645074844360e-01
9.089122060000000003e-01 1.747603565454483032e-01
9.117535420000000279e-01 1.753173917531967163e-01
9.145949340000000261e-01 1.550165712833404541e-01
9.174363819999999947e-01 1.632748842239379883e-01
9.202778870000000166e-01 1.877329945564270020e-01
9.231194480000000091e-01 1.800560355186462402e-01
9.259610649999999721e-01 1.635086238384246826e-01
9.288027380000000166e-01 1.139582097530364990e-01
9.316444680000000034e-01 5.736932530999183655e-02
9.344862539999999607e-01 3.461989760398864746e-02
9.373280959999999995e-01 3.432074189186096191e-02
9.401699940000000089e-01 5.884127318859100342e-02
9.430119489999999605e-01 4.631529375910758972e-02
9.458539599999999936e-01 4.269883781671524048e-02
9.486960269999999973e-01 4.450915753841400146e-02
9.515381499999999715e-01 4.680783674120903015e-02
9.543803299999999989e-01 5.079362541437149048e-02
9.572225659999999969e-01 5.709985271096229553e-02
9.600648579999999654e-01 5.682725459337234497e-02
9.629072060000000155e-01 6.669209152460098267e-02
9.657496110000000078e-01 6.896826624870300293e-02
9.685920709999999989e-01 9.885003417730331421e-02
9.714345880000000433e-01 1.066653653979301453e-01
9.742771620000000299e-01 9.466283023357391357e-02
9.771197910000000153e-01 1.035276949405670166e-01
9.799624770000000540e-01 1.044690757989883423e-01
9.828052189999999522e-01 1.203980520367622375e-01
9.856480170000000429e-01 1.268527656793594360e-01
9.884908709999999932e-01 1.314096450805664062e-01
9.913337819999999967e-01 1.297603249549865723e-01
9.941767489999999707e-01 1.326217353343963623e-01
9.970197720000000263e-01 1.347687691450119019e-01
9.998628510000000524e-01 1.321036070585250854e-01
1.002705986999999910e+00 1.242713630199432373e-01
1.005549178999999960e+00 1.264424473047256470e-01
1.008392426999999980e+00 1.266254633665084839e-01
1.011235730999999971e+00 1.283680200576782227e-01
1.014079092000000015e+00 1.270989477634429932e-01
1.016922509000000030e+00 1.210841760039329529e-01
1.019765982000000015e+00 1.279279142618179321e-01
1.022609510999999971e+00 1.168469637632369995e-01
1.025453096999999980e+00 1.324527263641357422e-01
1.028296738999999960e+00 1.365578621625900269e-01
1.031140436999999910e+00 1.259988248348236084e-01
1.033984191000000052e+00 1.257310658693313599e-01
1.036828002000000026e+00 1.274203807115554810e-01
1.039671868000000110e+00 1.375657320022583008e-01
1.042515791000000025e+00 1.238733753561973572e-01
1.045359770999999993e+00 1.340598165988922119e-01
