3.615872339999999796e-01 1.320239424705505371e+00
3.644177160000000026e-01 1.419426321983337402e+00
3.672482539999999962e-01 1.539557456970214844e+00
3.700788480000000158e-01 1.576338410377502441e+00
3.729094980000000059e-01 1.387979149818420410e+00
3.757402049999999938e-01 1.469470620155334473e+00
3.785709680000000077e-01 1.642382979393005371e+00
3.814017869999999921e-01 1.394759893417358398e+00
3.842326620000000026e-01 1.281832456588745117e+00
3.870635940000000108e-01 1.426582098007202148e+00
3.898945819999999896e-01 1.576774477958679199e+00
3.927256259999999943e-01 1.380433797836303711e+00
3.955567260000000251e-01 1.430193901062011719e+00
3.983878829999999982e-01 1.818587660789489746e+00
4.012190950000000256e-01 2.247921466827392578e+00
4.040503639999999952e-01 2.213298559188842773e+00
4.068816900000000181e-01 2.186933755874633789e+00
4.097130709999999842e-01 2.241312742233276367e+00
4.125445090000000037e-01 2.317122220993041992e+00
4.153760029999999936e-01 2.341612815856933594e+00
4.182075530000000096e-01 2.266631126403808594e+00
4.210391589999999962e-01 2.289416551589965820e+00
4.238708219999999804e-01 2.260725259780883789e+00
4.267025409999999908e-01 2.206907033920288086e+00
4.295343160000000271e-01 1.997956275939941406e+00
4.323661469999999785e-01 2.132714986801147461e+00
4.351980349999999831e-01 2.299817800521850586e+00
4.380299790000000137e-01 2.343734264373779297e+00
4.408619790000000149e-01 2.421241998672485352e+00
4.436940349999999866e-01 2.540775060653686523e+00
4.465261480000000116e-01 2.545827388763427734e+00
4.493583170000000071e-01 2.703721046447753906e+00
4.521905419999999731e-01 2.727376222610473633e+00
4.550228230000000207e-01 2.691925048828125000e+00
4.578551610000000105e-01 2.763879060745239258e+00
4.606875550000000263e-01 2.777301073074340820e+00
4.635200050000000127e-01 2.799967527389526367e+00
4.663525110000000251e-01 2.746281862258911133e+00
4.691850739999999798e-01 2.719534158706665039e+00
4.720176919999999887e-01 2.768778324127197266e+00
4.748503669999999954e-01 2.813429355621337891e+00
4.776830989999999999e-01 2.832337141036987305e+00
4.805158860000000032e-01 2.893136978149414062e+00
4.833487300000000042e-01 2.862604856491088867e+00
4.861816299999999758e-01 2.638439416885375977e+00
4.890145859999999733e-01 2.748886108398437500e+00
4.918475979999999970e-01 2.827839612960815430e+00
4.946806670000000183e-01 2.885610103607177734e+00
4.975137920000000102e-01 2.900050640106201172e+00
5.003469729999999727e-01 2.813229084014892578e+00
5.031802100000000166e-01 2.807500362396240234e+00
5.060135040000000028e-01 2.891244888305664062e+00
5.088468539999999596e-01 2.902562856674194336e+00
5.116802599999999979e-01 2.932197332382202148e+00
5.145137220000000067e-01 2.863532781600952148e+00
5.173472409999999577e-01 2.720057249069213867e+00
5.201808159999999903e-01 2.826724767684936523e+00
5.230144469999999934e-01 2.954407215118408203e+00
5.258481339999999671e-01 2.967362165451049805e+00
5.286818779999999940e-01 2.992533683776855469e+00
5.315156779999999914e-01 3.097360372543334961e+00
5.343495339999999594e-01 3.094773530960083008e+00
5.371834460000000089e-01 3.129226922988891602e+00
5.400174150000000006e-01 3.075392007827758789e+00
5.428514389999999912e-01 3.096728324890136719e+00
5.456855200000000350e-01 3.162124156951904297e+00
5.485196580000000210e-01 3.159976482391357422e+00
5.513538510000000059e-01 3.180363893508911133e+00
5.541881010000000440e-01 3.195293903350830078e+00
5.570224070000000527e-01 3.169461488723754883e+00
5.598567690000000319e-01 3.127699375152587891e+00
5.626911869999999816e-01 3.179400205612182617e+00
5.655256619999999845e-01 3.164832115173339844e+00
5.683601929999999580e-01 3.140620708465576172e+00
5.711947800000000131e-01 3.097998380661010742e+00
5.740294230000000386e-01 3.156222581863403320e+00
5.768641230000000064e-01 3.122406959533691406e+00
5.796988789999999447e-01 3.124172687530517578e+00
5.825336909999999646e-01 3.192770719528198242e+00
5.853685589999999550e-01 3.147678375244140625e+00
5.882034839999999987e-01 2.933032274246215820e+00
5.910384650000000129e-01 2.798072338104248047e+00
5.938735019999999976e-01 2.835978746414184570e+00
5.967085949999999528e-01 2.807520151138305664e+00
5.995437449999999613e-01 2.771412372589111328e+00
6.023789510000000513e-01 2.723978042602539062e+00
6.052142130000000009e-01 2.734631538391113281e+00
6.080495310000000320e-01 2.686426877975463867e+00
6.108849060000000053e-01 2.565615653991699219e+00
6.137203359999999774e-01 2.509683370590209961e+00
6.165558230000000028e-01 2.483458757400512695e+00
6.193913669999999705e-01 2.548471450805664062e+00
6.222269660000000480e-01 2.532157421112060547e+00
6.250626219999999567e-01 2.461243629455566406e+00
6.278983339999999469e-01 2.400797843933105469e+00
6.307341020000000187e-01 2.381037473678588867e+00
6.335699259999999500e-01 2.403255939483642578e+00
6.364058070000000455e-01 2.422779560089111328e+00
6.392417440000000006e-01 2.432534933090209961e+00
6.420777370000000372e-01 2.400755405426025391e+00
6.449137860000000444e-01 2.361143827438354492e+00
6.477498919999999938e-01 2.248746871948242188e+00
6.505860540000000247e-01 2.235782861709594727e+00
6.534222720000000262e-01 2.220499992370605469e+00
6.562585459999999982e-01 2.045297861099243164e+00
6.590948770000000234e-01 2.125999689102172852e+00
6.619312640000000192e-01 2.178716659545898438e+00
6.647677069999999855e-01 2.153515815734863281e+00
6.676042060000000333e-01 2.134638547897338867e+00
6.704407620000000234e-01 2.103650808334350586e+00
6.732773739999999840e-01 2.076879024505615234e+00
6.761140420000000262e-01 2.067772388458251953e+00
6.789507660000000389e-01 2.053145885467529297e+00
6.817875469999999938e-01 2.023981809616088867e+00
6.846243829999999475e-01 1.947016477584838867e+00
6.874612759999999545e-01 1.630029559135437012e+00
6.902982260000000148e-01 1.644065499305725098e+00
6.931352309999999628e-01 1.675119519233703613e+00
6.959722929999999641e-01 1.678608059883117676e+00
6.988094110000000470e-01 1.649028778076171875e+00
7.016465849999999893e-01 1.554686546325683594e+00
7.044838150000000132e-01 1.539120435714721680e+00
7.073211019999999793e-01 1.502899527549743652e+00
7.101584450000000270e-01 1.435102462768554688e+00
7.129958440000000452e-01 1.339902997016906738e+00
7.158332990000000340e-01 1.132899522781372070e+00
7.186708109999999650e-01 8.151526451110839844e-01
7.215083789999999775e-01 8.363093137741088867e-01
7.243460029999999605e-01 7.584289312362670898e-01
7.271836830000000251e-01 6.877589225769042969e-01
7.300214200000000320e-01 6.394594907760620117e-01
7.328592130000000093e-01 6.478196382522583008e-01
7.356970619999999572e-01 6.476215124130249023e-01
7.385349669999999866e-01 6.324052214622497559e-01
7.413729289999999583e-01 6.310536861419677734e-01
7.442109470000000115e-01 6.426680088043212891e-01
7.470490210000000353e-01 6.343750357627868652e-01
7.498871510000000296e-01 6.269421577453613281e-01
7.527253379999999661e-01 6.187199354171752930e-01
7.555635800000000124e-01 6.136538386344909668e-01
7.584018790000000010e-01 5.046370625495910645e-01
7.612402350000000428e-01 2.367576509714126587e-01
7.640786459999999725e-01 2.838884890079498291e-01
7.669171139999999554e-01 4.580354392528533936e-01
7.697556380000000198e-01 5.589039325714111328e-01
7.725942180000000548e-01 5.767974853515625000e-01
7.754328539999999492e-01 5.794706344604492188e-01
7.782715470000000080e-01 5.811325311660766602e-01
7.811102960000000373e-01 5.795727968215942383e-01
7.839491010000000371e-01 5.815460085868835449e-01
7.867879620000000074e-01 5.725706815719604492e-01
7.896268800000000310e-01 5.541083812713623047e-01
7.924658540000000251e-01 5.534956455230712891e-01
7.953048839999999897e-01 5.624843239784240723e-01
7.981439700000000359e-01 5.677484273910522461e-01
8.009831130000000243e-01 5.602605342864990234e-01
8.038223119999999833e-01 5.584883689880371094e-01
8.066615670000000238e-01 5.748686790466308594e-01
8.095008780000000348e-01 5.501937270164489746e-01
8.123402459999999881e-01 4.892631769180297852e-01
8.151796700000000229e-01 3.981702327728271484e-01
8.180191500000000282e-01 3.807244002819061279e-01
8.208586860000000041e-01 4.051142036914825439e-01
8.236982790000000332e-01 3.750510215759277344e-01
8.265379269999999501e-01 3.845766782760620117e-01
8.293776320000000313e-01 3.471467494964599609e-01
8.322173940000000547e-01 3.397876024246215820e-01
8.350572109999999659e-01 3.363435566425323486e-01
8.378970850000000414e-01 3.463232815265655518e-01
8.407370149999999764e-01 3.454639613628387451e-01
8.435770009999999930e-01 3.442088961601257324e-01
8.464170429999999801e-01 3.383091688156127930e-01
8.492571420000000204e-01 3.255732357501983643e-01
8.520972970000000313e-01 3.150342702865600586e-01
8.549375080000000127e-01 2.957949936389923096e-01
8.577777749999999646e-01 3.141145408153533936e-01
8.606180989999999698e-01 3.091294467449188232e-01
8.634584789999999455e-01 3.049926459789276123e-01
8.662989150000000027e-01 2.816284596920013428e-01
8.691394070000000305e-01 2.896873056888580322e-01
8.719799560000000005e-01 2.864038348197937012e-01
8.748205610000000521e-01 2.767360508441925049e-01
8.776612219999999631e-01 2.698657214641571045e-01
8.805019389999999557e-01 2.590107023715972900e-01
8.833427130000000016e-01 2.552134096622467041e-01
8.861835430000000180e-01 2.490238398313522339e-01
8.890244290000000049e-01 2.409267872571945190e-01
8.918653709999999624e-01 2.315872758626937866e-01
8.947063699999999731e-01 1.938882321119308472e-01
8.975474239999999826e-01 1.587071567773818970e-01
9.003885350000000454e-01 1.404760032892227173e-01
9.032297030000000504e-01 1.627882570028305054e-01
9.060709260000000542e-01 1.634674817323684692e-01
9.089122060000000003e-01 1.327103227376937866e-01
9.117535420000000279e-01 1.322428286075592041e-01
9.145949340000000261e-01 1.235565245151519775e-01
9.174363819999999947e-01 1.208499073982238770e-01
9.202778870000000166e-01 1.423926204442977905e-01
9.231194480000000091e-01 1.369641423225402832e-01
9.259610649999999721e-01 1.237154155969619751e-01
9.288027380000000166e-01 8.863350003957748413e-02
9.316444680000000034e-01 4.955625161528587341e-02
9.344862539999999607e-01 2.767905965447425842e-02
9.373280959999999995e-01 2.999856136739253998e-02
9.401699940000000089e-01 4.772842675447463989e-02
9.430119489999999605e-01 4.107245802879333496e-02
9.458539599999999936e-01 3.811900317668914795e-02
9.486960269999999973e-01 3.975753486156463623e-02
9.515381499999999715e-01 3.965391218662261963e-02
9.543803299999999989e-01 4.294845461845397949e-02
9.572225659999999969e-01 4.664366692304611206e-02
9.600648579999999654e-01 4.874182865023612976e-02
9.629072060000000155e-01 5.290715023875236511e-02
9.657496110000000078e-01 5.603647977113723755e-02
9.685920709999999989e-01 8.195684850215911865e-02
9.714345880000000433e-01 8.173139393329620361e-02
9.742771620000000299e-01 7.508715987205505371e-02
9.771197910000000153e-01 8.092264086008071899e-02
9.799624770000000540e-01 8.311375230550765991e-02
9.828052189999999522e-01 9.457077085971832275e-02
9.856480170000000429e-01 9.556483477354049683e-02
9.884908709999999932e-01 9.762522578239440918e-02
9.913337819999999967e-01 1.019763350486755371e-01
9.941767489999999707e-01 1.021461039781570435e-01
9.970197720000000263e-01 1.020836159586906433e-01
9.998628510000000524e-01 1.034370511770248413e-01
1.002705986999999910e+00 9.703721851110458374e-02
1.005549178999999960e+00 1.021158322691917419e-01
1.008392426999999980e+00 9.939786046743392944e-02
1.011235730999999971e+00 1.001122370362281799e-01
1.014079092000000015e+00 1.051685661077499390e-01
1.016922509000000030e+00 1.013900861144065857e-01
1.019765982000000015e+00 1.030945405364036560e-01
1.022609510999999971e+00 9.479039162397384644e-02
1.025453096999999980e+00 1.005159765481948853e-01
1.028296738999999960e+00 1.019184067845344543e-01
1.031140436999999910e+00 1.031895354390144348e-01
1.033984191000000052e+00 9.464383870363235474e-02
1.036828002000000026e+00 9.554202854633331299e-02
1.039671868000000110e+00 1.072684153914451599e-01
1.042515791000000025e+00 9.517437964677810669e-02
1.045359770999999993e+00 9.941747039556503296e-02
