3.615872339999999796e-01 1.297351241111755371e+00
3.644177160000000026e-01 1.479004621505737305e+00
3.672482539999999962e-01 1.552081823348999023e+00
3.700788480000000158e-01 1.579090714454650879e+00
3.729094980000000059e-01 1.388622283935546875e+00
3.757402049999999938e-01 1.522510051727294922e+00
3.785709680000000077e-01 1.660554766654968262e+00
3.814017869999999921e-01 1.431410312652587891e+00
3.842326620000000026e-01 1.282179355621337891e+00
3.870635940000000108e-01 1.402435421943664551e+00
3.898945819999999896e-01 1.597961187362670898e+00
3.927256259999999943e-01 1.424905180931091309e+00
3.955567260000000251e-01 1.439157962799072266e+00
3.983878829999999982e-01 1.814094543457031250e+00
4.012190950000000256e-01 2.288456439971923828e+00
4.040503639999999952e-01 2.282010078430175781e+00
4.068816900000000181e-01 2.221925973892211914e+00
4.097130709999999842e-01 2.276923179626464844e+00
4.125445090000000037e-01 2.373989582061767578e+00
4.153760029999999936e-01 2.381531000137329102e+00
4.182075530000000096e-01 2.326593399047851562e+00
4.210391589999999962e-01 2.337039709091186523e+00
4.238708219999999804e-01 2.301147937774658203e+00
4.267025409999999908e-01 2.263737440109252930e+00
4.295343160000000271e-01 2.037728786468505859e+00
4.323661469999999785e-01 2.168653726577758789e+00
4.351980349999999831e-01 2.378175973892211914e+00
4.380299790000000137e-01 2.380773305892944336e+00
4.408619790000000149e-01 2.467314958572387695e+00
4.436940349999999866e-01 2.613853216171264648e+00
4.465261480000000116e-01 2.637354373931884766e+00
4.493583170000000071e-01 2.780456066131591797e+00
4.521905419999999731e-01 2.809669733047485352e+00
4.550228230000000207e-01 2.789638042449951172e+00
4.578551610000000105e-01 2.849786043167114258e+00
4.606875550000000263e-01 2.854792594909667969e+00
4.635200050000000127e-01 2.885936975479125977e+00
4.663525110000000251e-01 2.844177007675170898e+00
4.691850739999999798e-01 2.823478460311889648e+00
4.720176919999999887e-01 2.866888523101806641e+00
4.748503669999999954e-01 2.900842666625976562e+00
4.776830989999999999e-01 2.943372011184692383e+00
4.805158860000000032e-01 2.987420320510864258e+00
4.833487300000000042e-01 2.973347663879394531e+00
4.861816299999999758e-01 2.728056669235229492e+00
4.890145859999999733e-01 2.840756654739379883e+00
4.918475979999999970e-01 2.921788215637207031e+00
4.946806670000000183e-01 2.984250068664550781e+00
4.975137920000000102e-01 3.007569551467895508e+00
5.003469729999999727e-01 2.923725843429565430e+00
5.031802100000000166e-01 2.904257535934448242e+00
5.060135040000000028e-01 3.000306129455566406e+00
5.088468539999999596e-01 3.004776954650878906e+00
5.116802599999999979e-01 3.042209863662719727e+00
5.145137220000000067e-01 2.982543706893920898e+00
5.173472409999999577e-01 2.818693161010742188e+00
5.201808159999999903e-01 2.938534975051879883e+00
5.230144469999999934e-01 3.064710855484008789e+00
5.258481339999999671e-01 3.089268445968627930e+00
5.286818779999999940e-01 3.114714384078979492e+00
5.315156779999999914e-01 3.217575788497924805e+00
5.343495339999999594e-01 3.210026264190673828e+00
5.371834460000000089e-01 3.266335964202880859e+00
5.400174150000000006e-01 3.202333211898803711e+00
5.428514389999999912e-01 3.219992876052856445e+00
5.456855200000000350e-01 3.276280403137207031e+00
5.485196580000000210e-01 3.291565418243408203e+00
5.513538510000000059e-01 3.319425106048583984e+00
5.541881010000000440e-01 3.340935707092285156e+00
5.570224070000000527e-01 3.319946289062500000e+00
5.598567690000000319e-01 3.267079830169677734e+00
5.626911869999999816e-01 3.316289901733398438e+00
5.655256619999999845e-01 3.310848712921142578e+00
5.683601929999999580e-01 3.271409034729003906e+00
5.711947800000000131e-01 3.248820781707763672e+00
5.740294230000000386e-01 3.287346601486206055e+00
5.768641230000000064e-01 3.259780883789062500e+00
5.796988789999999447e-01 3.267983913421630859e+00
5.825336909999999646e-01 3.350026607513427734e+00
5.853685589999999550e-01 3.312784433364868164e+00
5.882034839999999987e-01 3.089614391326904297e+00
5.910384650000000129e-01 2.947320938110351562e+00
5.938735019999999976e-01 3.000608205795288086e+00
5.967085949999999528e-01 2.980016231536865234e+00
5.995437449999999613e-01 2.938733816146850586e+00
6.023789510000000513e-01 2.913877248764038086e+00
6.052142130000000009e-01 2.942545175552368164e+00
6.080495310000000320e-01 2.898474454879760742e+00
6.108849060000000053e-01 2.746279954910278320e+00
6.137203359999999774e-01 2.648130655288696289e+00
6.165558230000000028e-01 2.669501066207885742e+00
6.193913669999999705e-01 2.733452558517456055e+00
6.222269660000000480e-01 2.726795434951782227e+00
6.250626219999999567e-01 2.655054569244384766e+00
6.278983339999999469e-01 2.594184160232543945e+00
6.307341020000000187e-01 2.574147224426269531e+00
6.335699259999999500e-01 2.601595163345336914e+00
6.364058070000000455e-01 2.626043796539306641e+00
6.392417440000000006e-01 2.635095834732055664e+00
6.420777370000000372e-01 2.604587793350219727e+00
6.449137860000000444e-01 2.572767019271850586e+00
6.477498919999999938e-01 2.450470924377441406e+00
6.505860540000000247e-01 2.435138463973999023e+00
6.534222720000000262e-01 2.428498744964599609e+00
6.562585459999999982e-01 2.221602201461791992e+00
6.590948770000000234e-01 2.327867507934570312e+00
6.619312640000000192e-01 2.388751506805419922e+00
6.647677069999999855e-01 2.369847297668457031e+00
6.676042060000000333e-01 2.352329254150390625e+00
6.704407620000000234e-01 2.326252460479736328e+00
6.732773739999999840e-01 2.300804615020751953e+00
6.761140420000000262e-01 2.287119865417480469e+00
6.789507660000000389e-01 2.265098094940185547e+00
6.817875469999999938e-01 2.241544961929321289e+00
6.846243829999999475e-01 2.172390937805175781e+00
6.874612759999999545e-01 1.799912691116333008e+00
6.902982260000000148e-01 1.825753450393676758e+00
6.931352309999999628e-01 1.860468387603759766e+00
6.959722929999999641e-01 1.874462366104125977e+00
6.988094110000000470e-01 1.852692008018493652e+00
7.016465849999999893e-01 1.737350583076477051e+00
7.044838150000000132e-01 1.746111631393432617e+00
7.073211019999999793e-01 1.702128291130065918e+00
7.101584450000000270e-01 1.643220782279968262e+00
7.129958440000000452e-01 1.547227501869201660e+00
7.158332990000000340e-01 1.318675518035888672e+00
7.186708109999999650e-01 9.359471201896667480e-01
7.215083789999999775e-01 9.662435054779052734e-01
7.243460029999999605e-01 8.865485787391662598e-01
7.271836830000000251e-01 7.956908345222473145e-01
7.300214200000000320e-01 7.377245426177978516e-01
7.328592130000000093e-01 7.553704380989074707e-01
7.356970619999999572e-01 7.522624135017395020e-01
7.385349669999999866e-01 7.296679615974426270e-01
7.413729289999999583e-01 7.280837297439575195e-01
7.442109470000000115e-01 7.449522018432617188e-01
7.470490210000000353e-01 7.436827421188354492e-01
7.498871510000000296e-01 7.324116230010986328e-01
7.527253379999999661e-01 7.235421538352966309e-01
7.555635800000000124e-01 7.309190630912780762e-01
7.584018790000000010e-01 6.238796114921569824e-01
7.612402350000000428e-01 2.724356651306152344e-01
7.640786459999999725e-01 3.116702139377593994e-01
7.669171139999999554e-01 5.168901681900024414e-01
7.697556380000000198e-01 6.485969424247741699e-01
7.725942180000000548e-01 6.756722331047058105e-01
7.754328539999999492e-01 6.821817159652709961e-01
7.782715470000000080e-01 6.830479502677917480e-01
7.811102960000000373e-01 6.866520047187805176e-01
7.839491010000000371e-01 6.896402835845947266e-01
7.867879620000000074e-01 6.724624037742614746e-01
7.896268800000000310e-01 6.558529138565063477e-01
7.924658540000000251e-01 6.558492779731750488e-01
7.953048839999999897e-01 6.642136573791503906e-01
7.981439700000000359e-01 6.740549802780151367e-01
8.009831130000000243e-01 6.662338376045227051e-01
8.038223119999999833e-01 6.710249781608581543e-01
8.066615670000000238e-01 6.808617115020751953e-01
8.095008780000000348e-01 6.561891436576843262e-01
8.123402459999999881e-01 5.922449827194213867e-01
8.151796700000000229e-01 4.804675877094268799e-01
8.180191500000000282e-01 4.486151337623596191e-01
8.208586860000000041e-01 4.811351597309112549e-01
8.236982790000000332e-01 4.332273006439208984e-01
8.265379269999999501e-01 4.570069909095764160e-01
8.293776320000000313e-01 4.051148593425750732e-01
8.322173940000000547e-01 3.895525932312011719e-01
8.350572109999999659e-01 3.913472294807434082e-01
8.378970850000000414e-01 4.019554257392883301e-01
8.407370149999999764e-01 4.060831069946289062e-01
8.435770009999999930e-01 3.966125547885894775e-01
8.464170429999999801e-01 4.009543657302856445e-01
8.492571420000000204e-01 3.815782070159912109e-01
8.520972970000000313e-01 3.621382415294647217e-01
8.549375080000000127e-01 3.390708267688751221e-01
8.577777749999999646e-01 3.638049066066741943e-01
8.606180989999999698e-01 3.575671613216400146e-01
8.634584789999999455e-01 3.550493419170379639e-01
8.662989150000000027e-01 3.208102583885192871e-01
8.691394070000000305e-01 3.323024809360504150e-01
8.719799560000000005e-01 3.310845196247100830e-01
8.748205610000000521e-01 3.197584152221679688e-01
8.776612219999999631e-01 3.112011849880218506e-01
8.805019389999999557e-01 3.010432124137878418e-01
8.833427130000000016e-01 2.979525923728942871e-01
8.861835430000000180e-01 2.840261161327362061e-01
8.890244290000000049e-01 2.814444303512573242e-01
8.918653709999999624e-01 2.685599327087402344e-01
8.947063699999999731e-01 2.349715530872344971e-01
8.975474239999999826e-01 1.822387576103210449e-01
9.003885350000000454e-01 1.513528972864151001e-01
9.032297030000000504e-01 1.810304224491119385e-01
9.060709260000000542e-01 1.904336214065551758e-01
9.089122060000000003e-01 1.514934003353118896e-01
9.117535420000000279e-01 1.517838239669799805e-01
9.145949340000000261e-01 1.375175118446350098e-01
9.174363819999999947e-01 1.310814023017883301e-01
9.202778870000000166e-01 1.551921814680099487e-01
9.231194480000000091e-01 1.506610512733459473e-01
9.259610649999999721e-01 1.469014883041381836e-01
9.288027380000000166e-01 1.133143901824951172e-01
9.316444680000000034e-01 6.435742229223251343e-02
9.344862539999999607e-01 3.013736382126808167e-02
9.373280959999999995e-01 2.422318607568740845e-02
9.401699940000000089e-01 4.991593956947326660e-02
9.430119489999999605e-01 4.221180826425552368e-02
9.458539599999999936e-01 3.754701465368270874e-02
9.486960269999999973e-01 4.033171385526657104e-02
9.515381499999999715e-01 4.793410375714302063e-02
9.543803299999999989e-01 4.111824184656143188e-02
9.572225659999999969e-01 4.610383883118629456e-02
9.600648579999999654e-01 4.310166835784912109e-02
9.629072060000000155e-01 5.181263759732246399e-02
9.657496110000000078e-01 5.651402845978736877e-02
9.685920709999999989e-01 7.484475523233413696e-02
9.714345880000000433e-01 9.190650284290313721e-02
9.742771620000000299e-01 8.185988664627075195e-02
9.771197910000000153e-01 7.871323078870773315e-02
9.799624770000000540e-01 7.752327620983123779e-02
9.828052189999999522e-01 8.958397060632705688e-02
9.856480170000000429e-01 9.845300763845443726e-02
9.884908709999999932e-01 1.059698909521102905e-01
9.913337819999999967e-01 1.054769158363342285e-01
9.941767489999999707e-01 1.136295571923255920e-01
9.970197720000000263e-01 1.127173304557800293e-01
9.998628510000000524e-01 1.124926358461380005e-01
1.002705986999999910e+00 1.119240522384643555e-01
1.005549178999999960e+00 9.831002354621887207e-02
1.008392426999999980e+00 1.047922819852828979e-01
1.011235730999999971e+00 1.062160506844520569e-01
1.014079092000000015e+00 1.094705760478973389e-01
1.016922509000000030e+00 1.079869344830513000e-01
1.019765982000000015e+00 1.100704967975616455e-01
1.022609510999999971e+00 1.074403077363967896e-01
1.025453096999999980e+00 1.107655614614486694e-01
1.028296738999999960e+00 1.102909818291664124e-01
1.031140436999999910e+00 1.109388023614883423e-01
1.033984191000000052e+00 1.059003993868827820e-01
1.036828002000000026e+00 1.084877103567123413e-01
1.039671868000000110e+00 1.245047003030776978e-01
1.042515791000000025e+00 1.113243028521537781e-01
1.045359770999999993e+00 1.316165924072265625e-01
