3.615872339999999796e-01 1.292160987854003906e+00
3.644177160000000026e-01 1.479670524597167969e+00
3.672482539999999962e-01 1.612956762313842773e+00
3.700788480000000158e-01 1.599237322807312012e+00
3.729094980000000059e-01 1.438165068626403809e+00
3.757402049999999938e-01 1.508839368820190430e+00
3.785709680000000077e-01 1.635102152824401855e+00
3.814017869999999921e-01 1.428599476814270020e+00
3.842326620000000026e-01 1.312826037406921387e+00
3.870635940000000108e-01 1.448200702667236328e+00
3.898945819999999896e-01 1.647862672805786133e+00
3.927256259999999943e-01 1.437060356140136719e+00
3.955567260000000251e-01 1.463193416595458984e+00
3.983878829999999982e-01 1.851341962814331055e+00
4.012190950000000256e-01 2.292009115219116211e+00
4.040503639999999952e-01 2.288097858428955078e+00
4.068816900000000181e-01 2.236114740371704102e+00
4.097130709999999842e-01 2.294243097305297852e+00
4.125445090000000037e-01 2.398215770721435547e+00
4.153760029999999936e-01 2.374740362167358398e+00
4.182075530000000096e-01 2.332321643829345703e+00
4.210391589999999962e-01 2.363442182540893555e+00
4.238708219999999804e-01 2.305108547210693359e+00
4.267025409999999908e-01 2.251772403717041016e+00
4.295343160000000271e-01 2.056788921356201172e+00
4.323661469999999785e-01 2.180849790573120117e+00
4.351980349999999831e-01 2.395196914672851562e+00
4.380299790000000137e-01 2.403104543685913086e+00
4.408619790000000149e-01 2.495430707931518555e+00
4.436940349999999866e-01 2.637589454650878906e+00
4.465261480000000116e-01 2.648677825927734375e+00
4.493583170000000071e-01 2.802072048187255859e+00
4.521905419999999731e-01 2.843484878540039062e+00
4.550228230000000207e-01 2.815901517868041992e+00
4.578551610000000105e-01 2.861014127731323242e+00
4.606875550000000263e-01 2.895897626876831055e+00
4.635200050000000127e-01 2.896613121032714844e+00
4.663525110000000251e-01 2.858760118484497070e+00
4.691850739999999798e-01 2.835483789443969727e+00
4.720176919999999887e-01 2.881983280181884766e+00
4.748503669999999954e-01 2.929410934448242188e+00
4.776830989999999999e-01 2.957118272781372070e+00
4.805158860000000032e-01 3.022637605667114258e+00
4.833487300000000042e-01 2.981598138809204102e+00
4.861816299999999758e-01 2.757175445556640625e+00
4.890145859999999733e-01 2.877737522125244141e+00
4.918475979999999970e-01 2.952128410339355469e+00
4.946806670000000183e-01 3.006069421768188477e+00
4.975137920000000102e-01 3.032516479492187500e+00
5.003469729999999727e-01 2.943435668945312500e+00
5.031802100000000166e-01 2.936804771423339844e+00
5.060135040000000028e-01 3.023188829421997070e+00
5.088468539999999596e-01 3.035725593566894531e+00
5.116802599999999979e-01 3.070658206939697266e+00
5.145137220000000067e-01 3.007614612579345703e+00
5.173472409999999577e-01 2.841934680938720703e+00
5.201808159999999903e-01 2.973432540893554688e+00
5.230144469999999934e-01 3.106211185455322266e+00
5.258481339999999671e-01 3.114051818847656250e+00
5.286818779999999940e-01 3.151337862014770508e+00
5.315156779999999914e-01 3.255216360092163086e+00
5.343495339999999594e-01 3.244428157806396484e+00
5.371834460000000089e-01 3.288472652435302734e+00
5.400174150000000006e-01 3.227931022644042969e+00
5.428514389999999912e-01 3.251330852508544922e+00
5.456855200000000350e-01 3.306136608123779297e+00
5.485196580000000210e-01 3.320939064025878906e+00
5.513538510000000059e-01 3.355456829071044922e+00
5.541881010000000440e-01 3.385657310485839844e+00
5.570224070000000527e-01 3.329893112182617188e+00
5.598567690000000319e-01 3.296381235122680664e+00
5.626911869999999816e-01 3.353271007537841797e+00
5.655256619999999845e-01 3.337609052658081055e+00
5.683601929999999580e-01 3.312780618667602539e+00
5.711947800000000131e-01 3.277856349945068359e+00
5.740294230000000386e-01 3.322156667709350586e+00
5.768641230000000064e-01 3.297858476638793945e+00
5.796988789999999447e-01 3.298913002014160156e+00
5.825336909999999646e-01 3.382693767547607422e+00
5.853685589999999550e-01 3.335114479064941406e+00
5.882034839999999987e-01 3.118804454803466797e+00
5.910384650000000129e-01 2.979327678680419922e+00
5.938735019999999976e-01 3.032429695129394531e+00
5.967085949999999528e-01 3.025629281997680664e+00
5.995437449999999613e-01 2.972863674163818359e+00
6.023789510000000513e-01 2.935531616210937500e+00
6.052142130000000009e-01 2.957185029983520508e+00
6.080495310000000320e-01 2.908120870590209961e+00
6.108849060000000053e-01 2.824635028839111328e+00
6.137203359999999774e-01 2.731781005859375000e+00
6.165558230000000028e-01 2.705182313919067383e+00
6.193913669999999705e-01 2.779939651489257812e+00
6.222269660000000480e-01 2.771443605422973633e+00
6.250626219999999567e-01 2.695557832717895508e+00
6.278983339999999469e-01 2.628515720367431641e+00
6.307341020000000187e-01 2.604801177978515625e+00
6.335699259999999500e-01 2.638548851013183594e+00
6.364058070000000455e-01 2.665959358215332031e+00
6.392417440000000006e-01 2.670144796371459961e+00
6.420777370000000372e-01 2.631610631942749023e+00
6.449137860000000444e-01 2.611008167266845703e+00
6.477498919999999938e-01 2.485513210296630859e+00
6.505860540000000247e-01 2.472947835922241211e+00
6.534222720000000262e-01 2.464209079742431641e+00
6.562585459999999982e-01 2.266726493835449219e+00
6.590948770000000234e-01 2.368269443511962891e+00
6.619312640000000192e-01 2.424995899200439453e+00
6.647677069999999855e-01 2.403926849365234375e+00
6.676042060000000333e-01 2.391430139541625977e+00
6.704407620000000234e-01 2.360511302947998047e+00
6.732773739999999840e-01 2.338041305541992188e+00
6.761140420000000262e-01 2.321324110031127930e+00
6.789507660000000389e-01 2.295165777206420898e+00
6.817875469999999938e-01 2.278259277343750000e+00
6.846243829999999475e-01 2.192329406738281250e+00
6.874612759999999545e-01 1.835099697113037109e+00
6.902982260000000148e-01 1.860205173492431641e+00
6.931352309999999628e-01 1.896783232688903809e+00
6.959722929999999641e-01 1.909786701202392578e+00
6.988094110000000470e-01 1.895902633666992188e+00
7.016465849999999893e-01 1.782754778861999512e+00
7.044838150000000132e-01 1.774276971817016602e+00
7.073211019999999793e-01 1.741352558135986328e+00
7.101584450000000270e-01 1.682655811309814453e+00
7.129958440000000452e-01 1.578676223754882812e+00
7.158332990000000340e-01 1.340808153152465820e+00
7.186708109999999650e-01 9.608434438705444336e-01
7.215083789999999775e-01 9.942056536674499512e-01
7.243460029999999605e-01 9.124891757965087891e-01
7.271836830000000251e-01 8.212606906890869141e-01
7.300214200000000320e-01 7.711226940155029297e-01
7.328592130000000093e-01 7.885113954544067383e-01
7.356970619999999572e-01 7.850978970527648926e-01
7.385349669999999866e-01 7.598363757133483887e-01
7.413729289999999583e-01 7.694810032844543457e-01
7.442109470000000115e-01 7.767730355262756348e-01
7.470490210000000353e-01 7.760108113288879395e-01
7.498871510000000296e-01 7.574933767318725586e-01
7.527253379999999661e-01 7.559759020805358887e-01
7.555635800000000124e-01 7.520812749862670898e-01
7.584018790000000010e-01 6.145468354225158691e-01
7.612402350000000428e-01 2.896929383277893066e-01
7.640786459999999725e-01 3.499128520488739014e-01
7.669171139999999554e-01 5.518218874931335449e-01
7.697556380000000198e-01 6.842023134231567383e-01
7.725942180000000548e-01 7.030178308486938477e-01
7.754328539999999492e-01 7.115958929061889648e-01
7.782715470000000080e-01 7.106127142906188965e-01
7.811102960000000373e-01 7.129502892494201660e-01
7.839491010000000371e-01 7.120912671089172363e-01
7.867879620000000074e-01 7.082713246345520020e-01
7.896268800000000310e-01 6.861986517906188965e-01
7.924658540000000251e-01 6.802075505256652832e-01
7.953048839999999897e-01 6.928011775016784668e-01
7.981439700000000359e-01 7.013701200485229492e-01
8.009831130000000243e-01 6.930854916572570801e-01
8.038223119999999833e-01 6.945405006408691406e-01
8.066615670000000238e-01 7.108067274093627930e-01
8.095008780000000348e-01 6.809320449829101562e-01
8.123402459999999881e-01 6.068411469459533691e-01
8.151796700000000229e-01 4.958103895187377930e-01
8.180191500000000282e-01 4.727993309497833252e-01
8.208586860000000041e-01 5.032677650451660156e-01
8.236982790000000332e-01 4.663711786270141602e-01
8.265379269999999501e-01 4.843890368938446045e-01
8.293776320000000313e-01 4.303482472896575928e-01
8.322173940000000547e-01 4.126320183277130127e-01
8.350572109999999659e-01 4.154933393001556396e-01
8.378970850000000414e-01 4.254633188247680664e-01
8.407370149999999764e-01 4.281527996063232422e-01
8.435770009999999930e-01 4.235914647579193115e-01
8.464170429999999801e-01 4.205067455768585205e-01
8.492571420000000204e-01 4.006403386592864990e-01
8.520972970000000313e-01 3.835617601871490479e-01
8.549375080000000127e-01 3.645991981029510498e-01
8.577777749999999646e-01 3.838680386543273926e-01
8.606180989999999698e-01 3.803044855594635010e-01
8.634584789999999455e-01 3.741785585880279541e-01
8.662989150000000027e-01 3.435332477092742920e-01
8.691394070000000305e-01 3.500902354717254639e-01
8.719799560000000005e-01 3.473503291606903076e-01
8.748205610000000521e-01 3.364756107330322266e-01
8.776612219999999631e-01 3.281162083148956299e-01
8.805019389999999557e-01 3.168467581272125244e-01
8.833427130000000016e-01 3.148356676101684570e-01
8.861835430000000180e-01 3.034711480140686035e-01
8.890244290000000049e-01 2.958063781261444092e-01
8.918653709999999624e-01 2.810809612274169922e-01
8.947063699999999731e-01 2.389356046915054321e-01
8.975474239999999826e-01 1.899448931217193604e-01
9.003885350000000454e-01 1.725571155548095703e-01
9.032297030000000504e-01 1.976693272590637207e-01
9.060709260000000542e-01 1.964582949876785278e-01
9.089122060000000003e-01 1.634279638528823853e-01
9.117535420000000279e-01 1.611736863851547241e-01
9.145949340000000261e-01 1.503073722124099731e-01
9.174363819999999947e-01 1.456712186336517334e-01
9.202778870000000166e-01 1.700110137462615967e-01
9.231194480000000091e-01 1.618625223636627197e-01
9.259610649999999721e-01 1.500284522771835327e-01
9.288027380000000166e-01 1.102260127663612366e-01
9.316444680000000034e-01 5.702755227684974670e-02
9.344862539999999607e-01 3.529408946633338928e-02
9.373280959999999995e-01 3.568664938211441040e-02
9.401699940000000089e-01 5.856556445360183716e-02
9.430119489999999605e-01 5.041903257369995117e-02
9.458539599999999936e-01 4.046524316072463989e-02
9.486960269999999973e-01 4.872870817780494690e-02
9.515381499999999715e-01 4.869303852319717407e-02
9.543803299999999989e-01 4.925725236535072327e-02
9.572225659999999969e-01 5.315089225769042969e-02
9.600648579999999654e-01 5.589137226343154907e-02
9.629072060000000155e-01 6.418216228485107422e-02
9.657496110000000078e-01 7.281785458326339722e-02
9.685920709999999989e-01 9.457334876060485840e-02
9.714345880000000433e-01 1.014007329940795898e-01
9.742771620000000299e-01 8.852139115333557129e-02
9.771197910000000153e-01 9.143921732902526855e-02
9.799624770000000540e-01 9.794087707996368408e-02
9.828052189999999522e-01 1.078675389289855957e-01
9.856480170000000429e-01 1.155310720205307007e-01
9.884908709999999932e-01 1.198632866144180298e-01
9.913337819999999967e-01 1.176221445202827454e-01
9.941767489999999707e-01 1.270829588174819946e-01
9.970197720000000263e-01 1.211249232292175293e-01
9.998628510000000524e-01 1.223184540867805481e-01
1.002705986999999910e+00 1.240452751517295837e-01
1.005549178999999960e+00 1.158028915524482727e-01
1.008392426999999980e+00 1.215495765209197998e-01
1.011235730999999971e+00 1.190198659896850586e-01
1.014079092000000015e+00 1.280578821897506714e-01
1.016922509000000030e+00 1.263585686683654785e-01
1.019765982000000015e+00 1.238052025437355042e-01
1.022609510999999971e+00 1.281481534242630005e-01
1.025453096999999980e+00 1.219456419348716736e-01
1.028296738999999960e+00 1.306637227535247803e-01
1.031140436999999910e+00 1.274015605449676514e-01
1.033984191000000052e+00 1.288618892431259155e-01
1.036828002000000026e+00 1.232952699065208435e-01
1.039671868000000110e+00 1.277530938386917114e-01
1.042515791000000025e+00 1.275237053632736206e-01
1.045359770999999993e+00 1.333249360322952271e-01
