3.615872339999999796e-01 1.297619700431823730e+00
3.644177160000000026e-01 1.473112344741821289e+00
3.672482539999999962e-01 1.594635009765625000e+00
3.700788480000000158e-01 1.520707368850708008e+00
3.729094980000000059e-01 1.389629125595092773e+00
3.757402049999999938e-01 1.478506445884704590e+00
3.785709680000000077e-01 1.643378257751464844e+00
3.814017869999999921e-01 1.411654710769653320e+00
3.842326620000000026e-01 1.280461311340332031e+00
3.870635940000000108e-01 1.399445772171020508e+00
3.898945819999999896e-01 1.599850296974182129e+00
3.927256259999999943e-01 1.417296767234802246e+00
3.955567260000000251e-01 1.446131467819213867e+00
3.983878829999999982e-01 1.822404503822326660e+00
4.012190950000000256e-01 2.228454589843750000e+00
4.040503639999999952e-01 2.223543167114257812e+00
4.068816900000000181e-01 2.187880277633666992e+00
4.097130709999999842e-01 2.239478588104248047e+00
4.125445090000000037e-01 2.310358762741088867e+00
4.153760029999999936e-01 2.333032131195068359e+00
4.182075530000000096e-01 2.287270784378051758e+00
4.210391589999999962e-01 2.282822608947753906e+00
4.238708219999999804e-01 2.246638298034667969e+00
4.267025409999999908e-01 2.188172101974487305e+00
4.295343160000000271e-01 1.989020466804504395e+00
4.323661469999999785e-01 2.113410234451293945e+00
4.351980349999999831e-01 2.309812784194946289e+00
4.380299790000000137e-01 2.334105968475341797e+00
4.408619790000000149e-01 2.407388687133789062e+00
4.436940349999999866e-01 2.540004730224609375e+00
4.465261480000000116e-01 2.559547662734985352e+00
4.493583170000000071e-01 2.700002431869506836e+00
4.521905419999999731e-01 2.719188690185546875e+00
4.550228230000000207e-01 2.697249889373779297e+00
4.578551610000000105e-01 2.741581439971923828e+00
4.606875550000000263e-01 2.769701004028320312e+00
4.635200050000000127e-01 2.789697408676147461e+00
4.663525110000000251e-01 2.739970922470092773e+00
4.691850739999999798e-01 2.716971635818481445e+00
4.720176919999999887e-01 2.753475904464721680e+00
4.748503669999999954e-01 2.813060998916625977e+00
4.776830989999999999e-01 2.822328805923461914e+00
4.805158860000000032e-01 2.901578187942504883e+00
4.833487300000000042e-01 2.864626884460449219e+00
4.861816299999999758e-01 2.651773691177368164e+00
4.890145859999999733e-01 2.748180389404296875e+00
4.918475979999999970e-01 2.828391313552856445e+00
4.946806670000000183e-01 2.880004405975341797e+00
4.975137920000000102e-01 2.890462636947631836e+00
5.003469729999999727e-01 2.818851232528686523e+00
5.031802100000000166e-01 2.806610107421875000e+00
5.060135040000000028e-01 2.881751298904418945e+00
5.088468539999999596e-01 2.905259609222412109e+00
5.116802599999999979e-01 2.936014175415039062e+00
5.145137220000000067e-01 2.859421253204345703e+00
5.173472409999999577e-01 2.714012622833251953e+00
5.201808159999999903e-01 2.825926542282104492e+00
5.230144469999999934e-01 2.958178520202636719e+00
5.258481339999999671e-01 2.958404064178466797e+00
5.286818779999999940e-01 2.990818262100219727e+00
5.315156779999999914e-01 3.097048997879028320e+00
5.343495339999999594e-01 3.080532789230346680e+00
5.371834460000000089e-01 3.123544216156005859e+00
5.400174150000000006e-01 3.069488286972045898e+00
5.428514389999999912e-01 3.091837882995605469e+00
5.456855200000000350e-01 3.141268014907836914e+00
5.485196580000000210e-01 3.139986991882324219e+00
5.513538510000000059e-01 3.183177709579467773e+00
5.541881010000000440e-01 3.202692747116088867e+00
5.570224070000000527e-01 3.165019273757934570e+00
5.598567690000000319e-01 3.127051591873168945e+00
5.626911869999999816e-01 3.179375648498535156e+00
5.655256619999999845e-01 3.156709432601928711e+00
5.683601929999999580e-01 3.136389255523681641e+00
5.711947800000000131e-01 3.099517345428466797e+00
5.740294230000000386e-01 3.150615692138671875e+00
5.768641230000000064e-01 3.113581418991088867e+00
5.796988789999999447e-01 3.129510641098022461e+00
5.825336909999999646e-01 3.177968025207519531e+00
5.853685589999999550e-01 3.145946502685546875e+00
5.882034839999999987e-01 2.934286355972290039e+00
5.910384650000000129e-01 2.796416282653808594e+00
5.938735019999999976e-01 2.846663713455200195e+00
5.967085949999999528e-01 2.826148748397827148e+00
5.995437449999999613e-01 2.775889635086059570e+00
6.023789510000000513e-01 2.734430074691772461e+00
6.052142130000000009e-01 2.740934610366821289e+00
6.080495310000000320e-01 2.679356575012207031e+00
6.108849060000000053e-01 2.598683834075927734e+00
6.137203359999999774e-01 2.532978296279907227e+00
6.165558230000000028e-01 2.499643802642822266e+00
6.193913669999999705e-01 2.553482055664062500e+00
6.222269660000000480e-01 2.542160987854003906e+00
6.250626219999999567e-01 2.474334478378295898e+00
6.278983339999999469e-01 2.414437055587768555e+00
6.307341020000000187e-01 2.385457992553710938e+00
6.335699259999999500e-01 2.408511638641357422e+00
6.364058070000000455e-01 2.435264110565185547e+00
6.392417440000000006e-01 2.438772916793823242e+00
6.420777370000000372e-01 2.409765958786010742e+00
6.449137860000000444e-01 2.372141122817993164e+00
6.477498919999999938e-01 2.266847372055053711e+00
6.505860540000000247e-01 2.252864360809326172e+00
6.534222720000000262e-01 2.243932008743286133e+00
6.562585459999999982e-01 2.055788755416870117e+00
6.590948770000000234e-01 2.141106843948364258e+00
6.619312640000000192e-01 2.188678503036499023e+00
6.647677069999999855e-01 2.167476892471313477e+00
6.676042060000000333e-01 2.142310380935668945e+00
6.704407620000000234e-01 2.116473674774169922e+00
6.732773739999999840e-01 2.090817451477050781e+00
6.761140420000000262e-01 2.084161758422851562e+00
6.789507660000000389e-01 2.060328245162963867e+00
6.817875469999999938e-01 2.032868385314941406e+00
6.846243829999999475e-01 1.962880373001098633e+00
6.874612759999999545e-01 1.648930788040161133e+00
6.902982260000000148e-01 1.663260936737060547e+00
6.931352309999999628e-01 1.688704848289489746e+00
6.959722929999999641e-01 1.699608683586120605e+00
6.988094110000000470e-01 1.671710848808288574e+00
7.016465849999999893e-01 1.574129700660705566e+00
7.044838150000000132e-01 1.571828007698059082e+00
7.073211019999999793e-01 1.522972702980041504e+00
7.101584450000000270e-01 1.467914342880249023e+00
7.129958440000000452e-01 1.364127039909362793e+00
7.158332990000000340e-01 1.152845144271850586e+00
7.186708109999999650e-01 8.379315137863159180e-01
7.215083789999999775e-01 8.497891426086425781e-01
7.243460029999999605e-01 7.798801064491271973e-01
7.271836830000000251e-01 7.089388966560363770e-01
7.300214200000000320e-01 6.614925861358642578e-01
7.328592130000000093e-01 6.714383363723754883e-01
7.356970619999999572e-01 6.587302684783935547e-01
7.385349669999999866e-01 6.438316702842712402e-01
7.413729289999999583e-01 6.518029570579528809e-01
7.442109470000000115e-01 6.592871546745300293e-01
7.470490210000000353e-01 6.597796678543090820e-01
7.498871510000000296e-01 6.417533159255981445e-01
7.527253379999999661e-01 6.375899910926818848e-01
7.555635800000000124e-01 6.239000558853149414e-01
7.584018790000000010e-01 5.164852142333984375e-01
7.612402350000000428e-01 2.465366721153259277e-01
7.640786459999999725e-01 2.958807051181793213e-01
7.669171139999999554e-01 4.699313044548034668e-01
7.697556380000000198e-01 5.765705704689025879e-01
7.725942180000000548e-01 5.957540273666381836e-01
7.754328539999999492e-01 5.976388454437255859e-01
7.782715470000000080e-01 5.964438915252685547e-01
7.811102960000000373e-01 6.004837155342102051e-01
7.839491010000000371e-01 5.962627530097961426e-01
7.867879620000000074e-01 5.904702544212341309e-01
7.896268800000000310e-01 5.753853917121887207e-01
7.924658540000000251e-01 5.698826909065246582e-01
7.953048839999999897e-01 5.743060111999511719e-01
7.981439700000000359e-01 5.833292007446289062e-01
8.009831130000000243e-01 5.773198008537292480e-01
8.038223119999999833e-01 5.750355720520019531e-01
8.066615670000000238e-01 5.898249149322509766e-01
8.095008780000000348e-01 5.630552768707275391e-01
8.123402459999999881e-01 5.071625709533691406e-01
8.151796700000000229e-01 4.161826968193054199e-01
8.180191500000000282e-01 3.901376128196716309e-01
8.208586860000000041e-01 4.142488539218902588e-01
8.236982790000000332e-01 3.854376077651977539e-01
8.265379269999999501e-01 3.978123962879180908e-01
8.293776320000000313e-01 3.549201488494873047e-01
8.322173940000000547e-01 3.481971919536590576e-01
8.350572109999999659e-01 3.518628478050231934e-01
8.378970850000000414e-01 3.587420582771301270e-01
8.407370149999999764e-01 3.572975993156433105e-01
8.435770009999999930e-01 3.577577769756317139e-01
8.464170429999999801e-01 3.509807884693145752e-01
8.492571420000000204e-01 3.349755406379699707e-01
8.520972970000000313e-01 3.244704306125640869e-01
8.549375080000000127e-01 3.024248778820037842e-01
8.577777749999999646e-01 3.263571858406066895e-01
8.606180989999999698e-01 3.217351436614990234e-01
8.634584789999999455e-01 3.109372854232788086e-01
8.662989150000000027e-01 2.909830510616302490e-01
8.691394070000000305e-01 2.996679544448852539e-01
8.719799560000000005e-01 2.927817106246948242e-01
8.748205610000000521e-01 2.863627374172210693e-01
8.776612219999999631e-01 2.787710130214691162e-01
8.805019389999999557e-01 2.705122530460357666e-01
8.833427130000000016e-01 2.671901285648345947e-01
8.861835430000000180e-01 2.567865252494812012e-01
8.890244290000000049e-01 2.526521682739257812e-01
8.918653709999999624e-01 2.398156672716140747e-01
8.947063699999999731e-01 1.992939114570617676e-01
8.975474239999999826e-01 1.611951142549514771e-01
9.003885350000000454e-01 1.416104584932327271e-01
9.032297030000000504e-01 1.681045740842819214e-01
9.060709260000000542e-01 1.691034585237503052e-01
9.089122060000000003e-01 1.395273655652999878e-01
9.117535420000000279e-01 1.357109546661376953e-01
9.145949340000000261e-01 1.276527047157287598e-01
9.174363819999999947e-01 1.295621693134307861e-01
9.202778870000000166e-01 1.464533507823944092e-01
9.231194480000000091e-01 1.390659660100936890e-01
9.259610649999999721e-01 1.251002401113510132e-01
9.288027380000000166e-01 8.896070718765258789e-02
9.316444680000000034e-01 5.086440593004226685e-02
9.344862539999999607e-01 2.883297204971313477e-02
9.373280959999999995e-01 3.219304606318473816e-02
9.401699940000000089e-01 4.856849089264869690e-02
9.430119489999999605e-01 4.084774106740951538e-02
9.458539599999999936e-01 3.426260501146316528e-02
9.486960269999999973e-01 4.422682896256446838e-02
9.515381499999999715e-01 4.186249151825904846e-02
9.543803299999999989e-01 4.376999661326408386e-02
9.572225659999999969e-01 4.608197137713432312e-02
9.600648579999999654e-01 4.816035926342010498e-02
9.629072060000000155e-01 5.601961538195610046e-02
9.657496110000000078e-01 6.026610732078552246e-02
9.685920709999999989e-01 8.134909719228744507e-02
9.714345880000000433e-01 8.820439875125885010e-02
9.742771620000000299e-01 7.865144312381744385e-02
9.771197910000000153e-01 7.636752724647521973e-02
9.799624770000000540e-01 8.251111954450607300e-02
9.828052189999999522e-01 9.275612235069274902e-02
9.856480170000000429e-01 9.937553107738494873e-02
9.884908709999999932e-01 1.036177501082420349e-01
9.913337819999999967e-01 1.014436706900596619e-01
9.941767489999999707e-01 1.011258214712142944e-01
9.970197720000000263e-01 1.036166027188301086e-01
9.998628510000000524e-01 1.020843386650085449e-01
1.002705986999999910e+00 9.915270656347274780e-02
1.005549178999999960e+00 1.016540601849555969e-01
1.008392426999999980e+00 1.025250852108001709e-01
1.011235730999999971e+00 1.006786823272705078e-01
1.014079092000000015e+00 1.045453846454620361e-01
1.016922509000000030e+00 1.069421246647834778e-01
1.019765982000000015e+00 1.057519242167472839e-01
1.022609510999999971e+00 1.053945347666740417e-01
1.025453096999999980e+00 1.022097244858741760e-01
1.028296738999999960e+00 1.019020453095436096e-01
1.031140436999999910e+00 1.028742641210556030e-01
1.033984191000000052e+00 8.972976356744766235e-02
1.036828002000000026e+00 1.104902699589729309e-01
1.039671868000000110e+00 1.108680665493011475e-01
1.042515791000000025e+00 9.678777307271957397e-02
1.045359770999999993e+00 9.093581140041351318e-02
