3.615872339999999796e-01 1.310010552406311035e+00
3.644177160000000026e-01 1.471957802772521973e+00
3.672482539999999962e-01 1.614993333816528320e+00
3.700788480000000158e-01 1.598606705665588379e+00
3.729094980000000059e-01 1.415187954902648926e+00
3.757402049999999938e-01 1.487969756126403809e+00
3.785709680000000077e-01 1.616666555404663086e+00
3.814017869999999921e-01 1.448365211486816406e+00
3.842326620000000026e-01 1.312653899192810059e+00
3.870635940000000108e-01 1.413994073867797852e+00
3.898945819999999896e-01 1.612371206283569336e+00
3.927256259999999943e-01 1.397399067878723145e+00
3.955567260000000251e-01 1.451799750328063965e+00
3.983878829999999982e-01 1.823429226875305176e+00
4.012190950000000256e-01 2.277700424194335938e+00
4.040503639999999952e-01 2.253726243972778320e+00
4.068816900000000181e-01 2.213760375976562500e+00
4.097130709999999842e-01 2.263520002365112305e+00
4.125445090000000037e-01 2.338312149047851562e+00
4.153760029999999936e-01 2.375737190246582031e+00
4.182075530000000096e-01 2.323336124420166016e+00
4.210391589999999962e-01 2.313804626464843750e+00
4.238708219999999804e-01 2.281253099441528320e+00
4.267025409999999908e-01 2.242233753204345703e+00
4.295343160000000271e-01 2.008149385452270508e+00
4.323661469999999785e-01 2.157168149948120117e+00
4.351980349999999831e-01 2.365447998046875000e+00
4.380299790000000137e-01 2.371554851531982422e+00
4.408619790000000149e-01 2.439351558685302734e+00
4.436940349999999866e-01 2.599535942077636719e+00
4.465261480000000116e-01 2.604040622711181641e+00
4.493583170000000071e-01 2.772329092025756836e+00
4.521905419999999731e-01 2.780095577239990234e+00
4.550228230000000207e-01 2.767565965652465820e+00
4.578551610000000105e-01 2.829588651657104492e+00
4.606875550000000263e-01 2.824887990951538086e+00
4.635200050000000127e-01 2.854900121688842773e+00
4.663525110000000251e-01 2.821296453475952148e+00
4.691850739999999798e-01 2.801273822784423828e+00
4.720176919999999887e-01 2.846037387847900391e+00
4.748503669999999954e-01 2.893387556076049805e+00
4.776830989999999999e-01 2.911336421966552734e+00
4.805158860000000032e-01 2.986102104187011719e+00
4.833487300000000042e-01 2.952312231063842773e+00
4.861816299999999758e-01 2.719997882843017578e+00
4.890145859999999733e-01 2.832100868225097656e+00
4.918475979999999970e-01 2.914122581481933594e+00
4.946806670000000183e-01 2.978623390197753906e+00
4.975137920000000102e-01 2.985843181610107422e+00
5.003469729999999727e-01 2.906924962997436523e+00
5.031802100000000166e-01 2.905787706375122070e+00
5.060135040000000028e-01 2.974917173385620117e+00
5.088468539999999596e-01 2.992625474929809570e+00
5.116802599999999979e-01 3.019619703292846680e+00
5.145137220000000067e-01 2.956445217132568359e+00
5.173472409999999577e-01 2.803369045257568359e+00
5.201808159999999903e-01 2.942545890808105469e+00
5.230144469999999934e-01 3.059767961502075195e+00
5.258481339999999671e-01 3.067317962646484375e+00
5.286818779999999940e-01 3.109136581420898438e+00
5.315156779999999914e-01 3.214692831039428711e+00
5.343495339999999594e-01 3.202358245849609375e+00
5.371834460000000089e-01 3.245487689971923828e+00
5.400174150000000006e-01 3.189121961593627930e+00
5.428514389999999912e-01 3.198085308074951172e+00
5.456855200000000350e-01 3.262113332748413086e+00
5.485196580000000210e-01 3.280873775482177734e+00
5.513538510000000059e-01 3.308385610580444336e+00
5.541881010000000440e-01 3.322472572326660156e+00
5.570224070000000527e-01 3.298861980438232422e+00
5.598567690000000319e-01 3.260586023330688477e+00
5.626911869999999816e-01 3.303024530410766602e+00
5.655256619999999845e-01 3.309657096862792969e+00
5.683601929999999580e-01 3.260124206542968750e+00
5.711947800000000131e-01 3.230766773223876953e+00
5.740294230000000386e-01 3.276808977127075195e+00
5.768641230000000064e-01 3.243458032608032227e+00
5.796988789999999447e-01 3.256071567535400391e+00
5.825336909999999646e-01 3.325631380081176758e+00
5.853685589999999550e-01 3.283579587936401367e+00
5.882034839999999987e-01 3.067294597625732422e+00
5.910384650000000129e-01 2.921459436416625977e+00
5.938735019999999976e-01 2.973616123199462891e+00
5.967085949999999528e-01 2.951051950454711914e+00
5.995437449999999613e-01 2.920700073242187500e+00
6.023789510000000513e-01 2.870497226715087891e+00
6.052142130000000009e-01 2.878347158432006836e+00
6.080495310000000320e-01 2.843538284301757812e+00
6.108849060000000053e-01 2.718421697616577148e+00
6.137203359999999774e-01 2.637885093688964844e+00
6.165558230000000028e-01 2.626986980438232422e+00
6.193913669999999705e-01 2.697642326354980469e+00
6.222269660000000480e-01 2.686780691146850586e+00
6.250626219999999567e-01 2.608975410461425781e+00
6.278983339999999469e-01 2.538915395736694336e+00
6.307341020000000187e-01 2.522782802581787109e+00
6.335699259999999500e-01 2.550517082214355469e+00
6.364058070000000455e-01 2.579262495040893555e+00
6.392417440000000006e-01 2.582930564880371094e+00
6.420777370000000372e-01 2.555599451065063477e+00
6.449137860000000444e-01 2.511380672454833984e+00
6.477498919999999938e-01 2.395414590835571289e+00
6.505860540000000247e-01 2.381538629531860352e+00
6.534222720000000262e-01 2.372271060943603516e+00
6.562585459999999982e-01 2.170232295989990234e+00
6.590948770000000234e-01 2.276137590408325195e+00
6.619312640000000192e-01 2.317183732986450195e+00
6.647677069999999855e-01 2.295783519744873047e+00
6.676042060000000333e-01 2.283866643905639648e+00
6.704407620000000234e-01 2.253456354141235352e+00
6.732773739999999840e-01 2.223507881164550781e+00
6.761140420000000262e-01 2.221521615982055664e+00
6.789507660000000389e-01 2.193425893783569336e+00
6.817875469999999938e-01 2.166959047317504883e+00
6.846243829999999475e-01 2.094903707504272461e+00
6.874612759999999545e-01 1.756995677947998047e+00
6.902982260000000148e-01 1.778245210647583008e+00
6.931352309999999628e-01 1.807287335395812988e+00
6.959722929999999641e-01 1.814734458923339844e+00
6.988094110000000470e-01 1.796342253684997559e+00
7.016465849999999893e-01 1.681960821151733398e+00
7.044838150000000132e-01 1.680792927742004395e+00
7.073211019999999793e-01 1.644569754600524902e+00
7.101584450000000270e-01 1.576992154121398926e+00
7.129958440000000452e-01 1.471368551254272461e+00
7.158332990000000340e-01 1.248682379722595215e+00
7.186708109999999650e-01 9.037002921104431152e-01
7.215083789999999775e-01 9.155876636505126953e-01
7.243460029999999605e-01 8.392342925071716309e-01
7.271836830000000251e-01 7.648581862449645996e-01
7.300214200000000320e-01 7.124408483505249023e-01
7.328592130000000093e-01 7.217233777046203613e-01
7.356970619999999572e-01 7.120998501777648926e-01
7.385349669999999866e-01 6.971654891967773438e-01
7.413729289999999583e-01 6.952157020568847656e-01
7.442109470000000115e-01 7.137162089347839355e-01
7.470490210000000353e-01 7.020117640495300293e-01
7.498871510000000296e-01 6.922506093978881836e-01
7.527253379999999661e-01 6.811764836311340332e-01
7.555635800000000124e-01 6.760514378547668457e-01
7.584018790000000010e-01 5.584169030189514160e-01
7.612402350000000428e-01 2.614109814167022705e-01
7.640786459999999725e-01 3.161724507808685303e-01
7.669171139999999554e-01 5.050958395004272461e-01
7.697556380000000198e-01 6.178352832794189453e-01
7.725942180000000548e-01 6.360029578208923340e-01
7.754328539999999492e-01 6.436679363250732422e-01
7.782715470000000080e-01 6.453104019165039062e-01
7.811102960000000373e-01 6.442448496818542480e-01
7.839491010000000371e-01 6.474105715751647949e-01
7.867879620000000074e-01 6.353430747985839844e-01
7.896268800000000310e-01 6.141869425773620605e-01
7.924658540000000251e-01 6.094008684158325195e-01
7.953048839999999897e-01 6.231035590171813965e-01
7.981439700000000359e-01 6.338822841644287109e-01
8.009831130000000243e-01 6.241576671600341797e-01
8.038223119999999833e-01 6.208408474922180176e-01
8.066615670000000238e-01 6.348844170570373535e-01
8.095008780000000348e-01 6.064276099205017090e-01
8.123402459999999881e-01 5.472522377967834473e-01
8.151796700000000229e-01 4.471633136272430420e-01
8.180191500000000282e-01 4.216899275779724121e-01
8.208586860000000041e-01 4.499110281467437744e-01
8.236982790000000332e-01 4.154151082038879395e-01
8.265379269999999501e-01 4.252385795116424561e-01
8.293776320000000313e-01 3.818392753601074219e-01
8.322173940000000547e-01 3.690377473831176758e-01
8.350572109999999659e-01 3.805486559867858887e-01
8.378970850000000414e-01 3.797318637371063232e-01
8.407370149999999764e-01 3.873646259307861328e-01
8.435770009999999930e-01 3.752702772617340088e-01
8.464170429999999801e-01 3.789459466934204102e-01
8.492571420000000204e-01 3.615182042121887207e-01
8.520972970000000313e-01 3.431633412837982178e-01
8.549375080000000127e-01 3.231119215488433838e-01
8.577777749999999646e-01 3.431154191493988037e-01
8.606180989999999698e-01 3.396586477756500244e-01
8.634584789999999455e-01 3.324613273143768311e-01
8.662989150000000027e-01 3.099904656410217285e-01
8.691394070000000305e-01 3.198443055152893066e-01
8.719799560000000005e-01 3.227963447570800781e-01
8.748205610000000521e-01 2.994779348373413086e-01
8.776612219999999631e-01 2.951407432556152344e-01
8.805019389999999557e-01 2.885315418243408203e-01
8.833427130000000016e-01 2.819615602493286133e-01
8.861835430000000180e-01 2.708300650119781494e-01
8.890244290000000049e-01 2.668257355690002441e-01
8.918653709999999624e-01 2.507539987564086914e-01
8.947063699999999731e-01 2.109070420265197754e-01
8.975474239999999826e-01 1.716178655624389648e-01
9.003885350000000454e-01 1.538289338350296021e-01
9.032297030000000504e-01 1.765228360891342163e-01
9.060709260000000542e-01 1.769137382507324219e-01
9.089122060000000003e-01 1.477079093456268311e-01
9.117535420000000279e-01 1.434169560670852661e-01
9.145949340000000261e-01 1.331464201211929321e-01
9.174363819999999947e-01 1.334311217069625854e-01
9.202778870000000166e-01 1.541604846715927124e-01
9.231194480000000091e-01 1.423173546791076660e-01
9.259610649999999721e-01 1.337312012910842896e-01
9.288027380000000166e-01 9.508924931287765503e-02
9.316444680000000034e-01 4.968529194593429565e-02
9.344862539999999607e-01 3.129272162914276123e-02
9.373280959999999995e-01 3.371023014187812805e-02
9.401699940000000089e-01 5.379537865519523621e-02
9.430119489999999605e-01 4.533213376998901367e-02
9.458539599999999936e-01 3.910238295793533325e-02
9.486960269999999973e-01 4.094332829117774963e-02
9.515381499999999715e-01 4.174956679344177246e-02
9.543803299999999989e-01 4.059305042028427124e-02
9.572225659999999969e-01 4.811493307352066040e-02
9.600648579999999654e-01 5.160854756832122803e-02
9.629072060000000155e-01 6.106319651007652283e-02
9.657496110000000078e-01 6.873209774494171143e-02
9.685920709999999989e-01 8.430820703506469727e-02
9.714345880000000433e-01 9.170930832624435425e-02
9.742771620000000299e-01 7.974994182586669922e-02
9.771197910000000153e-01 8.157110214233398438e-02
9.799624770000000540e-01 8.872868865728378296e-02
9.828052189999999522e-01 9.678706526756286621e-02
9.856480170000000429e-01 1.055164858698844910e-01
9.884908709999999932e-01 1.093755066394805908e-01
9.913337819999999967e-01 1.064863950014114380e-01
9.941767489999999707e-01 1.103404313325881958e-01
9.970197720000000263e-01 1.098370254039764404e-01
9.998628510000000524e-01 1.127622574567794800e-01
1.002705986999999910e+00 1.090218350291252136e-01
1.005549178999999960e+00 1.098556742072105408e-01
1.008392426999999980e+00 1.023728847503662109e-01
1.011235730999999971e+00 1.024560928344726562e-01
1.014079092000000015e+00 1.097435131669044495e-01
1.016922509000000030e+00 1.086632087826728821e-01
1.019765982000000015e+00 1.080566793680191040e-01
1.022609510999999971e+00 1.102234572172164917e-01
1.025453096999999980e+00 1.120691150426864624e-01
1.028296738999999960e+00 1.048169359564781189e-01
1.031140436999999910e+00 1.039418354630470276e-01
1.033984191000000052e+00 1.054473072290420532e-01
1.036828002000000026e+00 1.097436398267745972e-01
1.039671868000000110e+00 1.039854288101196289e-01
1.042515791000000025e+00 1.119975745677947998e-01
1.045359770999999993e+00 1.096230000257492065e-01
