3.615872339999999796e-01 1.279053688049316406e+00
3.644177160000000026e-01 1.441256999969482422e+00
3.672482539999999962e-01 1.565048933029174805e+00
3.700788480000000158e-01 1.553297400474548340e+00
3.729094980000000059e-01 1.390314817428588867e+00
3.757402049999999938e-01 1.490285158157348633e+00
3.785709680000000077e-01 1.641745805740356445e+00
3.814017869999999921e-01 1.434505343437194824e+00
3.842326620000000026e-01 1.320178985595703125e+00
3.870635940000000108e-01 1.436402201652526855e+00
3.898945819999999896e-01 1.606560945510864258e+00
3.927256259999999943e-01 1.413600325584411621e+00
3.955567260000000251e-01 1.459212779998779297e+00
3.983878829999999982e-01 1.821796774864196777e+00
4.012190950000000256e-01 2.269322872161865234e+00
4.040503639999999952e-01 2.253623485565185547e+00
4.068816900000000181e-01 2.218274354934692383e+00
4.097130709999999842e-01 2.258458852767944336e+00
4.125445090000000037e-01 2.337997674942016602e+00
4.153760029999999936e-01 2.363212585449218750e+00
4.182075530000000096e-01 2.304699659347534180e+00
4.210391589999999962e-01 2.323138952255249023e+00
4.238708219999999804e-01 2.282587289810180664e+00
4.267025409999999908e-01 2.219123125076293945e+00
4.295343160000000271e-01 2.017559766769409180e+00
4.323661469999999785e-01 2.148339509963989258e+00
4.351980349999999831e-01 2.338387489318847656e+00
4.380299790000000137e-01 2.365607976913452148e+00
4.408619790000000149e-01 2.462381839752197266e+00
4.436940349999999866e-01 2.576038122177124023e+00
4.465261480000000116e-01 2.613333463668823242e+00
4.493583170000000071e-01 2.764256238937377930e+00
4.521905419999999731e-01 2.775742053985595703e+00
4.550228230000000207e-01 2.757381916046142578e+00
4.578551610000000105e-01 2.805068731307983398e+00
4.606875550000000263e-01 2.827526092529296875e+00
4.635200050000000127e-01 2.848525762557983398e+00
4.663525110000000251e-01 2.790391445159912109e+00
4.691850739999999798e-01 2.777549028396606445e+00
4.720176919999999887e-01 2.825769901275634766e+00
4.748503669999999954e-01 2.874645709991455078e+00
4.776830989999999999e-01 2.904748916625976562e+00
4.805158860000000032e-01 2.957538127899169922e+00
4.833487300000000042e-01 2.936614990234375000e+00
4.861816299999999758e-01 2.699487686157226562e+00
4.890145859999999733e-01 2.819700002670288086e+00
4.918475979999999970e-01 2.907059669494628906e+00
4.946806670000000183e-01 2.943633079528808594e+00
4.975137920000000102e-01 2.962433815002441406e+00
5.003469729999999727e-01 2.893099069595336914e+00
5.031802100000000166e-01 2.875801563262939453e+00
5.060135040000000028e-01 2.957932472229003906e+00
5.088468539999999596e-01 2.973154306411743164e+00
5.116802599999999979e-01 2.999926805496215820e+00
5.145137220000000067e-01 2.929073333740234375e+00
5.173472409999999577e-01 2.774250745773315430e+00
5.201808159999999903e-01 2.903254032135009766e+00
5.230144469999999934e-01 3.020230293273925781e+00
5.258481339999999671e-01 3.035443782806396484e+00
5.286818779999999940e-01 3.067968130111694336e+00
5.315156779999999914e-01 3.160715579986572266e+00
5.343495339999999594e-01 3.163347482681274414e+00
5.371834460000000089e-01 3.195927381515502930e+00
5.400174150000000006e-01 3.137358903884887695e+00
5.428514389999999912e-01 3.161128759384155273e+00
5.456855200000000350e-01 3.226980209350585938e+00
5.485196580000000210e-01 3.228230237960815430e+00
5.513538510000000059e-01 3.256930351257324219e+00
5.541881010000000440e-01 3.287673950195312500e+00
5.570224070000000527e-01 3.248729944229125977e+00
5.598567690000000319e-01 3.201473712921142578e+00
5.626911869999999816e-01 3.252744913101196289e+00
5.655256619999999845e-01 3.246692180633544922e+00
5.683601929999999580e-01 3.213789701461791992e+00
5.711947800000000131e-01 3.177775144577026367e+00
5.740294230000000386e-01 3.226937770843505859e+00
5.768641230000000064e-01 3.187549114227294922e+00
5.796988789999999447e-01 3.192746639251708984e+00
5.825336909999999646e-01 3.260084390640258789e+00
5.853685589999999550e-01 3.223574161529541016e+00
5.882034839999999987e-01 2.988682985305786133e+00
5.910384650000000129e-01 2.873166561126708984e+00
5.938735019999999976e-01 2.918363094329833984e+00
5.967085949999999528e-01 2.899317264556884766e+00
5.995437449999999613e-01 2.850993871688842773e+00
6.023789510000000513e-01 2.808476924896240234e+00
6.052142130000000009e-01 2.816627025604248047e+00
6.080495310000000320e-01 2.772237062454223633e+00
6.108849060000000053e-01 2.673550367355346680e+00
6.137203359999999774e-01 2.586786031723022461e+00
6.165558230000000028e-01 2.574217319488525391e+00
6.193913669999999705e-01 2.639624118804931641e+00
6.222269660000000480e-01 2.618751525878906250e+00
6.250626219999999567e-01 2.552169322967529297e+00
6.278983339999999469e-01 2.486665010452270508e+00
6.307341020000000187e-01 2.459548234939575195e+00
6.335699259999999500e-01 2.486664772033691406e+00
6.364058070000000455e-01 2.523837089538574219e+00
6.392417440000000006e-01 2.520240068435668945e+00
6.420777370000000372e-01 2.491134405136108398e+00
6.449137860000000444e-01 2.456368207931518555e+00
6.477498919999999938e-01 2.344338178634643555e+00
6.505860540000000247e-01 2.323394536972045898e+00
6.534222720000000262e-01 2.317033052444458008e+00
6.562585459999999982e-01 2.128659009933471680e+00
6.590948770000000234e-01 2.222549676895141602e+00
6.619312640000000192e-01 2.273006439208984375e+00
6.647677069999999855e-01 2.251820087432861328e+00
6.676042060000000333e-01 2.238552808761596680e+00
6.704407620000000234e-01 2.214756250381469727e+00
6.732773739999999840e-01 2.191469669342041016e+00
6.761140420000000262e-01 2.176067352294921875e+00
6.789507660000000389e-01 2.152717113494873047e+00
6.817875469999999938e-01 2.135581016540527344e+00
6.846243829999999475e-01 2.042017459869384766e+00
6.874612759999999545e-01 1.720494508743286133e+00
6.902982260000000148e-01 1.728764533996582031e+00
6.931352309999999628e-01 1.746625781059265137e+00
6.959722929999999641e-01 1.759729146957397461e+00
6.988094110000000470e-01 1.737314224243164062e+00
7.016465849999999893e-01 1.638829112052917480e+00
7.044838150000000132e-01 1.623747587203979492e+00
7.073211019999999793e-01 1.585659980773925781e+00
7.101584450000000270e-01 1.517292380332946777e+00
7.129958440000000452e-01 1.423554539680480957e+00
7.158332990000000340e-01 1.200098752975463867e+00
7.186708109999999650e-01 8.724239468574523926e-01
7.215083789999999775e-01 8.899441957473754883e-01
7.243460029999999605e-01 8.100215792655944824e-01
7.271836830000000251e-01 7.365685105323791504e-01
7.300214200000000320e-01 6.939367651939392090e-01
7.328592130000000093e-01 7.063924074172973633e-01
7.356970619999999572e-01 7.002561688423156738e-01
7.385349669999999866e-01 6.755276918411254883e-01
7.413729289999999583e-01 6.773286461830139160e-01
7.442109470000000115e-01 6.915428042411804199e-01
7.470490210000000353e-01 6.866894364356994629e-01
7.498871510000000296e-01 6.732854843139648438e-01
7.527253379999999661e-01 6.744188070297241211e-01
7.555635800000000124e-01 6.586977243423461914e-01
7.584018790000000010e-01 5.393225550651550293e-01
7.612402350000000428e-01 2.522159814834594727e-01
7.640786459999999725e-01 3.121731579303741455e-01
7.669171139999999554e-01 4.965429604053497314e-01
7.697556380000000198e-01 6.056316494941711426e-01
7.725942180000000548e-01 6.237464547157287598e-01
7.754328539999999492e-01 6.244555711746215820e-01
7.782715470000000080e-01 6.290993690490722656e-01
7.811102960000000373e-01 6.299030184745788574e-01
7.839491010000000371e-01 6.242075562477111816e-01
7.867879620000000074e-01 6.203994750976562500e-01
7.896268800000000310e-01 5.993586182594299316e-01
7.924658540000000251e-01 5.968634486198425293e-01
7.953048839999999897e-01 6.022018194198608398e-01
7.981439700000000359e-01 6.091950535774230957e-01
8.009831130000000243e-01 6.045233607292175293e-01
8.038223119999999833e-01 6.053963303565979004e-01
8.066615670000000238e-01 6.233718395233154297e-01
8.095008780000000348e-01 5.951565504074096680e-01
8.123402459999999881e-01 5.285854935646057129e-01
8.151796700000000229e-01 4.360110759735107422e-01
8.180191500000000282e-01 4.143536984920501709e-01
8.208586860000000041e-01 4.387136995792388916e-01
8.236982790000000332e-01 4.043843150138854980e-01
8.265379269999999501e-01 4.204228520393371582e-01
8.293776320000000313e-01 3.733524084091186523e-01
8.322173940000000547e-01 3.618511259555816650e-01
8.350572109999999659e-01 3.689049780368804932e-01
8.378970850000000414e-01 3.750182986259460449e-01
8.407370149999999764e-01 3.827607333660125732e-01
8.435770009999999930e-01 3.725000619888305664e-01
8.464170429999999801e-01 3.692607283592224121e-01
8.492571420000000204e-01 3.576838970184326172e-01
8.520972970000000313e-01 3.408332169055938721e-01
8.549375080000000127e-01 3.210600316524505615e-01
8.577777749999999646e-01 3.450848162174224854e-01
8.606180989999999698e-01 3.389688134193420410e-01
8.634584789999999455e-01 3.323966264724731445e-01
8.662989150000000027e-01 3.008631169795989990e-01
8.691394070000000305e-01 3.122032880783081055e-01
8.719799560000000005e-01 3.118061423301696777e-01
8.748205610000000521e-01 3.048909604549407959e-01
8.776612219999999631e-01 2.969058454036712646e-01
8.805019389999999557e-01 2.853602468967437744e-01
8.833427130000000016e-01 2.754941582679748535e-01
8.861835430000000180e-01 2.711854279041290283e-01
8.890244290000000049e-01 2.675505876541137695e-01
8.918653709999999624e-01 2.466819733381271362e-01
8.947063699999999731e-01 2.154523432254791260e-01
8.975474239999999826e-01 1.654710024595260620e-01
9.003885350000000454e-01 1.550788730382919312e-01
9.032297030000000504e-01 1.754767000675201416e-01
9.060709260000000542e-01 1.793166846036911011e-01
9.089122060000000003e-01 1.487837284803390503e-01
9.117535420000000279e-01 1.448281109333038330e-01
9.145949340000000261e-01 1.325200051069259644e-01
9.174363819999999947e-01 1.365830302238464355e-01
9.202778870000000166e-01 1.573364585638046265e-01
9.231194480000000091e-01 1.501673609018325806e-01
9.259610649999999721e-01 1.332436800003051758e-01
9.288027380000000166e-01 9.224676340818405151e-02
9.316444680000000034e-01 5.027782544493675232e-02
9.344862539999999607e-01 3.099379315972328186e-02
9.373280959999999995e-01 3.099850192666053772e-02
9.401699940000000089e-01 5.052955448627471924e-02
9.430119489999999605e-01 4.099621251225471497e-02
9.458539599999999936e-01 4.080339521169662476e-02
9.486960269999999973e-01 4.683268442749977112e-02
9.515381499999999715e-01 4.275177791714668274e-02
9.543803299999999989e-01 4.521182179450988770e-02
9.572225659999999969e-01 5.059847235679626465e-02
9.600648579999999654e-01 5.337860435247421265e-02
9.629072060000000155e-01 6.141981109976768494e-02
9.657496110000000078e-01 6.675791740417480469e-02
9.685920709999999989e-01 8.933502435684204102e-02
9.714345880000000433e-01 9.150708466768264771e-02
9.742771620000000299e-01 8.182055503129959106e-02
9.771197910000000153e-01 8.331321924924850464e-02
9.799624770000000540e-01 9.423519670963287354e-02
9.828052189999999522e-01 1.021891236305236816e-01
9.856480170000000429e-01 1.072600334882736206e-01
9.884908709999999932e-01 1.076451092958450317e-01
9.913337819999999967e-01 1.106821820139884949e-01
9.941767489999999707e-01 1.161185801029205322e-01
9.970197720000000263e-01 1.170893833041191101e-01
9.998628510000000524e-01 1.153231561183929443e-01
1.002705986999999910e+00 1.107610017061233521e-01
1.005549178999999960e+00 1.083854585886001587e-01
1.008392426999999980e+00 1.111067607998847961e-01
1.011235730999999971e+00 1.108378618955612183e-01
1.014079092000000015e+00 1.151762604713439941e-01
1.016922509000000030e+00 1.109151989221572876e-01
1.019765982000000015e+00 1.123454272747039795e-01
1.022609510999999971e+00 1.106457635760307312e-01
1.025453096999999980e+00 1.099352166056632996e-01
1.028296738999999960e+00 1.076556891202926636e-01
1.031140436999999910e+00 1.124107465147972107e-01
1.033984191000000052e+00 1.167287752032279968e-01
1.036828002000000026e+00 1.145595014095306396e-01
1.039671868000000110e+00 1.172588393092155457e-01
1.042515791000000025e+00 1.053292751312255859e-01
1.045359770999999993e+00 1.178828105330467224e-01
