3.615872339999999796e-01 1.356220960617065430e+00
3.644177160000000026e-01 1.476378440856933594e+00
3.672482539999999962e-01 1.569501161575317383e+00
3.700788480000000158e-01 1.575700998306274414e+00
3.729094980000000059e-01 1.414292454719543457e+00
3.757402049999999938e-01 1.511413335800170898e+00
3.785709680000000077e-01 1.632110953330993652e+00
3.814017869999999921e-01 1.450940251350402832e+00
3.842326620000000026e-01 1.303487062454223633e+00
3.870635940000000108e-01 1.464141368865966797e+00
3.898945819999999896e-01 1.605727314949035645e+00
3.927256259999999943e-01 1.417667627334594727e+00
3.955567260000000251e-01 1.449755668640136719e+00
3.983878829999999982e-01 1.832438230514526367e+00
4.012190950000000256e-01 2.292047262191772461e+00
4.040503639999999952e-01 2.282634258270263672e+00
4.068816900000000181e-01 2.252489805221557617e+00
4.097130709999999842e-01 2.292391777038574219e+00
4.125445090000000037e-01 2.394814491271972656e+00
4.153760029999999936e-01 2.392829656600952148e+00
4.182075530000000096e-01 2.325973987579345703e+00
4.210391589999999962e-01 2.355799913406372070e+00
4.238708219999999804e-01 2.321217536926269531e+00
4.267025409999999908e-01 2.277028799057006836e+00
4.295343160000000271e-01 2.067352294921875000e+00
4.323661469999999785e-01 2.168509483337402344e+00
4.351980349999999831e-01 2.388984203338623047e+00
4.380299790000000137e-01 2.404152393341064453e+00
4.408619790000000149e-01 2.512853622436523438e+00
4.436940349999999866e-01 2.646576404571533203e+00
4.465261480000000116e-01 2.667213678359985352e+00
4.493583170000000071e-01 2.820908069610595703e+00
4.521905419999999731e-01 2.852773189544677734e+00
4.550228230000000207e-01 2.809906482696533203e+00
4.578551610000000105e-01 2.860261201858520508e+00
4.606875550000000263e-01 2.888531923294067383e+00
4.635200050000000127e-01 2.936180114746093750e+00
4.663525110000000251e-01 2.867413759231567383e+00
4.691850739999999798e-01 2.855849504470825195e+00
4.720176919999999887e-01 2.901609420776367188e+00
4.748503669999999954e-01 2.955429077148437500e+00
4.776830989999999999e-01 2.972049236297607422e+00
4.805158860000000032e-01 3.039277791976928711e+00
4.833487300000000042e-01 3.020010709762573242e+00
4.861816299999999758e-01 2.781839370727539062e+00
4.890145859999999733e-01 2.897166013717651367e+00
4.918475979999999970e-01 2.970172405242919922e+00
4.946806670000000183e-01 3.036357402801513672e+00
4.975137920000000102e-01 3.057453393936157227e+00
5.003469729999999727e-01 2.975361108779907227e+00
5.031802100000000166e-01 2.956032276153564453e+00
5.060135040000000028e-01 3.052971124649047852e+00
5.088468539999999596e-01 3.062537431716918945e+00
5.116802599999999979e-01 3.093493938446044922e+00
5.145137220000000067e-01 3.026727199554443359e+00
5.173472409999999577e-01 2.866437435150146484e+00
5.201808159999999903e-01 2.993583202362060547e+00
5.230144469999999934e-01 3.137159585952758789e+00
5.258481339999999671e-01 3.130882024765014648e+00
5.286818779999999940e-01 3.187547445297241211e+00
5.315156779999999914e-01 3.285630941390991211e+00
5.343495339999999594e-01 3.275840759277343750e+00
5.371834460000000089e-01 3.317604541778564453e+00
5.400174150000000006e-01 3.254287242889404297e+00
5.428514389999999912e-01 3.281690835952758789e+00
5.456855200000000350e-01 3.345291137695312500e+00
5.485196580000000210e-01 3.361405134201049805e+00
5.513538510000000059e-01 3.386133909225463867e+00
5.541881010000000440e-01 3.411124944686889648e+00
5.570224070000000527e-01 3.378690719604492188e+00
5.598567690000000319e-01 3.334751129150390625e+00
5.626911869999999816e-01 3.388679504394531250e+00
5.655256619999999845e-01 3.374773502349853516e+00
5.683601929999999580e-01 3.342409610748291016e+00
5.711947800000000131e-01 3.306028127670288086e+00
5.740294230000000386e-01 3.358463525772094727e+00
5.768641230000000064e-01 3.327540159225463867e+00
5.796988789999999447e-01 3.343218803405761719e+00
5.825336909999999646e-01 3.419452190399169922e+00
5.853685589999999550e-01 3.381057500839233398e+00
5.882034839999999987e-01 3.153285741806030273e+00
5.910384650000000129e-01 3.018091678619384766e+00
5.938735019999999976e-01 3.066236734390258789e+00
5.967085949999999528e-01 3.057072401046752930e+00
5.995437449999999613e-01 3.017001628875732422e+00
6.023789510000000513e-01 2.979833841323852539e+00
6.052142130000000009e-01 2.991235971450805664e+00
6.080495310000000320e-01 2.959819793701171875e+00
6.108849060000000053e-01 2.849131584167480469e+00
6.137203359999999774e-01 2.770781755447387695e+00
6.165558230000000028e-01 2.747967004776000977e+00
6.193913669999999705e-01 2.826166868209838867e+00
6.222269660000000480e-01 2.806963920593261719e+00
6.250626219999999567e-01 2.742054224014282227e+00
6.278983339999999469e-01 2.675164222717285156e+00
6.307341020000000187e-01 2.635804414749145508e+00
6.335699259999999500e-01 2.682335853576660156e+00
6.364058070000000455e-01 2.708003997802734375e+00
6.392417440000000006e-01 2.718516349792480469e+00
6.420777370000000372e-01 2.683894157409667969e+00
6.449137860000000444e-01 2.648494958877563477e+00
6.477498919999999938e-01 2.519381999969482422e+00
6.505860540000000247e-01 2.513369798660278320e+00
6.534222720000000262e-01 2.504147768020629883e+00
6.562585459999999982e-01 2.298782825469970703e+00
6.590948770000000234e-01 2.415371894836425781e+00
6.619312640000000192e-01 2.478683710098266602e+00
6.647677069999999855e-01 2.452191352844238281e+00
6.676042060000000333e-01 2.429089307785034180e+00
6.704407620000000234e-01 2.411201477050781250e+00
6.732773739999999840e-01 2.383016586303710938e+00
6.761140420000000262e-01 2.367312431335449219e+00
6.789507660000000389e-01 2.352444648742675781e+00
6.817875469999999938e-01 2.335112094879150391e+00
6.846243829999999475e-01 2.236140012741088867e+00
6.874612759999999545e-01 1.879061698913574219e+00
6.902982260000000148e-01 1.901293396949768066e+00
6.931352309999999628e-01 1.936735868453979492e+00
6.959722929999999641e-01 1.954905271530151367e+00
6.988094110000000470e-01 1.941707730293273926e+00
7.016465849999999893e-01 1.825473189353942871e+00
7.044838150000000132e-01 1.823648929595947266e+00
7.073211019999999793e-01 1.794428586959838867e+00
7.101584450000000270e-01 1.732501864433288574e+00
7.129958440000000452e-01 1.627359390258789062e+00
7.158332990000000340e-01 1.381408691406250000e+00
7.186708109999999650e-01 1.009758591651916504e+00
7.215083789999999775e-01 1.033959031105041504e+00
7.243460029999999605e-01 9.502331018447875977e-01
7.271836830000000251e-01 8.604929447174072266e-01
7.300214200000000320e-01 8.029621243476867676e-01
7.328592130000000093e-01 8.250446319580078125e-01
7.356970619999999572e-01 8.229183554649353027e-01
7.385349669999999866e-01 8.135927319526672363e-01
7.413729289999999583e-01 8.087040185928344727e-01
7.442109470000000115e-01 8.165619373321533203e-01
7.470490210000000353e-01 8.202450275421142578e-01
7.498871510000000296e-01 8.081705570220947266e-01
7.527253379999999661e-01 7.992508411407470703e-01
7.555635800000000124e-01 7.906212210655212402e-01
7.584018790000000010e-01 6.557199954986572266e-01
7.612402350000000428e-01 3.081700503826141357e-01
7.640786459999999725e-01 3.731672465801239014e-01
7.669171139999999554e-01 5.953902602195739746e-01
7.697556380000000198e-01 7.282525300979614258e-01
7.725942180000000548e-01 7.536492943763732910e-01
7.754328539999999492e-01 7.468802332878112793e-01
7.782715470000000080e-01 7.569224238395690918e-01
7.811102960000000373e-01 7.632251381874084473e-01
7.839491010000000371e-01 7.657374739646911621e-01
7.867879620000000074e-01 7.494274973869323730e-01
7.896268800000000310e-01 7.246267795562744141e-01
7.924658540000000251e-01 7.240734696388244629e-01
7.953048839999999897e-01 7.338970899581909180e-01
7.981439700000000359e-01 7.431278824806213379e-01
8.009831130000000243e-01 7.362906336784362793e-01
8.038223119999999833e-01 7.398088574409484863e-01
8.066615670000000238e-01 7.523839473724365234e-01
8.095008780000000348e-01 7.253741621971130371e-01
8.123402459999999881e-01 6.444249153137207031e-01
8.151796700000000229e-01 5.295206308364868164e-01
8.180191500000000282e-01 5.027265548706054688e-01
8.208586860000000041e-01 5.365373492240905762e-01
8.236982790000000332e-01 4.951912760734558105e-01
8.265379269999999501e-01 5.097137689590454102e-01
8.293776320000000313e-01 4.613580107688903809e-01
8.322173940000000547e-01 4.461740255355834961e-01
8.350572109999999659e-01 4.542144536972045898e-01
8.378970850000000414e-01 4.646948873996734619e-01
8.407370149999999764e-01 4.619687497615814209e-01
8.435770009999999930e-01 4.596564173698425293e-01
8.464170429999999801e-01 4.547217786312103271e-01
8.492571420000000204e-01 4.337205588817596436e-01
8.520972970000000313e-01 4.179184734821319580e-01
8.549375080000000127e-01 3.960531353950500488e-01
8.577777749999999646e-01 4.144461750984191895e-01
8.606180989999999698e-01 4.154411852359771729e-01
8.634584789999999455e-01 4.046040773391723633e-01
8.662989150000000027e-01 3.706570863723754883e-01
8.691394070000000305e-01 3.811642825603485107e-01
8.719799560000000005e-01 3.802800178527832031e-01
8.748205610000000521e-01 3.676231503486633301e-01
8.776612219999999631e-01 3.646588027477264404e-01
8.805019389999999557e-01 3.491312563419342041e-01
8.833427130000000016e-01 3.464272618293762207e-01
8.861835430000000180e-01 3.333607017993927002e-01
8.890244290000000049e-01 3.255153894424438477e-01
8.918653709999999624e-01 3.088255524635314941e-01
8.947063699999999731e-01 2.616780400276184082e-01
8.975474239999999826e-01 2.092520892620086670e-01
9.003885350000000454e-01 1.859046071767807007e-01
9.032297030000000504e-01 2.220893800258636475e-01
9.060709260000000542e-01 2.184215337038040161e-01
9.089122060000000003e-01 1.828128546476364136e-01
9.117535420000000279e-01 1.777483671903610229e-01
9.145949340000000261e-01 1.630914211273193359e-01
9.174363819999999947e-01 1.659333705902099609e-01
9.202778870000000166e-01 1.905561685562133789e-01
9.231194480000000091e-01 1.822920143604278564e-01
9.259610649999999721e-01 1.650993376970291138e-01
9.288027380000000166e-01 1.185535490512847900e-01
9.316444680000000034e-01 6.956156343221664429e-02
9.344862539999999607e-01 4.181012511253356934e-02
9.373280959999999995e-01 4.433258995413780212e-02
9.401699940000000089e-01 6.645623594522476196e-02
9.430119489999999605e-01 5.717674270272254944e-02
9.458539599999999936e-01 5.455133691430091858e-02
9.486960269999999973e-01 5.789719149470329285e-02
9.515381499999999715e-01 5.578360706567764282e-02
9.543803299999999989e-01 5.351528152823448181e-02
9.572225659999999969e-01 6.327055394649505615e-02
9.600648579999999654e-01 6.455069780349731445e-02
9.629072060000000155e-01 7.571100443601608276e-02
9.657496110000000078e-01 8.674328029155731201e-02
9.685920709999999989e-01 1.097245365381240845e-01
9.714345880000000433e-01 1.178553551435470581e-01
9.742771620000000299e-01 1.052206829190254211e-01
9.771197910000000153e-01 1.071826145052909851e-01
9.799624770000000540e-01 1.143159940838813782e-01
9.828052189999999522e-01 1.237548366189002991e-01
9.856480170000000429e-01 1.289140135049819946e-01
9.884908709999999932e-01 1.398151218891143799e-01
9.913337819999999967e-01 1.403873115777969360e-01
9.941767489999999707e-01 1.412607282400131226e-01
9.970197720000000263e-01 1.375413388013839722e-01
9.998628510000000524e-01 1.437545269727706909e-01
1.002705986999999910e+00 1.406702101230621338e-01
1.005549178999999960e+00 1.409116983413696289e-01
1.008392426999999980e+00 1.384004056453704834e-01
1.011235730999999971e+00 1.410567611455917358e-01
1.014079092000000015e+00 1.445961892604827881e-01
1.016922509000000030e+00 1.456664502620697021e-01
1.019765982000000015e+00 1.473612040281295776e-01
1.022609510999999971e+00 1.519149094820022583e-01
1.025453096999999980e+00 1.430392563343048096e-01
1.028296738999999960e+00 1.452076882123947144e-01
1.031140436999999910e+00 1.437079757452011108e-01
1.033984191000000052e+00 1.465893536806106567e-01
1.036828002000000026e+00 1.520805507898330688e-01
1.039671868000000110e+00 1.494458317756652832e-01
1.042515791000000025e+00 1.491998136043548584e-01
1.045359770999999993e+00 1.698580831289291382e-01
