3.615872339999999796e-01 1.310699582099914551e+00
3.644177160000000026e-01 1.460720539093017578e+00
3.672482539999999962e-01 1.628686904907226562e+00
3.700788480000000158e-01 1.580896019935607910e+00
3.729094980000000059e-01 1.427248597145080566e+00
3.757402049999999938e-01 1.526541590690612793e+00
3.785709680000000077e-01 1.658679246902465820e+00
3.814017869999999921e-01 1.446580886840820312e+00
3.842326620000000026e-01 1.331498622894287109e+00
3.870635940000000108e-01 1.460137963294982910e+00
3.898945819999999896e-01 1.629259347915649414e+00
3.927256259999999943e-01 1.458241343498229980e+00
3.955567260000000251e-01 1.475570201873779297e+00
3.983878829999999982e-01 1.856920123100280762e+00
4.012190950000000256e-01 2.314632415771484375e+00
4.040503639999999952e-01 2.291476488113403320e+00
4.068816900000000181e-01 2.264413118362426758e+00
4.097130709999999842e-01 2.309227705001831055e+00
4.125445090000000037e-01 2.401327371597290039e+00
4.153760029999999936e-01 2.422710180282592773e+00
4.182075530000000096e-01 2.383845329284667969e+00
4.210391589999999962e-01 2.378323316574096680e+00
4.238708219999999804e-01 2.350714445114135742e+00
4.267025409999999908e-01 2.281766176223754883e+00
4.295343160000000271e-01 2.083271980285644531e+00
4.323661469999999785e-01 2.226415872573852539e+00
4.351980349999999831e-01 2.432919025421142578e+00
4.380299790000000137e-01 2.455391407012939453e+00
4.408619790000000149e-01 2.542141437530517578e+00
4.436940349999999866e-01 2.682894229888916016e+00
4.465261480000000116e-01 2.710461378097534180e+00
4.493583170000000071e-01 2.879533529281616211e+00
4.521905419999999731e-01 2.898393154144287109e+00
4.550228230000000207e-01 2.864113330841064453e+00
4.578551610000000105e-01 2.926608800888061523e+00
4.606875550000000263e-01 2.967586755752563477e+00
4.635200050000000127e-01 2.988118171691894531e+00
4.663525110000000251e-01 2.919836282730102539e+00
4.691850739999999798e-01 2.919553518295288086e+00
4.720176919999999887e-01 2.954973459243774414e+00
4.748503669999999954e-01 3.003834962844848633e+00
4.776830989999999999e-01 3.039283752441406250e+00
4.805158860000000032e-01 3.111036300659179688e+00
4.833487300000000042e-01 3.077857971191406250e+00
4.861816299999999758e-01 2.844342708587646484e+00
4.890145859999999733e-01 2.957721471786499023e+00
4.918475979999999970e-01 3.047863006591796875e+00
4.946806670000000183e-01 3.096905946731567383e+00
4.975137920000000102e-01 3.113868474960327148e+00
5.003469729999999727e-01 3.037893772125244141e+00
5.031802100000000166e-01 3.024347543716430664e+00
5.060135040000000028e-01 3.117807149887084961e+00
5.088468539999999596e-01 3.134922027587890625e+00
5.116802599999999979e-01 3.166885852813720703e+00
5.145137220000000067e-01 3.096301555633544922e+00
5.173472409999999577e-01 2.938810348510742188e+00
5.201808159999999903e-01 3.075177669525146484e+00
5.230144469999999934e-01 3.202577114105224609e+00
5.258481339999999671e-01 3.205396413803100586e+00
5.286818779999999940e-01 3.262543201446533203e+00
5.315156779999999914e-01 3.361693382263183594e+00
5.343495339999999594e-01 3.358754158020019531e+00
5.371834460000000089e-01 3.397603034973144531e+00
5.400174150000000006e-01 3.341197967529296875e+00
5.428514389999999912e-01 3.365458250045776367e+00
5.456855200000000350e-01 3.419989347457885742e+00
5.485196580000000210e-01 3.434806108474731445e+00
5.513538510000000059e-01 3.471445798873901367e+00
5.541881010000000440e-01 3.495091915130615234e+00
5.570224070000000527e-01 3.460986614227294922e+00
5.598567690000000319e-01 3.414338588714599609e+00
5.626911869999999816e-01 3.463171005249023438e+00
5.655256619999999845e-01 3.459904432296752930e+00
5.683601929999999580e-01 3.433448791503906250e+00
5.711947800000000131e-01 3.400991439819335938e+00
5.740294230000000386e-01 3.449864625930786133e+00
5.768641230000000064e-01 3.422111272811889648e+00
5.796988789999999447e-01 3.436621189117431641e+00
5.825336909999999646e-01 3.515972614288330078e+00
5.853685589999999550e-01 3.480961799621582031e+00
5.882034839999999987e-01 3.248072147369384766e+00
5.910384650000000129e-01 3.119534015655517578e+00
5.938735019999999976e-01 3.181383609771728516e+00
5.967085949999999528e-01 3.176486730575561523e+00
5.995437449999999613e-01 3.140007734298706055e+00
6.023789510000000513e-01 3.112133026123046875e+00
6.052142130000000009e-01 3.124373435974121094e+00
6.080495310000000320e-01 3.086329221725463867e+00
6.108849060000000053e-01 2.982509374618530273e+00
6.137203359999999774e-01 2.908973693847656250e+00
6.165558230000000028e-01 2.894382715225219727e+00
6.193913669999999705e-01 2.965300798416137695e+00
6.222269660000000480e-01 2.956661939620971680e+00
6.250626219999999567e-01 2.871712684631347656e+00
6.278983339999999469e-01 2.809918403625488281e+00
6.307341020000000187e-01 2.787354946136474609e+00
6.335699259999999500e-01 2.822730302810668945e+00
6.364058070000000455e-01 2.851071596145629883e+00
6.392417440000000006e-01 2.859828948974609375e+00
6.420777370000000372e-01 2.832521677017211914e+00
6.449137860000000444e-01 2.790696382522583008e+00
6.477498919999999938e-01 2.668064594268798828e+00
6.505860540000000247e-01 2.658980369567871094e+00
6.534222720000000262e-01 2.653960943222045898e+00
6.562585459999999982e-01 2.442261695861816406e+00
6.590948770000000234e-01 2.561185836791992188e+00
6.619312640000000192e-01 2.624744653701782227e+00
6.647677069999999855e-01 2.609561204910278320e+00
6.676042060000000333e-01 2.587994337081909180e+00
6.704407620000000234e-01 2.554097175598144531e+00
6.732773739999999840e-01 2.533858537673950195e+00
6.761140420000000262e-01 2.521300077438354492e+00
6.789507660000000389e-01 2.503973960876464844e+00
6.817875469999999938e-01 2.484904050827026367e+00
6.846243829999999475e-01 2.397452354431152344e+00
6.874612759999999545e-01 2.020067214965820312e+00
6.902982260000000148e-01 2.047158241271972656e+00
6.931352309999999628e-01 2.080441713333129883e+00
6.959722929999999641e-01 2.105813264846801758e+00
6.988094110000000470e-01 2.087574243545532227e+00
7.016465849999999893e-01 1.978602290153503418e+00
7.044838150000000132e-01 1.987683057785034180e+00
7.073211019999999793e-01 1.958929300308227539e+00
7.101584450000000270e-01 1.897397398948669434e+00
7.129958440000000452e-01 1.798142910003662109e+00
7.158332990000000340e-01 1.526888847351074219e+00
7.186708109999999650e-01 1.114902019500732422e+00
7.215083789999999775e-01 1.148787021636962891e+00
7.243460029999999605e-01 1.061760902404785156e+00
7.271836830000000251e-01 9.683578610420227051e-01
7.300214200000000320e-01 9.166590571403503418e-01
7.328592130000000093e-01 9.436482191085815430e-01
7.356970619999999572e-01 9.339830279350280762e-01
7.385349669999999866e-01 9.117989540100097656e-01
7.413729289999999583e-01 9.220572113990783691e-01
7.442109470000000115e-01 9.311789274215698242e-01
7.470490210000000353e-01 9.322960376739501953e-01
7.498871510000000296e-01 9.187302589416503906e-01
7.527253379999999661e-01 9.063971042633056641e-01
7.555635800000000124e-01 8.956343531608581543e-01
7.584018790000000010e-01 7.369074821472167969e-01
7.612402350000000428e-01 3.466224074363708496e-01
7.640786459999999725e-01 4.190851449966430664e-01
7.669171139999999554e-01 6.835034489631652832e-01
7.697556380000000198e-01 8.303244709968566895e-01
7.725942180000000548e-01 8.596988916397094727e-01
7.754328539999999492e-01 8.629183173179626465e-01
7.782715470000000080e-01 8.687493205070495605e-01
7.811102960000000373e-01 8.634618520736694336e-01
7.839491010000000371e-01 8.643625378608703613e-01
7.867879620000000074e-01 8.573657274246215820e-01
7.896268800000000310e-01 8.320335745811462402e-01
7.924658540000000251e-01 8.387489318847656250e-01
7.953048839999999897e-01 8.408492207527160645e-01
7.981439700000000359e-01 8.531073331832885742e-01
8.009831130000000243e-01 8.390953540802001953e-01
8.038223119999999833e-01 8.492379188537597656e-01
8.066615670000000238e-01 8.611111640930175781e-01
8.095008780000000348e-01 8.247823715209960938e-01
8.123402459999999881e-01 7.390053272247314453e-01
8.151796700000000229e-01 6.037049293518066406e-01
8.180191500000000282e-01 5.729709267616271973e-01
8.208586860000000041e-01 6.145424246788024902e-01
8.236982790000000332e-01 5.689319968223571777e-01
8.265379269999999501e-01 5.840253233909606934e-01
8.293776320000000313e-01 5.212118625640869141e-01
8.322173940000000547e-01 5.041956305503845215e-01
8.350572109999999659e-01 5.172305107116699219e-01
8.378970850000000414e-01 5.256053209304809570e-01
8.407370149999999764e-01 5.281624197959899902e-01
8.435770009999999930e-01 5.282314419746398926e-01
8.464170429999999801e-01 5.231524109840393066e-01
8.492571420000000204e-01 4.969525337219238281e-01
8.520972970000000313e-01 4.772064983844757080e-01
8.549375080000000127e-01 4.521296620368957520e-01
8.577777749999999646e-01 4.833810925483703613e-01
8.606180989999999698e-01 4.733972251415252686e-01
8.634584789999999455e-01 4.651602208614349365e-01
8.662989150000000027e-01 4.271123111248016357e-01
8.691394070000000305e-01 4.431678056716918945e-01
8.719799560000000005e-01 4.350914359092712402e-01
8.748205610000000521e-01 4.222324192523956299e-01
8.776612219999999631e-01 4.150855243206024170e-01
8.805019389999999557e-01 4.013063609600067139e-01
8.833427130000000016e-01 3.893277943134307861e-01
8.861835430000000180e-01 3.791311383247375488e-01
8.890244290000000049e-01 3.725893795490264893e-01
8.918653709999999624e-01 3.509190678596496582e-01
8.947063699999999731e-01 2.944188416004180908e-01
8.975474239999999826e-01 2.356903553009033203e-01
9.003885350000000454e-01 2.120577543973922729e-01
9.032297030000000504e-01 2.462677955627441406e-01
9.060709260000000542e-01 2.487261742353439331e-01
9.089122060000000003e-01 2.003584057092666626e-01
9.117535420000000279e-01 1.998905688524246216e-01
9.145949340000000261e-01 1.819727867841720581e-01
9.174363819999999947e-01 1.843711584806442261e-01
9.202778870000000166e-01 2.156702429056167603e-01
9.231194480000000091e-01 2.022185474634170532e-01
9.259610649999999721e-01 1.825776696205139160e-01
9.288027380000000166e-01 1.279987245798110962e-01
9.316444680000000034e-01 7.262680679559707642e-02
9.344862539999999607e-01 4.196085035800933838e-02
9.373280959999999995e-01 4.614093899726867676e-02
9.401699940000000089e-01 7.097305357456207275e-02
9.430119489999999605e-01 6.147244200110435486e-02
9.458539599999999936e-01 5.413896963000297546e-02
9.486960269999999973e-01 6.363461166620254517e-02
9.515381499999999715e-01 6.342370063066482544e-02
9.543803299999999989e-01 5.960384383797645569e-02
9.572225659999999969e-01 6.979147344827651978e-02
9.600648579999999654e-01 6.975410133600234985e-02
9.629072060000000155e-01 8.279083669185638428e-02
9.657496110000000078e-01 8.862101286649703979e-02
9.685920709999999989e-01 1.161690428853034973e-01
9.714345880000000433e-01 1.268857121467590332e-01
9.742771620000000299e-01 1.127122119069099426e-01
9.771197910000000153e-01 1.166057512164115906e-01
9.799624770000000540e-01 1.247336193919181824e-01
9.828052189999999522e-01 1.401848047971725464e-01
9.856480170000000429e-01 1.464463770389556885e-01
9.884908709999999932e-01 1.528568416833877563e-01
9.913337819999999967e-01 1.507398188114166260e-01
9.941767489999999707e-01 1.529084891080856323e-01
9.970197720000000263e-01 1.549527496099472046e-01
9.998628510000000524e-01 1.562425643205642700e-01
1.002705986999999910e+00 1.527183204889297485e-01
1.005549178999999960e+00 1.555942445993423462e-01
1.008392426999999980e+00 1.521081328392028809e-01
1.011235730999999971e+00 1.561276316642761230e-01
1.014079092000000015e+00 1.542582064867019653e-01
1.016922509000000030e+00 1.599657684564590454e-01
1.019765982000000015e+00 1.555938720703125000e-01
1.022609510999999971e+00 1.562498360872268677e-01
1.025453096999999980e+00 1.558044701814651489e-01
1.028296738999999960e+00 1.598113626241683960e-01
1.031140436999999910e+00 1.643003225326538086e-01
1.033984191000000052e+00 1.592230051755905151e-01
1.036828002000000026e+00 1.587687879800796509e-01
1.039671868000000110e+00 1.724565327167510986e-01
1.042515791000000025e+00 1.520806849002838135e-01
1.045359770999999993e+00 1.725473105907440186e-01
