3.615872339999999796e-01 1.355642437934875488e+00
3.644177160000000026e-01 1.477930545806884766e+00
3.672482539999999962e-01 1.620025753974914551e+00
3.700788480000000158e-01 1.588942646980285645e+00
3.729094980000000059e-01 1.401547074317932129e+00
3.757402049999999938e-01 1.489103913307189941e+00
3.785709680000000077e-01 1.636213660240173340e+00
3.814017869999999921e-01 1.401143670082092285e+00
3.842326620000000026e-01 1.278074622154235840e+00
3.870635940000000108e-01 1.408077716827392578e+00
3.898945819999999896e-01 1.573875069618225098e+00
3.927256259999999943e-01 1.398978352546691895e+00
3.955567260000000251e-01 1.448104858398437500e+00
3.983878829999999982e-01 1.813761472702026367e+00
4.012190950000000256e-01 2.277733564376831055e+00
4.040503639999999952e-01 2.243442535400390625e+00
4.068816900000000181e-01 2.185508251190185547e+00
4.097130709999999842e-01 2.247888326644897461e+00
4.125445090000000037e-01 2.299555540084838867e+00
4.153760029999999936e-01 2.353502273559570312e+00
4.182075530000000096e-01 2.316103696823120117e+00
4.210391589999999962e-01 2.290872335433959961e+00
4.238708219999999804e-01 2.244440793991088867e+00
4.267025409999999908e-01 2.202501296997070312e+00
4.295343160000000271e-01 2.004850625991821289e+00
4.323661469999999785e-01 2.131906986236572266e+00
4.351980349999999831e-01 2.339191436767578125e+00
4.380299790000000137e-01 2.371571779251098633e+00
4.408619790000000149e-01 2.435495615005493164e+00
4.436940349999999866e-01 2.585258722305297852e+00
4.465261480000000116e-01 2.624891281127929688e+00
4.493583170000000071e-01 2.762164115905761719e+00
4.521905419999999731e-01 2.791950941085815430e+00
4.550228230000000207e-01 2.757265567779541016e+00
4.578551610000000105e-01 2.812282800674438477e+00
4.606875550000000263e-01 2.818739175796508789e+00
4.635200050000000127e-01 2.853195905685424805e+00
4.663525110000000251e-01 2.802763223648071289e+00
4.691850739999999798e-01 2.791046142578125000e+00
4.720176919999999887e-01 2.832294940948486328e+00
4.748503669999999954e-01 2.871363878250122070e+00
4.776830989999999999e-01 2.916504621505737305e+00
4.805158860000000032e-01 2.979905128479003906e+00
4.833487300000000042e-01 2.950921773910522461e+00
4.861816299999999758e-01 2.717980623245239258e+00
4.890145859999999733e-01 2.816110849380493164e+00
4.918475979999999970e-01 2.910760879516601562e+00
4.946806670000000183e-01 2.963009357452392578e+00
4.975137920000000102e-01 2.986107110977172852e+00
5.003469729999999727e-01 2.908082008361816406e+00
5.031802100000000166e-01 2.880204677581787109e+00
5.060135040000000028e-01 2.968458414077758789e+00
5.088468539999999596e-01 3.003746032714843750e+00
5.116802599999999979e-01 3.027890920639038086e+00
5.145137220000000067e-01 2.953593969345092773e+00
5.173472409999999577e-01 2.798540115356445312e+00
5.201808159999999903e-01 2.931250333786010742e+00
5.230144469999999934e-01 3.063855886459350586e+00
5.258481339999999671e-01 3.076468706130981445e+00
5.286818779999999940e-01 3.113562345504760742e+00
5.315156779999999914e-01 3.215844392776489258e+00
5.343495339999999594e-01 3.196487426757812500e+00
5.371834460000000089e-01 3.240298032760620117e+00
5.400174150000000006e-01 3.183036565780639648e+00
5.428514389999999912e-01 3.198310852050781250e+00
5.456855200000000350e-01 3.270678043365478516e+00
5.485196580000000210e-01 3.273309469223022461e+00
5.513538510000000059e-01 3.305706977844238281e+00
5.541881010000000440e-01 3.331660032272338867e+00
5.570224070000000527e-01 3.292977094650268555e+00
5.598567690000000319e-01 3.251041650772094727e+00
5.626911869999999816e-01 3.302978754043579102e+00
5.655256619999999845e-01 3.292292833328247070e+00
5.683601929999999580e-01 3.265526771545410156e+00
5.711947800000000131e-01 3.230165958404541016e+00
5.740294230000000386e-01 3.275122404098510742e+00
5.768641230000000064e-01 3.242180585861206055e+00
5.796988789999999447e-01 3.255398035049438477e+00
5.825336909999999646e-01 3.321605682373046875e+00
5.853685589999999550e-01 3.274488210678100586e+00
5.882034839999999987e-01 3.058850526809692383e+00
5.910384650000000129e-01 2.911519527435302734e+00
5.938735019999999976e-01 2.970599651336669922e+00
5.967085949999999528e-01 2.955828666687011719e+00
5.995437449999999613e-01 2.923544406890869141e+00
6.023789510000000513e-01 2.867641687393188477e+00
6.052142130000000009e-01 2.869372844696044922e+00
6.080495310000000320e-01 2.825525760650634766e+00
6.108849060000000053e-01 2.716253757476806641e+00
6.137203359999999774e-01 2.636640071868896484e+00
6.165558230000000028e-01 2.612924575805664062e+00
6.193913669999999705e-01 2.697840213775634766e+00
6.222269660000000480e-01 2.685010910034179688e+00
6.250626219999999567e-01 2.610071897506713867e+00
6.278983339999999469e-01 2.536550283432006836e+00
6.307341020000000187e-01 2.522912740707397461e+00
6.335699259999999500e-01 2.549665212631225586e+00
6.364058070000000455e-01 2.576249361038208008e+00
6.392417440000000006e-01 2.580276966094970703e+00
6.420777370000000372e-01 2.551637172698974609e+00
6.449137860000000444e-01 2.518133163452148438e+00
6.477498919999999938e-01 2.396177053451538086e+00
6.505860540000000247e-01 2.373219966888427734e+00
6.534222720000000262e-01 2.361285686492919922e+00
6.562585459999999982e-01 2.178690910339355469e+00
6.590948770000000234e-01 2.275201797485351562e+00
6.619312640000000192e-01 2.318778276443481445e+00
6.647677069999999855e-01 2.298179388046264648e+00
6.676042060000000333e-01 2.278956174850463867e+00
6.704407620000000234e-01 2.260542631149291992e+00
6.732773739999999840e-01 2.233047723770141602e+00
6.761140420000000262e-01 2.217685461044311523e+00
6.789507660000000389e-01 2.191953659057617188e+00
6.817875469999999938e-01 2.166541099548339844e+00
6.846243829999999475e-01 2.086238861083984375e+00
6.874612759999999545e-01 1.754871845245361328e+00
6.902982260000000148e-01 1.766088962554931641e+00
6.931352309999999628e-01 1.808466076850891113e+00
6.959722929999999641e-01 1.809601545333862305e+00
6.988094110000000470e-01 1.783603310585021973e+00
7.016465849999999893e-01 1.674980282783508301e+00
7.044838150000000132e-01 1.683617353439331055e+00
7.073211019999999793e-01 1.635615587234497070e+00
7.101584450000000270e-01 1.572718501091003418e+00
7.129958440000000452e-01 1.464257121086120605e+00
7.158332990000000340e-01 1.241470098495483398e+00
7.186708109999999650e-01 8.944552540779113770e-01
7.215083789999999775e-01 9.164215922355651855e-01
7.243460029999999605e-01 8.307916522026062012e-01
7.271836830000000251e-01 7.505149841308593750e-01
7.300214200000000320e-01 7.038008570671081543e-01
7.328592130000000093e-01 7.123824954032897949e-01
7.356970619999999572e-01 7.094444632530212402e-01
7.385349669999999866e-01 6.908110380172729492e-01
7.413729289999999583e-01 6.894538998603820801e-01
7.442109470000000115e-01 6.956999301910400391e-01
7.470490210000000353e-01 7.005093097686767578e-01
7.498871510000000296e-01 6.804696321487426758e-01
7.527253379999999661e-01 6.749153137207031250e-01
7.555635800000000124e-01 6.686447858810424805e-01
7.584018790000000010e-01 5.487784147262573242e-01
7.612402350000000428e-01 2.600384652614593506e-01
7.640786459999999725e-01 3.159702122211456299e-01
7.669171139999999554e-01 4.971384704113006592e-01
7.697556380000000198e-01 6.114979982376098633e-01
7.725942180000000548e-01 6.322182416915893555e-01
7.754328539999999492e-01 6.323781013488769531e-01
7.782715470000000080e-01 6.336539387702941895e-01
7.811102960000000373e-01 6.347489356994628906e-01
7.839491010000000371e-01 6.348035931587219238e-01
7.867879620000000074e-01 6.265237927436828613e-01
7.896268800000000310e-01 6.065123081207275391e-01
7.924658540000000251e-01 6.130366325378417969e-01
7.953048839999999897e-01 6.126676797866821289e-01
7.981439700000000359e-01 6.275422573089599609e-01
8.009831130000000243e-01 6.149858832359313965e-01
8.038223119999999833e-01 6.171489357948303223e-01
8.066615670000000238e-01 6.296619176864624023e-01
8.095008780000000348e-01 6.028029918670654297e-01
8.123402459999999881e-01 5.367138385772705078e-01
8.151796700000000229e-01 4.392602741718292236e-01
8.180191500000000282e-01 4.186802506446838379e-01
8.208586860000000041e-01 4.391950964927673340e-01
8.236982790000000332e-01 4.109240472316741943e-01
8.265379269999999501e-01 4.204047322273254395e-01
8.293776320000000313e-01 3.756155371665954590e-01
8.322173940000000547e-01 3.675529062747955322e-01
8.350572109999999659e-01 3.708498477935791016e-01
8.378970850000000414e-01 3.797357082366943359e-01
8.407370149999999764e-01 3.747837841510772705e-01
8.435770009999999930e-01 3.756882846355438232e-01
8.464170429999999801e-01 3.720963001251220703e-01
8.492571420000000204e-01 3.524069488048553467e-01
8.520972970000000313e-01 3.380499184131622314e-01
8.549375080000000127e-01 3.243391513824462891e-01
8.577777749999999646e-01 3.418372869491577148e-01
8.606180989999999698e-01 3.344384729862213135e-01
8.634584789999999455e-01 3.266847133636474609e-01
8.662989150000000027e-01 2.982830703258514404e-01
8.691394070000000305e-01 3.113058507442474365e-01
8.719799560000000005e-01 3.045951128005981445e-01
8.748205610000000521e-01 2.988831400871276855e-01
8.776612219999999631e-01 2.882201075553894043e-01
8.805019389999999557e-01 2.806268036365509033e-01
8.833427130000000016e-01 2.772413194179534912e-01
8.861835430000000180e-01 2.699441611766815186e-01
8.890244290000000049e-01 2.607063353061676025e-01
8.918653709999999624e-01 2.457077503204345703e-01
8.947063699999999731e-01 2.077789455652236938e-01
8.975474239999999826e-01 1.695577502250671387e-01
9.003885350000000454e-01 1.481155306100845337e-01
9.032297030000000504e-01 1.732653975486755371e-01
9.060709260000000542e-01 1.726327389478683472e-01
9.089122060000000003e-01 1.396311819553375244e-01
9.117535420000000279e-01 1.407003849744796753e-01
9.145949340000000261e-01 1.281521916389465332e-01
9.174363819999999947e-01 1.332369744777679443e-01
9.202778870000000166e-01 1.507325470447540283e-01
9.231194480000000091e-01 1.398573368787765503e-01
9.259610649999999721e-01 1.298889964818954468e-01
9.288027380000000166e-01 9.312516450881958008e-02
9.316444680000000034e-01 4.916469380259513855e-02
9.344862539999999607e-01 2.966688387095928192e-02
9.373280959999999995e-01 3.120997548103332520e-02
9.401699940000000089e-01 5.152552574872970581e-02
9.430119489999999605e-01 4.017076268792152405e-02
9.458539599999999936e-01 4.073181748390197754e-02
9.486960269999999973e-01 4.069655761122703552e-02
9.515381499999999715e-01 4.271221160888671875e-02
9.543803299999999989e-01 4.567292332649230957e-02
9.572225659999999969e-01 4.773108661174774170e-02
9.600648579999999654e-01 5.490019917488098145e-02
9.629072060000000155e-01 5.475014448165893555e-02
9.657496110000000078e-01 6.706346571445465088e-02
9.685920709999999989e-01 8.370702713727951050e-02
9.714345880000000433e-01 8.715043962001800537e-02
9.742771620000000299e-01 7.702721655368804932e-02
9.771197910000000153e-01 8.027341216802597046e-02
9.799624770000000540e-01 8.928126841783523560e-02
9.828052189999999522e-01 9.794843196868896484e-02
9.856480170000000429e-01 1.046273484826087952e-01
9.884908709999999932e-01 1.059910133481025696e-01
9.913337819999999967e-01 1.074085161089897156e-01
9.941767489999999707e-01 1.069320291280746460e-01
9.970197720000000263e-01 1.032348200678825378e-01
9.998628510000000524e-01 1.085942015051841736e-01
1.002705986999999910e+00 1.023381277918815613e-01
1.005549178999999960e+00 1.059243828058242798e-01
1.008392426999999980e+00 1.006710156798362732e-01
1.011235730999999971e+00 1.028635650873184204e-01
1.014079092000000015e+00 1.053901985287666321e-01
1.016922509000000030e+00 1.082766726613044739e-01
1.019765982000000015e+00 1.068561375141143799e-01
1.022609510999999971e+00 1.072351410984992981e-01
1.025453096999999980e+00 1.055840328335762024e-01
1.028296738999999960e+00 1.008256375789642334e-01
1.031140436999999910e+00 1.031300649046897888e-01
1.033984191000000052e+00 1.021836921572685242e-01
1.036828002000000026e+00 1.027564257383346558e-01
1.039671868000000110e+00 1.055935770273208618e-01
1.042515791000000025e+00 9.822630137205123901e-02
1.045359770999999993e+00 1.052909865975379944e-01
