3.615872339999999796e-01 1.296726584434509277e+00
3.644177160000000026e-01 1.472936272621154785e+00
3.672482539999999962e-01 1.578827142715454102e+00
3.700788480000000158e-01 1.565728068351745605e+00
3.729094980000000059e-01 1.430070161819458008e+00
3.757402049999999938e-01 1.508169651031494141e+00
3.785709680000000077e-01 1.653582453727722168e+00
3.814017869999999921e-01 1.425327301025390625e+00
3.842326620000000026e-01 1.314582347869873047e+00
3.870635940000000108e-01 1.431132674217224121e+00
3.898945819999999896e-01 1.602879524230957031e+00
3.927256259999999943e-01 1.431506991386413574e+00
3.955567260000000251e-01 1.467485666275024414e+00
3.983878829999999982e-01 1.829205632209777832e+00
4.012190950000000256e-01 2.279682159423828125e+00
4.040503639999999952e-01 2.291194438934326172e+00
4.068816900000000181e-01 2.211052656173706055e+00
4.097130709999999842e-01 2.285052061080932617e+00
4.125445090000000037e-01 2.381054401397705078e+00
4.153760029999999936e-01 2.391713857650756836e+00
4.182075530000000096e-01 2.364591598510742188e+00
4.210391589999999962e-01 2.351951837539672852e+00
4.238708219999999804e-01 2.315406322479248047e+00
4.267025409999999908e-01 2.257581233978271484e+00
4.295343160000000271e-01 2.073123455047607422e+00
4.323661469999999785e-01 2.202313899993896484e+00
4.351980349999999831e-01 2.407541275024414062e+00
4.380299790000000137e-01 2.430095672607421875e+00
4.408619790000000149e-01 2.511356830596923828e+00
4.436940349999999866e-01 2.669856071472167969e+00
4.465261480000000116e-01 2.676952838897705078e+00
4.493583170000000071e-01 2.852512121200561523e+00
4.521905419999999731e-01 2.876250028610229492e+00
4.550228230000000207e-01 2.842630386352539062e+00
4.578551610000000105e-01 2.903042554855346680e+00
4.606875550000000263e-01 2.920159816741943359e+00
4.635200050000000127e-01 2.959315776824951172e+00
4.663525110000000251e-01 2.896288394927978516e+00
4.691850739999999798e-01 2.893843173980712891e+00
4.720176919999999887e-01 2.932976245880126953e+00
4.748503669999999954e-01 2.989275932312011719e+00
4.776830989999999999e-01 3.008498668670654297e+00
4.805158860000000032e-01 3.063185691833496094e+00
4.833487300000000042e-01 3.052126169204711914e+00
4.861816299999999758e-01 2.817200899124145508e+00
4.890145859999999733e-01 2.944454193115234375e+00
4.918475979999999970e-01 3.018897056579589844e+00
4.946806670000000183e-01 3.072610139846801758e+00
4.975137920000000102e-01 3.098218441009521484e+00
5.003469729999999727e-01 3.016010999679565430e+00
5.031802100000000166e-01 2.997396945953369141e+00
5.060135040000000028e-01 3.093544721603393555e+00
5.088468539999999596e-01 3.112742185592651367e+00
5.116802599999999979e-01 3.145367622375488281e+00
5.145137220000000067e-01 3.077986717224121094e+00
5.173472409999999577e-01 2.911062479019165039e+00
5.201808159999999903e-01 3.052209615707397461e+00
5.230144469999999934e-01 3.175707817077636719e+00
5.258481339999999671e-01 3.187685728073120117e+00
5.286818779999999940e-01 3.231625795364379883e+00
5.315156779999999914e-01 3.339258432388305664e+00
5.343495339999999594e-01 3.342057943344116211e+00
5.371834460000000089e-01 3.384795427322387695e+00
5.400174150000000006e-01 3.319832086563110352e+00
5.428514389999999912e-01 3.345576047897338867e+00
5.456855200000000350e-01 3.402203083038330078e+00
5.485196580000000210e-01 3.421500682830810547e+00
5.513538510000000059e-01 3.446297645568847656e+00
5.541881010000000440e-01 3.476581335067749023e+00
5.570224070000000527e-01 3.433249235153198242e+00
5.598567690000000319e-01 3.392940521240234375e+00
5.626911869999999816e-01 3.456315040588378906e+00
5.655256619999999845e-01 3.438896417617797852e+00
5.683601929999999580e-01 3.411336660385131836e+00
5.711947800000000131e-01 3.374555826187133789e+00
5.740294230000000386e-01 3.422843933105468750e+00
5.768641230000000064e-01 3.389145135879516602e+00
5.796988789999999447e-01 3.412863969802856445e+00
5.825336909999999646e-01 3.489455461502075195e+00
5.853685589999999550e-01 3.450820684432983398e+00
5.882034839999999987e-01 3.237241268157958984e+00
5.910384650000000129e-01 3.099732875823974609e+00
5.938735019999999976e-01 3.163428783416748047e+00
5.967085949999999528e-01 3.161030292510986328e+00
5.995437449999999613e-01 3.125080823898315430e+00
6.023789510000000513e-01 3.097360134124755859e+00
6.052142130000000009e-01 3.120913267135620117e+00
6.080495310000000320e-01 3.079769372940063477e+00
6.108849060000000053e-01 2.974324464797973633e+00
6.137203359999999774e-01 2.895993709564208984e+00
6.165558230000000028e-01 2.872403144836425781e+00
6.193913669999999705e-01 2.955600500106811523e+00
6.222269660000000480e-01 2.934160947799682617e+00
6.250626219999999567e-01 2.862583637237548828e+00
6.278983339999999469e-01 2.803657293319702148e+00
6.307341020000000187e-01 2.780133247375488281e+00
6.335699259999999500e-01 2.814629077911376953e+00
6.364058070000000455e-01 2.845735311508178711e+00
6.392417440000000006e-01 2.848762035369873047e+00
6.420777370000000372e-01 2.813309192657470703e+00
6.449137860000000444e-01 2.779276609420776367e+00
6.477498919999999938e-01 2.659137248992919922e+00
6.505860540000000247e-01 2.648447751998901367e+00
6.534222720000000262e-01 2.646105051040649414e+00
6.562585459999999982e-01 2.437358140945434570e+00
6.590948770000000234e-01 2.544157028198242188e+00
6.619312640000000192e-01 2.620163917541503906e+00
6.647677069999999855e-01 2.596128940582275391e+00
6.676042060000000333e-01 2.577076196670532227e+00
6.704407620000000234e-01 2.561296463012695312e+00
6.732773739999999840e-01 2.532740116119384766e+00
6.761140420000000262e-01 2.512237548828125000e+00
6.789507660000000389e-01 2.501388788223266602e+00
6.817875469999999938e-01 2.482590198516845703e+00
6.846243829999999475e-01 2.399403095245361328e+00
6.874612759999999545e-01 2.009430408477783203e+00
6.902982260000000148e-01 2.032731056213378906e+00
6.931352309999999628e-01 2.087996721267700195e+00
6.959722929999999641e-01 2.099498271942138672e+00
6.988094110000000470e-01 2.084808349609375000e+00
7.016465849999999893e-01 1.980688214302062988e+00
7.044838150000000132e-01 1.983602762222290039e+00
7.073211019999999793e-01 1.951451778411865234e+00
7.101584450000000270e-01 1.893168449401855469e+00
7.129958440000000452e-01 1.791782855987548828e+00
7.158332990000000340e-01 1.528612494468688965e+00
7.186708109999999650e-01 1.113652825355529785e+00
7.215083789999999775e-01 1.145546674728393555e+00
7.243460029999999605e-01 1.059347152709960938e+00
7.271836830000000251e-01 9.685364961624145508e-01
7.300214200000000320e-01 9.163162112236022949e-01
7.328592130000000093e-01 9.334127902984619141e-01
7.356970619999999572e-01 9.284279346466064453e-01
7.385349669999999866e-01 9.034151434898376465e-01
7.413729289999999583e-01 9.090358614921569824e-01
7.442109470000000115e-01 9.255349636077880859e-01
7.470490210000000353e-01 9.222021698951721191e-01
7.498871510000000296e-01 9.074662327766418457e-01
7.527253379999999661e-01 8.995276689529418945e-01
7.555635800000000124e-01 8.930121660232543945e-01
7.584018790000000010e-01 7.245866656303405762e-01
7.612402350000000428e-01 3.405100107192993164e-01
7.640786459999999725e-01 4.141601324081420898e-01
7.669171139999999554e-01 6.675332188606262207e-01
7.697556380000000198e-01 8.169701099395751953e-01
7.725942180000000548e-01 8.471473455429077148e-01
7.754328539999999492e-01 8.557907342910766602e-01
7.782715470000000080e-01 8.590853214263916016e-01
7.811102960000000373e-01 8.673208951950073242e-01
7.839491010000000371e-01 8.618869185447692871e-01
7.867879620000000074e-01 8.460525274276733398e-01
7.896268800000000310e-01 8.283353447914123535e-01
7.924658540000000251e-01 8.290544748306274414e-01
7.953048839999999897e-01 8.346768021583557129e-01
7.981439700000000359e-01 8.446440696716308594e-01
8.009831130000000243e-01 8.373714685440063477e-01
8.038223119999999833e-01 8.348147869110107422e-01
8.066615670000000238e-01 8.570942282676696777e-01
8.095008780000000348e-01 8.200004696846008301e-01
8.123402459999999881e-01 7.358077168464660645e-01
8.151796700000000229e-01 6.001070141792297363e-01
8.180191500000000282e-01 5.728893876075744629e-01
8.208586860000000041e-01 6.085782051086425781e-01
8.236982790000000332e-01 5.530391931533813477e-01
8.265379269999999501e-01 5.800152420997619629e-01
8.293776320000000313e-01 5.207298398017883301e-01
8.322173940000000547e-01 4.974298775196075439e-01
8.350572109999999659e-01 5.047635436058044434e-01
8.378970850000000414e-01 5.160722136497497559e-01
8.407370149999999764e-01 5.180212855339050293e-01
8.435770009999999930e-01 5.112490057945251465e-01
8.464170429999999801e-01 5.100669264793395996e-01
8.492571420000000204e-01 4.862085580825805664e-01
8.520972970000000313e-01 4.606867134571075439e-01
8.549375080000000127e-01 4.391885101795196533e-01
8.577777749999999646e-01 4.654314219951629639e-01
8.606180989999999698e-01 4.588184654712677002e-01
8.634584789999999455e-01 4.478112757205963135e-01
8.662989150000000027e-01 4.112875461578369141e-01
8.691394070000000305e-01 4.233771562576293945e-01
8.719799560000000005e-01 4.236727654933929443e-01
8.748205610000000521e-01 4.114421010017395020e-01
8.776612219999999631e-01 3.982318341732025146e-01
8.805019389999999557e-01 3.839899003505706787e-01
8.833427130000000016e-01 3.829695880413055420e-01
8.861835430000000180e-01 3.691470623016357422e-01
8.890244290000000049e-01 3.587080240249633789e-01
8.918653709999999624e-01 3.408706784248352051e-01
8.947063699999999731e-01 2.839010655879974365e-01
8.975474239999999826e-01 2.293353676795959473e-01
9.003885350000000454e-01 2.035972476005554199e-01
9.032297030000000504e-01 2.363750785589218140e-01
9.060709260000000542e-01 2.360279709100723267e-01
9.089122060000000003e-01 1.890922188758850098e-01
9.117535420000000279e-01 1.906092166900634766e-01
9.145949340000000261e-01 1.742317229509353638e-01
9.174363819999999947e-01 1.769036650657653809e-01
9.202778870000000166e-01 2.002983540296554565e-01
9.231194480000000091e-01 1.907760202884674072e-01
9.259610649999999721e-01 1.740189492702484131e-01
9.288027380000000166e-01 1.252463757991790771e-01
9.316444680000000034e-01 6.724514067173004150e-02
9.344862539999999607e-01 4.196129739284515381e-02
9.373280959999999995e-01 4.497167468070983887e-02
9.401699940000000089e-01 6.382533907890319824e-02
9.430119489999999605e-01 5.697688087821006775e-02
9.458539599999999936e-01 4.651720076799392700e-02
9.486960269999999973e-01 5.447968840599060059e-02
9.515381499999999715e-01 5.622973293066024780e-02
9.543803299999999989e-01 5.973784998059272766e-02
9.572225659999999969e-01 6.501202285289764404e-02
9.600648579999999654e-01 6.336075812578201294e-02
9.629072060000000155e-01 7.449392229318618774e-02
9.657496110000000078e-01 8.289381861686706543e-02
9.685920709999999989e-01 1.074077412486076355e-01
9.714345880000000433e-01 1.122706830501556396e-01
9.742771620000000299e-01 1.035089045763015747e-01
9.771197910000000153e-01 1.054807081818580627e-01
9.799624770000000540e-01 1.095403879880905151e-01
9.828052189999999522e-01 1.203835457563400269e-01
9.856480170000000429e-01 1.326674073934555054e-01
9.884908709999999932e-01 1.371158808469772339e-01
9.913337819999999967e-01 1.396242380142211914e-01
9.941767489999999707e-01 1.417874246835708618e-01
9.970197720000000263e-01 1.416950970888137817e-01
9.998628510000000524e-01 1.383693516254425049e-01
1.002705986999999910e+00 1.323516666889190674e-01
1.005549178999999960e+00 1.370552331209182739e-01
1.008392426999999980e+00 1.393801718950271606e-01
1.011235730999999971e+00 1.362885087728500366e-01
1.014079092000000015e+00 1.433148235082626343e-01
1.016922509000000030e+00 1.387837529182434082e-01
1.019765982000000015e+00 1.385819762945175171e-01
1.022609510999999971e+00 1.382359713315963745e-01
1.025453096999999980e+00 1.403472870588302612e-01
1.028296738999999960e+00 1.425328403711318970e-01
1.031140436999999910e+00 1.493039280176162720e-01
1.033984191000000052e+00 1.387951076030731201e-01
1.036828002000000026e+00 1.508583426475524902e-01
1.039671868000000110e+00 1.627170145511627197e-01
1.042515791000000025e+00 1.477687358856201172e-01
1.045359770999999993e+00 1.554047912359237671e-01
