3.615872339999999796e-01 1.281244397163391113e+00
3.644177160000000026e-01 1.462895274162292480e+00
3.672482539999999962e-01 1.557586908340454102e+00
3.700788480000000158e-01 1.550801753997802734e+00
3.729094980000000059e-01 1.397172808647155762e+00
3.757402049999999938e-01 1.481215834617614746e+00
3.785709680000000077e-01 1.657324671745300293e+00
3.814017869999999921e-01 1.421785950660705566e+00
3.842326620000000026e-01 1.305124521255493164e+00
3.870635940000000108e-01 1.421077370643615723e+00
3.898945819999999896e-01 1.609345793724060059e+00
3.927256259999999943e-01 1.399855852127075195e+00
3.955567260000000251e-01 1.441980361938476562e+00
3.983878829999999982e-01 1.813719034194946289e+00
4.012190950000000256e-01 2.262247800827026367e+00
4.040503639999999952e-01 2.242954730987548828e+00
4.068816900000000181e-01 2.209666252136230469e+00
4.097130709999999842e-01 2.241081953048706055e+00
4.125445090000000037e-01 2.325616359710693359e+00
4.153760029999999936e-01 2.339329719543457031e+00
4.182075530000000096e-01 2.282655954360961914e+00
4.210391589999999962e-01 2.294256210327148438e+00
4.238708219999999804e-01 2.284525156021118164e+00
4.267025409999999908e-01 2.221759080886840820e+00
4.295343160000000271e-01 2.019263744354248047e+00
4.323661469999999785e-01 2.131006002426147461e+00
4.351980349999999831e-01 2.325139045715332031e+00
4.380299790000000137e-01 2.363032579421997070e+00
4.408619790000000149e-01 2.432664632797241211e+00
4.436940349999999866e-01 2.585494041442871094e+00
4.465261480000000116e-01 2.612943172454833984e+00
4.493583170000000071e-01 2.746420621871948242e+00
4.521905419999999731e-01 2.775722265243530273e+00
4.550228230000000207e-01 2.740752696990966797e+00
4.578551610000000105e-01 2.785521745681762695e+00
4.606875550000000263e-01 2.811562538146972656e+00
4.635200050000000127e-01 2.853510618209838867e+00
4.663525110000000251e-01 2.777555942535400391e+00
4.691850739999999798e-01 2.771563529968261719e+00
4.720176919999999887e-01 2.804764270782470703e+00
4.748503669999999954e-01 2.858567476272583008e+00
4.776830989999999999e-01 2.882044315338134766e+00
4.805158860000000032e-01 2.945970296859741211e+00
4.833487300000000042e-01 2.922761440277099609e+00
4.861816299999999758e-01 2.683000802993774414e+00
4.890145859999999733e-01 2.797345161437988281e+00
4.918475979999999970e-01 2.883643388748168945e+00
4.946806670000000183e-01 2.931875944137573242e+00
4.975137920000000102e-01 2.952217340469360352e+00
5.003469729999999727e-01 2.859862804412841797e+00
5.031802100000000166e-01 2.861547708511352539e+00
5.060135040000000028e-01 2.934556961059570312e+00
5.088468539999999596e-01 2.959606170654296875e+00
5.116802599999999979e-01 2.981842756271362305e+00
5.145137220000000067e-01 2.910592079162597656e+00
5.173472409999999577e-01 2.753661394119262695e+00
5.201808159999999903e-01 2.877492904663085938e+00
5.230144469999999934e-01 3.009184122085571289e+00
5.258481339999999671e-01 2.997079849243164062e+00
5.286818779999999940e-01 3.048139572143554688e+00
5.315156779999999914e-01 3.153861284255981445e+00
5.343495339999999594e-01 3.124812602996826172e+00
5.371834460000000089e-01 3.174637556076049805e+00
5.400174150000000006e-01 3.114603519439697266e+00
5.428514389999999912e-01 3.147189855575561523e+00
5.456855200000000350e-01 3.187252521514892578e+00
5.485196580000000210e-01 3.203282356262207031e+00
5.513538510000000059e-01 3.237604618072509766e+00
5.541881010000000440e-01 3.260254859924316406e+00
5.570224070000000527e-01 3.219219207763671875e+00
5.598567690000000319e-01 3.184862136840820312e+00
5.626911869999999816e-01 3.233277320861816406e+00
5.655256619999999845e-01 3.213929176330566406e+00
5.683601929999999580e-01 3.184642553329467773e+00
5.711947800000000131e-01 3.160068035125732422e+00
5.740294230000000386e-01 3.202135324478149414e+00
5.768641230000000064e-01 3.173457860946655273e+00
5.796988789999999447e-01 3.187614679336547852e+00
5.825336909999999646e-01 3.247043371200561523e+00
5.853685589999999550e-01 3.207693338394165039e+00
5.882034839999999987e-01 2.976885795593261719e+00
5.910384650000000129e-01 2.853826284408569336e+00
5.938735019999999976e-01 2.889689207077026367e+00
5.967085949999999528e-01 2.868424177169799805e+00
5.995437449999999613e-01 2.825845241546630859e+00
6.023789510000000513e-01 2.785633087158203125e+00
6.052142130000000009e-01 2.789955854415893555e+00
6.080495310000000320e-01 2.749541282653808594e+00
6.108849060000000053e-01 2.640428781509399414e+00
6.137203359999999774e-01 2.558795452117919922e+00
6.165558230000000028e-01 2.547641038894653320e+00
6.193913669999999705e-01 2.608996152877807617e+00
6.222269660000000480e-01 2.598892927169799805e+00
6.250626219999999567e-01 2.521910190582275391e+00
6.278983339999999469e-01 2.462094783782958984e+00
6.307341020000000187e-01 2.443298578262329102e+00
6.335699259999999500e-01 2.467036962509155273e+00
6.364058070000000455e-01 2.496681928634643555e+00
6.392417440000000006e-01 2.500894308090209961e+00
6.420777370000000372e-01 2.467302322387695312e+00
6.449137860000000444e-01 2.430897235870361328e+00
6.477498919999999938e-01 2.317309856414794922e+00
6.505860540000000247e-01 2.304460525512695312e+00
6.534222720000000262e-01 2.296161174774169922e+00
6.562585459999999982e-01 2.109351396560668945e+00
6.590948770000000234e-01 2.198538541793823242e+00
6.619312640000000192e-01 2.249912500381469727e+00
6.647677069999999855e-01 2.233717441558837891e+00
6.676042060000000333e-01 2.217326879501342773e+00
6.704407620000000234e-01 2.187904119491577148e+00
6.732773739999999840e-01 2.162492275238037109e+00
6.761140420000000262e-01 2.153233528137207031e+00
6.789507660000000389e-01 2.135673046112060547e+00
6.817875469999999938e-01 2.105010271072387695e+00
6.846243829999999475e-01 2.023264646530151367e+00
6.874612759999999545e-01 1.696958780288696289e+00
6.902982260000000148e-01 1.710645437240600586e+00
6.931352309999999628e-01 1.736961364746093750e+00
6.959722929999999641e-01 1.742082595825195312e+00
6.988094110000000470e-01 1.714839220046997070e+00
7.016465849999999893e-01 1.612763285636901855e+00
7.044838150000000132e-01 1.612340331077575684e+00
7.073211019999999793e-01 1.569480061531066895e+00
7.101584450000000270e-01 1.504066824913024902e+00
7.129958440000000452e-01 1.406130552291870117e+00
7.158332990000000340e-01 1.185368299484252930e+00
7.186708109999999650e-01 8.571941256523132324e-01
7.215083789999999775e-01 8.789779543876647949e-01
7.243460029999999605e-01 8.073422312736511230e-01
7.271836830000000251e-01 7.233359217643737793e-01
7.300214200000000320e-01 6.822648048400878906e-01
7.328592130000000093e-01 6.902090311050415039e-01
7.356970619999999572e-01 6.825914978981018066e-01
7.385349669999999866e-01 6.622154116630554199e-01
7.413729289999999583e-01 6.664424538612365723e-01
7.442109470000000115e-01 6.735143661499023438e-01
7.470490210000000353e-01 6.715559363365173340e-01
7.498871510000000296e-01 6.621504426002502441e-01
7.527253379999999661e-01 6.582562923431396484e-01
7.555635800000000124e-01 6.500154137611389160e-01
7.584018790000000010e-01 5.280094742774963379e-01
7.612402350000000428e-01 2.544043362140655518e-01
7.640786459999999725e-01 3.023812472820281982e-01
7.669171139999999554e-01 4.851201176643371582e-01
7.697556380000000198e-01 5.968993306159973145e-01
7.725942180000000548e-01 6.107546091079711914e-01
7.754328539999999492e-01 6.104813814163208008e-01
7.782715470000000080e-01 6.193084716796875000e-01
7.811102960000000373e-01 6.193944215774536133e-01
7.839491010000000371e-01 6.137249469757080078e-01
7.867879620000000074e-01 6.065412759780883789e-01
7.896268800000000310e-01 5.878569483757019043e-01
7.924658540000000251e-01 5.854667425155639648e-01
7.953048839999999897e-01 5.957251787185668945e-01
7.981439700000000359e-01 5.979802012443542480e-01
8.009831130000000243e-01 5.855876803398132324e-01
8.038223119999999833e-01 5.930697917938232422e-01
8.066615670000000238e-01 6.010938286781311035e-01
8.095008780000000348e-01 5.789598226547241211e-01
8.123402459999999881e-01 5.158757567405700684e-01
8.151796700000000229e-01 4.286252260208129883e-01
8.180191500000000282e-01 4.031000435352325439e-01
8.208586860000000041e-01 4.316340684890747070e-01
8.236982790000000332e-01 4.019096791744232178e-01
8.265379269999999501e-01 4.131282567977905273e-01
8.293776320000000313e-01 3.658528327941894531e-01
8.322173940000000547e-01 3.512879610061645508e-01
8.350572109999999659e-01 3.605230748653411865e-01
8.378970850000000414e-01 3.684691488742828369e-01
8.407370149999999764e-01 3.709713220596313477e-01
8.435770009999999930e-01 3.644042909145355225e-01
8.464170429999999801e-01 3.599812388420104980e-01
8.492571420000000204e-01 3.462464213371276855e-01
8.520972970000000313e-01 3.308445513248443604e-01
8.549375080000000127e-01 3.100051581859588623e-01
8.577777749999999646e-01 3.355131745338439941e-01
8.606180989999999698e-01 3.263428807258605957e-01
8.634584789999999455e-01 3.137425184249877930e-01
8.662989150000000027e-01 3.011499047279357910e-01
8.691394070000000305e-01 3.031168282032012939e-01
8.719799560000000005e-01 2.986811697483062744e-01
8.748205610000000521e-01 2.893827259540557861e-01
8.776612219999999631e-01 2.847989201545715332e-01
8.805019389999999557e-01 2.757301032543182373e-01
8.833427130000000016e-01 2.699642777442932129e-01
8.861835430000000180e-01 2.617374956607818604e-01
8.890244290000000049e-01 2.564925551414489746e-01
8.918653709999999624e-01 2.404382675886154175e-01
8.947063699999999731e-01 2.060076445341110229e-01
8.975474239999999826e-01 1.654814034700393677e-01
9.003885350000000454e-01 1.501895487308502197e-01
9.032297030000000504e-01 1.716533601284027100e-01
9.060709260000000542e-01 1.728232204914093018e-01
9.089122060000000003e-01 1.451188474893569946e-01
9.117535420000000279e-01 1.391462385654449463e-01
9.145949340000000261e-01 1.310398429632186890e-01
9.174363819999999947e-01 1.276071965694427490e-01
9.202778870000000166e-01 1.496927440166473389e-01
9.231194480000000091e-01 1.400748640298843384e-01
9.259610649999999721e-01 1.296651661396026611e-01
9.288027380000000166e-01 9.401942044496536255e-02
9.316444680000000034e-01 4.759994521737098694e-02
9.344862539999999607e-01 2.849996834993362427e-02
9.373280959999999995e-01 3.650441765785217285e-02
9.401699940000000089e-01 5.286572501063346863e-02
9.430119489999999605e-01 4.212285205721855164e-02
9.458539599999999936e-01 3.512582555413246155e-02
9.486960269999999973e-01 4.423405230045318604e-02
9.515381499999999715e-01 4.398214071989059448e-02
9.543803299999999989e-01 4.267536103725433350e-02
9.572225659999999969e-01 4.526155814528465271e-02
9.600648579999999654e-01 4.887024685740470886e-02
9.629072060000000155e-01 5.879097431898117065e-02
9.657496110000000078e-01 6.404320895671844482e-02
9.685920709999999989e-01 8.185442537069320679e-02
9.714345880000000433e-01 9.059571474790573120e-02
9.742771620000000299e-01 8.255995810031890869e-02
9.771197910000000153e-01 8.286790549755096436e-02
9.799624770000000540e-01 8.986267447471618652e-02
9.828052189999999522e-01 9.593769162893295288e-02
9.856480170000000429e-01 1.005618423223495483e-01
9.884908709999999932e-01 1.032570600509643555e-01
9.913337819999999967e-01 1.073779538273811340e-01
9.941767489999999707e-01 1.071354523301124573e-01
9.970197720000000263e-01 1.059479415416717529e-01
9.998628510000000524e-01 1.094583570957183838e-01
1.002705986999999910e+00 1.089502125978469849e-01
1.005549178999999960e+00 1.022289767861366272e-01
1.008392426999999980e+00 1.020783036947250366e-01
1.011235730999999971e+00 1.062185615301132202e-01
1.014079092000000015e+00 1.107379272580146790e-01
1.016922509000000030e+00 1.059761643409729004e-01
1.019765982000000015e+00 1.080817952752113342e-01
1.022609510999999971e+00 1.058054417371749878e-01
1.025453096999999980e+00 1.052733361721038818e-01
1.028296738999999960e+00 1.077126413583755493e-01
1.031140436999999910e+00 1.194136291742324829e-01
1.033984191000000052e+00 1.121912375092506409e-01
1.036828002000000026e+00 1.161139905452728271e-01
1.039671868000000110e+00 1.113553196191787720e-01
1.042515791000000025e+00 9.827018529176712036e-02
1.045359770999999993e+00 1.076674088835716248e-01
