3.615872339999999796e-01 1.275717258453369141e+00
3.644177160000000026e-01 1.455634593963623047e+00
3.672482539999999962e-01 1.633787393569946289e+00
3.700788480000000158e-01 1.564596772193908691e+00
3.729094980000000059e-01 1.423013567924499512e+00
3.757402049999999938e-01 1.495820164680480957e+00
3.785709680000000077e-01 1.638666629791259766e+00
3.814017869999999921e-01 1.392800688743591309e+00
3.842326620000000026e-01 1.281184434890747070e+00
3.870635940000000108e-01 1.418593287467956543e+00
3.898945819999999896e-01 1.618373751640319824e+00
3.927256259999999943e-01 1.412847042083740234e+00
3.955567260000000251e-01 1.446064352989196777e+00
3.983878829999999982e-01 1.796947479248046875e+00
4.012190950000000256e-01 2.263519525527954102e+00
4.040503639999999952e-01 2.249490022659301758e+00
4.068816900000000181e-01 2.209948539733886719e+00
4.097130709999999842e-01 2.262241125106811523e+00
4.125445090000000037e-01 2.335685491561889648e+00
4.153760029999999936e-01 2.341668605804443359e+00
4.182075530000000096e-01 2.317733049392700195e+00
4.210391589999999962e-01 2.305290460586547852e+00
4.238708219999999804e-01 2.279210329055786133e+00
4.267025409999999908e-01 2.204623222351074219e+00
4.295343160000000271e-01 2.015581130981445312e+00
4.323661469999999785e-01 2.155016660690307617e+00
4.351980349999999831e-01 2.340797662734985352e+00
4.380299790000000137e-01 2.365629434585571289e+00
4.408619790000000149e-01 2.441842317581176758e+00
4.436940349999999866e-01 2.587422847747802734e+00
4.465261480000000116e-01 2.607940196990966797e+00
4.493583170000000071e-01 2.752693891525268555e+00
4.521905419999999731e-01 2.775192260742187500e+00
4.550228230000000207e-01 2.735992908477783203e+00
4.578551610000000105e-01 2.801401615142822266e+00
4.606875550000000263e-01 2.836874723434448242e+00
4.635200050000000127e-01 2.845656633377075195e+00
4.663525110000000251e-01 2.783473491668701172e+00
4.691850739999999798e-01 2.777419805526733398e+00
4.720176919999999887e-01 2.829144716262817383e+00
4.748503669999999954e-01 2.864186048507690430e+00
4.776830989999999999e-01 2.893735170364379883e+00
4.805158860000000032e-01 2.947010278701782227e+00
4.833487300000000042e-01 2.926579952239990234e+00
4.861816299999999758e-01 2.700866460800170898e+00
4.890145859999999733e-01 2.819632291793823242e+00
4.918475979999999970e-01 2.880281686782836914e+00
4.946806670000000183e-01 2.944629430770874023e+00
4.975137920000000102e-01 2.957904815673828125e+00
5.003469729999999727e-01 2.878098487854003906e+00
5.031802100000000166e-01 2.869424819946289062e+00
5.060135040000000028e-01 2.943960905075073242e+00
5.088468539999999596e-01 2.953393697738647461e+00
5.116802599999999979e-01 2.984378337860107422e+00
5.145137220000000067e-01 2.921646833419799805e+00
5.173472409999999577e-01 2.773703336715698242e+00
5.201808159999999903e-01 2.891657590866088867e+00
5.230144469999999934e-01 3.016845941543579102e+00
5.258481339999999671e-01 3.021047830581665039e+00
5.286818779999999940e-01 3.063362836837768555e+00
5.315156779999999914e-01 3.163528203964233398e+00
5.343495339999999594e-01 3.148682117462158203e+00
5.371834460000000089e-01 3.197810173034667969e+00
5.400174150000000006e-01 3.126509428024291992e+00
5.428514389999999912e-01 3.158211231231689453e+00
5.456855200000000350e-01 3.217444658279418945e+00
5.485196580000000210e-01 3.226009130477905273e+00
5.513538510000000059e-01 3.252488136291503906e+00
5.541881010000000440e-01 3.283503055572509766e+00
5.570224070000000527e-01 3.247927188873291016e+00
5.598567690000000319e-01 3.201560974121093750e+00
5.626911869999999816e-01 3.255599498748779297e+00
5.655256619999999845e-01 3.240324497222900391e+00
5.683601929999999580e-01 3.207127094268798828e+00
5.711947800000000131e-01 3.170709609985351562e+00
5.740294230000000386e-01 3.220999956130981445e+00
5.768641230000000064e-01 3.186774492263793945e+00
5.796988789999999447e-01 3.190127611160278320e+00
5.825336909999999646e-01 3.266859054565429688e+00
5.853685589999999550e-01 3.224922657012939453e+00
5.882034839999999987e-01 3.005689382553100586e+00
5.910384650000000129e-01 2.870262861251831055e+00
5.938735019999999976e-01 2.915839195251464844e+00
5.967085949999999528e-01 2.904066801071166992e+00
5.995437449999999613e-01 2.857193470001220703e+00
6.023789510000000513e-01 2.806091785430908203e+00
6.052142130000000009e-01 2.819899320602416992e+00
6.080495310000000320e-01 2.762198686599731445e+00
6.108849060000000053e-01 2.661613941192626953e+00
6.137203359999999774e-01 2.589125394821166992e+00
6.165558230000000028e-01 2.578587293624877930e+00
6.193913669999999705e-01 2.641997098922729492e+00
6.222269660000000480e-01 2.624577522277832031e+00
6.250626219999999567e-01 2.564416408538818359e+00
6.278983339999999469e-01 2.503979682922363281e+00
6.307341020000000187e-01 2.488785266876220703e+00
6.335699259999999500e-01 2.504515171051025391e+00
6.364058070000000455e-01 2.527993917465209961e+00
6.392417440000000006e-01 2.531584024429321289e+00
6.420777370000000372e-01 2.500054359436035156e+00
6.449137860000000444e-01 2.468837261199951172e+00
6.477498919999999938e-01 2.352809190750122070e+00
6.505860540000000247e-01 2.340921163558959961e+00
6.534222720000000262e-01 2.324028015136718750e+00
6.562585459999999982e-01 2.134316444396972656e+00
6.590948770000000234e-01 2.234609365463256836e+00
6.619312640000000192e-01 2.292848110198974609e+00
6.647677069999999855e-01 2.268632411956787109e+00
6.676042060000000333e-01 2.252675771713256836e+00
6.704407620000000234e-01 2.224775075912475586e+00
6.732773739999999840e-01 2.201603889465332031e+00
6.761140420000000262e-01 2.189206600189208984e+00
6.789507660000000389e-01 2.168402671813964844e+00
6.817875469999999938e-01 2.142547607421875000e+00
6.846243829999999475e-01 2.052730798721313477e+00
6.874612759999999545e-01 1.728385448455810547e+00
6.902982260000000148e-01 1.732515215873718262e+00
6.931352309999999628e-01 1.774288296699523926e+00
6.959722929999999641e-01 1.777904033660888672e+00
6.988094110000000470e-01 1.744713068008422852e+00
7.016465849999999893e-01 1.645625352859497070e+00
7.044838150000000132e-01 1.632971405982971191e+00
7.073211019999999793e-01 1.599919557571411133e+00
7.101584450000000270e-01 1.535168886184692383e+00
7.129958440000000452e-01 1.435595870018005371e+00
7.158332990000000340e-01 1.208671689033508301e+00
7.186708109999999650e-01 8.785979747772216797e-01
7.215083789999999775e-01 8.924412131309509277e-01
7.243460029999999605e-01 8.155853152275085449e-01
7.271836830000000251e-01 7.372266650199890137e-01
7.300214200000000320e-01 6.917739510536193848e-01
7.328592130000000093e-01 7.048346400260925293e-01
7.356970619999999572e-01 6.953845024108886719e-01
7.385349669999999866e-01 6.896909475326538086e-01
7.413729289999999583e-01 6.826546192169189453e-01
7.442109470000000115e-01 6.976419687271118164e-01
7.470490210000000353e-01 6.871854066848754883e-01
7.498871510000000296e-01 6.747144460678100586e-01
7.527253379999999661e-01 6.740239858627319336e-01
7.555635800000000124e-01 6.668887138366699219e-01
7.584018790000000010e-01 5.424506068229675293e-01
7.612402350000000428e-01 2.564428448677062988e-01
7.640786459999999725e-01 3.104931712150573730e-01
7.669171139999999554e-01 4.876466393470764160e-01
7.697556380000000198e-01 6.060976386070251465e-01
7.725942180000000548e-01 6.173492074012756348e-01
7.754328539999999492e-01 6.238754987716674805e-01
7.782715470000000080e-01 6.241335868835449219e-01
7.811102960000000373e-01 6.293306946754455566e-01
7.839491010000000371e-01 6.232360601425170898e-01
7.867879620000000074e-01 6.209455132484436035e-01
7.896268800000000310e-01 6.049561500549316406e-01
7.924658540000000251e-01 5.978059768676757812e-01
7.953048839999999897e-01 6.112102270126342773e-01
7.981439700000000359e-01 6.129975318908691406e-01
8.009831130000000243e-01 6.057319045066833496e-01
8.038223119999999833e-01 6.060990691184997559e-01
8.066615670000000238e-01 6.246729493141174316e-01
8.095008780000000348e-01 5.959707498550415039e-01
8.123402459999999881e-01 5.337416529655456543e-01
8.151796700000000229e-01 4.376024007797241211e-01
8.180191500000000282e-01 4.151172935962677002e-01
8.208586860000000041e-01 4.374212026596069336e-01
8.236982790000000332e-01 4.057809710502624512e-01
8.265379269999999501e-01 4.207009673118591309e-01
8.293776320000000313e-01 3.762719333171844482e-01
8.322173940000000547e-01 3.582438528537750244e-01
8.350572109999999659e-01 3.681982457637786865e-01
8.378970850000000414e-01 3.765453994274139404e-01
8.407370149999999764e-01 3.775996565818786621e-01
8.435770009999999930e-01 3.730818629264831543e-01
8.464170429999999801e-01 3.713761866092681885e-01
8.492571420000000204e-01 3.562621772289276123e-01
8.520972970000000313e-01 3.370002508163452148e-01
8.549375080000000127e-01 3.257905244827270508e-01
8.577777749999999646e-01 3.386782407760620117e-01
8.606180989999999698e-01 3.352915644645690918e-01
8.634584789999999455e-01 3.299932479858398438e-01
8.662989150000000027e-01 3.067955970764160156e-01
8.691394070000000305e-01 3.125014305114746094e-01
8.719799560000000005e-01 3.096473813056945801e-01
8.748205610000000521e-01 2.969692349433898926e-01
8.776612219999999631e-01 2.915010154247283936e-01
8.805019389999999557e-01 2.869652211666107178e-01
8.833427130000000016e-01 2.784154713153839111e-01
8.861835430000000180e-01 2.705466151237487793e-01
8.890244290000000049e-01 2.709842026233673096e-01
8.918653709999999624e-01 2.469220608472824097e-01
8.947063699999999731e-01 2.133345007896423340e-01
8.975474239999999826e-01 1.678517311811447144e-01
9.003885350000000454e-01 1.513724178075790405e-01
9.032297030000000504e-01 1.775549203157424927e-01
9.060709260000000542e-01 1.765765100717544556e-01
9.089122060000000003e-01 1.455512344837188721e-01
9.117535420000000279e-01 1.431657671928405762e-01
9.145949340000000261e-01 1.326580941677093506e-01
9.174363819999999947e-01 1.321664154529571533e-01
9.202778870000000166e-01 1.498038023710250854e-01
9.231194480000000091e-01 1.456200629472732544e-01
9.259610649999999721e-01 1.321415156126022339e-01
9.288027380000000166e-01 9.556446224451065063e-02
9.316444680000000034e-01 5.264824628829956055e-02
9.344862539999999607e-01 2.858262509107589722e-02
9.373280959999999995e-01 3.633406758308410645e-02
9.401699940000000089e-01 4.982783272862434387e-02
9.430119489999999605e-01 4.445078223943710327e-02
9.458539599999999936e-01 3.541235625743865967e-02
9.486960269999999973e-01 3.890478610992431641e-02
9.515381499999999715e-01 3.969349339604377747e-02
9.543803299999999989e-01 4.697123542428016663e-02
9.572225659999999969e-01 4.899433255195617676e-02
9.600648579999999654e-01 5.410733819007873535e-02
9.629072060000000155e-01 5.794716626405715942e-02
9.657496110000000078e-01 6.169824302196502686e-02
9.685920709999999989e-01 8.309287577867507935e-02
9.714345880000000433e-01 8.837367594242095947e-02
9.742771620000000299e-01 8.576998859643936157e-02
9.771197910000000153e-01 8.255846053361892700e-02
9.799624770000000540e-01 9.115631878376007080e-02
9.828052189999999522e-01 9.833540767431259155e-02
9.856480170000000429e-01 1.046258211135864258e-01
9.884908709999999932e-01 1.090824007987976074e-01
9.913337819999999967e-01 1.134720072150230408e-01
9.941767489999999707e-01 1.104769706726074219e-01
9.970197720000000263e-01 1.088858768343925476e-01
9.998628510000000524e-01 1.079604327678680420e-01
1.002705986999999910e+00 1.104169711470603943e-01
1.005549178999999960e+00 1.083555445075035095e-01
1.008392426999999980e+00 1.032956242561340332e-01
1.011235730999999971e+00 1.107887029647827148e-01
1.014079092000000015e+00 1.128001660108566284e-01
1.016922509000000030e+00 1.130608916282653809e-01
1.019765982000000015e+00 1.105256974697113037e-01
1.022609510999999971e+00 1.090100705623626709e-01
1.025453096999999980e+00 1.083673983812332153e-01
1.028296738999999960e+00 1.087767928838729858e-01
1.031140436999999910e+00 1.094590052962303162e-01
1.033984191000000052e+00 1.050550490617752075e-01
1.036828002000000026e+00 1.102687716484069824e-01
1.039671868000000110e+00 1.088499352335929871e-01
1.042515791000000025e+00 1.098939105868339539e-01
1.045359770999999993e+00 1.129237338900566101e-01
