3.615872339999999796e-01 1.281669020652770996e+00
3.644177160000000026e-01 1.447261214256286621e+00
3.672482539999999962e-01 1.614075779914855957e+00
3.700788480000000158e-01 1.560746669769287109e+00
3.729094980000000059e-01 1.422283291816711426e+00
3.757402049999999938e-01 1.469592690467834473e+00
3.785709680000000077e-01 1.637712240219116211e+00
3.814017869999999921e-01 1.402115583419799805e+00
3.842326620000000026e-01 1.261734724044799805e+00
3.870635940000000108e-01 1.426947712898254395e+00
3.898945819999999896e-01 1.603502988815307617e+00
3.927256259999999943e-01 1.405140042304992676e+00
3.955567260000000251e-01 1.423944711685180664e+00
3.983878829999999982e-01 1.822524070739746094e+00
4.012190950000000256e-01 2.241627216339111328e+00
4.040503639999999952e-01 2.230701208114624023e+00
4.068816900000000181e-01 2.206897497177124023e+00
4.097130709999999842e-01 2.242382526397705078e+00
4.125445090000000037e-01 2.340615034103393555e+00
4.153760029999999936e-01 2.339566707611083984e+00
4.182075530000000096e-01 2.303161382675170898e+00
4.210391589999999962e-01 2.295532226562500000e+00
4.238708219999999804e-01 2.255126476287841797e+00
4.267025409999999908e-01 2.200005531311035156e+00
4.295343160000000271e-01 2.016235589981079102e+00
4.323661469999999785e-01 2.139637470245361328e+00
4.351980349999999831e-01 2.350094079971313477e+00
4.380299790000000137e-01 2.356833696365356445e+00
4.408619790000000149e-01 2.434036254882812500e+00
4.436940349999999866e-01 2.586201429367065430e+00
4.465261480000000116e-01 2.598223924636840820e+00
4.493583170000000071e-01 2.723178863525390625e+00
4.521905419999999731e-01 2.762060403823852539e+00
4.550228230000000207e-01 2.743314504623413086e+00
4.578551610000000105e-01 2.785232305526733398e+00
4.606875550000000263e-01 2.815824985504150391e+00
4.635200050000000127e-01 2.826548814773559570e+00
4.663525110000000251e-01 2.777080059051513672e+00
4.691850739999999798e-01 2.771565914154052734e+00
4.720176919999999887e-01 2.806528568267822266e+00
4.748503669999999954e-01 2.864002466201782227e+00
4.776830989999999999e-01 2.881287813186645508e+00
4.805158860000000032e-01 2.951865434646606445e+00
4.833487300000000042e-01 2.914727926254272461e+00
4.861816299999999758e-01 2.694272518157958984e+00
4.890145859999999733e-01 2.801721334457397461e+00
4.918475979999999970e-01 2.866667270660400391e+00
4.946806670000000183e-01 2.937198877334594727e+00
4.975137920000000102e-01 2.945971727371215820e+00
5.003469729999999727e-01 2.875714540481567383e+00
5.031802100000000166e-01 2.856136322021484375e+00
5.060135040000000028e-01 2.944315195083618164e+00
5.088468539999999596e-01 2.956997394561767578e+00
5.116802599999999979e-01 2.982190132141113281e+00
5.145137220000000067e-01 2.914149999618530273e+00
5.173472409999999577e-01 2.758124113082885742e+00
5.201808159999999903e-01 2.879087209701538086e+00
5.230144469999999934e-01 3.010411739349365234e+00
5.258481339999999671e-01 3.009750366210937500e+00
5.286818779999999940e-01 3.042415618896484375e+00
5.315156779999999914e-01 3.146275758743286133e+00
5.343495339999999594e-01 3.129828453063964844e+00
5.371834460000000089e-01 3.184134960174560547e+00
5.400174150000000006e-01 3.120455741882324219e+00
5.428514389999999912e-01 3.148625373840332031e+00
5.456855200000000350e-01 3.197793722152709961e+00
5.485196580000000210e-01 3.200026750564575195e+00
5.513538510000000059e-01 3.235350847244262695e+00
5.541881010000000440e-01 3.259406328201293945e+00
5.570224070000000527e-01 3.223809480667114258e+00
5.598567690000000319e-01 3.183990478515625000e+00
5.626911869999999816e-01 3.230856657028198242e+00
5.655256619999999845e-01 3.223233222961425781e+00
5.683601929999999580e-01 3.191525697708129883e+00
5.711947800000000131e-01 3.156642913818359375e+00
5.740294230000000386e-01 3.208319425582885742e+00
5.768641230000000064e-01 3.177124738693237305e+00
5.796988789999999447e-01 3.183245420455932617e+00
5.825336909999999646e-01 3.245038986206054688e+00
5.853685589999999550e-01 3.203699588775634766e+00
5.882034839999999987e-01 2.980884790420532227e+00
5.910384650000000129e-01 2.852139472961425781e+00
5.938735019999999976e-01 2.895519018173217773e+00
5.967085949999999528e-01 2.871023178100585938e+00
5.995437449999999613e-01 2.827624320983886719e+00
6.023789510000000513e-01 2.781471252441406250e+00
6.052142130000000009e-01 2.786978006362915039e+00
6.080495310000000320e-01 2.753198385238647461e+00
6.108849060000000053e-01 2.645921945571899414e+00
6.137203359999999774e-01 2.584765672683715820e+00
6.165558230000000028e-01 2.564785003662109375e+00
6.193913669999999705e-01 2.610439538955688477e+00
6.222269660000000480e-01 2.606138467788696289e+00
6.250626219999999567e-01 2.535984516143798828e+00
6.278983339999999469e-01 2.468005180358886719e+00
6.307341020000000187e-01 2.452805995941162109e+00
6.335699259999999500e-01 2.472643852233886719e+00
6.364058070000000455e-01 2.498906850814819336e+00
6.392417440000000006e-01 2.501775026321411133e+00
6.420777370000000372e-01 2.470920324325561523e+00
6.449137860000000444e-01 2.433971881866455078e+00
6.477498919999999938e-01 2.324144601821899414e+00
6.505860540000000247e-01 2.315959930419921875e+00
6.534222720000000262e-01 2.295475006103515625e+00
6.562585459999999982e-01 2.109315395355224609e+00
6.590948770000000234e-01 2.210412979125976562e+00
6.619312640000000192e-01 2.256979465484619141e+00
6.647677069999999855e-01 2.227879285812377930e+00
6.676042060000000333e-01 2.218715429306030273e+00
6.704407620000000234e-01 2.197263717651367188e+00
6.732773739999999840e-01 2.169898748397827148e+00
6.761140420000000262e-01 2.157403469085693359e+00
6.789507660000000389e-01 2.128904342651367188e+00
6.817875469999999938e-01 2.117552995681762695e+00
6.846243829999999475e-01 2.028548002243041992e+00
6.874612759999999545e-01 1.698718905448913574e+00
6.902982260000000148e-01 1.707278370857238770e+00
6.931352309999999628e-01 1.740690946578979492e+00
6.959722929999999641e-01 1.744016051292419434e+00
6.988094110000000470e-01 1.720061302185058594e+00
7.016465849999999893e-01 1.608287811279296875e+00
7.044838150000000132e-01 1.604957818984985352e+00
7.073211019999999793e-01 1.565312027931213379e+00
7.101584450000000270e-01 1.505722999572753906e+00
7.129958440000000452e-01 1.410791754722595215e+00
7.158332990000000340e-01 1.184086918830871582e+00
7.186708109999999650e-01 8.600356578826904297e-01
7.215083789999999775e-01 8.848131895065307617e-01
7.243460029999999605e-01 8.021677732467651367e-01
7.271836830000000251e-01 7.253894209861755371e-01
7.300214200000000320e-01 6.796194911003112793e-01
7.328592130000000093e-01 6.920948624610900879e-01
7.356970619999999572e-01 6.861569285392761230e-01
7.385349669999999866e-01 6.657184362411499023e-01
7.413729289999999583e-01 6.673012375831604004e-01
7.442109470000000115e-01 6.688494086265563965e-01
7.470490210000000353e-01 6.775231361389160156e-01
7.498871510000000296e-01 6.573563814163208008e-01
7.527253379999999661e-01 6.560297012329101562e-01
7.555635800000000124e-01 6.467288136482238770e-01
7.584018790000000010e-01 5.302720665931701660e-01
7.612402350000000428e-01 2.512446045875549316e-01
7.640786459999999725e-01 3.077951371669769287e-01
7.669171139999999554e-01 4.885099232196807861e-01
7.697556380000000198e-01 5.901038646697998047e-01
7.725942180000000548e-01 6.098885536193847656e-01
7.754328539999999492e-01 6.188481450080871582e-01
7.782715470000000080e-01 6.167534589767456055e-01
7.811102960000000373e-01 6.204982399940490723e-01
7.839491010000000371e-01 6.178789734840393066e-01
7.867879620000000074e-01 6.046921610832214355e-01
7.896268800000000310e-01 5.917701721191406250e-01
7.924658540000000251e-01 5.897798538208007812e-01
7.953048839999999897e-01 5.934128165245056152e-01
7.981439700000000359e-01 6.004384756088256836e-01
8.009831130000000243e-01 5.906409621238708496e-01
8.038223119999999833e-01 5.959085822105407715e-01
8.066615670000000238e-01 6.093811392784118652e-01
8.095008780000000348e-01 5.874626636505126953e-01
8.123402459999999881e-01 5.148596167564392090e-01
8.151796700000000229e-01 4.290560781955718994e-01
8.180191500000000282e-01 4.058386087417602539e-01
8.208586860000000041e-01 4.292826354503631592e-01
8.236982790000000332e-01 3.959977030754089355e-01
8.265379269999999501e-01 4.104817509651184082e-01
8.293776320000000313e-01 3.668451905250549316e-01
8.322173940000000547e-01 3.546438515186309814e-01
8.350572109999999659e-01 3.624723553657531738e-01
8.378970850000000414e-01 3.687925338745117188e-01
8.407370149999999764e-01 3.658165037631988525e-01
8.435770009999999930e-01 3.685411512851715088e-01
8.464170429999999801e-01 3.642721772193908691e-01
8.492571420000000204e-01 3.418492674827575684e-01
8.520972970000000313e-01 3.269946575164794922e-01
8.549375080000000127e-01 3.166829943656921387e-01
8.577777749999999646e-01 3.344264328479766846e-01
8.606180989999999698e-01 3.314219713211059570e-01
8.634584789999999455e-01 3.233558237552642822e-01
8.662989150000000027e-01 2.962026298046112061e-01
8.691394070000000305e-01 3.074544370174407959e-01
8.719799560000000005e-01 3.006494641304016113e-01
8.748205610000000521e-01 2.940739989280700684e-01
8.776612219999999631e-01 2.830314040184020996e-01
8.805019389999999557e-01 2.742627859115600586e-01
8.833427130000000016e-01 2.705113589763641357e-01
8.861835430000000180e-01 2.595003545284271240e-01
8.890244290000000049e-01 2.563363313674926758e-01
8.918653709999999624e-01 2.425802797079086304e-01
8.947063699999999731e-01 2.063438445329666138e-01
8.975474239999999826e-01 1.663466691970825195e-01
9.003885350000000454e-01 1.516039818525314331e-01
9.032297030000000504e-01 1.685273051261901855e-01
9.060709260000000542e-01 1.731479614973068237e-01
9.089122060000000003e-01 1.409374475479125977e-01
9.117535420000000279e-01 1.373028606176376343e-01
9.145949340000000261e-01 1.300433278083801270e-01
9.174363819999999947e-01 1.279645413160324097e-01
9.202778870000000166e-01 1.523168236017227173e-01
9.231194480000000091e-01 1.410270482301712036e-01
9.259610649999999721e-01 1.299940496683120728e-01
9.288027380000000166e-01 9.279172122478485107e-02
9.316444680000000034e-01 5.149833112955093384e-02
9.344862539999999607e-01 2.803806029260158539e-02
9.373280959999999995e-01 3.477845713496208191e-02
9.401699940000000089e-01 5.171277746558189392e-02
9.430119489999999605e-01 4.505031928420066833e-02
9.458539599999999936e-01 4.063397273421287537e-02
9.486960269999999973e-01 3.919764235615730286e-02
9.515381499999999715e-01 4.297950863838195801e-02
9.543803299999999989e-01 4.393762350082397461e-02
9.572225659999999969e-01 4.889449849724769592e-02
9.600648579999999654e-01 4.990736395120620728e-02
9.629072060000000155e-01 5.452709272503852844e-02
9.657496110000000078e-01 6.640315055847167969e-02
9.685920709999999989e-01 8.546231687068939209e-02
9.714345880000000433e-01 8.914023637771606445e-02
9.742771620000000299e-01 7.917695492506027222e-02
9.771197910000000153e-01 8.079995959997177124e-02
9.799624770000000540e-01 8.557317405939102173e-02
9.828052189999999522e-01 9.802798181772232056e-02
9.856480170000000429e-01 1.033290401101112366e-01
9.884908709999999932e-01 1.013942956924438477e-01
9.913337819999999967e-01 1.063002273440361023e-01
9.941767489999999707e-01 1.025587618350982666e-01
9.970197720000000263e-01 1.095046028494834900e-01
9.998628510000000524e-01 1.047497540712356567e-01
1.002705986999999910e+00 1.038818135857582092e-01
1.005549178999999960e+00 1.045367866754531860e-01
1.008392426999999980e+00 1.061104014515876770e-01
1.011235730999999971e+00 1.059539467096328735e-01
1.014079092000000015e+00 1.011254116892814636e-01
1.016922509000000030e+00 1.054881438612937927e-01
1.019765982000000015e+00 1.089200302958488464e-01
1.022609510999999971e+00 1.038741916418075562e-01
1.025453096999999980e+00 1.071938872337341309e-01
1.028296738999999960e+00 1.081149503588676453e-01
1.031140436999999910e+00 1.137176975607872009e-01
1.033984191000000052e+00 1.030997410416603088e-01
1.036828002000000026e+00 1.023214459419250488e-01
1.039671868000000110e+00 1.073038354516029358e-01
1.042515791000000025e+00 1.143691763281822205e-01
1.045359770999999993e+00 9.693706780672073364e-02
