3.615872339999999796e-01 1.279354095458984375e+00
3.644177160000000026e-01 1.376815915107727051e+00
3.672482539999999962e-01 1.527063965797424316e+00
3.700788480000000158e-01 1.547946333885192871e+00
3.729094980000000059e-01 1.412650108337402344e+00
3.757402049999999938e-01 1.469379901885986328e+00
3.785709680000000077e-01 1.627862334251403809e+00
3.814017869999999921e-01 1.420390963554382324e+00
3.842326620000000026e-01 1.279629945755004883e+00
3.870635940000000108e-01 1.433579921722412109e+00
3.898945819999999896e-01 1.609200239181518555e+00
3.927256259999999943e-01 1.413621068000793457e+00
3.955567260000000251e-01 1.414053082466125488e+00
3.983878829999999982e-01 1.784416675567626953e+00
4.012190950000000256e-01 2.244205713272094727e+00
4.040503639999999952e-01 2.243949174880981445e+00
4.068816900000000181e-01 2.199244976043701172e+00
4.097130709999999842e-01 2.238617181777954102e+00
4.125445090000000037e-01 2.325663805007934570e+00
4.153760029999999936e-01 2.353024244308471680e+00
4.182075530000000096e-01 2.287897586822509766e+00
4.210391589999999962e-01 2.313656806945800781e+00
4.238708219999999804e-01 2.268495798110961914e+00
4.267025409999999908e-01 2.232062578201293945e+00
4.295343160000000271e-01 2.004403114318847656e+00
4.323661469999999785e-01 2.130128145217895508e+00
4.351980349999999831e-01 2.330112934112548828e+00
4.380299790000000137e-01 2.349617481231689453e+00
4.408619790000000149e-01 2.417776584625244141e+00
4.436940349999999866e-01 2.561112165451049805e+00
4.465261480000000116e-01 2.595729351043701172e+00
4.493583170000000071e-01 2.751015901565551758e+00
4.521905419999999731e-01 2.761540889739990234e+00
4.550228230000000207e-01 2.726605653762817383e+00
4.578551610000000105e-01 2.790322780609130859e+00
4.606875550000000263e-01 2.805226325988769531e+00
4.635200050000000127e-01 2.826740503311157227e+00
4.663525110000000251e-01 2.769324064254760742e+00
4.691850739999999798e-01 2.776180744171142578e+00
4.720176919999999887e-01 2.793468475341796875e+00
4.748503669999999954e-01 2.844435453414916992e+00
4.776830989999999999e-01 2.883354425430297852e+00
4.805158860000000032e-01 2.948724269866943359e+00
4.833487300000000042e-01 2.933362007141113281e+00
4.861816299999999758e-01 2.684280395507812500e+00
4.890145859999999733e-01 2.795361995697021484e+00
4.918475979999999970e-01 2.876620531082153320e+00
4.946806670000000183e-01 2.935964584350585938e+00
4.975137920000000102e-01 2.947735071182250977e+00
5.003469729999999727e-01 2.873832702636718750e+00
5.031802100000000166e-01 2.857480764389038086e+00
5.060135040000000028e-01 2.935575008392333984e+00
5.088468539999999596e-01 2.958914279937744141e+00
5.116802599999999979e-01 2.977649927139282227e+00
5.145137220000000067e-01 2.918190479278564453e+00
5.173472409999999577e-01 2.754244804382324219e+00
5.201808159999999903e-01 2.881794929504394531e+00
5.230144469999999934e-01 3.004107952117919922e+00
5.258481339999999671e-01 3.020919084548950195e+00
5.286818779999999940e-01 3.047817468643188477e+00
5.315156779999999914e-01 3.145636796951293945e+00
5.343495339999999594e-01 3.146795511245727539e+00
5.371834460000000089e-01 3.179457902908325195e+00
5.400174150000000006e-01 3.124199867248535156e+00
5.428514389999999912e-01 3.146478176116943359e+00
5.456855200000000350e-01 3.195160627365112305e+00
5.485196580000000210e-01 3.211518049240112305e+00
5.513538510000000059e-01 3.238191127777099609e+00
5.541881010000000440e-01 3.264697551727294922e+00
5.570224070000000527e-01 3.234673500061035156e+00
5.598567690000000319e-01 3.195467948913574219e+00
5.626911869999999816e-01 3.234374523162841797e+00
5.655256619999999845e-01 3.230825662612915039e+00
5.683601929999999580e-01 3.202430009841918945e+00
5.711947800000000131e-01 3.174310922622680664e+00
5.740294230000000386e-01 3.213138818740844727e+00
5.768641230000000064e-01 3.175468921661376953e+00
5.796988789999999447e-01 3.187158584594726562e+00
5.825336909999999646e-01 3.252783298492431641e+00
5.853685589999999550e-01 3.210511684417724609e+00
5.882034839999999987e-01 2.998195171356201172e+00
5.910384650000000129e-01 2.858561754226684570e+00
5.938735019999999976e-01 2.908318519592285156e+00
5.967085949999999528e-01 2.893183708190917969e+00
5.995437449999999613e-01 2.841371536254882812e+00
6.023789510000000513e-01 2.808494806289672852e+00
6.052142130000000009e-01 2.832399845123291016e+00
6.080495310000000320e-01 2.787170886993408203e+00
6.108849060000000053e-01 2.626249551773071289e+00
6.137203359999999774e-01 2.539595842361450195e+00
6.165558230000000028e-01 2.551103115081787109e+00
6.193913669999999705e-01 2.614731550216674805e+00
6.222269660000000480e-01 2.616209268569946289e+00
6.250626219999999567e-01 2.546719789505004883e+00
6.278983339999999469e-01 2.481192350387573242e+00
6.307341020000000187e-01 2.461955785751342773e+00
6.335699259999999500e-01 2.482682228088378906e+00
6.364058070000000455e-01 2.505915403366088867e+00
6.392417440000000006e-01 2.516210079193115234e+00
6.420777370000000372e-01 2.481967926025390625e+00
6.449137860000000444e-01 2.459152460098266602e+00
6.477498919999999938e-01 2.334240436553955078e+00
6.505860540000000247e-01 2.320081710815429688e+00
6.534222720000000262e-01 2.315284252166748047e+00
6.562585459999999982e-01 2.112159967422485352e+00
6.590948770000000234e-01 2.203880548477172852e+00
6.619312640000000192e-01 2.273022890090942383e+00
6.647677069999999855e-01 2.248478651046752930e+00
6.676042060000000333e-01 2.229207515716552734e+00
6.704407620000000234e-01 2.200514793395996094e+00
6.732773739999999840e-01 2.184556245803833008e+00
6.761140420000000262e-01 2.164206743240356445e+00
6.789507660000000389e-01 2.147300958633422852e+00
6.817875469999999938e-01 2.124452114105224609e+00
6.846243829999999475e-01 2.060180187225341797e+00
6.874612759999999545e-01 1.708814620971679688e+00
6.902982260000000148e-01 1.718115806579589844e+00
6.931352309999999628e-01 1.743000030517578125e+00
6.959722929999999641e-01 1.755436539649963379e+00
6.988094110000000470e-01 1.726058363914489746e+00
7.016465849999999893e-01 1.628448009490966797e+00
7.044838150000000132e-01 1.619920253753662109e+00
7.073211019999999793e-01 1.582065224647521973e+00
7.101584450000000270e-01 1.522696733474731445e+00
7.129958440000000452e-01 1.424148797988891602e+00
7.158332990000000340e-01 1.215454697608947754e+00
7.186708109999999650e-01 8.668002486228942871e-01
7.215083789999999775e-01 8.799085617065429688e-01
7.243460029999999605e-01 8.100422024726867676e-01
7.271836830000000251e-01 7.226182222366333008e-01
7.300214200000000320e-01 6.829259991645812988e-01
7.328592130000000093e-01 6.920684576034545898e-01
7.356970619999999572e-01 6.890708804130554199e-01
7.385349669999999866e-01 6.707401275634765625e-01
7.413729289999999583e-01 6.753858923912048340e-01
7.442109470000000115e-01 6.784868836402893066e-01
7.470490210000000353e-01 6.816293597221374512e-01
7.498871510000000296e-01 6.651795506477355957e-01
7.527253379999999661e-01 6.574614644050598145e-01
7.555635800000000124e-01 6.571735739707946777e-01
7.584018790000000010e-01 5.462844967842102051e-01
7.612402350000000428e-01 2.491389662027359009e-01
7.640786459999999725e-01 2.975284755229949951e-01
7.669171139999999554e-01 4.842756986618041992e-01
7.697556380000000198e-01 5.861731171607971191e-01
7.725942180000000548e-01 6.163853406906127930e-01
7.754328539999999492e-01 6.177408099174499512e-01
7.782715470000000080e-01 6.154516935348510742e-01
7.811102960000000373e-01 6.160553693771362305e-01
7.839491010000000371e-01 6.195038557052612305e-01
7.867879620000000074e-01 6.111699342727661133e-01
7.896268800000000310e-01 5.946086645126342773e-01
7.924658540000000251e-01 5.942968130111694336e-01
7.953048839999999897e-01 5.952466130256652832e-01
7.981439700000000359e-01 5.987188220024108887e-01
8.009831130000000243e-01 5.986502170562744141e-01
8.038223119999999833e-01 5.938960909843444824e-01
8.066615670000000238e-01 6.076917052268981934e-01
8.095008780000000348e-01 5.888527035713195801e-01
8.123402459999999881e-01 5.227594971656799316e-01
8.151796700000000229e-01 4.319353699684143066e-01
8.180191500000000282e-01 3.985576629638671875e-01
8.208586860000000041e-01 4.355547726154327393e-01
8.236982790000000332e-01 4.010676145553588867e-01
8.265379269999999501e-01 4.120905101299285889e-01
8.293776320000000313e-01 3.682316243648529053e-01
8.322173940000000547e-01 3.514259457588195801e-01
8.350572109999999659e-01 3.615145385265350342e-01
8.378970850000000414e-01 3.655558228492736816e-01
8.407370149999999764e-01 3.736877739429473877e-01
8.435770009999999930e-01 3.691742122173309326e-01
8.464170429999999801e-01 3.628933131694793701e-01
8.492571420000000204e-01 3.503409922122955322e-01
8.520972970000000313e-01 3.354302048683166504e-01
8.549375080000000127e-01 3.138866126537322998e-01
8.577777749999999646e-01 3.313272893428802490e-01
8.606180989999999698e-01 3.279262781143188477e-01
8.634584789999999455e-01 3.255331218242645264e-01
8.662989150000000027e-01 2.979648113250732422e-01
8.691394070000000305e-01 3.037566542625427246e-01
8.719799560000000005e-01 3.056384027004241943e-01
8.748205610000000521e-01 2.877492308616638184e-01
8.776612219999999631e-01 2.873173356056213379e-01
8.805019389999999557e-01 2.774781882762908936e-01
8.833427130000000016e-01 2.745403051376342773e-01
8.861835430000000180e-01 2.607921063899993896e-01
8.890244290000000049e-01 2.637420296669006348e-01
8.918653709999999624e-01 2.440307289361953735e-01
8.947063699999999731e-01 2.068760544061660767e-01
8.975474239999999826e-01 1.624617576599121094e-01
9.003885350000000454e-01 1.461044400930404663e-01
9.032297030000000504e-01 1.731179207563400269e-01
9.060709260000000542e-01 1.746049374341964722e-01
9.089122060000000003e-01 1.379695385694503784e-01
9.117535420000000279e-01 1.423966586589813232e-01
9.145949340000000261e-01 1.324374079704284668e-01
9.174363819999999947e-01 1.289706528186798096e-01
9.202778870000000166e-01 1.484639793634414673e-01
9.231194480000000091e-01 1.391336768865585327e-01
9.259610649999999721e-01 1.287776380777359009e-01
9.288027380000000166e-01 9.514958411455154419e-02
9.316444680000000034e-01 4.913666099309921265e-02
9.344862539999999607e-01 3.173486888408660889e-02
9.373280959999999995e-01 2.858035638928413391e-02
9.401699940000000089e-01 5.146917700767517090e-02
9.430119489999999605e-01 4.570319131016731262e-02
9.458539599999999936e-01 3.959942609071731567e-02
9.486960269999999973e-01 4.180006310343742371e-02
9.515381499999999715e-01 4.294285550713539124e-02
9.543803299999999989e-01 4.180672392249107361e-02
9.572225659999999969e-01 5.126663297414779663e-02
9.600648579999999654e-01 4.861098900437355042e-02
9.629072060000000155e-01 5.969854444265365601e-02
9.657496110000000078e-01 6.838729232549667358e-02
9.685920709999999989e-01 8.604174107313156128e-02
9.714345880000000433e-01 8.760304749011993408e-02
9.742771620000000299e-01 8.070325851440429688e-02
9.771197910000000153e-01 8.238779753446578979e-02
9.799624770000000540e-01 8.663820475339889526e-02
9.828052189999999522e-01 9.452170133590698242e-02
9.856480170000000429e-01 1.022823899984359741e-01
9.884908709999999932e-01 1.034422740340232849e-01
9.913337819999999967e-01 1.085672900080680847e-01
9.941767489999999707e-01 1.091726496815681458e-01
9.970197720000000263e-01 1.114908382296562195e-01
9.998628510000000524e-01 1.063298657536506653e-01
1.002705986999999910e+00 1.080452278256416321e-01
1.005549178999999960e+00 1.023812741041183472e-01
1.008392426999999980e+00 1.055377796292304993e-01
1.011235730999999971e+00 1.050438880920410156e-01
1.014079092000000015e+00 1.108689606189727783e-01
1.016922509000000030e+00 1.098794192075729370e-01
1.019765982000000015e+00 1.081499531865119934e-01
1.022609510999999971e+00 1.140964105725288391e-01
1.025453096999999980e+00 1.054247915744781494e-01
1.028296738999999960e+00 1.084498241543769836e-01
1.031140436999999910e+00 1.067608222365379333e-01
1.033984191000000052e+00 1.180722042918205261e-01
1.036828002000000026e+00 1.061427518725395203e-01
1.039671868000000110e+00 1.054752469062805176e-01
1.042515791000000025e+00 1.104540154337882996e-01
1.045359770999999993e+00 1.061700955033302307e-01
