3.615872339999999796e-01 1.249635457992553711e+00
3.644177160000000026e-01 1.476902961730957031e+00
3.672482539999999962e-01 1.548620462417602539e+00
3.700788480000000158e-01 1.599984049797058105e+00
3.729094980000000059e-01 1.421049714088439941e+00
3.757402049999999938e-01 1.501796603202819824e+00
3.785709680000000077e-01 1.654525041580200195e+00
3.814017869999999921e-01 1.394436717033386230e+00
3.842326620000000026e-01 1.286872982978820801e+00
3.870635940000000108e-01 1.428627371788024902e+00
3.898945819999999896e-01 1.576382756233215332e+00
3.927256259999999943e-01 1.413497567176818848e+00
3.955567260000000251e-01 1.461549639701843262e+00
3.983878829999999982e-01 1.813380837440490723e+00
4.012190950000000256e-01 2.259441614151000977e+00
4.040503639999999952e-01 2.268175601959228516e+00
4.068816900000000181e-01 2.228045225143432617e+00
4.097130709999999842e-01 2.286188364028930664e+00
4.125445090000000037e-01 2.375136613845825195e+00
4.153760029999999936e-01 2.368643283843994141e+00
4.182075530000000096e-01 2.329091310501098633e+00
4.210391589999999962e-01 2.338078975677490234e+00
4.238708219999999804e-01 2.312391757965087891e+00
4.267025409999999908e-01 2.277149200439453125e+00
4.295343160000000271e-01 2.042230606079101562e+00
4.323661469999999785e-01 2.182371139526367188e+00
4.351980349999999831e-01 2.389750957489013672e+00
4.380299790000000137e-01 2.417105436325073242e+00
4.408619790000000149e-01 2.499319314956665039e+00
4.436940349999999866e-01 2.650945425033569336e+00
4.465261480000000116e-01 2.680310726165771484e+00
4.493583170000000071e-01 2.827519893646240234e+00
4.521905419999999731e-01 2.838355541229248047e+00
4.550228230000000207e-01 2.826593160629272461e+00
4.578551610000000105e-01 2.883013725280761719e+00
4.606875550000000263e-01 2.893978595733642578e+00
4.635200050000000127e-01 2.942032337188720703e+00
4.663525110000000251e-01 2.879124879837036133e+00
4.691850739999999798e-01 2.861846923828125000e+00
4.720176919999999887e-01 2.901454687118530273e+00
4.748503669999999954e-01 2.964946031570434570e+00
4.776830989999999999e-01 2.989255666732788086e+00
4.805158860000000032e-01 3.034430503845214844e+00
4.833487300000000042e-01 3.007262468338012695e+00
4.861816299999999758e-01 2.789242267608642578e+00
4.890145859999999733e-01 2.903694629669189453e+00
4.918475979999999970e-01 2.969958066940307617e+00
4.946806670000000183e-01 3.046621322631835938e+00
4.975137920000000102e-01 3.061610698699951172e+00
5.003469729999999727e-01 2.983177423477172852e+00
5.031802100000000166e-01 2.972980022430419922e+00
5.060135040000000028e-01 3.065352678298950195e+00
5.088468539999999596e-01 3.076857805252075195e+00
5.116802599999999979e-01 3.115581035614013672e+00
5.145137220000000067e-01 3.049661636352539062e+00
5.173472409999999577e-01 2.883366584777832031e+00
5.201808159999999903e-01 3.018054246902465820e+00
5.230144469999999934e-01 3.157819986343383789e+00
5.258481339999999671e-01 3.138268709182739258e+00
5.286818779999999940e-01 3.189322233200073242e+00
5.315156779999999914e-01 3.306983470916748047e+00
5.343495339999999594e-01 3.291278362274169922e+00
5.371834460000000089e-01 3.337696552276611328e+00
5.400174150000000006e-01 3.286980628967285156e+00
5.428514389999999912e-01 3.304185628890991211e+00
5.456855200000000350e-01 3.348711967468261719e+00
5.485196580000000210e-01 3.378857374191284180e+00
5.513538510000000059e-01 3.414351224899291992e+00
5.541881010000000440e-01 3.432053804397583008e+00
5.570224070000000527e-01 3.399949550628662109e+00
5.598567690000000319e-01 3.356788158416748047e+00
5.626911869999999816e-01 3.410451412200927734e+00
5.655256619999999845e-01 3.392948150634765625e+00
5.683601929999999580e-01 3.369639396667480469e+00
5.711947800000000131e-01 3.330189228057861328e+00
5.740294230000000386e-01 3.377333402633666992e+00
5.768641230000000064e-01 3.355244636535644531e+00
5.796988789999999447e-01 3.370120525360107422e+00
5.825336909999999646e-01 3.444469928741455078e+00
5.853685589999999550e-01 3.403271436691284180e+00
5.882034839999999987e-01 3.173083066940307617e+00
5.910384650000000129e-01 3.045569181442260742e+00
5.938735019999999976e-01 3.101402521133422852e+00
5.967085949999999528e-01 3.093607664108276367e+00
5.995437449999999613e-01 3.061537027359008789e+00
6.023789510000000513e-01 3.024646520614624023e+00
6.052142130000000009e-01 3.040023565292358398e+00
6.080495310000000320e-01 2.999044418334960938e+00
6.108849060000000053e-01 2.897734165191650391e+00
6.137203359999999774e-01 2.816794633865356445e+00
6.165558230000000028e-01 2.800896406173706055e+00
6.193913669999999705e-01 2.866492271423339844e+00
6.222269660000000480e-01 2.854235172271728516e+00
6.250626219999999567e-01 2.784297227859497070e+00
6.278983339999999469e-01 2.723855495452880859e+00
6.307341020000000187e-01 2.693310260772705078e+00
6.335699259999999500e-01 2.739241123199462891e+00
6.364058070000000455e-01 2.762181758880615234e+00
6.392417440000000006e-01 2.767472505569458008e+00
6.420777370000000372e-01 2.741075992584228516e+00
6.449137860000000444e-01 2.702281475067138672e+00
6.477498919999999938e-01 2.579946994781494141e+00
6.505860540000000247e-01 2.571656465530395508e+00
6.534222720000000262e-01 2.556197166442871094e+00
6.562585459999999982e-01 2.358945369720458984e+00
6.590948770000000234e-01 2.466880559921264648e+00
6.619312640000000192e-01 2.530943870544433594e+00
6.647677069999999855e-01 2.506133556365966797e+00
6.676042060000000333e-01 2.490280151367187500e+00
6.704407620000000234e-01 2.466720581054687500e+00
6.732773739999999840e-01 2.441984415054321289e+00
6.761140420000000262e-01 2.425771951675415039e+00
6.789507660000000389e-01 2.412788391113281250e+00
6.817875469999999938e-01 2.389856815338134766e+00
6.846243829999999475e-01 2.303315401077270508e+00
6.874612759999999545e-01 1.927816748619079590e+00
6.902982260000000148e-01 1.959049224853515625e+00
6.931352309999999628e-01 1.997592329978942871e+00
6.959722929999999641e-01 2.005902051925659180e+00
6.988094110000000470e-01 1.991333007812500000e+00
7.016465849999999893e-01 1.887269973754882812e+00
7.044838150000000132e-01 1.885990977287292480e+00
7.073211019999999793e-01 1.855364561080932617e+00
7.101584450000000270e-01 1.793055891990661621e+00
7.129958440000000452e-01 1.685202717781066895e+00
7.158332990000000340e-01 1.427689909934997559e+00
7.186708109999999650e-01 1.044673204421997070e+00
7.215083789999999775e-01 1.079182744026184082e+00
7.243460029999999605e-01 9.854847192764282227e-01
7.271836830000000251e-01 8.974984884262084961e-01
7.300214200000000320e-01 8.413869738578796387e-01
7.328592130000000093e-01 8.596839904785156250e-01
7.356970619999999572e-01 8.517249822616577148e-01
7.385349669999999866e-01 8.323526978492736816e-01
7.413729289999999583e-01 8.334225416183471680e-01
7.442109470000000115e-01 8.466538190841674805e-01
7.470490210000000353e-01 8.517274856567382812e-01
7.498871510000000296e-01 8.388887643814086914e-01
7.527253379999999661e-01 8.245158195495605469e-01
7.555635800000000124e-01 8.192288279533386230e-01
7.584018790000000010e-01 6.782041192054748535e-01
7.612402350000000428e-01 3.188976049423217773e-01
7.640786459999999725e-01 3.899324238300323486e-01
7.669171139999999554e-01 6.178530454635620117e-01
7.697556380000000198e-01 7.530845999717712402e-01
7.725942180000000548e-01 7.731412053108215332e-01
7.754328539999999492e-01 7.832217216491699219e-01
7.782715470000000080e-01 7.810520529747009277e-01
7.811102960000000373e-01 7.928699851036071777e-01
7.839491010000000371e-01 7.881925106048583984e-01
7.867879620000000074e-01 7.777701020240783691e-01
7.896268800000000310e-01 7.573918104171752930e-01
7.924658540000000251e-01 7.561053633689880371e-01
7.953048839999999897e-01 7.678415775299072266e-01
7.981439700000000359e-01 7.749018073081970215e-01
8.009831130000000243e-01 7.735934853553771973e-01
8.038223119999999833e-01 7.683143615722656250e-01
8.066615670000000238e-01 7.859464287757873535e-01
8.095008780000000348e-01 7.568863034248352051e-01
8.123402459999999881e-01 6.757505536079406738e-01
8.151796700000000229e-01 5.576967597007751465e-01
8.180191500000000282e-01 5.248230695724487305e-01
8.208586860000000041e-01 5.553404688835144043e-01
8.236982790000000332e-01 5.106608271598815918e-01
8.265379269999999501e-01 5.286701917648315430e-01
8.293776320000000313e-01 4.719647169113159180e-01
8.322173940000000547e-01 4.572305083274841309e-01
8.350572109999999659e-01 4.687143266201019287e-01
8.378970850000000414e-01 4.701718091964721680e-01
8.407370149999999764e-01 4.721080660820007324e-01
8.435770009999999930e-01 4.697494804859161377e-01
8.464170429999999801e-01 4.674453735351562500e-01
8.492571420000000204e-01 4.415434598922729492e-01
8.520972970000000313e-01 4.269295632839202881e-01
8.549375080000000127e-01 4.051643908023834229e-01
8.577777749999999646e-01 4.246371388435363770e-01
8.606180989999999698e-01 4.216134846210479736e-01
8.634584789999999455e-01 4.187362790107727051e-01
8.662989150000000027e-01 3.844516277313232422e-01
8.691394070000000305e-01 3.919849991798400879e-01
8.719799560000000005e-01 3.887011706829071045e-01
8.748205610000000521e-01 3.777174353599548340e-01
8.776612219999999631e-01 3.716860115528106689e-01
8.805019389999999557e-01 3.575220406055450439e-01
8.833427130000000016e-01 3.478576242923736572e-01
8.861835430000000180e-01 3.398611843585968018e-01
8.890244290000000049e-01 3.296547830104827881e-01
8.918653709999999624e-01 3.145568966865539551e-01
8.947063699999999731e-01 2.671773135662078857e-01
8.975474239999999826e-01 2.106753438711166382e-01
9.003885350000000454e-01 1.916437894105911255e-01
9.032297030000000504e-01 2.203497886657714844e-01
9.060709260000000542e-01 2.198366075754165649e-01
9.089122060000000003e-01 1.797468066215515137e-01
9.117535420000000279e-01 1.777361929416656494e-01
9.145949340000000261e-01 1.660920977592468262e-01
9.174363819999999947e-01 1.663248240947723389e-01
9.202778870000000166e-01 1.897214204072952271e-01
9.231194480000000091e-01 1.806374937295913696e-01
9.259610649999999721e-01 1.622412502765655518e-01
9.288027380000000166e-01 1.178173646330833435e-01
9.316444680000000034e-01 6.448027491569519043e-02
9.344862539999999607e-01 4.259504750370979309e-02
9.373280959999999995e-01 4.292529821395874023e-02
9.401699940000000089e-01 6.022059172391891479e-02
9.430119489999999605e-01 5.962930247187614441e-02
9.458539599999999936e-01 5.106190592050552368e-02
9.486960269999999973e-01 5.192112177610397339e-02
9.515381499999999715e-01 5.672734975814819336e-02
9.543803299999999989e-01 5.551222339272499084e-02
9.572225659999999969e-01 5.921872332692146301e-02
9.600648579999999654e-01 6.193936988711357117e-02
9.629072060000000155e-01 7.423844933509826660e-02
9.657496110000000078e-01 7.856469601392745972e-02
9.685920709999999989e-01 1.000152006745338440e-01
9.714345880000000433e-01 1.132589429616928101e-01
9.742771620000000299e-01 9.582277387380599976e-02
9.771197910000000153e-01 1.031769439578056335e-01
9.799624770000000540e-01 1.078390330076217651e-01
9.828052189999999522e-01 1.204789131879806519e-01
9.856480170000000429e-01 1.232773214578628540e-01
9.884908709999999932e-01 1.317364573478698730e-01
9.913337819999999967e-01 1.325988918542861938e-01
9.941767489999999707e-01 1.319381594657897949e-01
9.970197720000000263e-01 1.408057957887649536e-01
9.998628510000000524e-01 1.390981227159500122e-01
1.002705986999999910e+00 1.318320184946060181e-01
1.005549178999999960e+00 1.383424103260040283e-01
1.008392426999999980e+00 1.328123658895492554e-01
1.011235730999999971e+00 1.316648572683334351e-01
1.014079092000000015e+00 1.366956532001495361e-01
1.016922509000000030e+00 1.344068944454193115e-01
1.019765982000000015e+00 1.325698643922805786e-01
1.022609510999999971e+00 1.328013241291046143e-01
1.025453096999999980e+00 1.422721892595291138e-01
1.028296738999999960e+00 1.414159685373306274e-01
1.031140436999999910e+00 1.392874717712402344e-01
1.033984191000000052e+00 1.513405591249465942e-01
1.036828002000000026e+00 1.496544629335403442e-01
1.039671868000000110e+00 1.487552970647811890e-01
1.042515791000000025e+00 1.517291516065597534e-01
1.045359770999999993e+00 1.531621664762496948e-01
