3.615872339999999796e-01 1.272956848144531250e+00
3.644177160000000026e-01 1.485439658164978027e+00
3.672482539999999962e-01 1.618414521217346191e+00
3.700788480000000158e-01 1.585366249084472656e+00
3.729094980000000059e-01 1.410769224166870117e+00
3.757402049999999938e-01 1.531532049179077148e+00
3.785709680000000077e-01 1.671608567237854004e+00
3.814017869999999921e-01 1.431823968887329102e+00
3.842326620000000026e-01 1.329732537269592285e+00
3.870635940000000108e-01 1.451055765151977539e+00
3.898945819999999896e-01 1.618913888931274414e+00
3.927256259999999943e-01 1.415994167327880859e+00
3.955567260000000251e-01 1.485700249671936035e+00
3.983878829999999982e-01 1.863310813903808594e+00
4.012190950000000256e-01 2.323591232299804688e+00
4.040503639999999952e-01 2.292425394058227539e+00
4.068816900000000181e-01 2.252251386642456055e+00
4.097130709999999842e-01 2.267028331756591797e+00
4.125445090000000037e-01 2.376260519027709961e+00
4.153760029999999936e-01 2.387171745300292969e+00
4.182075530000000096e-01 2.329596519470214844e+00
4.210391589999999962e-01 2.357043027877807617e+00
4.238708219999999804e-01 2.296836853027343750e+00
4.267025409999999908e-01 2.260392189025878906e+00
4.295343160000000271e-01 2.069546222686767578e+00
4.323661469999999785e-01 2.201170206069946289e+00
4.351980349999999831e-01 2.381732940673828125e+00
4.380299790000000137e-01 2.428818702697753906e+00
4.408619790000000149e-01 2.509075880050659180e+00
4.436940349999999866e-01 2.641306161880493164e+00
4.465261480000000116e-01 2.657904863357543945e+00
4.493583170000000071e-01 2.817801237106323242e+00
4.521905419999999731e-01 2.838548660278320312e+00
4.550228230000000207e-01 2.801301002502441406e+00
4.578551610000000105e-01 2.876622200012207031e+00
4.606875550000000263e-01 2.887023925781250000e+00
4.635200050000000127e-01 2.912895679473876953e+00
4.663525110000000251e-01 2.851368427276611328e+00
4.691850739999999798e-01 2.852173089981079102e+00
4.720176919999999887e-01 2.890376091003417969e+00
4.748503669999999954e-01 2.925205945968627930e+00
4.776830989999999999e-01 2.954365253448486328e+00
4.805158860000000032e-01 3.043671607971191406e+00
4.833487300000000042e-01 3.002278089523315430e+00
4.861816299999999758e-01 2.769506216049194336e+00
4.890145859999999733e-01 2.881912231445312500e+00
4.918475979999999970e-01 2.952596902847290039e+00
4.946806670000000183e-01 3.015507936477661133e+00
4.975137920000000102e-01 3.040869712829589844e+00
5.003469729999999727e-01 2.965629100799560547e+00
5.031802100000000166e-01 2.938594579696655273e+00
5.060135040000000028e-01 3.032571315765380859e+00
5.088468539999999596e-01 3.042184114456176758e+00
5.116802599999999979e-01 3.075525522232055664e+00
5.145137220000000067e-01 3.010713100433349609e+00
5.173472409999999577e-01 2.849590063095092773e+00
5.201808159999999903e-01 2.968250036239624023e+00
5.230144469999999934e-01 3.093723058700561523e+00
5.258481339999999671e-01 3.096067667007446289e+00
5.286818779999999940e-01 3.148411512374877930e+00
5.315156779999999914e-01 3.255046844482421875e+00
5.343495339999999594e-01 3.238057136535644531e+00
5.371834460000000089e-01 3.283792734146118164e+00
5.400174150000000006e-01 3.222107410430908203e+00
5.428514389999999912e-01 3.246912956237792969e+00
5.456855200000000350e-01 3.316120862960815430e+00
5.485196580000000210e-01 3.317199945449829102e+00
5.513538510000000059e-01 3.352816343307495117e+00
5.541881010000000440e-01 3.379096269607543945e+00
5.570224070000000527e-01 3.338701486587524414e+00
5.598567690000000319e-01 3.292255640029907227e+00
5.626911869999999816e-01 3.353255510330200195e+00
5.655256619999999845e-01 3.338737010955810547e+00
5.683601929999999580e-01 3.309053421020507812e+00
5.711947800000000131e-01 3.278540134429931641e+00
5.740294230000000386e-01 3.323460578918457031e+00
5.768641230000000064e-01 3.290011882781982422e+00
5.796988789999999447e-01 3.302391290664672852e+00
5.825336909999999646e-01 3.376406192779541016e+00
5.853685589999999550e-01 3.332851409912109375e+00
5.882034839999999987e-01 3.106842041015625000e+00
5.910384650000000129e-01 2.980927228927612305e+00
5.938735019999999976e-01 3.034075736999511719e+00
5.967085949999999528e-01 3.017839670181274414e+00
5.995437449999999613e-01 2.982677936553955078e+00
6.023789510000000513e-01 2.938408136367797852e+00
6.052142130000000009e-01 2.956540822982788086e+00
6.080495310000000320e-01 2.914660215377807617e+00
6.108849060000000053e-01 2.822759866714477539e+00
6.137203359999999774e-01 2.740032434463500977e+00
6.165558230000000028e-01 2.714670181274414062e+00
6.193913669999999705e-01 2.787969350814819336e+00
6.222269660000000480e-01 2.776245355606079102e+00
6.250626219999999567e-01 2.702298402786254883e+00
6.278983339999999469e-01 2.635158538818359375e+00
6.307341020000000187e-01 2.612914323806762695e+00
6.335699259999999500e-01 2.651213884353637695e+00
6.364058070000000455e-01 2.663527727127075195e+00
6.392417440000000006e-01 2.678018808364868164e+00
6.420777370000000372e-01 2.646813631057739258e+00
6.449137860000000444e-01 2.610505580902099609e+00
6.477498919999999938e-01 2.486758470535278320e+00
6.505860540000000247e-01 2.471713542938232422e+00
6.534222720000000262e-01 2.477629423141479492e+00
6.562585459999999982e-01 2.269934654235839844e+00
6.590948770000000234e-01 2.379602909088134766e+00
6.619312640000000192e-01 2.446352005004882812e+00
6.647677069999999855e-01 2.420720338821411133e+00
6.676042060000000333e-01 2.403231859207153320e+00
6.704407620000000234e-01 2.377026796340942383e+00
6.732773739999999840e-01 2.356482744216918945e+00
6.761140420000000262e-01 2.342891454696655273e+00
6.789507660000000389e-01 2.328921079635620117e+00
6.817875469999999938e-01 2.301145553588867188e+00
6.846243829999999475e-01 2.212703704833984375e+00
6.874612759999999545e-01 1.850338578224182129e+00
6.902982260000000148e-01 1.866770625114440918e+00
6.931352309999999628e-01 1.901619672775268555e+00
6.959722929999999641e-01 1.906471252441406250e+00
6.988094110000000470e-01 1.891949772834777832e+00
7.016465849999999893e-01 1.780001163482666016e+00
7.044838150000000132e-01 1.781690478324890137e+00
7.073211019999999793e-01 1.747681856155395508e+00
7.101584450000000270e-01 1.687781572341918945e+00
7.129958440000000452e-01 1.581544399261474609e+00
7.158332990000000340e-01 1.345994591712951660e+00
7.186708109999999650e-01 9.813527464866638184e-01
7.215083789999999775e-01 1.007570028305053711e+00
7.243460029999999605e-01 9.204951524734497070e-01
7.271836830000000251e-01 8.318902850151062012e-01
7.300214200000000320e-01 7.789515852928161621e-01
7.328592130000000093e-01 8.040555715560913086e-01
7.356970619999999572e-01 7.974036931991577148e-01
7.385349669999999866e-01 7.743850946426391602e-01
7.413729289999999583e-01 7.753288149833679199e-01
7.442109470000000115e-01 7.874498367309570312e-01
7.470490210000000353e-01 7.855260968208312988e-01
7.498871510000000296e-01 7.805407643318176270e-01
7.527253379999999661e-01 7.652407288551330566e-01
7.555635800000000124e-01 7.604569792747497559e-01
7.584018790000000010e-01 6.238062977790832520e-01
7.612402350000000428e-01 2.924494743347167969e-01
7.640786459999999725e-01 3.569214344024658203e-01
7.669171139999999554e-01 5.667281150817871094e-01
7.697556380000000198e-01 6.923299431800842285e-01
7.725942180000000548e-01 7.196513414382934570e-01
7.754328539999999492e-01 7.264843583106994629e-01
7.782715470000000080e-01 7.277798652648925781e-01
7.811102960000000373e-01 7.272304892539978027e-01
7.839491010000000371e-01 7.197474837303161621e-01
7.867879620000000074e-01 7.128655314445495605e-01
7.896268800000000310e-01 6.982471346855163574e-01
7.924658540000000251e-01 6.994938254356384277e-01
7.953048839999999897e-01 7.045542001724243164e-01
7.981439700000000359e-01 7.083830237388610840e-01
8.009831130000000243e-01 6.960138678550720215e-01
8.038223119999999833e-01 6.956167221069335938e-01
8.066615670000000238e-01 7.180784344673156738e-01
8.095008780000000348e-01 6.906384229660034180e-01
8.123402459999999881e-01 6.174847483634948730e-01
8.151796700000000229e-01 5.078944563865661621e-01
8.180191500000000282e-01 4.776800274848937988e-01
8.208586860000000041e-01 5.162109732627868652e-01
8.236982790000000332e-01 4.690913259983062744e-01
8.265379269999999501e-01 4.868957996368408203e-01
8.293776320000000313e-01 4.385003447532653809e-01
8.322173940000000547e-01 4.190824925899505615e-01
8.350572109999999659e-01 4.243530631065368652e-01
8.378970850000000414e-01 4.363695085048675537e-01
8.407370149999999764e-01 4.385268688201904297e-01
8.435770009999999930e-01 4.291316866874694824e-01
8.464170429999999801e-01 4.309093952178955078e-01
8.492571420000000204e-01 4.086792469024658203e-01
8.520972970000000313e-01 3.956018984317779541e-01
8.549375080000000127e-01 3.728499412536621094e-01
8.577777749999999646e-01 3.992708921432495117e-01
8.606180989999999698e-01 3.911965489387512207e-01
8.634584789999999455e-01 3.799217343330383301e-01
8.662989150000000027e-01 3.523416519165039062e-01
8.691394070000000305e-01 3.619569540023803711e-01
8.719799560000000005e-01 3.565830588340759277e-01
8.748205610000000521e-01 3.491120934486389160e-01
8.776612219999999631e-01 3.421838879585266113e-01
8.805019389999999557e-01 3.259325921535491943e-01
8.833427130000000016e-01 3.221455514430999756e-01
8.861835430000000180e-01 3.084678053855895996e-01
8.890244290000000049e-01 3.031904101371765137e-01
8.918653709999999624e-01 2.897157669067382812e-01
8.947063699999999731e-01 2.401156872510910034e-01
8.975474239999999826e-01 1.954031139612197876e-01
9.003885350000000454e-01 1.769057512283325195e-01
9.032297030000000504e-01 2.049699127674102783e-01
9.060709260000000542e-01 1.993816941976547241e-01
9.089122060000000003e-01 1.664716601371765137e-01
9.117535420000000279e-01 1.668508648872375488e-01
9.145949340000000261e-01 1.536719352006912231e-01
9.174363819999999947e-01 1.519125550985336304e-01
9.202778870000000166e-01 1.799019575119018555e-01
9.231194480000000091e-01 1.640343815088272095e-01
9.259610649999999721e-01 1.534141153097152710e-01
9.288027380000000166e-01 1.109376102685928345e-01
9.316444680000000034e-01 6.283143907785415649e-02
9.344862539999999607e-01 3.503068163990974426e-02
9.373280959999999995e-01 3.568905964493751526e-02
9.401699940000000089e-01 6.216980889439582825e-02
9.430119489999999605e-01 5.202848836779594421e-02
9.458539599999999936e-01 4.481786489486694336e-02
9.486960269999999973e-01 5.001709982752799988e-02
9.515381499999999715e-01 4.841049015522003174e-02
9.543803299999999989e-01 5.140197649598121643e-02
9.572225659999999969e-01 5.730925127863883972e-02
9.600648579999999654e-01 5.976055562496185303e-02
9.629072060000000155e-01 6.596963852643966675e-02
9.657496110000000078e-01 7.594820111989974976e-02
9.685920709999999989e-01 9.662338346242904663e-02
9.714345880000000433e-01 1.049100235104560852e-01
9.742771620000000299e-01 9.495634585618972778e-02
9.771197910000000153e-01 9.840399771928787231e-02
9.799624770000000540e-01 1.051137745380401611e-01
9.828052189999999522e-01 1.128081753849983215e-01
9.856480170000000429e-01 1.217420250177383423e-01
9.884908709999999932e-01 1.297196298837661743e-01
9.913337819999999967e-01 1.252972632646560669e-01
9.941767489999999707e-01 1.246141642332077026e-01
9.970197720000000263e-01 1.289670169353485107e-01
9.998628510000000524e-01 1.262206584215164185e-01
1.002705986999999910e+00 1.242199987173080444e-01
1.005549178999999960e+00 1.234527304768562317e-01
1.008392426999999980e+00 1.245573386549949646e-01
1.011235730999999971e+00 1.230799257755279541e-01
1.014079092000000015e+00 1.262465566396713257e-01
1.016922509000000030e+00 1.299076974391937256e-01
1.019765982000000015e+00 1.332092285156250000e-01
1.022609510999999971e+00 1.310001462697982788e-01
1.025453096999999980e+00 1.347488462924957275e-01
1.028296738999999960e+00 1.346868723630905151e-01
1.031140436999999910e+00 1.325378865003585815e-01
1.033984191000000052e+00 1.292902231216430664e-01
1.036828002000000026e+00 1.310241967439651489e-01
1.039671868000000110e+00 1.351926177740097046e-01
1.042515791000000025e+00 1.298369020223617554e-01
1.045359770999999993e+00 1.496591717004776001e-01
