3.615872339999999796e-01 1.339755654335021973e+00
3.644177160000000026e-01 1.416157245635986328e+00
3.672482539999999962e-01 1.516165137290954590e+00
3.700788480000000158e-01 1.560188770294189453e+00
3.729094980000000059e-01 1.376838922500610352e+00
3.757402049999999938e-01 1.485865235328674316e+00
3.785709680000000077e-01 1.637923717498779297e+00
3.814017869999999921e-01 1.413404941558837891e+00
3.842326620000000026e-01 1.282703638076782227e+00
3.870635940000000108e-01 1.418462634086608887e+00
3.898945819999999896e-01 1.589074254035949707e+00
3.927256259999999943e-01 1.414495825767517090e+00
3.955567260000000251e-01 1.453711748123168945e+00
3.983878829999999982e-01 1.831296205520629883e+00
4.012190950000000256e-01 2.265109062194824219e+00
4.040503639999999952e-01 2.298413991928100586e+00
4.068816900000000181e-01 2.226554393768310547e+00
4.097130709999999842e-01 2.264176607131958008e+00
4.125445090000000037e-01 2.366011619567871094e+00
4.153760029999999936e-01 2.393668889999389648e+00
4.182075530000000096e-01 2.342829227447509766e+00
4.210391589999999962e-01 2.350441455841064453e+00
4.238708219999999804e-01 2.303095579147338867e+00
4.267025409999999908e-01 2.282267093658447266e+00
4.295343160000000271e-01 2.054725885391235352e+00
4.323661469999999785e-01 2.180837154388427734e+00
4.351980349999999831e-01 2.381680965423583984e+00
4.380299790000000137e-01 2.419977903366088867e+00
4.408619790000000149e-01 2.501652479171752930e+00
4.436940349999999866e-01 2.659569025039672852e+00
4.465261480000000116e-01 2.678517103195190430e+00
4.493583170000000071e-01 2.824507236480712891e+00
4.521905419999999731e-01 2.843290567398071289e+00
4.550228230000000207e-01 2.822915315628051758e+00
4.578551610000000105e-01 2.883074283599853516e+00
4.606875550000000263e-01 2.894805192947387695e+00
4.635200050000000127e-01 2.944399595260620117e+00
4.663525110000000251e-01 2.870042562484741211e+00
4.691850739999999798e-01 2.869493007659912109e+00
4.720176919999999887e-01 2.913372993469238281e+00
4.748503669999999954e-01 2.954358339309692383e+00
4.776830989999999999e-01 2.985313653945922852e+00
4.805158860000000032e-01 3.043714761734008789e+00
4.833487300000000042e-01 3.032238960266113281e+00
4.861816299999999758e-01 2.780102729797363281e+00
4.890145859999999733e-01 2.901209354400634766e+00
4.918475979999999970e-01 2.986617565155029297e+00
4.946806670000000183e-01 3.047176361083984375e+00
4.975137920000000102e-01 3.063770532608032227e+00
5.003469729999999727e-01 2.995343923568725586e+00
5.031802100000000166e-01 2.960356473922729492e+00
5.060135040000000028e-01 3.071263551712036133e+00
5.088468539999999596e-01 3.087144374847412109e+00
5.116802599999999979e-01 3.117674589157104492e+00
5.145137220000000067e-01 3.048696994781494141e+00
5.173472409999999577e-01 2.891203641891479492e+00
5.201808159999999903e-01 3.019345045089721680e+00
5.230144469999999934e-01 3.155347347259521484e+00
5.258481339999999671e-01 3.167089939117431641e+00
5.286818779999999940e-01 3.213427543640136719e+00
5.315156779999999914e-01 3.320221424102783203e+00
5.343495339999999594e-01 3.310154438018798828e+00
5.371834460000000089e-01 3.347181797027587891e+00
5.400174150000000006e-01 3.291445016860961914e+00
5.428514389999999912e-01 3.306219339370727539e+00
5.456855200000000350e-01 3.372686862945556641e+00
5.485196580000000210e-01 3.379531145095825195e+00
5.513538510000000059e-01 3.419511795043945312e+00
5.541881010000000440e-01 3.441281795501708984e+00
5.570224070000000527e-01 3.406886816024780273e+00
5.598567690000000319e-01 3.373449563980102539e+00
5.626911869999999816e-01 3.420658826828002930e+00
5.655256619999999845e-01 3.405534744262695312e+00
5.683601929999999580e-01 3.373546123504638672e+00
5.711947800000000131e-01 3.337864637374877930e+00
5.740294230000000386e-01 3.400663852691650391e+00
5.768641230000000064e-01 3.358434200286865234e+00
5.796988789999999447e-01 3.372650384902954102e+00
5.825336909999999646e-01 3.450834512710571289e+00
5.853685589999999550e-01 3.412219047546386719e+00
5.882034839999999987e-01 3.190295219421386719e+00
5.910384650000000129e-01 3.040391206741333008e+00
5.938735019999999976e-01 3.101648330688476562e+00
5.967085949999999528e-01 3.092497825622558594e+00
5.995437449999999613e-01 3.043419361114501953e+00
6.023789510000000513e-01 3.023121833801269531e+00
6.052142130000000009e-01 3.040379285812377930e+00
6.080495310000000320e-01 2.993984937667846680e+00
6.108849060000000053e-01 2.838136196136474609e+00
6.137203359999999774e-01 2.765007495880126953e+00
6.165558230000000028e-01 2.751010179519653320e+00
6.193913669999999705e-01 2.831537961959838867e+00
6.222269660000000480e-01 2.828814744949340820e+00
6.250626219999999567e-01 2.749618291854858398e+00
6.278983339999999469e-01 2.674535036087036133e+00
6.307341020000000187e-01 2.646851778030395508e+00
6.335699259999999500e-01 2.683333635330200195e+00
6.364058070000000455e-01 2.706851482391357422e+00
6.392417440000000006e-01 2.722561120986938477e+00
6.420777370000000372e-01 2.689157247543334961e+00
6.449137860000000444e-01 2.658410072326660156e+00
6.477498919999999938e-01 2.530207395553588867e+00
6.505860540000000247e-01 2.512878656387329102e+00
6.534222720000000262e-01 2.508842706680297852e+00
6.562585459999999982e-01 2.298692941665649414e+00
6.590948770000000234e-01 2.393861532211303711e+00
6.619312640000000192e-01 2.455759763717651367e+00
6.647677069999999855e-01 2.434436082839965820e+00
6.676042060000000333e-01 2.401985883712768555e+00
6.704407620000000234e-01 2.375832080841064453e+00
6.732773739999999840e-01 2.344813346862792969e+00
6.761140420000000262e-01 2.331346988677978516e+00
6.789507660000000389e-01 2.315181255340576172e+00
6.817875469999999938e-01 2.297420740127563477e+00
6.846243829999999475e-01 2.217042684555053711e+00
6.874612759999999545e-01 1.870191574096679688e+00
6.902982260000000148e-01 1.899247288703918457e+00
6.931352309999999628e-01 1.939529657363891602e+00
6.959722929999999641e-01 1.967479825019836426e+00
6.988094110000000470e-01 1.934430241584777832e+00
7.016465849999999893e-01 1.830304980278015137e+00
7.044838150000000132e-01 1.829180121421813965e+00
7.073211019999999793e-01 1.790937423706054688e+00
7.101584450000000270e-01 1.730190277099609375e+00
7.129958440000000452e-01 1.628951191902160645e+00
7.158332990000000340e-01 1.384024977684020996e+00
7.186708109999999650e-01 9.940630197525024414e-01
7.215083789999999775e-01 1.019544005393981934e+00
7.243460029999999605e-01 9.308892488479614258e-01
7.271836830000000251e-01 8.380592465400695801e-01
7.300214200000000320e-01 7.725191712379455566e-01
7.328592130000000093e-01 7.946609854698181152e-01
7.356970619999999572e-01 7.906758189201354980e-01
7.385349669999999866e-01 7.654390931129455566e-01
7.413729289999999583e-01 7.620133161544799805e-01
7.442109470000000115e-01 7.748334407806396484e-01
7.470490210000000353e-01 7.772485017776489258e-01
7.498871510000000296e-01 7.663174271583557129e-01
7.527253379999999661e-01 7.550681829452514648e-01
7.555635800000000124e-01 7.459362149238586426e-01
7.584018790000000010e-01 6.088604927062988281e-01
7.612402350000000428e-01 2.837065756320953369e-01
7.640786459999999725e-01 3.453843593597412109e-01
7.669171139999999554e-01 5.530586838722229004e-01
7.697556380000000198e-01 6.749744415283203125e-01
7.725942180000000548e-01 7.005817890167236328e-01
7.754328539999999492e-01 7.080579400062561035e-01
7.782715470000000080e-01 7.051891088485717773e-01
7.811102960000000373e-01 7.136273980140686035e-01
7.839491010000000371e-01 7.147701978683471680e-01
7.867879620000000074e-01 6.997632980346679688e-01
7.896268800000000310e-01 6.785346269607543945e-01
7.924658540000000251e-01 6.834883689880371094e-01
7.953048839999999897e-01 6.891698241233825684e-01
7.981439700000000359e-01 6.985285878181457520e-01
8.009831130000000243e-01 6.960965394973754883e-01
8.038223119999999833e-01 6.873647570610046387e-01
8.066615670000000238e-01 7.050905227661132812e-01
8.095008780000000348e-01 6.791023015975952148e-01
8.123402459999999881e-01 6.125176548957824707e-01
8.151796700000000229e-01 4.963702559471130371e-01
8.180191500000000282e-01 4.669561684131622314e-01
8.208586860000000041e-01 4.985761642456054688e-01
8.236982790000000332e-01 4.625044465065002441e-01
8.265379269999999501e-01 4.751915633678436279e-01
8.293776320000000313e-01 4.205285310745239258e-01
8.322173940000000547e-01 4.060928225517272949e-01
8.350572109999999659e-01 4.074728786945343018e-01
8.378970850000000414e-01 4.225348532199859619e-01
8.407370149999999764e-01 4.211927056312561035e-01
8.435770009999999930e-01 4.140184223651885986e-01
8.464170429999999801e-01 4.132161736488342285e-01
8.492571420000000204e-01 3.909372389316558838e-01
8.520972970000000313e-01 3.728539943695068359e-01
8.549375080000000127e-01 3.533670008182525635e-01
8.577777749999999646e-01 3.732599914073944092e-01
8.606180989999999698e-01 3.670504987239837646e-01
8.634584789999999455e-01 3.665046691894531250e-01
8.662989150000000027e-01 3.298700451850891113e-01
8.691394070000000305e-01 3.464310169219970703e-01
8.719799560000000005e-01 3.395372927188873291e-01
8.748205610000000521e-01 3.313746154308319092e-01
8.776612219999999631e-01 3.209009468555450439e-01
8.805019389999999557e-01 3.092756867408752441e-01
8.833427130000000016e-01 3.064865767955780029e-01
8.861835430000000180e-01 2.922522723674774170e-01
8.890244290000000049e-01 2.879420816898345947e-01
8.918653709999999624e-01 2.689967751502990723e-01
8.947063699999999731e-01 2.268589884042739868e-01
8.975474239999999826e-01 1.862199604511260986e-01
9.003885350000000454e-01 1.630704551935195923e-01
9.032297030000000504e-01 1.904098689556121826e-01
9.060709260000000542e-01 1.871594786643981934e-01
9.089122060000000003e-01 1.519614905118942261e-01
9.117535420000000279e-01 1.562875062227249146e-01
9.145949340000000261e-01 1.373566836118698120e-01
9.174363819999999947e-01 1.416685730218887329e-01
9.202778870000000166e-01 1.622507125139236450e-01
9.231194480000000091e-01 1.526681780815124512e-01
9.259610649999999721e-01 1.382816433906555176e-01
9.288027380000000166e-01 9.892132133245468140e-02
9.316444680000000034e-01 5.298443138599395752e-02
9.344862539999999607e-01 2.854530699551105499e-02
9.373280959999999995e-01 3.293777629733085632e-02
9.401699940000000089e-01 5.114563554525375366e-02
9.430119489999999605e-01 4.739156737923622131e-02
9.458539599999999936e-01 3.742682188749313354e-02
9.486960269999999973e-01 4.031640663743019104e-02
9.515381499999999715e-01 4.674211144447326660e-02
9.543803299999999989e-01 4.265924915671348572e-02
9.572225659999999969e-01 4.890226200222969055e-02
9.600648579999999654e-01 5.054070428013801575e-02
9.629072060000000155e-01 5.710993334650993347e-02
9.657496110000000078e-01 6.904669106006622314e-02
9.685920709999999989e-01 8.286985754966735840e-02
9.714345880000000433e-01 9.354959428310394287e-02
9.742771620000000299e-01 7.718381285667419434e-02
9.771197910000000153e-01 8.225668221712112427e-02
9.799624770000000540e-01 9.163813292980194092e-02
9.828052189999999522e-01 1.001730710268020630e-01
9.856480170000000429e-01 1.041134893894195557e-01
9.884908709999999932e-01 1.064016297459602356e-01
9.913337819999999967e-01 1.125075444579124451e-01
9.941767489999999707e-01 1.094874143600463867e-01
9.970197720000000263e-01 1.141711845993995667e-01
9.998628510000000524e-01 1.154833137989044189e-01
1.002705986999999910e+00 1.073556318879127502e-01
1.005549178999999960e+00 1.059030666947364807e-01
1.008392426999999980e+00 1.102803647518157959e-01
1.011235730999999971e+00 1.033980846405029297e-01
1.014079092000000015e+00 1.058434247970581055e-01
1.016922509000000030e+00 1.110458374023437500e-01
1.019765982000000015e+00 1.107036247849464417e-01
1.022609510999999971e+00 1.104123219847679138e-01
1.025453096999999980e+00 1.109939664602279663e-01
1.028296738999999960e+00 1.130389869213104248e-01
1.031140436999999910e+00 1.094381362199783325e-01
1.033984191000000052e+00 1.171488389372825623e-01
1.036828002000000026e+00 1.161295324563980103e-01
1.039671868000000110e+00 1.121633499860763550e-01
1.042515791000000025e+00 1.108590885996818542e-01
1.045359770999999993e+00 1.116591840982437134e-01
