3.615872339999999796e-01 1.323918581008911133e+00
3.644177160000000026e-01 1.456501603126525879e+00
3.672482539999999962e-01 1.543285250663757324e+00
3.700788480000000158e-01 1.551209092140197754e+00
3.729094980000000059e-01 1.397436380386352539e+00
3.757402049999999938e-01 1.483925580978393555e+00
3.785709680000000077e-01 1.629632115364074707e+00
3.814017869999999921e-01 1.447618842124938965e+00
3.842326620000000026e-01 1.285085678100585938e+00
3.870635940000000108e-01 1.421983242034912109e+00
3.898945819999999896e-01 1.600142359733581543e+00
3.927256259999999943e-01 1.418224811553955078e+00
3.955567260000000251e-01 1.437890172004699707e+00
3.983878829999999982e-01 1.817673206329345703e+00
4.012190950000000256e-01 2.250228881835937500e+00
4.040503639999999952e-01 2.252736568450927734e+00
4.068816900000000181e-01 2.201464414596557617e+00
4.097130709999999842e-01 2.247087001800537109e+00
4.125445090000000037e-01 2.323499679565429688e+00
4.153760029999999936e-01 2.355238437652587891e+00
4.182075530000000096e-01 2.294036149978637695e+00
4.210391589999999962e-01 2.305623769760131836e+00
4.238708219999999804e-01 2.295230627059936523e+00
4.267025409999999908e-01 2.254042863845825195e+00
4.295343160000000271e-01 2.002370834350585938e+00
4.323661469999999785e-01 2.134718894958496094e+00
4.351980349999999831e-01 2.328790664672851562e+00
4.380299790000000137e-01 2.355309486389160156e+00
4.408619790000000149e-01 2.433109283447265625e+00
4.436940349999999866e-01 2.575158119201660156e+00
4.465261480000000116e-01 2.598830461502075195e+00
4.493583170000000071e-01 2.760279417037963867e+00
4.521905419999999731e-01 2.774855852127075195e+00
4.550228230000000207e-01 2.734599828720092773e+00
4.578551610000000105e-01 2.797550201416015625e+00
4.606875550000000263e-01 2.818317651748657227e+00
4.635200050000000127e-01 2.848496437072753906e+00
4.663525110000000251e-01 2.778386831283569336e+00
4.691850739999999798e-01 2.772829294204711914e+00
4.720176919999999887e-01 2.816854715347290039e+00
4.748503669999999954e-01 2.851518630981445312e+00
4.776830989999999999e-01 2.884740114212036133e+00
4.805158860000000032e-01 2.955813407897949219e+00
4.833487300000000042e-01 2.929922103881835938e+00
4.861816299999999758e-01 2.695042848587036133e+00
4.890145859999999733e-01 2.810093879699707031e+00
4.918475979999999970e-01 2.882696151733398438e+00
4.946806670000000183e-01 2.923153400421142578e+00
4.975137920000000102e-01 2.956834793090820312e+00
5.003469729999999727e-01 2.885210037231445312e+00
5.031802100000000166e-01 2.861185550689697266e+00
5.060135040000000028e-01 2.952047348022460938e+00
5.088468539999999596e-01 2.960678100585937500e+00
5.116802599999999979e-01 2.998075485229492188e+00
5.145137220000000067e-01 2.928046226501464844e+00
5.173472409999999577e-01 2.772988080978393555e+00
5.201808159999999903e-01 2.888819932937622070e+00
5.230144469999999934e-01 3.026245117187500000e+00
5.258481339999999671e-01 3.030019044876098633e+00
5.286818779999999940e-01 3.058656454086303711e+00
5.315156779999999914e-01 3.158997058868408203e+00
5.343495339999999594e-01 3.148647069931030273e+00
5.371834460000000089e-01 3.193093776702880859e+00
5.400174150000000006e-01 3.130681276321411133e+00
5.428514389999999912e-01 3.144773960113525391e+00
5.456855200000000350e-01 3.206161975860595703e+00
5.485196580000000210e-01 3.222492218017578125e+00
5.513538510000000059e-01 3.250420808792114258e+00
5.541881010000000440e-01 3.273130178451538086e+00
5.570224070000000527e-01 3.241367578506469727e+00
5.598567690000000319e-01 3.201428413391113281e+00
5.626911869999999816e-01 3.253867387771606445e+00
5.655256619999999845e-01 3.238530874252319336e+00
5.683601929999999580e-01 3.213613748550415039e+00
5.711947800000000131e-01 3.172904729843139648e+00
5.740294230000000386e-01 3.210042238235473633e+00
5.768641230000000064e-01 3.188987970352172852e+00
5.796988789999999447e-01 3.197542667388916016e+00
5.825336909999999646e-01 3.264623880386352539e+00
5.853685589999999550e-01 3.211106061935424805e+00
5.882034839999999987e-01 3.006600141525268555e+00
5.910384650000000129e-01 2.867114782333374023e+00
5.938735019999999976e-01 2.919463872909545898e+00
5.967085949999999528e-01 2.891942501068115234e+00
5.995437449999999613e-01 2.849425077438354492e+00
6.023789510000000513e-01 2.807447433471679688e+00
6.052142130000000009e-01 2.829803705215454102e+00
6.080495310000000320e-01 2.785996675491333008e+00
6.108849060000000053e-01 2.641422271728515625e+00
6.137203359999999774e-01 2.569625854492187500e+00
6.165558230000000028e-01 2.558671712875366211e+00
6.193913669999999705e-01 2.636436939239501953e+00
6.222269660000000480e-01 2.624963521957397461e+00
6.250626219999999567e-01 2.549839973449707031e+00
6.278983339999999469e-01 2.491206884384155273e+00
6.307341020000000187e-01 2.470011472702026367e+00
6.335699259999999500e-01 2.501640081405639648e+00
6.364058070000000455e-01 2.516442775726318359e+00
6.392417440000000006e-01 2.519216775894165039e+00
6.420777370000000372e-01 2.493538618087768555e+00
6.449137860000000444e-01 2.460368633270263672e+00
6.477498919999999938e-01 2.346512794494628906e+00
6.505860540000000247e-01 2.335695981979370117e+00
6.534222720000000262e-01 2.324777841567993164e+00
6.562585459999999982e-01 2.126559019088745117e+00
6.590948770000000234e-01 2.225259542465209961e+00
6.619312640000000192e-01 2.280855894088745117e+00
6.647677069999999855e-01 2.260871410369873047e+00
6.676042060000000333e-01 2.237974166870117188e+00
6.704407620000000234e-01 2.220754861831665039e+00
6.732773739999999840e-01 2.191409111022949219e+00
6.761140420000000262e-01 2.176817893981933594e+00
6.789507660000000389e-01 2.162451505661010742e+00
6.817875469999999938e-01 2.142806053161621094e+00
6.846243829999999475e-01 2.057910203933715820e+00
6.874612759999999545e-01 1.713886260986328125e+00
6.902982260000000148e-01 1.733069658279418945e+00
6.931352309999999628e-01 1.750458002090454102e+00
6.959722929999999641e-01 1.762288808822631836e+00
6.988094110000000470e-01 1.735681653022766113e+00
7.016465849999999893e-01 1.636474370956420898e+00
7.044838150000000132e-01 1.623954772949218750e+00
7.073211019999999793e-01 1.589492321014404297e+00
7.101584450000000270e-01 1.523914813995361328e+00
7.129958440000000452e-01 1.433548331260681152e+00
7.158332990000000340e-01 1.212572455406188965e+00
7.186708109999999650e-01 8.760257959365844727e-01
7.215083789999999775e-01 8.933013677597045898e-01
7.243460029999999605e-01 8.173282146453857422e-01
7.271836830000000251e-01 7.382743358612060547e-01
7.300214200000000320e-01 6.879791021347045898e-01
7.328592130000000093e-01 7.040270566940307617e-01
7.356970619999999572e-01 6.980319619178771973e-01
7.385349669999999866e-01 6.772413253784179688e-01
7.413729289999999583e-01 6.783749461174011230e-01
7.442109470000000115e-01 6.852939128875732422e-01
7.470490210000000353e-01 6.843342185020446777e-01
7.498871510000000296e-01 6.664471626281738281e-01
7.527253379999999661e-01 6.639620065689086914e-01
7.555635800000000124e-01 6.628475785255432129e-01
7.584018790000000010e-01 5.479646325111389160e-01
7.612402350000000428e-01 2.544375360012054443e-01
7.640786459999999725e-01 3.066118657588958740e-01
7.669171139999999554e-01 4.936609864234924316e-01
7.697556380000000198e-01 6.010087132453918457e-01
7.725942180000000548e-01 6.189215183258056641e-01
7.754328539999999492e-01 6.206519603729248047e-01
7.782715470000000080e-01 6.235638260841369629e-01
7.811102960000000373e-01 6.225069761276245117e-01
7.839491010000000371e-01 6.225684285163879395e-01
7.867879620000000074e-01 6.186120510101318359e-01
7.896268800000000310e-01 6.020550131797790527e-01
7.924658540000000251e-01 5.985014438629150391e-01
7.953048839999999897e-01 5.984803438186645508e-01
7.981439700000000359e-01 6.111808419227600098e-01
8.009831130000000243e-01 6.011267304420471191e-01
8.038223119999999833e-01 6.031448841094970703e-01
8.066615670000000238e-01 6.176308393478393555e-01
8.095008780000000348e-01 5.887699127197265625e-01
8.123402459999999881e-01 5.285411477088928223e-01
8.151796700000000229e-01 4.362014234066009521e-01
8.180191500000000282e-01 4.052091836929321289e-01
8.208586860000000041e-01 4.417001605033874512e-01
8.236982790000000332e-01 4.032715260982513428e-01
8.265379269999999501e-01 4.174951016902923584e-01
8.293776320000000313e-01 3.769313991069793701e-01
8.322173940000000547e-01 3.587837815284729004e-01
8.350572109999999659e-01 3.672006130218505859e-01
8.378970850000000414e-01 3.779787719249725342e-01
8.407370149999999764e-01 3.748948276042938232e-01
8.435770009999999930e-01 3.725681006908416748e-01
8.464170429999999801e-01 3.723818957805633545e-01
8.492571420000000204e-01 3.523413836956024170e-01
8.520972970000000313e-01 3.340806365013122559e-01
8.549375080000000127e-01 3.174501657485961914e-01
8.577777749999999646e-01 3.433291912078857422e-01
8.606180989999999698e-01 3.365090191364288330e-01
8.634584789999999455e-01 3.330488801002502441e-01
8.662989150000000027e-01 3.019811511039733887e-01
8.691394070000000305e-01 3.079281747341156006e-01
8.719799560000000005e-01 3.135242462158203125e-01
8.748205610000000521e-01 2.984119951725006104e-01
8.776612219999999631e-01 2.954183816909790039e-01
8.805019389999999557e-01 2.826364040374755859e-01
8.833427130000000016e-01 2.762029767036437988e-01
8.861835430000000180e-01 2.704624235630035400e-01
8.890244290000000049e-01 2.636064291000366211e-01
8.918653709999999624e-01 2.474986761808395386e-01
8.947063699999999731e-01 2.112614363431930542e-01
8.975474239999999826e-01 1.693885326385498047e-01
9.003885350000000454e-01 1.520170569419860840e-01
9.032297030000000504e-01 1.765772402286529541e-01
9.060709260000000542e-01 1.766091138124465942e-01
9.089122060000000003e-01 1.434235870838165283e-01
9.117535420000000279e-01 1.426957547664642334e-01
9.145949340000000261e-01 1.350248456001281738e-01
9.174363819999999947e-01 1.339849233627319336e-01
9.202778870000000166e-01 1.516479700803756714e-01
9.231194480000000091e-01 1.418687403202056885e-01
9.259610649999999721e-01 1.340858936309814453e-01
9.288027380000000166e-01 9.448866546154022217e-02
9.316444680000000034e-01 5.123562365770339966e-02
9.344862539999999607e-01 3.147322684526443481e-02
9.373280959999999995e-01 3.276072070002555847e-02
9.401699940000000089e-01 5.412609502673149109e-02
9.430119489999999605e-01 4.231948032975196838e-02
9.458539599999999936e-01 4.155972599983215332e-02
9.486960269999999973e-01 4.290003329515457153e-02
9.515381499999999715e-01 4.182747751474380493e-02
9.543803299999999989e-01 4.168918356299400330e-02
9.572225659999999969e-01 5.149083212018013000e-02
9.600648579999999654e-01 5.174014344811439514e-02
9.629072060000000155e-01 6.182731688022613525e-02
9.657496110000000078e-01 6.633800268173217773e-02
9.685920709999999989e-01 8.556158095598220825e-02
9.714345880000000433e-01 9.131510555744171143e-02
9.742771620000000299e-01 8.433581888675689697e-02
9.771197910000000153e-01 8.042498677968978882e-02
9.799624770000000540e-01 9.177722781896591187e-02
9.828052189999999522e-01 9.994377195835113525e-02
9.856480170000000429e-01 1.027747765183448792e-01
9.884908709999999932e-01 1.073866337537765503e-01
9.913337819999999967e-01 1.144619211554527283e-01
9.941767489999999707e-01 1.122876182198524475e-01
9.970197720000000263e-01 1.110757514834403992e-01
9.998628510000000524e-01 1.147954985499382019e-01
1.002705986999999910e+00 1.116842478513717651e-01
1.005549178999999960e+00 1.012298390269279480e-01
1.008392426999999980e+00 1.081447601318359375e-01
1.011235730999999971e+00 1.113090887665748596e-01
1.014079092000000015e+00 1.096870973706245422e-01
1.016922509000000030e+00 1.104741394519805908e-01
1.019765982000000015e+00 1.109406128525733948e-01
1.022609510999999971e+00 1.145465224981307983e-01
1.025453096999999980e+00 1.020835191011428833e-01
1.028296738999999960e+00 1.103619709610939026e-01
1.031140436999999910e+00 1.135744303464889526e-01
1.033984191000000052e+00 1.070096492767333984e-01
1.036828002000000026e+00 1.082502305507659912e-01
1.039671868000000110e+00 1.126461029052734375e-01
1.042515791000000025e+00 1.075486168265342712e-01
1.045359770999999993e+00 1.092302501201629639e-01
