3.615872339999999796e-01 1.239656686782836914e+00
3.644177160000000026e-01 1.461139082908630371e+00
3.672482539999999962e-01 1.552628517150878906e+00
3.700788480000000158e-01 1.564963459968566895e+00
3.729094980000000059e-01 1.410113096237182617e+00
3.757402049999999938e-01 1.525749087333679199e+00
3.785709680000000077e-01 1.656320571899414062e+00
3.814017869999999921e-01 1.423702478408813477e+00
3.842326620000000026e-01 1.306544423103332520e+00
3.870635940000000108e-01 1.431538820266723633e+00
3.898945819999999896e-01 1.603802680969238281e+00
3.927256259999999943e-01 1.420057773590087891e+00
3.955567260000000251e-01 1.452359080314636230e+00
3.983878829999999982e-01 1.838503956794738770e+00
4.012190950000000256e-01 2.268009424209594727e+00
4.040503639999999952e-01 2.246955394744873047e+00
4.068816900000000181e-01 2.209829568862915039e+00
4.097130709999999842e-01 2.258869886398315430e+00
4.125445090000000037e-01 2.365194082260131836e+00
4.153760029999999936e-01 2.367532491683959961e+00
4.182075530000000096e-01 2.311697721481323242e+00
4.210391589999999962e-01 2.346862077713012695e+00
4.238708219999999804e-01 2.289768218994140625e+00
4.267025409999999908e-01 2.216777086257934570e+00
4.295343160000000271e-01 2.023099899291992188e+00
4.323661469999999785e-01 2.151200056076049805e+00
4.351980349999999831e-01 2.371068239212036133e+00
4.380299790000000137e-01 2.384339094161987305e+00
4.408619790000000149e-01 2.461916446685791016e+00
4.436940349999999866e-01 2.599328756332397461e+00
4.465261480000000116e-01 2.620123624801635742e+00
4.493583170000000071e-01 2.777862787246704102e+00
4.521905419999999731e-01 2.786381959915161133e+00
4.550228230000000207e-01 2.766598224639892578e+00
4.578551610000000105e-01 2.812528848648071289e+00
4.606875550000000263e-01 2.849144220352172852e+00
4.635200050000000127e-01 2.856041908264160156e+00
4.663525110000000251e-01 2.810966968536376953e+00
4.691850739999999798e-01 2.796874284744262695e+00
4.720176919999999887e-01 2.827799797058105469e+00
4.748503669999999954e-01 2.877921819686889648e+00
4.776830989999999999e-01 2.910435199737548828e+00
4.805158860000000032e-01 2.973048686981201172e+00
4.833487300000000042e-01 2.940530061721801758e+00
4.861816299999999758e-01 2.713106393814086914e+00
4.890145859999999733e-01 2.821565628051757812e+00
4.918475979999999970e-01 2.903553009033203125e+00
4.946806670000000183e-01 2.953223943710327148e+00
4.975137920000000102e-01 2.981586694717407227e+00
5.003469729999999727e-01 2.906493186950683594e+00
5.031802100000000166e-01 2.885572195053100586e+00
5.060135040000000028e-01 2.975272178649902344e+00
5.088468539999999596e-01 2.985138654708862305e+00
5.116802599999999979e-01 3.016726493835449219e+00
5.145137220000000067e-01 2.945605516433715820e+00
5.173472409999999577e-01 2.799100637435913086e+00
5.201808159999999903e-01 2.903891086578369141e+00
5.230144469999999934e-01 3.039688825607299805e+00
5.258481339999999671e-01 3.034950971603393555e+00
5.286818779999999940e-01 3.083954572677612305e+00
5.315156779999999914e-01 3.180064439773559570e+00
5.343495339999999594e-01 3.169468641281127930e+00
5.371834460000000089e-01 3.206779718399047852e+00
5.400174150000000006e-01 3.150788068771362305e+00
5.428514389999999912e-01 3.176124334335327148e+00
5.456855200000000350e-01 3.238498926162719727e+00
5.485196580000000210e-01 3.238043785095214844e+00
5.513538510000000059e-01 3.270815372467041016e+00
5.541881010000000440e-01 3.288305044174194336e+00
5.570224070000000527e-01 3.255039930343627930e+00
5.598567690000000319e-01 3.213375568389892578e+00
5.626911869999999816e-01 3.271127462387084961e+00
5.655256619999999845e-01 3.262074232101440430e+00
5.683601929999999580e-01 3.226156949996948242e+00
5.711947800000000131e-01 3.190369844436645508e+00
5.740294230000000386e-01 3.233949184417724609e+00
5.768641230000000064e-01 3.201320171356201172e+00
5.796988789999999447e-01 3.221580266952514648e+00
5.825336909999999646e-01 3.281375646591186523e+00
5.853685589999999550e-01 3.229854106903076172e+00
5.882034839999999987e-01 3.017218112945556641e+00
5.910384650000000129e-01 2.878743171691894531e+00
5.938735019999999976e-01 2.930809259414672852e+00
5.967085949999999528e-01 2.903919219970703125e+00
5.995437449999999613e-01 2.864192962646484375e+00
6.023789510000000513e-01 2.820158958435058594e+00
6.052142130000000009e-01 2.830636262893676758e+00
6.080495310000000320e-01 2.774076700210571289e+00
6.108849060000000053e-01 2.656320810317993164e+00
6.137203359999999774e-01 2.602676868438720703e+00
6.165558230000000028e-01 2.582483291625976562e+00
6.193913669999999705e-01 2.648738145828247070e+00
6.222269660000000480e-01 2.627873182296752930e+00
6.250626219999999567e-01 2.563217163085937500e+00
6.278983339999999469e-01 2.500483751296997070e+00
6.307341020000000187e-01 2.480839252471923828e+00
6.335699259999999500e-01 2.506984710693359375e+00
6.364058070000000455e-01 2.534651517868041992e+00
6.392417440000000006e-01 2.533877849578857422e+00
6.420777370000000372e-01 2.502777338027954102e+00
6.449137860000000444e-01 2.475485563278198242e+00
6.477498919999999938e-01 2.348943948745727539e+00
6.505860540000000247e-01 2.340155124664306641e+00
6.534222720000000262e-01 2.332095623016357422e+00
6.562585459999999982e-01 2.133311510086059570e+00
6.590948770000000234e-01 2.230729103088378906e+00
6.619312640000000192e-01 2.292468309402465820e+00
6.647677069999999855e-01 2.265215158462524414e+00
6.676042060000000333e-01 2.250629425048828125e+00
6.704407620000000234e-01 2.227727890014648438e+00
6.732773739999999840e-01 2.206192016601562500e+00
6.761140420000000262e-01 2.188242435455322266e+00
6.789507660000000389e-01 2.167448759078979492e+00
6.817875469999999938e-01 2.145662069320678711e+00
6.846243829999999475e-01 2.060514926910400391e+00
6.874612759999999545e-01 1.720491170883178711e+00
6.902982260000000148e-01 1.729809641838073730e+00
6.931352309999999628e-01 1.766870737075805664e+00
6.959722929999999641e-01 1.768894672393798828e+00
6.988094110000000470e-01 1.747485041618347168e+00
7.016465849999999893e-01 1.640838503837585449e+00
7.044838150000000132e-01 1.635930061340332031e+00
7.073211019999999793e-01 1.597873568534851074e+00
7.101584450000000270e-01 1.538149118423461914e+00
7.129958440000000452e-01 1.433553814888000488e+00
7.158332990000000340e-01 1.210336685180664062e+00
7.186708109999999650e-01 8.813178539276123047e-01
7.215083789999999775e-01 8.987901806831359863e-01
7.243460029999999605e-01 8.202608227729797363e-01
7.271836830000000251e-01 7.401206493377685547e-01
7.300214200000000320e-01 6.976097226142883301e-01
7.328592130000000093e-01 7.090449929237365723e-01
7.356970619999999572e-01 7.004616260528564453e-01
7.385349669999999866e-01 6.855978965759277344e-01
7.413729289999999583e-01 6.886910796165466309e-01
7.442109470000000115e-01 6.902602910995483398e-01
7.470490210000000353e-01 6.946409344673156738e-01
7.498871510000000296e-01 6.801043748855590820e-01
7.527253379999999661e-01 6.783991456031799316e-01
7.555635800000000124e-01 6.712490916252136230e-01
7.584018790000000010e-01 5.518596768379211426e-01
7.612402350000000428e-01 2.598556876182556152e-01
7.640786459999999725e-01 3.091961145401000977e-01
7.669171139999999554e-01 4.952307343482971191e-01
7.697556380000000198e-01 6.082221865653991699e-01
7.725942180000000548e-01 6.242674589157104492e-01
7.754328539999999492e-01 6.324721574783325195e-01
7.782715470000000080e-01 6.348851323127746582e-01
7.811102960000000373e-01 6.380140185356140137e-01
7.839491010000000371e-01 6.356514096260070801e-01
7.867879620000000074e-01 6.287505030632019043e-01
7.896268800000000310e-01 6.045902967453002930e-01
7.924658540000000251e-01 6.040890216827392578e-01
7.953048839999999897e-01 6.078055500984191895e-01
7.981439700000000359e-01 6.202599406242370605e-01
8.009831130000000243e-01 6.078410744667053223e-01
8.038223119999999833e-01 6.144928932189941406e-01
8.066615670000000238e-01 6.262173652648925781e-01
8.095008780000000348e-01 6.010245084762573242e-01
8.123402459999999881e-01 5.388385057449340820e-01
8.151796700000000229e-01 4.394178986549377441e-01
8.180191500000000282e-01 4.161176681518554688e-01
8.208586860000000041e-01 4.447852075099945068e-01
8.236982790000000332e-01 4.141464233398437500e-01
8.265379269999999501e-01 4.266655147075653076e-01
8.293776320000000313e-01 3.793005347251892090e-01
8.322173940000000547e-01 3.696932196617126465e-01
8.350572109999999659e-01 3.791124820709228516e-01
8.378970850000000414e-01 3.850777149200439453e-01
8.407370149999999764e-01 3.916592597961425781e-01
8.435770009999999930e-01 3.844406008720397949e-01
8.464170429999999801e-01 3.795683383941650391e-01
8.492571420000000204e-01 3.598470985889434814e-01
8.520972970000000313e-01 3.435330390930175781e-01
8.549375080000000127e-01 3.289654552936553955e-01
8.577777749999999646e-01 3.514195382595062256e-01
8.606180989999999698e-01 3.473670184612274170e-01
8.634584789999999455e-01 3.380635678768157959e-01
8.662989150000000027e-01 3.133840262889862061e-01
8.691394070000000305e-01 3.162692487239837646e-01
8.719799560000000005e-01 3.152450323104858398e-01
8.748205610000000521e-01 3.080519735813140869e-01
8.776612219999999631e-01 3.001690506935119629e-01
8.805019389999999557e-01 2.874674201011657715e-01
8.833427130000000016e-01 2.872453629970550537e-01
8.861835430000000180e-01 2.784174978733062744e-01
8.890244290000000049e-01 2.723280489444732666e-01
8.918653709999999624e-01 2.595140039920806885e-01
8.947063699999999731e-01 2.197550535202026367e-01
8.975474239999999826e-01 1.757503300905227661e-01
9.003885350000000454e-01 1.612106412649154663e-01
9.032297030000000504e-01 1.825258731842041016e-01
9.060709260000000542e-01 1.811342984437942505e-01
9.089122060000000003e-01 1.491740792989730835e-01
9.117535420000000279e-01 1.465365737676620483e-01
9.145949340000000261e-01 1.387198120355606079e-01
9.174363819999999947e-01 1.370906680822372437e-01
9.202778870000000166e-01 1.589506417512893677e-01
9.231194480000000091e-01 1.498204171657562256e-01
9.259610649999999721e-01 1.383765637874603271e-01
9.288027380000000166e-01 1.000196188688278198e-01
9.316444680000000034e-01 5.385643616318702698e-02
9.344862539999999607e-01 3.070963919162750244e-02
9.373280959999999995e-01 3.520196303725242615e-02
9.401699940000000089e-01 5.524052307009696960e-02
9.430119489999999605e-01 4.639812186360359192e-02
9.458539599999999936e-01 4.349702969193458557e-02
9.486960269999999973e-01 4.526892304420471191e-02
9.515381499999999715e-01 4.666035994887351990e-02
9.543803299999999989e-01 4.827551171183586121e-02
9.572225659999999969e-01 5.201574042439460754e-02
9.600648579999999654e-01 5.320437252521514893e-02
9.629072060000000155e-01 6.023742258548736572e-02
9.657496110000000078e-01 6.650377064943313599e-02
9.685920709999999989e-01 8.814740926027297974e-02
9.714345880000000433e-01 9.474565833806991577e-02
9.742771620000000299e-01 8.758880943059921265e-02
9.771197910000000153e-01 9.114552289247512817e-02
9.799624770000000540e-01 9.208775311708450317e-02
9.828052189999999522e-01 1.058738976716995239e-01
9.856480170000000429e-01 1.109785437583923340e-01
9.884908709999999932e-01 1.179649978876113892e-01
9.913337819999999967e-01 1.221198737621307373e-01
9.941767489999999707e-01 1.173785105347633362e-01
9.970197720000000263e-01 1.155661195516586304e-01
9.998628510000000524e-01 1.212106496095657349e-01
1.002705986999999910e+00 1.154306679964065552e-01
1.005549178999999960e+00 1.134461611509323120e-01
1.008392426999999980e+00 1.149694025516510010e-01
1.011235730999999971e+00 1.136965006589889526e-01
1.014079092000000015e+00 1.216031089425086975e-01
1.016922509000000030e+00 1.175197809934616089e-01
1.019765982000000015e+00 1.169309914112091064e-01
1.022609510999999971e+00 1.209951192140579224e-01
1.025453096999999980e+00 1.121638491749763489e-01
1.028296738999999960e+00 1.135936155915260315e-01
1.031140436999999910e+00 1.235614195466041565e-01
1.033984191000000052e+00 1.212850958108901978e-01
1.036828002000000026e+00 1.184833943843841553e-01
1.039671868000000110e+00 1.218854039907455444e-01
1.042515791000000025e+00 1.201450601220130920e-01
1.045359770999999993e+00 1.158266216516494751e-01
