3.615872339999999796e-01 1.359294652938842773e+00
3.644177160000000026e-01 1.446058988571166992e+00
3.672482539999999962e-01 1.575442075729370117e+00
3.700788480000000158e-01 1.588059425354003906e+00
3.729094980000000059e-01 1.465523600578308105e+00
3.757402049999999938e-01 1.496672749519348145e+00
3.785709680000000077e-01 1.651757597923278809e+00
3.814017869999999921e-01 1.423269033432006836e+00
3.842326620000000026e-01 1.289932966232299805e+00
3.870635940000000108e-01 1.429920554161071777e+00
3.898945819999999896e-01 1.582910060882568359e+00
3.927256259999999943e-01 1.398937940597534180e+00
3.955567260000000251e-01 1.422627687454223633e+00
3.983878829999999982e-01 1.821431875228881836e+00
4.012190950000000256e-01 2.246069908142089844e+00
4.040503639999999952e-01 2.245455026626586914e+00
4.068816900000000181e-01 2.226212978363037109e+00
4.097130709999999842e-01 2.240195035934448242e+00
4.125445090000000037e-01 2.315166950225830078e+00
4.153760029999999936e-01 2.358375787734985352e+00
4.182075530000000096e-01 2.292202711105346680e+00
4.210391589999999962e-01 2.307678699493408203e+00
4.238708219999999804e-01 2.255837202072143555e+00
4.267025409999999908e-01 2.204622507095336914e+00
4.295343160000000271e-01 2.000515699386596680e+00
4.323661469999999785e-01 2.126735210418701172e+00
4.351980349999999831e-01 2.307159662246704102e+00
4.380299790000000137e-01 2.333725214004516602e+00
4.408619790000000149e-01 2.426421642303466797e+00
4.436940349999999866e-01 2.561357975006103516e+00
4.465261480000000116e-01 2.564203262329101562e+00
4.493583170000000071e-01 2.722348928451538086e+00
4.521905419999999731e-01 2.740487337112426758e+00
4.550228230000000207e-01 2.719112157821655273e+00
4.578551610000000105e-01 2.763586282730102539e+00
4.606875550000000263e-01 2.776757240295410156e+00
4.635200050000000127e-01 2.807180404663085938e+00
4.663525110000000251e-01 2.747438669204711914e+00
4.691850739999999798e-01 2.736078977584838867e+00
4.720176919999999887e-01 2.752419471740722656e+00
4.748503669999999954e-01 2.821867942810058594e+00
4.776830989999999999e-01 2.847581148147583008e+00
4.805158860000000032e-01 2.906739950180053711e+00
4.833487300000000042e-01 2.895087003707885742e+00
4.861816299999999758e-01 2.661520004272460938e+00
4.890145859999999733e-01 2.765637159347534180e+00
4.918475979999999970e-01 2.840807199478149414e+00
4.946806670000000183e-01 2.893393754959106445e+00
4.975137920000000102e-01 2.904368400573730469e+00
5.003469729999999727e-01 2.831495761871337891e+00
5.031802100000000166e-01 2.819406986236572266e+00
5.060135040000000028e-01 2.907526493072509766e+00
5.088468539999999596e-01 2.914614677429199219e+00
5.116802599999999979e-01 2.949966907501220703e+00
5.145137220000000067e-01 2.877161026000976562e+00
5.173472409999999577e-01 2.723026037216186523e+00
5.201808159999999903e-01 2.845163822174072266e+00
5.230144469999999934e-01 2.978822231292724609e+00
5.258481339999999671e-01 2.978207111358642578e+00
5.286818779999999940e-01 3.006618022918701172e+00
5.315156779999999914e-01 3.111244916915893555e+00
5.343495339999999594e-01 3.098351955413818359e+00
5.371834460000000089e-01 3.136911153793334961e+00
5.400174150000000006e-01 3.085474729537963867e+00
5.428514389999999912e-01 3.106541633605957031e+00
5.456855200000000350e-01 3.152951478958129883e+00
5.485196580000000210e-01 3.160484075546264648e+00
5.513538510000000059e-01 3.194376707077026367e+00
5.541881010000000440e-01 3.221550464630126953e+00
5.570224070000000527e-01 3.190835237503051758e+00
5.598567690000000319e-01 3.141712665557861328e+00
5.626911869999999816e-01 3.191347837448120117e+00
5.655256619999999845e-01 3.179429054260253906e+00
5.683601929999999580e-01 3.145667791366577148e+00
5.711947800000000131e-01 3.113958358764648438e+00
5.740294230000000386e-01 3.163121938705444336e+00
5.768641230000000064e-01 3.134904384613037109e+00
5.796988789999999447e-01 3.137282609939575195e+00
5.825336909999999646e-01 3.206881761550903320e+00
5.853685589999999550e-01 3.149607658386230469e+00
5.882034839999999987e-01 2.944689273834228516e+00
5.910384650000000129e-01 2.816247940063476562e+00
5.938735019999999976e-01 2.845827817916870117e+00
5.967085949999999528e-01 2.833073139190673828e+00
5.995437449999999613e-01 2.780534267425537109e+00
6.023789510000000513e-01 2.728591203689575195e+00
6.052142130000000009e-01 2.741275548934936523e+00
6.080495310000000320e-01 2.690063476562500000e+00
6.108849060000000053e-01 2.587069034576416016e+00
6.137203359999999774e-01 2.539327144622802734e+00
6.165558230000000028e-01 2.504789590835571289e+00
6.193913669999999705e-01 2.557605266571044922e+00
6.222269660000000480e-01 2.548067092895507812e+00
6.250626219999999567e-01 2.477710008621215820e+00
6.278983339999999469e-01 2.418297052383422852e+00
6.307341020000000187e-01 2.390728950500488281e+00
6.335699259999999500e-01 2.413559913635253906e+00
6.364058070000000455e-01 2.442599296569824219e+00
6.392417440000000006e-01 2.444071292877197266e+00
6.420777370000000372e-01 2.412276506423950195e+00
6.449137860000000444e-01 2.378202676773071289e+00
6.477498919999999938e-01 2.269207715988159180e+00
6.505860540000000247e-01 2.247960567474365234e+00
6.534222720000000262e-01 2.239718198776245117e+00
6.562585459999999982e-01 2.049575805664062500e+00
6.590948770000000234e-01 2.139741420745849609e+00
6.619312640000000192e-01 2.195287704467773438e+00
6.647677069999999855e-01 2.173490047454833984e+00
6.676042060000000333e-01 2.145361423492431641e+00
6.704407620000000234e-01 2.121789216995239258e+00
6.732773739999999840e-01 2.095236778259277344e+00
6.761140420000000262e-01 2.086634159088134766e+00
6.789507660000000389e-01 2.064671277999877930e+00
6.817875469999999938e-01 2.037854194641113281e+00
6.846243829999999475e-01 1.960722446441650391e+00
6.874612759999999545e-01 1.636408090591430664e+00
6.902982260000000148e-01 1.658420562744140625e+00
6.931352309999999628e-01 1.685224771499633789e+00
6.959722929999999641e-01 1.687694668769836426e+00
6.988094110000000470e-01 1.663438081741333008e+00
7.016465849999999893e-01 1.552589893341064453e+00
7.044838150000000132e-01 1.551757931709289551e+00
7.073211019999999793e-01 1.508587718009948730e+00
7.101584450000000270e-01 1.447265028953552246e+00
7.129958440000000452e-01 1.351528525352478027e+00
7.158332990000000340e-01 1.132983326911926270e+00
7.186708109999999650e-01 8.266275525093078613e-01
7.215083789999999775e-01 8.387104272842407227e-01
7.243460029999999605e-01 7.612342238426208496e-01
7.271836830000000251e-01 6.913925409317016602e-01
7.300214200000000320e-01 6.474272608757019043e-01
7.328592130000000093e-01 6.608834862709045410e-01
7.356970619999999572e-01 6.534004807472229004e-01
7.385349669999999866e-01 6.404608488082885742e-01
7.413729289999999583e-01 6.388023495674133301e-01
7.442109470000000115e-01 6.421556472778320312e-01
7.470490210000000353e-01 6.449467539787292480e-01
7.498871510000000296e-01 6.313368082046508789e-01
7.527253379999999661e-01 6.271206736564636230e-01
7.555635800000000124e-01 6.159645318984985352e-01
7.584018790000000010e-01 5.135866403579711914e-01
7.612402350000000428e-01 2.389830052852630615e-01
7.640786459999999725e-01 2.899212539196014404e-01
7.669171139999999554e-01 4.624427855014801025e-01
7.697556380000000198e-01 5.679355263710021973e-01
7.725942180000000548e-01 5.820107460021972656e-01
7.754328539999999492e-01 5.845102667808532715e-01
7.782715470000000080e-01 5.847250223159790039e-01
7.811102960000000373e-01 5.927274823188781738e-01
7.839491010000000371e-01 5.861164331436157227e-01
7.867879620000000074e-01 5.779612064361572266e-01
7.896268800000000310e-01 5.590026378631591797e-01
7.924658540000000251e-01 5.632660388946533203e-01
7.953048839999999897e-01 5.670160651206970215e-01
7.981439700000000359e-01 5.754268169403076172e-01
8.009831130000000243e-01 5.679537653923034668e-01
8.038223119999999833e-01 5.681909322738647461e-01
8.066615670000000238e-01 5.795426368713378906e-01
8.095008780000000348e-01 5.545839071273803711e-01
8.123402459999999881e-01 4.892004132270812988e-01
8.151796700000000229e-01 4.036734700202941895e-01
8.180191500000000282e-01 3.817360103130340576e-01
8.208586860000000041e-01 4.073140323162078857e-01
8.236982790000000332e-01 3.777290880680084229e-01
8.265379269999999501e-01 3.940784335136413574e-01
8.293776320000000313e-01 3.505020439624786377e-01
8.322173940000000547e-01 3.368671834468841553e-01
8.350572109999999659e-01 3.448327481746673584e-01
8.378970850000000414e-01 3.530868291854858398e-01
8.407370149999999764e-01 3.533173203468322754e-01
8.435770009999999930e-01 3.482371568679809570e-01
8.464170429999999801e-01 3.455998599529266357e-01
8.492571420000000204e-01 3.290127515792846680e-01
8.520972970000000313e-01 3.168509900569915771e-01
8.549375080000000127e-01 2.975417673587799072e-01
8.577777749999999646e-01 3.216373026371002197e-01
8.606180989999999698e-01 3.115056455135345459e-01
8.634584789999999455e-01 3.066123723983764648e-01
8.662989150000000027e-01 2.851209342479705811e-01
8.691394070000000305e-01 2.917982339859008789e-01
8.719799560000000005e-01 2.903622090816497803e-01
8.748205610000000521e-01 2.812509238719940186e-01
8.776612219999999631e-01 2.718433737754821777e-01
8.805019389999999557e-01 2.638275921344757080e-01
8.833427130000000016e-01 2.600910961627960205e-01
8.861835430000000180e-01 2.475772053003311157e-01
8.890244290000000049e-01 2.489956170320510864e-01
8.918653709999999624e-01 2.361738681793212891e-01
8.947063699999999731e-01 1.976579576730728149e-01
8.975474239999999826e-01 1.571603715419769287e-01
9.003885350000000454e-01 1.440557390451431274e-01
9.032297030000000504e-01 1.651328802108764648e-01
9.060709260000000542e-01 1.663810163736343384e-01
9.089122060000000003e-01 1.334347873926162720e-01
9.117535420000000279e-01 1.343309879302978516e-01
9.145949340000000261e-01 1.266205757856369019e-01
9.174363819999999947e-01 1.248351037502288818e-01
9.202778870000000166e-01 1.442431211471557617e-01
9.231194480000000091e-01 1.342986524105072021e-01
9.259610649999999721e-01 1.239140704274177551e-01
9.288027380000000166e-01 9.112321585416793823e-02
9.316444680000000034e-01 5.116893723607063293e-02
9.344862539999999607e-01 3.041472285985946655e-02
9.373280959999999995e-01 3.346369415521621704e-02
9.401699940000000089e-01 4.685484990477561951e-02
9.430119489999999605e-01 4.039184749126434326e-02
9.458539599999999936e-01 3.904396668076515198e-02
9.486960269999999973e-01 4.330826550722122192e-02
9.515381499999999715e-01 3.849326074123382568e-02
9.543803299999999989e-01 4.070262238383293152e-02
9.572225659999999969e-01 4.747242853045463562e-02
9.600648579999999654e-01 5.089288577437400818e-02
9.629072060000000155e-01 5.638812482357025146e-02
9.657496110000000078e-01 5.968710407614707947e-02
9.685920709999999989e-01 8.103385567665100098e-02
9.714345880000000433e-01 8.702684938907623291e-02
9.742771620000000299e-01 7.333758473396301270e-02
9.771197910000000153e-01 7.723543792963027954e-02
9.799624770000000540e-01 8.326444774866104126e-02
9.828052189999999522e-01 9.805380553007125854e-02
9.856480170000000429e-01 9.848304092884063721e-02
9.884908709999999932e-01 1.023344025015830994e-01
9.913337819999999967e-01 1.027881950139999390e-01
9.941767489999999707e-01 1.030032187700271606e-01
9.970197720000000263e-01 1.066571846604347229e-01
9.998628510000000524e-01 9.878667443990707397e-02
1.002705986999999910e+00 9.645131230354309082e-02
1.005549178999999960e+00 1.000757589936256409e-01
1.008392426999999980e+00 9.778147935867309570e-02
1.011235730999999971e+00 1.028740555047988892e-01
1.014079092000000015e+00 1.004987582564353943e-01
1.016922509000000030e+00 1.000427901744842529e-01
1.019765982000000015e+00 1.047559529542922974e-01
1.022609510999999971e+00 9.705031663179397583e-02
1.025453096999999980e+00 1.003467440605163574e-01
1.028296738999999960e+00 1.059196144342422485e-01
1.031140436999999910e+00 9.841059893369674683e-02
1.033984191000000052e+00 9.981543570756912231e-02
1.036828002000000026e+00 1.060678809881210327e-01
1.039671868000000110e+00 1.055225804448127747e-01
1.042515791000000025e+00 1.028139293193817139e-01
1.045359770999999993e+00 1.010979339480400085e-01
