3.615872339999999796e-01 1.325834512710571289e+00
3.644177160000000026e-01 1.450162649154663086e+00
3.672482539999999962e-01 1.540721774101257324e+00
3.700788480000000158e-01 1.559845685958862305e+00
3.729094980000000059e-01 1.377269268035888672e+00
3.757402049999999938e-01 1.497613310813903809e+00
3.785709680000000077e-01 1.655255079269409180e+00
3.814017869999999921e-01 1.409665584564208984e+00
3.842326620000000026e-01 1.304532408714294434e+00
3.870635940000000108e-01 1.442612886428833008e+00
3.898945819999999896e-01 1.594351887702941895e+00
3.927256259999999943e-01 1.406897306442260742e+00
3.955567260000000251e-01 1.456312894821166992e+00
3.983878829999999982e-01 1.819517254829406738e+00
4.012190950000000256e-01 2.239800453186035156e+00
4.040503639999999952e-01 2.248517036437988281e+00
4.068816900000000181e-01 2.200164794921875000e+00
4.097130709999999842e-01 2.248883247375488281e+00
4.125445090000000037e-01 2.355959177017211914e+00
4.153760029999999936e-01 2.372302532196044922e+00
4.182075530000000096e-01 2.296637773513793945e+00
4.210391589999999962e-01 2.302344560623168945e+00
4.238708219999999804e-01 2.254558801651000977e+00
4.267025409999999908e-01 2.225407600402832031e+00
4.295343160000000271e-01 2.015750169754028320e+00
4.323661469999999785e-01 2.146816968917846680e+00
4.351980349999999831e-01 2.328529119491577148e+00
4.380299790000000137e-01 2.353268384933471680e+00
4.408619790000000149e-01 2.452659368515014648e+00
4.436940349999999866e-01 2.589288473129272461e+00
4.465261480000000116e-01 2.591977357864379883e+00
4.493583170000000071e-01 2.739420652389526367e+00
4.521905419999999731e-01 2.771864175796508789e+00
4.550228230000000207e-01 2.739170789718627930e+00
4.578551610000000105e-01 2.805953264236450195e+00
4.606875550000000263e-01 2.821612358093261719e+00
4.635200050000000127e-01 2.842379570007324219e+00
4.663525110000000251e-01 2.792684555053710938e+00
4.691850739999999798e-01 2.775884628295898438e+00
4.720176919999999887e-01 2.810794591903686523e+00
4.748503669999999954e-01 2.880122900009155273e+00
4.776830989999999999e-01 2.893868684768676758e+00
4.805158860000000032e-01 2.955144166946411133e+00
4.833487300000000042e-01 2.922297954559326172e+00
4.861816299999999758e-01 2.700949668884277344e+00
4.890145859999999733e-01 2.812846422195434570e+00
4.918475979999999970e-01 2.894316673278808594e+00
4.946806670000000183e-01 2.941568851470947266e+00
4.975137920000000102e-01 2.956765890121459961e+00
5.003469729999999727e-01 2.878945827484130859e+00
5.031802100000000166e-01 2.862573623657226562e+00
5.060135040000000028e-01 2.959319829940795898e+00
5.088468539999999596e-01 2.968923091888427734e+00
5.116802599999999979e-01 2.992590427398681641e+00
5.145137220000000067e-01 2.919373989105224609e+00
5.173472409999999577e-01 2.782635450363159180e+00
5.201808159999999903e-01 2.890468120574951172e+00
5.230144469999999934e-01 3.028417348861694336e+00
5.258481339999999671e-01 3.009685754776000977e+00
5.286818779999999940e-01 3.053095340728759766e+00
5.315156779999999914e-01 3.163843393325805664e+00
5.343495339999999594e-01 3.151165246963500977e+00
5.371834460000000089e-01 3.195509433746337891e+00
5.400174150000000006e-01 3.138938426971435547e+00
5.428514389999999912e-01 3.158982992172241211e+00
5.456855200000000350e-01 3.219954252243041992e+00
5.485196580000000210e-01 3.219261646270751953e+00
5.513538510000000059e-01 3.252316474914550781e+00
5.541881010000000440e-01 3.279917716979980469e+00
5.570224070000000527e-01 3.242102146148681641e+00
5.598567690000000319e-01 3.207292556762695312e+00
5.626911869999999816e-01 3.245736598968505859e+00
5.655256619999999845e-01 3.236288547515869141e+00
5.683601929999999580e-01 3.208726644515991211e+00
5.711947800000000131e-01 3.176718950271606445e+00
5.740294230000000386e-01 3.224692583084106445e+00
5.768641230000000064e-01 3.182960510253906250e+00
5.796988789999999447e-01 3.201077938079833984e+00
5.825336909999999646e-01 3.262804985046386719e+00
5.853685589999999550e-01 3.218934535980224609e+00
5.882034839999999987e-01 3.009065628051757812e+00
5.910384650000000129e-01 2.868440389633178711e+00
5.938735019999999976e-01 2.915273189544677734e+00
5.967085949999999528e-01 2.899684429168701172e+00
5.995437449999999613e-01 2.849848985671997070e+00
6.023789510000000513e-01 2.802145719528198242e+00
6.052142130000000009e-01 2.812901258468627930e+00
6.080495310000000320e-01 2.766025543212890625e+00
6.108849060000000053e-01 2.647841930389404297e+00
6.137203359999999774e-01 2.590885639190673828e+00
6.165558230000000028e-01 2.579987287521362305e+00
6.193913669999999705e-01 2.631567239761352539e+00
6.222269660000000480e-01 2.618049860000610352e+00
6.250626219999999567e-01 2.555473804473876953e+00
6.278983339999999469e-01 2.492396116256713867e+00
6.307341020000000187e-01 2.469276428222656250e+00
6.335699259999999500e-01 2.489975452423095703e+00
6.364058070000000455e-01 2.521101713180541992e+00
6.392417440000000006e-01 2.522690057754516602e+00
6.420777370000000372e-01 2.492674350738525391e+00
6.449137860000000444e-01 2.452748537063598633e+00
6.477498919999999938e-01 2.341043472290039062e+00
6.505860540000000247e-01 2.326115608215332031e+00
6.534222720000000262e-01 2.317527770996093750e+00
6.562585459999999982e-01 2.127243280410766602e+00
6.590948770000000234e-01 2.222981691360473633e+00
6.619312640000000192e-01 2.284026384353637695e+00
6.647677069999999855e-01 2.265365600585937500e+00
6.676042060000000333e-01 2.237893581390380859e+00
6.704407620000000234e-01 2.214346408843994141e+00
6.732773739999999840e-01 2.183987140655517578e+00
6.761140420000000262e-01 2.172640085220336914e+00
6.789507660000000389e-01 2.158608436584472656e+00
6.817875469999999938e-01 2.128423690795898438e+00
6.846243829999999475e-01 2.055653095245361328e+00
6.874612759999999545e-01 1.713642716407775879e+00
6.902982260000000148e-01 1.730410337448120117e+00
6.931352309999999628e-01 1.761606454849243164e+00
6.959722929999999641e-01 1.761534571647644043e+00
6.988094110000000470e-01 1.739799976348876953e+00
7.016465849999999893e-01 1.635586738586425781e+00
7.044838150000000132e-01 1.625080227851867676e+00
7.073211019999999793e-01 1.581634759902954102e+00
7.101584450000000270e-01 1.520061492919921875e+00
7.129958440000000452e-01 1.421842575073242188e+00
7.158332990000000340e-01 1.204021573066711426e+00
7.186708109999999650e-01 8.740651011466979980e-01
7.215083789999999775e-01 8.974342942237854004e-01
7.243460029999999605e-01 8.112753629684448242e-01
7.271836830000000251e-01 7.377472519874572754e-01
7.300214200000000320e-01 6.844304800033569336e-01
7.328592130000000093e-01 7.005473971366882324e-01
7.356970619999999572e-01 6.945631504058837891e-01
7.385349669999999866e-01 6.713632345199584961e-01
7.413729289999999583e-01 6.736163496971130371e-01
7.442109470000000115e-01 6.836577653884887695e-01
7.470490210000000353e-01 6.809421181678771973e-01
7.498871510000000296e-01 6.744248270988464355e-01
7.527253379999999661e-01 6.643185019493103027e-01
7.555635800000000124e-01 6.507484316825866699e-01
7.584018790000000010e-01 5.388306379318237305e-01
7.612402350000000428e-01 2.532337009906768799e-01
7.640786459999999725e-01 3.054109811782836914e-01
7.669171139999999554e-01 4.926024973392486572e-01
7.697556380000000198e-01 5.937340855598449707e-01
7.725942180000000548e-01 6.195478439331054688e-01
7.754328539999999492e-01 6.198331117630004883e-01
7.782715470000000080e-01 6.215810775756835938e-01
7.811102960000000373e-01 6.239714026451110840e-01
7.839491010000000371e-01 6.301821470260620117e-01
7.867879620000000074e-01 6.142848134040832520e-01
7.896268800000000310e-01 5.957207679748535156e-01
7.924658540000000251e-01 5.938697457313537598e-01
7.953048839999999897e-01 5.999622344970703125e-01
7.981439700000000359e-01 6.074640154838562012e-01
8.009831130000000243e-01 6.048824787139892578e-01
8.038223119999999833e-01 6.041939854621887207e-01
8.066615670000000238e-01 6.112146377563476562e-01
8.095008780000000348e-01 5.846015214920043945e-01
8.123402459999999881e-01 5.290564298629760742e-01
8.151796700000000229e-01 4.300389289855957031e-01
8.180191500000000282e-01 4.088032543659210205e-01
8.208586860000000041e-01 4.350945353507995605e-01
8.236982790000000332e-01 4.021327495574951172e-01
8.265379269999999501e-01 4.184419810771942139e-01
8.293776320000000313e-01 3.698858320713043213e-01
8.322173940000000547e-01 3.608045279979705811e-01
8.350572109999999659e-01 3.639737665653228760e-01
8.378970850000000414e-01 3.740220367908477783e-01
8.407370149999999764e-01 3.749680519104003906e-01
8.435770009999999930e-01 3.676859736442565918e-01
8.464170429999999801e-01 3.685937523841857910e-01
8.492571420000000204e-01 3.510269522666931152e-01
8.520972970000000313e-01 3.329054117202758789e-01
8.549375080000000127e-01 3.188326954841613770e-01
8.577777749999999646e-01 3.380383551120758057e-01
8.606180989999999698e-01 3.331200480461120605e-01
8.634584789999999455e-01 3.278461396694183350e-01
8.662989150000000027e-01 3.024994730949401855e-01
8.691394070000000305e-01 3.042302727699279785e-01
8.719799560000000005e-01 3.028328418731689453e-01
8.748205610000000521e-01 2.943979501724243164e-01
8.776612219999999631e-01 2.877586483955383301e-01
8.805019389999999557e-01 2.756938040256500244e-01
8.833427130000000016e-01 2.747169733047485352e-01
8.861835430000000180e-01 2.650121748447418213e-01
8.890244290000000049e-01 2.615434825420379639e-01
8.918653709999999624e-01 2.453411966562271118e-01
8.947063699999999731e-01 2.091082781553268433e-01
8.975474239999999826e-01 1.669656187295913696e-01
9.003885350000000454e-01 1.527052372694015503e-01
9.032297030000000504e-01 1.731226742267608643e-01
9.060709260000000542e-01 1.721203327178955078e-01
9.089122060000000003e-01 1.430939584970474243e-01
9.117535420000000279e-01 1.436454504728317261e-01
9.145949340000000261e-01 1.292750984430313110e-01
9.174363819999999947e-01 1.294325143098831177e-01
9.202778870000000166e-01 1.504925489425659180e-01
9.231194480000000091e-01 1.405751705169677734e-01
9.259610649999999721e-01 1.314075291156768799e-01
9.288027380000000166e-01 9.244070947170257568e-02
9.316444680000000034e-01 5.096543207764625549e-02
9.344862539999999607e-01 2.837709896266460419e-02
9.373280959999999995e-01 3.126259520649909973e-02
9.401699940000000089e-01 5.351426824927330017e-02
9.430119489999999605e-01 4.310294613242149353e-02
9.458539599999999936e-01 3.913831338286399841e-02
9.486960269999999973e-01 4.261136427521705627e-02
9.515381499999999715e-01 4.348753765225410461e-02
9.543803299999999989e-01 4.615722596645355225e-02
9.572225659999999969e-01 4.869234934449195862e-02
9.600648579999999654e-01 5.217737331986427307e-02
9.629072060000000155e-01 5.732456594705581665e-02
9.657496110000000078e-01 6.582672148942947388e-02
9.685920709999999989e-01 8.451986312866210938e-02
9.714345880000000433e-01 8.909769356250762939e-02
9.742771620000000299e-01 8.221115916967391968e-02
9.771197910000000153e-01 8.521721512079238892e-02
9.799624770000000540e-01 8.873707801103591919e-02
9.828052189999999522e-01 9.511180222034454346e-02
9.856480170000000429e-01 9.916684776544570923e-02
9.884908709999999932e-01 1.083090528845787048e-01
9.913337819999999967e-01 1.091197505593299866e-01
9.941767489999999707e-01 1.094753518700599670e-01
9.970197720000000263e-01 1.113368421792984009e-01
9.998628510000000524e-01 1.084566637873649597e-01
1.002705986999999910e+00 1.042469739913940430e-01
1.005549178999999960e+00 1.020054668188095093e-01
1.008392426999999980e+00 1.060902476310729980e-01
1.011235730999999971e+00 1.085793450474739075e-01
1.014079092000000015e+00 1.106565520167350769e-01
1.016922509000000030e+00 1.094091311097145081e-01
1.019765982000000015e+00 1.087584197521209717e-01
1.022609510999999971e+00 1.033813208341598511e-01
1.025453096999999980e+00 1.074316427111625671e-01
1.028296738999999960e+00 1.086893677711486816e-01
1.031140436999999910e+00 1.116302460432052612e-01
1.033984191000000052e+00 1.181109398603439331e-01
1.036828002000000026e+00 1.118403077125549316e-01
1.039671868000000110e+00 1.082793548703193665e-01
1.042515791000000025e+00 1.129281595349311829e-01
1.045359770999999993e+00 1.075269654393196106e-01
