3.615872339999999796e-01 1.269718766212463379e+00
3.644177160000000026e-01 1.458601117134094238e+00
3.672482539999999962e-01 1.573622822761535645e+00
3.700788480000000158e-01 1.560746669769287109e+00
3.729094980000000059e-01 1.409342765808105469e+00
3.757402049999999938e-01 1.479346513748168945e+00
3.785709680000000077e-01 1.657761454582214355e+00
3.814017869999999921e-01 1.424023628234863281e+00
3.842326620000000026e-01 1.304074764251708984e+00
3.870635940000000108e-01 1.439869642257690430e+00
3.898945819999999896e-01 1.590715885162353516e+00
3.927256259999999943e-01 1.418797850608825684e+00
3.955567260000000251e-01 1.450610280036926270e+00
3.983878829999999982e-01 1.832116365432739258e+00
4.012190950000000256e-01 2.249371528625488281e+00
4.040503639999999952e-01 2.246258020401000977e+00
4.068816900000000181e-01 2.213473558425903320e+00
4.097130709999999842e-01 2.252624511718750000e+00
4.125445090000000037e-01 2.361797094345092773e+00
4.153760029999999936e-01 2.361557245254516602e+00
4.182075530000000096e-01 2.307873725891113281e+00
4.210391589999999962e-01 2.327233791351318359e+00
4.238708219999999804e-01 2.245915174484252930e+00
4.267025409999999908e-01 2.219154596328735352e+00
4.295343160000000271e-01 2.030291557312011719e+00
4.323661469999999785e-01 2.165018796920776367e+00
4.351980349999999831e-01 2.362515211105346680e+00
4.380299790000000137e-01 2.377876996994018555e+00
4.408619790000000149e-01 2.456367015838623047e+00
4.436940349999999866e-01 2.596888303756713867e+00
4.465261480000000116e-01 2.612065792083740234e+00
4.493583170000000071e-01 2.756755352020263672e+00
4.521905419999999731e-01 2.780987501144409180e+00
4.550228230000000207e-01 2.764597177505493164e+00
4.578551610000000105e-01 2.809880256652832031e+00
4.606875550000000263e-01 2.837184667587280273e+00
4.635200050000000127e-01 2.859783649444580078e+00
4.663525110000000251e-01 2.803390026092529297e+00
4.691850739999999798e-01 2.796119928359985352e+00
4.720176919999999887e-01 2.826681852340698242e+00
4.748503669999999954e-01 2.891250848770141602e+00
4.776830989999999999e-01 2.910644769668579102e+00
4.805158860000000032e-01 2.974541902542114258e+00
4.833487300000000042e-01 2.944006204605102539e+00
4.861816299999999758e-01 2.709187984466552734e+00
4.890145859999999733e-01 2.826086997985839844e+00
4.918475979999999970e-01 2.895968198776245117e+00
4.946806670000000183e-01 2.961984157562255859e+00
4.975137920000000102e-01 2.979902029037475586e+00
5.003469729999999727e-01 2.904294729232788086e+00
5.031802100000000166e-01 2.872037649154663086e+00
5.060135040000000028e-01 2.968160629272460938e+00
5.088468539999999596e-01 2.982524871826171875e+00
5.116802599999999979e-01 3.010873317718505859e+00
5.145137220000000067e-01 2.942290544509887695e+00
5.173472409999999577e-01 2.788187742233276367e+00
5.201808159999999903e-01 2.912939310073852539e+00
5.230144469999999934e-01 3.035244941711425781e+00
5.258481339999999671e-01 3.043204069137573242e+00
5.286818779999999940e-01 3.081556081771850586e+00
5.315156779999999914e-01 3.177515029907226562e+00
5.343495339999999594e-01 3.171860933303833008e+00
5.371834460000000089e-01 3.218696832656860352e+00
5.400174150000000006e-01 3.148095846176147461e+00
5.428514389999999912e-01 3.177284479141235352e+00
5.456855200000000350e-01 3.232970476150512695e+00
5.485196580000000210e-01 3.246147632598876953e+00
5.513538510000000059e-01 3.277155637741088867e+00
5.541881010000000440e-01 3.295280933380126953e+00
5.570224070000000527e-01 3.257926464080810547e+00
5.598567690000000319e-01 3.225536584854125977e+00
5.626911869999999816e-01 3.264899015426635742e+00
5.655256619999999845e-01 3.262418508529663086e+00
5.683601929999999580e-01 3.234716176986694336e+00
5.711947800000000131e-01 3.199426174163818359e+00
5.740294230000000386e-01 3.245062351226806641e+00
5.768641230000000064e-01 3.205206394195556641e+00
5.796988789999999447e-01 3.222550392150878906e+00
5.825336909999999646e-01 3.295061588287353516e+00
5.853685589999999550e-01 3.236020803451538086e+00
5.882034839999999987e-01 3.025744199752807617e+00
5.910384650000000129e-01 2.892253637313842773e+00
5.938735019999999976e-01 2.933476924896240234e+00
5.967085949999999528e-01 2.916785955429077148e+00
5.995437449999999613e-01 2.864257812500000000e+00
6.023789510000000513e-01 2.826660871505737305e+00
6.052142130000000009e-01 2.826414108276367188e+00
6.080495310000000320e-01 2.786677360534667969e+00
6.108849060000000053e-01 2.687996149063110352e+00
6.137203359999999774e-01 2.617650747299194336e+00
6.165558230000000028e-01 2.591986417770385742e+00
6.193913669999999705e-01 2.649741411209106445e+00
6.222269660000000480e-01 2.642535924911499023e+00
6.250626219999999567e-01 2.569547176361083984e+00
6.278983339999999469e-01 2.507318258285522461e+00
6.307341020000000187e-01 2.486754179000854492e+00
6.335699259999999500e-01 2.515027761459350586e+00
6.364058070000000455e-01 2.538384914398193359e+00
6.392417440000000006e-01 2.540456056594848633e+00
6.420777370000000372e-01 2.509525537490844727e+00
6.449137860000000444e-01 2.467578411102294922e+00
6.477498919999999938e-01 2.355432033538818359e+00
6.505860540000000247e-01 2.344363689422607422e+00
6.534222720000000262e-01 2.341060161590576172e+00
6.562585459999999982e-01 2.148147583007812500e+00
6.590948770000000234e-01 2.243485689163208008e+00
6.619312640000000192e-01 2.296549081802368164e+00
6.647677069999999855e-01 2.271384000778198242e+00
6.676042060000000333e-01 2.263862848281860352e+00
6.704407620000000234e-01 2.229950428009033203e+00
6.732773739999999840e-01 2.202378511428833008e+00
6.761140420000000262e-01 2.193338632583618164e+00
6.789507660000000389e-01 2.183567047119140625e+00
6.817875469999999938e-01 2.151060342788696289e+00
6.846243829999999475e-01 2.062453985214233398e+00
6.874612759999999545e-01 1.723766326904296875e+00
6.902982260000000148e-01 1.743076443672180176e+00
6.931352309999999628e-01 1.771027803421020508e+00
6.959722929999999641e-01 1.769409179687500000e+00
6.988094110000000470e-01 1.748793959617614746e+00
7.016465849999999893e-01 1.645318984985351562e+00
7.044838150000000132e-01 1.638423800468444824e+00
7.073211019999999793e-01 1.599394083023071289e+00
7.101584450000000270e-01 1.537945866584777832e+00
7.129958440000000452e-01 1.433013081550598145e+00
7.158332990000000340e-01 1.209692478179931641e+00
7.186708109999999650e-01 8.784228563308715820e-01
7.215083789999999775e-01 8.983588814735412598e-01
7.243460029999999605e-01 8.186819553375244141e-01
7.271836830000000251e-01 7.410725355148315430e-01
7.300214200000000320e-01 6.935212016105651855e-01
7.328592130000000093e-01 7.065643668174743652e-01
7.356970619999999572e-01 7.003724575042724609e-01
7.385349669999999866e-01 6.869537830352783203e-01
7.413729289999999583e-01 6.845781803131103516e-01
7.442109470000000115e-01 6.840623021125793457e-01
7.470490210000000353e-01 6.911564469337463379e-01
7.498871510000000296e-01 6.772971153259277344e-01
7.527253379999999661e-01 6.679921746253967285e-01
7.555635800000000124e-01 6.641561388969421387e-01
7.584018790000000010e-01 5.455516576766967773e-01
7.612402350000000428e-01 2.550227046012878418e-01
7.640786459999999725e-01 3.129768669605255127e-01
7.669171139999999554e-01 4.980511367321014404e-01
7.697556380000000198e-01 6.045933961868286133e-01
7.725942180000000548e-01 6.227649450302124023e-01
7.754328539999999492e-01 6.335949897766113281e-01
7.782715470000000080e-01 6.317198276519775391e-01
7.811102960000000373e-01 6.320914626121520996e-01
7.839491010000000371e-01 6.295239329338073730e-01
7.867879620000000074e-01 6.201295852661132812e-01
7.896268800000000310e-01 6.052627563476562500e-01
7.924658540000000251e-01 6.047594547271728516e-01
7.953048839999999897e-01 6.101212501525878906e-01
7.981439700000000359e-01 6.166901588439941406e-01
8.009831130000000243e-01 6.125100851058959961e-01
8.038223119999999833e-01 6.059851646423339844e-01
8.066615670000000238e-01 6.232907176017761230e-01
8.095008780000000348e-01 5.969152450561523438e-01
8.123402459999999881e-01 5.307886004447937012e-01
8.151796700000000229e-01 4.391926527023315430e-01
8.180191500000000282e-01 4.109225571155548096e-01
8.208586860000000041e-01 4.431701600551605225e-01
8.236982790000000332e-01 4.043663740158081055e-01
8.265379269999999501e-01 4.244172871112823486e-01
8.293776320000000313e-01 3.777329027652740479e-01
8.322173940000000547e-01 3.636926710605621338e-01
8.350572109999999659e-01 3.742883205413818359e-01
8.378970850000000414e-01 3.834396004676818848e-01
8.407370149999999764e-01 3.832446336746215820e-01
8.435770009999999930e-01 3.770233392715454102e-01
8.464170429999999801e-01 3.703003525733947754e-01
8.492571420000000204e-01 3.521666526794433594e-01
8.520972970000000313e-01 3.359723389148712158e-01
8.549375080000000127e-01 3.238570392131805420e-01
8.577777749999999646e-01 3.410470783710479736e-01
8.606180989999999698e-01 3.377104997634887695e-01
8.634584789999999455e-01 3.295516669750213623e-01
8.662989150000000027e-01 3.056272566318511963e-01
8.691394070000000305e-01 3.146866858005523682e-01
8.719799560000000005e-01 3.111140727996826172e-01
8.748205610000000521e-01 2.993845939636230469e-01
8.776612219999999631e-01 2.953443527221679688e-01
8.805019389999999557e-01 2.810449004173278809e-01
8.833427130000000016e-01 2.772454023361206055e-01
8.861835430000000180e-01 2.684262692928314209e-01
8.890244290000000049e-01 2.658842206001281738e-01
8.918653709999999624e-01 2.489211857318878174e-01
8.947063699999999731e-01 2.121246755123138428e-01
8.975474239999999826e-01 1.708295494318008423e-01
9.003885350000000454e-01 1.541386395692825317e-01
9.032297030000000504e-01 1.778811216354370117e-01
9.060709260000000542e-01 1.786722838878631592e-01
9.089122060000000003e-01 1.458798199892044067e-01
9.117535420000000279e-01 1.417473405599594116e-01
9.145949340000000261e-01 1.321024745702743530e-01
9.174363819999999947e-01 1.365060508251190186e-01
9.202778870000000166e-01 1.548554301261901855e-01
9.231194480000000091e-01 1.437360346317291260e-01
9.259610649999999721e-01 1.336357891559600830e-01
9.288027380000000166e-01 9.826900810003280640e-02
9.316444680000000034e-01 5.393516272306442261e-02
9.344862539999999607e-01 2.836599014699459076e-02
9.373280959999999995e-01 3.361362963914871216e-02
9.401699940000000089e-01 4.985382407903671265e-02
9.430119489999999605e-01 4.556420072913169861e-02
9.458539599999999936e-01 4.045957699418067932e-02
9.486960269999999973e-01 4.283990338444709778e-02
9.515381499999999715e-01 4.813705012202262878e-02
9.543803299999999989e-01 4.654262214899063110e-02
9.572225659999999969e-01 5.346736684441566467e-02
9.600648579999999654e-01 5.184722319245338440e-02
9.629072060000000155e-01 6.082560122013092041e-02
9.657496110000000078e-01 6.952153146266937256e-02
9.685920709999999989e-01 8.918616920709609985e-02
9.714345880000000433e-01 9.219429641962051392e-02
9.742771620000000299e-01 8.111281692981719971e-02
9.771197910000000153e-01 8.218964189291000366e-02
9.799624770000000540e-01 9.243517369031906128e-02
9.828052189999999522e-01 1.019740253686904907e-01
9.856480170000000429e-01 1.041725426912307739e-01
9.884908709999999932e-01 1.072190701961517334e-01
9.913337819999999967e-01 1.094071269035339355e-01
9.941767489999999707e-01 1.102904602885246277e-01
9.970197720000000263e-01 1.136894896626472473e-01
9.998628510000000524e-01 1.109820082783699036e-01
1.002705986999999910e+00 1.142207607626914978e-01
1.005549178999999960e+00 1.089031919836997986e-01
1.008392426999999980e+00 1.069082245230674744e-01
1.011235730999999971e+00 1.152038946747779846e-01
1.014079092000000015e+00 1.066625416278839111e-01
1.016922509000000030e+00 1.147145107388496399e-01
1.019765982000000015e+00 1.105554625391960144e-01
1.022609510999999971e+00 1.093957424163818359e-01
1.025453096999999980e+00 1.097636073827743530e-01
1.028296738999999960e+00 1.116532534360885620e-01
1.031140436999999910e+00 1.132917925715446472e-01
1.033984191000000052e+00 1.103348135948181152e-01
1.036828002000000026e+00 1.077588200569152832e-01
1.039671868000000110e+00 1.099598705768585205e-01
1.042515791000000025e+00 1.057048439979553223e-01
1.045359770999999993e+00 1.052277311682701111e-01
