3.615872339999999796e-01 1.261630058288574219e+00
3.644177160000000026e-01 1.475723028182983398e+00
3.672482539999999962e-01 1.581286311149597168e+00
3.700788480000000158e-01 1.608689546585083008e+00
3.729094980000000059e-01 1.441913843154907227e+00
3.757402049999999938e-01 1.496824741363525391e+00
3.785709680000000077e-01 1.637396216392517090e+00
3.814017869999999921e-01 1.410377502441406250e+00
3.842326620000000026e-01 1.280061960220336914e+00
3.870635940000000108e-01 1.444805622100830078e+00
3.898945819999999896e-01 1.608984231948852539e+00
3.927256259999999943e-01 1.429723262786865234e+00
3.955567260000000251e-01 1.465015888214111328e+00
3.983878829999999982e-01 1.840648651123046875e+00
4.012190950000000256e-01 2.242519140243530273e+00
4.040503639999999952e-01 2.256607532501220703e+00
4.068816900000000181e-01 2.233800172805786133e+00
4.097130709999999842e-01 2.285144329071044922e+00
4.125445090000000037e-01 2.342743635177612305e+00
4.153760029999999936e-01 2.366232872009277344e+00
4.182075530000000096e-01 2.308693170547485352e+00
4.210391589999999962e-01 2.333190202713012695e+00
4.238708219999999804e-01 2.295221328735351562e+00
4.267025409999999908e-01 2.251657009124755859e+00
4.295343160000000271e-01 2.049334287643432617e+00
4.323661469999999785e-01 2.199945211410522461e+00
4.351980349999999831e-01 2.370612144470214844e+00
4.380299790000000137e-01 2.400474309921264648e+00
4.408619790000000149e-01 2.504159688949584961e+00
4.436940349999999866e-01 2.614984273910522461e+00
4.465261480000000116e-01 2.656865119934082031e+00
4.493583170000000071e-01 2.799252748489379883e+00
4.521905419999999731e-01 2.811181783676147461e+00
4.550228230000000207e-01 2.797742128372192383e+00
4.578551610000000105e-01 2.846745967864990234e+00
4.606875550000000263e-01 2.885962486267089844e+00
4.635200050000000127e-01 2.902316331863403320e+00
4.663525110000000251e-01 2.846218824386596680e+00
4.691850739999999798e-01 2.852360963821411133e+00
4.720176919999999887e-01 2.886880636215209961e+00
4.748503669999999954e-01 2.937036037445068359e+00
4.776830989999999999e-01 2.966156482696533203e+00
4.805158860000000032e-01 3.023843288421630859e+00
4.833487300000000042e-01 2.985005140304565430e+00
4.861816299999999758e-01 2.767462253570556641e+00
4.890145859999999733e-01 2.881281375885009766e+00
4.918475979999999970e-01 2.957673072814941406e+00
4.946806670000000183e-01 3.009186983108520508e+00
4.975137920000000102e-01 3.038490056991577148e+00
5.003469729999999727e-01 2.963465213775634766e+00
5.031802100000000166e-01 2.948597431182861328e+00
5.060135040000000028e-01 3.024639129638671875e+00
5.088468539999999596e-01 3.050307512283325195e+00
5.116802599999999979e-01 3.092172622680664062e+00
5.145137220000000067e-01 3.013662338256835938e+00
5.173472409999999577e-01 2.854810476303100586e+00
5.201808159999999903e-01 2.989277124404907227e+00
5.230144469999999934e-01 3.123477935791015625e+00
5.258481339999999671e-01 3.134003162384033203e+00
5.286818779999999940e-01 3.166961908340454102e+00
5.315156779999999914e-01 3.269425392150878906e+00
5.343495339999999594e-01 3.268372058868408203e+00
5.371834460000000089e-01 3.296174287796020508e+00
5.400174150000000006e-01 3.248130559921264648e+00
5.428514389999999912e-01 3.269641876220703125e+00
5.456855200000000350e-01 3.324142217636108398e+00
5.485196580000000210e-01 3.335443496704101562e+00
5.513538510000000059e-01 3.375484943389892578e+00
5.541881010000000440e-01 3.389686584472656250e+00
5.570224070000000527e-01 3.361303329467773438e+00
5.598567690000000319e-01 3.320850133895874023e+00
5.626911869999999816e-01 3.365238904953002930e+00
5.655256619999999845e-01 3.358386278152465820e+00
5.683601929999999580e-01 3.328235387802124023e+00
5.711947800000000131e-01 3.286409854888916016e+00
5.740294230000000386e-01 3.349135398864746094e+00
5.768641230000000064e-01 3.304737091064453125e+00
5.796988789999999447e-01 3.311722517013549805e+00
5.825336909999999646e-01 3.397006750106811523e+00
5.853685589999999550e-01 3.348543882369995117e+00
5.882034839999999987e-01 3.140535116195678711e+00
5.910384650000000129e-01 2.995388984680175781e+00
5.938735019999999976e-01 3.047472476959228516e+00
5.967085949999999528e-01 3.023066043853759766e+00
5.995437449999999613e-01 2.987951278686523438e+00
6.023789510000000513e-01 2.952395439147949219e+00
6.052142130000000009e-01 2.956288576126098633e+00
6.080495310000000320e-01 2.919186592102050781e+00
6.108849060000000053e-01 2.797677278518676758e+00
6.137203359999999774e-01 2.728784084320068359e+00
6.165558230000000028e-01 2.715274095535278320e+00
6.193913669999999705e-01 2.781107187271118164e+00
6.222269660000000480e-01 2.769186973571777344e+00
6.250626219999999567e-01 2.691397905349731445e+00
6.278983339999999469e-01 2.627583265304565430e+00
6.307341020000000187e-01 2.606676101684570312e+00
6.335699259999999500e-01 2.635967731475830078e+00
6.364058070000000455e-01 2.663898229598999023e+00
6.392417440000000006e-01 2.669064760208129883e+00
6.420777370000000372e-01 2.634569406509399414e+00
6.449137860000000444e-01 2.597168207168579102e+00
6.477498919999999938e-01 2.481151342391967773e+00
6.505860540000000247e-01 2.461518526077270508e+00
6.534222720000000262e-01 2.462478399276733398e+00
6.562585459999999982e-01 2.256272077560424805e+00
6.590948770000000234e-01 2.364301919937133789e+00
6.619312640000000192e-01 2.423663854598999023e+00
6.647677069999999855e-01 2.396177053451538086e+00
6.676042060000000333e-01 2.358780622482299805e+00
6.704407620000000234e-01 2.338532209396362305e+00
6.732773739999999840e-01 2.319432735443115234e+00
6.761140420000000262e-01 2.306984663009643555e+00
6.789507660000000389e-01 2.290151119232177734e+00
6.817875469999999938e-01 2.259437561035156250e+00
6.846243829999999475e-01 2.176642179489135742e+00
6.874612759999999545e-01 1.827479720115661621e+00
6.902982260000000148e-01 1.856220722198486328e+00
6.931352309999999628e-01 1.892228722572326660e+00
6.959722929999999641e-01 1.906977057456970215e+00
6.988094110000000470e-01 1.882137298583984375e+00
7.016465849999999893e-01 1.770405888557434082e+00
7.044838150000000132e-01 1.765542864799499512e+00
7.073211019999999793e-01 1.724861860275268555e+00
7.101584450000000270e-01 1.663161635398864746e+00
7.129958440000000452e-01 1.559875488281250000e+00
7.158332990000000340e-01 1.319448113441467285e+00
7.186708109999999650e-01 9.584427475929260254e-01
7.215083789999999775e-01 9.795195460319519043e-01
7.243460029999999605e-01 8.934233188629150391e-01
7.271836830000000251e-01 8.011528253555297852e-01
7.300214200000000320e-01 7.483557462692260742e-01
7.328592130000000093e-01 7.661175727844238281e-01
7.356970619999999572e-01 7.647529840469360352e-01
7.385349669999999866e-01 7.354114055633544922e-01
7.413729289999999583e-01 7.401242852210998535e-01
7.442109470000000115e-01 7.465678453445434570e-01
7.470490210000000353e-01 7.487347126007080078e-01
7.498871510000000296e-01 7.279076576232910156e-01
7.527253379999999661e-01 7.252654433250427246e-01
7.555635800000000124e-01 7.130549550056457520e-01
7.584018790000000010e-01 5.841456055641174316e-01
7.612402350000000428e-01 2.790097892284393311e-01
7.640786459999999725e-01 3.301078081130981445e-01
7.669171139999999554e-01 5.325411558151245117e-01
7.697556380000000198e-01 6.515831947326660156e-01
7.725942180000000548e-01 6.786854267120361328e-01
7.754328539999999492e-01 6.778122186660766602e-01
7.782715470000000080e-01 6.790783405303955078e-01
7.811102960000000373e-01 6.891993284225463867e-01
7.839491010000000371e-01 6.794118285179138184e-01
7.867879620000000074e-01 6.732063293457031250e-01
7.896268800000000310e-01 6.529403924942016602e-01
7.924658540000000251e-01 6.564188003540039062e-01
7.953048839999999897e-01 6.667164564132690430e-01
7.981439700000000359e-01 6.700493693351745605e-01
8.009831130000000243e-01 6.581912040710449219e-01
8.038223119999999833e-01 6.692466139793395996e-01
8.066615670000000238e-01 6.846803426742553711e-01
8.095008780000000348e-01 6.492447853088378906e-01
8.123402459999999881e-01 5.776914954185485840e-01
8.151796700000000229e-01 4.775156974792480469e-01
8.180191500000000282e-01 4.507042169570922852e-01
8.208586860000000041e-01 4.791997671127319336e-01
8.236982790000000332e-01 4.416749477386474609e-01
8.265379269999999501e-01 4.597075283527374268e-01
8.293776320000000313e-01 4.024367928504943848e-01
8.322173940000000547e-01 3.882255852222442627e-01
8.350572109999999659e-01 3.920589685440063477e-01
8.378970850000000414e-01 4.001565277576446533e-01
8.407370149999999764e-01 4.057105481624603271e-01
8.435770009999999930e-01 4.044253528118133545e-01
8.464170429999999801e-01 3.972480297088623047e-01
8.492571420000000204e-01 3.725400269031524658e-01
8.520972970000000313e-01 3.636807501316070557e-01
8.549375080000000127e-01 3.441483676433563232e-01
8.577777749999999646e-01 3.651126623153686523e-01
8.606180989999999698e-01 3.603434860706329346e-01
8.634584789999999455e-01 3.523615598678588867e-01
8.662989150000000027e-01 3.243012130260467529e-01
8.691394070000000305e-01 3.337250649929046631e-01
8.719799560000000005e-01 3.227229714393615723e-01
8.748205610000000521e-01 3.143745660781860352e-01
8.776612219999999631e-01 3.109297156333923340e-01
8.805019389999999557e-01 2.999379932880401611e-01
8.833427130000000016e-01 2.927447557449340820e-01
8.861835430000000180e-01 2.832738161087036133e-01
8.890244290000000049e-01 2.785053551197052002e-01
8.918653709999999624e-01 2.624189853668212891e-01
8.947063699999999731e-01 2.253196239471435547e-01
8.975474239999999826e-01 1.745928972959518433e-01
9.003885350000000454e-01 1.580767482519149780e-01
9.032297030000000504e-01 1.849054843187332153e-01
9.060709260000000542e-01 1.822184771299362183e-01
9.089122060000000003e-01 1.493151485919952393e-01
9.117535420000000279e-01 1.486592888832092285e-01
9.145949340000000261e-01 1.355980485677719116e-01
9.174363819999999947e-01 1.364045590162277222e-01
9.202778870000000166e-01 1.577945053577423096e-01
9.231194480000000091e-01 1.481894105672836304e-01
9.259610649999999721e-01 1.360126286745071411e-01
9.288027380000000166e-01 9.843456000089645386e-02
9.316444680000000034e-01 5.113692954182624817e-02
9.344862539999999607e-01 3.126167133450508118e-02
9.373280959999999995e-01 2.985445782542228699e-02
9.401699940000000089e-01 5.102112889289855957e-02
9.430119489999999605e-01 4.052661731839179993e-02
9.458539599999999936e-01 3.891197964549064636e-02
9.486960269999999973e-01 4.237762466073036194e-02
9.515381499999999715e-01 4.279510676860809326e-02
9.543803299999999989e-01 4.425951838493347168e-02
9.572225659999999969e-01 4.589521139860153198e-02
9.600648579999999654e-01 5.014897882938385010e-02
9.629072060000000155e-01 6.073436513543128967e-02
9.657496110000000078e-01 6.516985595226287842e-02
9.685920709999999989e-01 8.708357065916061401e-02
9.714345880000000433e-01 9.296377003192901611e-02
9.742771620000000299e-01 7.797862589359283447e-02
9.771197910000000153e-01 8.556474000215530396e-02
9.799624770000000540e-01 9.144079685211181641e-02
9.828052189999999522e-01 1.018958985805511475e-01
9.856480170000000429e-01 1.046058833599090576e-01
9.884908709999999932e-01 1.089299917221069336e-01
9.913337819999999967e-01 1.078164950013160706e-01
9.941767489999999707e-01 1.115081384778022766e-01
9.970197720000000263e-01 1.153093650937080383e-01
9.998628510000000524e-01 1.096960157155990601e-01
1.002705986999999910e+00 1.098671332001686096e-01
1.005549178999999960e+00 1.065546944737434387e-01
1.008392426999999980e+00 1.084991693496704102e-01
1.011235730999999971e+00 1.069531664252281189e-01
1.014079092000000015e+00 1.061637774109840393e-01
1.016922509000000030e+00 1.145612522959709167e-01
1.019765982000000015e+00 1.133303865790367126e-01
1.022609510999999971e+00 1.093861311674118042e-01
1.025453096999999980e+00 1.112974584102630615e-01
1.028296738999999960e+00 1.050801724195480347e-01
1.031140436999999910e+00 1.128174960613250732e-01
1.033984191000000052e+00 1.119293570518493652e-01
1.036828002000000026e+00 1.121166795492172241e-01
1.039671868000000110e+00 1.121420785784721375e-01
1.042515791000000025e+00 1.143538877367973328e-01
1.045359770999999993e+00 1.083426699042320251e-01
