3.615872339999999796e-01 1.267445087432861328e+00
3.644177160000000026e-01 1.484954118728637695e+00
3.672482539999999962e-01 1.566578388214111328e+00
3.700788480000000158e-01 1.569330453872680664e+00
3.729094980000000059e-01 1.422395586967468262e+00
3.757402049999999938e-01 1.505411386489868164e+00
3.785709680000000077e-01 1.651265859603881836e+00
3.814017869999999921e-01 1.401568055152893066e+00
3.842326620000000026e-01 1.291797995567321777e+00
3.870635940000000108e-01 1.440506935119628906e+00
3.898945819999999896e-01 1.622701883316040039e+00
3.927256259999999943e-01 1.432103395462036133e+00
3.955567260000000251e-01 1.445326685905456543e+00
3.983878829999999982e-01 1.823974013328552246e+00
4.012190950000000256e-01 2.269862651824951172e+00
4.040503639999999952e-01 2.260261535644531250e+00
4.068816900000000181e-01 2.212805747985839844e+00
4.097130709999999842e-01 2.294415712356567383e+00
4.125445090000000037e-01 2.337438583374023438e+00
4.153760029999999936e-01 2.373112916946411133e+00
4.182075530000000096e-01 2.322099208831787109e+00
4.210391589999999962e-01 2.341555356979370117e+00
4.238708219999999804e-01 2.298017501831054688e+00
4.267025409999999908e-01 2.247773885726928711e+00
4.295343160000000271e-01 2.044068813323974609e+00
4.323661469999999785e-01 2.167331695556640625e+00
4.351980349999999831e-01 2.384446859359741211e+00
4.380299790000000137e-01 2.388766527175903320e+00
4.408619790000000149e-01 2.492354869842529297e+00
4.436940349999999866e-01 2.625853776931762695e+00
4.465261480000000116e-01 2.672140836715698242e+00
4.493583170000000071e-01 2.807271003723144531e+00
4.521905419999999731e-01 2.811407089233398438e+00
4.550228230000000207e-01 2.809487342834472656e+00
4.578551610000000105e-01 2.850974321365356445e+00
4.606875550000000263e-01 2.879560708999633789e+00
4.635200050000000127e-01 2.914361476898193359e+00
4.663525110000000251e-01 2.847935676574707031e+00
4.691850739999999798e-01 2.859558820724487305e+00
4.720176919999999887e-01 2.874924659729003906e+00
4.748503669999999954e-01 2.928763866424560547e+00
4.776830989999999999e-01 2.957193613052368164e+00
4.805158860000000032e-01 3.013171195983886719e+00
4.833487300000000042e-01 3.000532865524291992e+00
4.861816299999999758e-01 2.752325773239135742e+00
4.890145859999999733e-01 2.875256538391113281e+00
4.918475979999999970e-01 2.960454940795898438e+00
4.946806670000000183e-01 3.016453981399536133e+00
4.975137920000000102e-01 3.035229444503784180e+00
5.003469729999999727e-01 2.956317424774169922e+00
5.031802100000000166e-01 2.948141336441040039e+00
5.060135040000000028e-01 3.020444154739379883e+00
5.088468539999999596e-01 3.060895442962646484e+00
5.116802599999999979e-01 3.073172569274902344e+00
5.145137220000000067e-01 3.013255834579467773e+00
5.173472409999999577e-01 2.849043846130371094e+00
5.201808159999999903e-01 2.987472534179687500e+00
5.230144469999999934e-01 3.115724086761474609e+00
5.258481339999999671e-01 3.113275051116943359e+00
5.286818779999999940e-01 3.164593219757080078e+00
5.315156779999999914e-01 3.266859054565429688e+00
5.343495339999999594e-01 3.256174564361572266e+00
5.371834460000000089e-01 3.300322532653808594e+00
5.400174150000000006e-01 3.240768194198608398e+00
5.428514389999999912e-01 3.270301342010498047e+00
5.456855200000000350e-01 3.329853534698486328e+00
5.485196580000000210e-01 3.335815429687500000e+00
5.513538510000000059e-01 3.367934703826904297e+00
5.541881010000000440e-01 3.399090528488159180e+00
5.570224070000000527e-01 3.355131626129150391e+00
5.598567690000000319e-01 3.325527429580688477e+00
5.626911869999999816e-01 3.372095823287963867e+00
5.655256619999999845e-01 3.365788221359252930e+00
5.683601929999999580e-01 3.334691286087036133e+00
5.711947800000000131e-01 3.292035102844238281e+00
5.740294230000000386e-01 3.338913202285766602e+00
5.768641230000000064e-01 3.311200857162475586e+00
5.796988789999999447e-01 3.323667526245117188e+00
5.825336909999999646e-01 3.407834768295288086e+00
5.853685589999999550e-01 3.361274480819702148e+00
5.882034839999999987e-01 3.138543128967285156e+00
5.910384650000000129e-01 3.011106014251708984e+00
5.938735019999999976e-01 3.059480190277099609e+00
5.967085949999999528e-01 3.045211076736450195e+00
5.995437449999999613e-01 3.010930061340332031e+00
6.023789510000000513e-01 2.972490549087524414e+00
6.052142130000000009e-01 2.982389450073242188e+00
6.080495310000000320e-01 2.946631193161010742e+00
6.108849060000000053e-01 2.859901428222656250e+00
6.137203359999999774e-01 2.758472681045532227e+00
6.165558230000000028e-01 2.741938352584838867e+00
6.193913669999999705e-01 2.807571172714233398e+00
6.222269660000000480e-01 2.804244518280029297e+00
6.250626219999999567e-01 2.725372552871704102e+00
6.278983339999999469e-01 2.661645174026489258e+00
6.307341020000000187e-01 2.648111820220947266e+00
6.335699259999999500e-01 2.675628423690795898e+00
6.364058070000000455e-01 2.697985172271728516e+00
6.392417440000000006e-01 2.706966400146484375e+00
6.420777370000000372e-01 2.681439161300659180e+00
6.449137860000000444e-01 2.647478342056274414e+00
6.477498919999999938e-01 2.523422002792358398e+00
6.505860540000000247e-01 2.501132011413574219e+00
6.534222720000000262e-01 2.499066591262817383e+00
6.562585459999999982e-01 2.298484086990356445e+00
6.590948770000000234e-01 2.402806997299194336e+00
6.619312640000000192e-01 2.461874246597290039e+00
6.647677069999999855e-01 2.447734832763671875e+00
6.676042060000000333e-01 2.418598175048828125e+00
6.704407620000000234e-01 2.395580053329467773e+00
6.732773739999999840e-01 2.362270355224609375e+00
6.761140420000000262e-01 2.356137037277221680e+00
6.789507660000000389e-01 2.339066743850708008e+00
6.817875469999999938e-01 2.316063880920410156e+00
6.846243829999999475e-01 2.232186794281005859e+00
6.874612759999999545e-01 1.870891094207763672e+00
6.902982260000000148e-01 1.898002028465270996e+00
6.931352309999999628e-01 1.936098575592041016e+00
6.959722929999999641e-01 1.950268149375915527e+00
6.988094110000000470e-01 1.931394934654235840e+00
7.016465849999999893e-01 1.822383046150207520e+00
7.044838150000000132e-01 1.815572261810302734e+00
7.073211019999999793e-01 1.790422558784484863e+00
7.101584450000000270e-01 1.728528380393981934e+00
7.129958440000000452e-01 1.621683955192565918e+00
7.158332990000000340e-01 1.375366210937500000e+00
7.186708109999999650e-01 1.000547885894775391e+00
7.215083789999999775e-01 1.033377289772033691e+00
7.243460029999999605e-01 9.467962980270385742e-01
7.271836830000000251e-01 8.564107418060302734e-01
7.300214200000000320e-01 8.055441975593566895e-01
7.328592130000000093e-01 8.199490904808044434e-01
7.356970619999999572e-01 8.245341777801513672e-01
7.385349669999999866e-01 7.939116954803466797e-01
7.413729289999999583e-01 7.967113852500915527e-01
7.442109470000000115e-01 8.168190121650695801e-01
7.470490210000000353e-01 8.048933148384094238e-01
7.498871510000000296e-01 7.998458743095397949e-01
7.527253379999999661e-01 7.901163101196289062e-01
7.555635800000000124e-01 7.837393879890441895e-01
7.584018790000000010e-01 6.462650895118713379e-01
7.612402350000000428e-01 3.071275353431701660e-01
7.640786459999999725e-01 3.664753139019012451e-01
7.669171139999999554e-01 5.954174995422363281e-01
7.697556380000000198e-01 7.231259942054748535e-01
7.725942180000000548e-01 7.482126355171203613e-01
7.754328539999999492e-01 7.491194605827331543e-01
7.782715470000000080e-01 7.524005770683288574e-01
7.811102960000000373e-01 7.574346065521240234e-01
7.839491010000000371e-01 7.567155361175537109e-01
7.867879620000000074e-01 7.435957193374633789e-01
7.896268800000000310e-01 7.256782054901123047e-01
7.924658540000000251e-01 7.226235270500183105e-01
7.953048839999999897e-01 7.318700551986694336e-01
7.981439700000000359e-01 7.385836839675903320e-01
8.009831130000000243e-01 7.288780808448791504e-01
8.038223119999999833e-01 7.334860563278198242e-01
8.066615670000000238e-01 7.495468258857727051e-01
8.095008780000000348e-01 7.198305726051330566e-01
8.123402459999999881e-01 6.493940949440002441e-01
8.151796700000000229e-01 5.263012051582336426e-01
8.180191500000000282e-01 5.000154376029968262e-01
8.208586860000000041e-01 5.323407053947448730e-01
8.236982790000000332e-01 4.879655241966247559e-01
8.265379269999999501e-01 5.069892406463623047e-01
8.293776320000000313e-01 4.542472660541534424e-01
8.322173940000000547e-01 4.343273341655731201e-01
8.350572109999999659e-01 4.437424242496490479e-01
8.378970850000000414e-01 4.541901946067810059e-01
8.407370149999999764e-01 4.559077322483062744e-01
8.435770009999999930e-01 4.473901689052581787e-01
8.464170429999999801e-01 4.463058412075042725e-01
8.492571420000000204e-01 4.242374897003173828e-01
8.520972970000000313e-01 4.104782938957214355e-01
8.549375080000000127e-01 3.877207934856414795e-01
8.577777749999999646e-01 4.134460985660552979e-01
8.606180989999999698e-01 4.066087305545806885e-01
8.634584789999999455e-01 4.041363596916198730e-01
8.662989150000000027e-01 3.645348250865936279e-01
8.691394070000000305e-01 3.768204450607299805e-01
8.719799560000000005e-01 3.743370771408081055e-01
8.748205610000000521e-01 3.588111102581024170e-01
8.776612219999999631e-01 3.542947173118591309e-01
8.805019389999999557e-01 3.411134481430053711e-01
8.833427130000000016e-01 3.382137119770050049e-01
8.861835430000000180e-01 3.268397450447082520e-01
8.890244290000000049e-01 3.197102844715118408e-01
8.918653709999999624e-01 2.989616692066192627e-01
8.947063699999999731e-01 2.564508914947509766e-01
8.975474239999999826e-01 2.058091610670089722e-01
9.003885350000000454e-01 1.876822263002395630e-01
9.032297030000000504e-01 2.132273167371749878e-01
9.060709260000000542e-01 2.101626396179199219e-01
9.089122060000000003e-01 1.751144826412200928e-01
9.117535420000000279e-01 1.740300506353378296e-01
9.145949340000000261e-01 1.623974144458770752e-01
9.174363819999999947e-01 1.636994779109954834e-01
9.202778870000000166e-01 1.874654889106750488e-01
9.231194480000000091e-01 1.705115139484405518e-01
9.259610649999999721e-01 1.583761125802993774e-01
9.288027380000000166e-01 1.169791296124458313e-01
9.316444680000000034e-01 6.502198427915573120e-02
9.344862539999999607e-01 4.046613350510597229e-02
9.373280959999999995e-01 4.483517259359359741e-02
9.401699940000000089e-01 6.693592667579650879e-02
9.430119489999999605e-01 5.641855299472808838e-02
9.458539599999999936e-01 5.105073377490043640e-02
9.486960269999999973e-01 5.674004182219505310e-02
9.515381499999999715e-01 5.382014065980911255e-02
9.543803299999999989e-01 5.643896013498306274e-02
9.572225659999999969e-01 5.608493089675903320e-02
9.600648579999999654e-01 6.175622716546058655e-02
9.629072060000000155e-01 7.405222952365875244e-02
9.657496110000000078e-01 7.969556003808975220e-02
9.685920709999999989e-01 1.035044714808464050e-01
9.714345880000000433e-01 1.098297759890556335e-01
9.742771620000000299e-01 9.856964647769927979e-02
9.771197910000000153e-01 1.000583544373512268e-01
9.799624770000000540e-01 1.102575436234474182e-01
9.828052189999999522e-01 1.159502491354942322e-01
9.856480170000000429e-01 1.267898380756378174e-01
9.884908709999999932e-01 1.310091763734817505e-01
9.913337819999999967e-01 1.350400298833847046e-01
9.941767489999999707e-01 1.359159052371978760e-01
9.970197720000000263e-01 1.341504603624343872e-01
9.998628510000000524e-01 1.334879100322723389e-01
1.002705986999999910e+00 1.376057118177413940e-01
1.005549178999999960e+00 1.322115063667297363e-01
1.008392426999999980e+00 1.306756734848022461e-01
1.011235730999999971e+00 1.294790208339691162e-01
1.014079092000000015e+00 1.318657994270324707e-01
1.016922509000000030e+00 1.366472989320755005e-01
1.019765982000000015e+00 1.377988606691360474e-01
1.022609510999999971e+00 1.357700675725936890e-01
1.025453096999999980e+00 1.370814293622970581e-01
1.028296738999999960e+00 1.469689458608627319e-01
1.031140436999999910e+00 1.434067636728286743e-01
1.033984191000000052e+00 1.489084213972091675e-01
1.036828002000000026e+00 1.594603806734085083e-01
1.039671868000000110e+00 1.538461595773696899e-01
1.042515791000000025e+00 1.493304073810577393e-01
1.045359770999999993e+00 1.533886194229125977e-01
