3.615872339999999796e-01 1.268520712852478027e+00
3.644177160000000026e-01 1.488704919815063477e+00
3.672482539999999962e-01 1.569678664207458496e+00
3.700788480000000158e-01 1.551518678665161133e+00
3.729094980000000059e-01 1.397152543067932129e+00
3.757402049999999938e-01 1.501551151275634766e+00
3.785709680000000077e-01 1.656117796897888184e+00
3.814017869999999921e-01 1.423170685768127441e+00
3.842326620000000026e-01 1.291118979454040527e+00
3.870635940000000108e-01 1.416000485420227051e+00
3.898945819999999896e-01 1.588781476020812988e+00
3.927256259999999943e-01 1.427296280860900879e+00
3.955567260000000251e-01 1.465224742889404297e+00
3.983878829999999982e-01 1.835224390029907227e+00
4.012190950000000256e-01 2.264816761016845703e+00
4.040503639999999952e-01 2.245069265365600586e+00
4.068816900000000181e-01 2.232926130294799805e+00
4.097130709999999842e-01 2.278798103332519531e+00
4.125445090000000037e-01 2.375397920608520508e+00
4.153760029999999936e-01 2.370318651199340820e+00
4.182075530000000096e-01 2.344528198242187500e+00
4.210391589999999962e-01 2.341179609298706055e+00
4.238708219999999804e-01 2.293724536895751953e+00
4.267025409999999908e-01 2.264875411987304688e+00
4.295343160000000271e-01 2.059921264648437500e+00
4.323661469999999785e-01 2.190576076507568359e+00
4.351980349999999831e-01 2.370276451110839844e+00
4.380299790000000137e-01 2.415611267089843750e+00
4.408619790000000149e-01 2.491483688354492188e+00
4.436940349999999866e-01 2.657151699066162109e+00
4.465261480000000116e-01 2.663289546966552734e+00
4.493583170000000071e-01 2.827309608459472656e+00
4.521905419999999731e-01 2.839042425155639648e+00
4.550228230000000207e-01 2.809866428375244141e+00
4.578551610000000105e-01 2.871730566024780273e+00
4.606875550000000263e-01 2.896568298339843750e+00
4.635200050000000127e-01 2.921110868453979492e+00
4.663525110000000251e-01 2.867416381835937500e+00
4.691850739999999798e-01 2.871899843215942383e+00
4.720176919999999887e-01 2.900169372558593750e+00
4.748503669999999954e-01 2.944346904754638672e+00
4.776830989999999999e-01 2.983975410461425781e+00
4.805158860000000032e-01 3.046551227569580078e+00
4.833487300000000042e-01 3.016220092773437500e+00
4.861816299999999758e-01 2.784549951553344727e+00
4.890145859999999733e-01 2.894442319869995117e+00
4.918475979999999970e-01 2.969792604446411133e+00
4.946806670000000183e-01 3.038781642913818359e+00
4.975137920000000102e-01 3.048144102096557617e+00
5.003469729999999727e-01 2.988312721252441406e+00
5.031802100000000166e-01 2.962244987487792969e+00
5.060135040000000028e-01 3.042671918869018555e+00
5.088468539999999596e-01 3.068472146987915039e+00
5.116802599999999979e-01 3.107534885406494141e+00
5.145137220000000067e-01 3.049197912216186523e+00
5.173472409999999577e-01 2.884990692138671875e+00
5.201808159999999903e-01 3.007705688476562500e+00
5.230144469999999934e-01 3.146665334701538086e+00
5.258481339999999671e-01 3.151854753494262695e+00
5.286818779999999940e-01 3.195243597030639648e+00
5.315156779999999914e-01 3.303579807281494141e+00
5.343495339999999594e-01 3.290167808532714844e+00
5.371834460000000089e-01 3.342855215072631836e+00
5.400174150000000006e-01 3.278866291046142578e+00
5.428514389999999912e-01 3.298371553421020508e+00
5.456855200000000350e-01 3.364518165588378906e+00
5.485196580000000210e-01 3.368555545806884766e+00
5.513538510000000059e-01 3.405966043472290039e+00
5.541881010000000440e-01 3.438006639480590820e+00
5.570224070000000527e-01 3.395056962966918945e+00
5.598567690000000319e-01 3.360666751861572266e+00
5.626911869999999816e-01 3.410877227783203125e+00
5.655256619999999845e-01 3.399468898773193359e+00
5.683601929999999580e-01 3.363886356353759766e+00
5.711947800000000131e-01 3.340982198715209961e+00
5.740294230000000386e-01 3.391724109649658203e+00
5.768641230000000064e-01 3.353778839111328125e+00
5.796988789999999447e-01 3.372840404510498047e+00
5.825336909999999646e-01 3.452438354492187500e+00
5.853685589999999550e-01 3.407574415206909180e+00
5.882034839999999987e-01 3.181553840637207031e+00
5.910384650000000129e-01 3.048246145248413086e+00
5.938735019999999976e-01 3.111334562301635742e+00
5.967085949999999528e-01 3.107781887054443359e+00
5.995437449999999613e-01 3.079706668853759766e+00
6.023789510000000513e-01 3.042119026184082031e+00
6.052142130000000009e-01 3.055301427841186523e+00
6.080495310000000320e-01 3.012411832809448242e+00
6.108849060000000053e-01 2.913175106048583984e+00
6.137203359999999774e-01 2.816437959671020508e+00
6.165558230000000028e-01 2.824010372161865234e+00
6.193913669999999705e-01 2.892147541046142578e+00
6.222269660000000480e-01 2.869114160537719727e+00
6.250626219999999567e-01 2.803664207458496094e+00
6.278983339999999469e-01 2.737333059310913086e+00
6.307341020000000187e-01 2.718597650527954102e+00
6.335699259999999500e-01 2.745279073715209961e+00
6.364058070000000455e-01 2.784755468368530273e+00
6.392417440000000006e-01 2.789939641952514648e+00
6.420777370000000372e-01 2.759672403335571289e+00
6.449137860000000444e-01 2.722843647003173828e+00
6.477498919999999938e-01 2.596544981002807617e+00
6.505860540000000247e-01 2.593147516250610352e+00
6.534222720000000262e-01 2.586915731430053711e+00
6.562585459999999982e-01 2.372373342514038086e+00
6.590948770000000234e-01 2.491619110107421875e+00
6.619312640000000192e-01 2.556172370910644531e+00
6.647677069999999855e-01 2.534281492233276367e+00
6.676042060000000333e-01 2.513710260391235352e+00
6.704407620000000234e-01 2.484631299972534180e+00
6.732773739999999840e-01 2.461818695068359375e+00
6.761140420000000262e-01 2.445608854293823242e+00
6.789507660000000389e-01 2.434295177459716797e+00
6.817875469999999938e-01 2.407895326614379883e+00
6.846243829999999475e-01 2.319441795349121094e+00
6.874612759999999545e-01 1.949229001998901367e+00
6.902982260000000148e-01 1.969747662544250488e+00
6.931352309999999628e-01 2.026169300079345703e+00
6.959722929999999641e-01 2.037440299987792969e+00
6.988094110000000470e-01 2.020896196365356445e+00
7.016465849999999893e-01 1.921027421951293945e+00
7.044838150000000132e-01 1.923621177673339844e+00
7.073211019999999793e-01 1.889630317687988281e+00
7.101584450000000270e-01 1.823236942291259766e+00
7.129958440000000452e-01 1.722891688346862793e+00
7.158332990000000340e-01 1.467106938362121582e+00
7.186708109999999650e-01 1.066763281822204590e+00
7.215083789999999775e-01 1.101170897483825684e+00
7.243460029999999605e-01 1.014670729637145996e+00
7.271836830000000251e-01 9.201819896697998047e-01
7.300214200000000320e-01 8.652728796005249023e-01
7.328592130000000093e-01 8.813145756721496582e-01
7.356970619999999572e-01 8.774784803390502930e-01
7.385349669999999866e-01 8.577825427055358887e-01
7.413729289999999583e-01 8.602859377861022949e-01
7.442109470000000115e-01 8.715857267379760742e-01
7.470490210000000353e-01 8.746605515480041504e-01
7.498871510000000296e-01 8.565263748168945312e-01
7.527253379999999661e-01 8.501428961753845215e-01
7.555635800000000124e-01 8.399745225906372070e-01
7.584018790000000010e-01 6.867520809173583984e-01
7.612402350000000428e-01 3.222346305847167969e-01
7.640786459999999725e-01 3.999121487140655518e-01
7.669171139999999554e-01 6.388747096061706543e-01
7.697556380000000198e-01 7.728737592697143555e-01
7.725942180000000548e-01 8.001918792724609375e-01
7.754328539999999492e-01 8.060218691825866699e-01
7.782715470000000080e-01 8.119378685951232910e-01
7.811102960000000373e-01 8.161843419075012207e-01
7.839491010000000371e-01 8.058988451957702637e-01
7.867879620000000074e-01 8.051301836967468262e-01
7.896268800000000310e-01 7.746003270149230957e-01
7.924658540000000251e-01 7.821931242942810059e-01
7.953048839999999897e-01 7.904853820800781250e-01
7.981439700000000359e-01 8.004931807518005371e-01
8.009831130000000243e-01 7.931206822395324707e-01
8.038223119999999833e-01 7.945238351821899414e-01
8.066615670000000238e-01 8.110096454620361328e-01
8.095008780000000348e-01 7.800502777099609375e-01
8.123402459999999881e-01 6.935791969299316406e-01
8.151796700000000229e-01 5.669952630996704102e-01
8.180191500000000282e-01 5.388740897178649902e-01
8.208586860000000041e-01 5.714332461357116699e-01
8.236982790000000332e-01 5.242072939872741699e-01
8.265379269999999501e-01 5.446234345436096191e-01
8.293776320000000313e-01 4.904347062110900879e-01
8.322173940000000547e-01 4.713698923587799072e-01
8.350572109999999659e-01 4.761840105056762695e-01
8.378970850000000414e-01 4.848461151123046875e-01
8.407370149999999764e-01 4.848952591419219971e-01
8.435770009999999930e-01 4.843448102474212646e-01
8.464170429999999801e-01 4.815050065517425537e-01
8.492571420000000204e-01 4.506776034832000732e-01
8.520972970000000313e-01 4.389950633049011230e-01
8.549375080000000127e-01 4.142553210258483887e-01
8.577777749999999646e-01 4.382278025150299072e-01
8.606180989999999698e-01 4.304444193840026855e-01
8.634584789999999455e-01 4.222330451011657715e-01
8.662989150000000027e-01 3.914192020893096924e-01
8.691394070000000305e-01 3.987871110439300537e-01
8.719799560000000005e-01 4.012820124626159668e-01
8.748205610000000521e-01 3.838208317756652832e-01
8.776612219999999631e-01 3.787441551685333252e-01
8.805019389999999557e-01 3.649001121520996094e-01
8.833427130000000016e-01 3.592174947261810303e-01
8.861835430000000180e-01 3.480341136455535889e-01
8.890244290000000049e-01 3.415345549583435059e-01
8.918653709999999624e-01 3.166751861572265625e-01
8.947063699999999731e-01 2.677615582942962646e-01
8.975474239999999826e-01 2.188396900892257690e-01
9.003885350000000454e-01 1.893567740917205811e-01
9.032297030000000504e-01 2.224847227334976196e-01
9.060709260000000542e-01 2.184382677078247070e-01
9.089122060000000003e-01 1.832241564989089966e-01
9.117535420000000279e-01 1.774592995643615723e-01
9.145949340000000261e-01 1.619221419095993042e-01
9.174363819999999947e-01 1.685396432876586914e-01
9.202778870000000166e-01 1.911941617727279663e-01
9.231194480000000091e-01 1.834146529436111450e-01
9.259610649999999721e-01 1.657826751470565796e-01
9.288027380000000166e-01 1.175616309046745300e-01
9.316444680000000034e-01 6.533563137054443359e-02
9.344862539999999607e-01 3.629717230796813965e-02
9.373280959999999995e-01 4.538196325302124023e-02
9.401699940000000089e-01 6.668154150247573853e-02
9.430119489999999605e-01 5.575008317828178406e-02
9.458539599999999936e-01 5.285314470529556274e-02
9.486960269999999973e-01 5.596524477005004883e-02
9.515381499999999715e-01 5.706688389182090759e-02
9.543803299999999989e-01 5.404196679592132568e-02
9.572225659999999969e-01 5.849332362413406372e-02
9.600648579999999654e-01 6.113390624523162842e-02
9.629072060000000155e-01 7.289465516805648804e-02
9.657496110000000078e-01 7.871084660291671753e-02
9.685920709999999989e-01 9.922455251216888428e-02
9.714345880000000433e-01 1.122516915202140808e-01
9.742771620000000299e-01 9.966441243886947632e-02
9.771197910000000153e-01 1.030625402927398682e-01
9.799624770000000540e-01 1.086549833416938782e-01
9.828052189999999522e-01 1.174487620592117310e-01
9.856480170000000429e-01 1.271847039461135864e-01
9.884908709999999932e-01 1.256799101829528809e-01
9.913337819999999967e-01 1.293317377567291260e-01
9.941767489999999707e-01 1.314664334058761597e-01
9.970197720000000263e-01 1.304530054330825806e-01
9.998628510000000524e-01 1.333604902029037476e-01
1.002705986999999910e+00 1.284697204828262329e-01
1.005549178999999960e+00 1.323988139629364014e-01
1.008392426999999980e+00 1.307283043861389160e-01
1.011235730999999971e+00 1.313102096319198608e-01
1.014079092000000015e+00 1.294655948877334595e-01
1.016922509000000030e+00 1.377866864204406738e-01
1.019765982000000015e+00 1.264524757862091064e-01
1.022609510999999971e+00 1.284586042165756226e-01
1.025453096999999980e+00 1.443760842084884644e-01
1.028296738999999960e+00 1.401480287313461304e-01
1.031140436999999910e+00 1.364223659038543701e-01
1.033984191000000052e+00 1.410701423883438110e-01
1.036828002000000026e+00 1.459052711725234985e-01
1.039671868000000110e+00 1.514239162206649780e-01
1.042515791000000025e+00 1.468266099691390991e-01
1.045359770999999993e+00 1.445488780736923218e-01
