3.615872339999999796e-01 1.384311676025390625e+00
3.644177160000000026e-01 1.487973690032958984e+00
3.672482539999999962e-01 1.610024571418762207e+00
3.700788480000000158e-01 1.601301074028015137e+00
3.729094980000000059e-01 1.402599096298217773e+00
3.757402049999999938e-01 1.530013799667358398e+00
3.785709680000000077e-01 1.641384601593017578e+00
3.814017869999999921e-01 1.424977183341979980e+00
3.842326620000000026e-01 1.271221160888671875e+00
3.870635940000000108e-01 1.434442996978759766e+00
3.898945819999999896e-01 1.605490684509277344e+00
3.927256259999999943e-01 1.410666823387145996e+00
3.955567260000000251e-01 1.453061580657958984e+00
3.983878829999999982e-01 1.811015009880065918e+00
4.012190950000000256e-01 2.266309499740600586e+00
4.040503639999999952e-01 2.268205165863037109e+00
4.068816900000000181e-01 2.214360952377319336e+00
4.097130709999999842e-01 2.275206804275512695e+00
4.125445090000000037e-01 2.367706298828125000e+00
4.153760029999999936e-01 2.365800857543945312e+00
4.182075530000000096e-01 2.331819772720336914e+00
4.210391589999999962e-01 2.342755794525146484e+00
4.238708219999999804e-01 2.288542032241821289e+00
4.267025409999999908e-01 2.230778455734252930e+00
4.295343160000000271e-01 2.049715757369995117e+00
4.323661469999999785e-01 2.151221990585327148e+00
4.351980349999999831e-01 2.374043941497802734e+00
4.380299790000000137e-01 2.383956432342529297e+00
4.408619790000000149e-01 2.471581220626831055e+00
4.436940349999999866e-01 2.602139472961425781e+00
4.465261480000000116e-01 2.626612424850463867e+00
4.493583170000000071e-01 2.778309345245361328e+00
4.521905419999999731e-01 2.794568777084350586e+00
4.550228230000000207e-01 2.767653465270996094e+00
4.578551610000000105e-01 2.814238309860229492e+00
4.606875550000000263e-01 2.837928771972656250e+00
4.635200050000000127e-01 2.865541934967041016e+00
4.663525110000000251e-01 2.807547569274902344e+00
4.691850739999999798e-01 2.806686639785766602e+00
4.720176919999999887e-01 2.838915586471557617e+00
4.748503669999999954e-01 2.888365268707275391e+00
4.776830989999999999e-01 2.919730186462402344e+00
4.805158860000000032e-01 2.970908164978027344e+00
4.833487300000000042e-01 2.953243017196655273e+00
4.861816299999999758e-01 2.720006227493286133e+00
4.890145859999999733e-01 2.841189384460449219e+00
4.918475979999999970e-01 2.898777484893798828e+00
4.946806670000000183e-01 2.972365140914916992e+00
4.975137920000000102e-01 2.976894617080688477e+00
5.003469729999999727e-01 2.911241531372070312e+00
5.031802100000000166e-01 2.884551286697387695e+00
5.060135040000000028e-01 2.972082614898681641e+00
5.088468539999999596e-01 2.986133813858032227e+00
5.116802599999999979e-01 3.022350072860717773e+00
5.145137220000000067e-01 2.948625564575195312e+00
5.173472409999999577e-01 2.784092903137207031e+00
5.201808159999999903e-01 2.914594888687133789e+00
5.230144469999999934e-01 3.043704748153686523e+00
5.258481339999999671e-01 3.059322357177734375e+00
5.286818779999999940e-01 3.089350461959838867e+00
5.315156779999999914e-01 3.184716463088989258e+00
5.343495339999999594e-01 3.170176267623901367e+00
5.371834460000000089e-01 3.220329046249389648e+00
5.400174150000000006e-01 3.154055833816528320e+00
5.428514389999999912e-01 3.186779499053955078e+00
5.456855200000000350e-01 3.244980335235595703e+00
5.485196580000000210e-01 3.252557516098022461e+00
5.513538510000000059e-01 3.284053325653076172e+00
5.541881010000000440e-01 3.299996376037597656e+00
5.570224070000000527e-01 3.267400741577148438e+00
5.598567690000000319e-01 3.234817504882812500e+00
5.626911869999999816e-01 3.274470329284667969e+00
5.655256619999999845e-01 3.270693778991699219e+00
5.683601929999999580e-01 3.244782209396362305e+00
5.711947800000000131e-01 3.209072113037109375e+00
5.740294230000000386e-01 3.249409675598144531e+00
5.768641230000000064e-01 3.217920541763305664e+00
5.796988789999999447e-01 3.233827590942382812e+00
5.825336909999999646e-01 3.298611640930175781e+00
5.853685589999999550e-01 3.245101213455200195e+00
5.882034839999999987e-01 3.021091461181640625e+00
5.910384650000000129e-01 2.895432710647583008e+00
5.938735019999999976e-01 2.944421768188476562e+00
5.967085949999999528e-01 2.920064449310302734e+00
5.995437449999999613e-01 2.875833988189697266e+00
6.023789510000000513e-01 2.835351467132568359e+00
6.052142130000000009e-01 2.847131013870239258e+00
6.080495310000000320e-01 2.799469947814941406e+00
6.108849060000000053e-01 2.684841632843017578e+00
6.137203359999999774e-01 2.610816717147827148e+00
6.165558230000000028e-01 2.602558612823486328e+00
6.193913669999999705e-01 2.666160106658935547e+00
6.222269660000000480e-01 2.656395435333251953e+00
6.250626219999999567e-01 2.587664842605590820e+00
6.278983339999999469e-01 2.517885923385620117e+00
6.307341020000000187e-01 2.494721651077270508e+00
6.335699259999999500e-01 2.519892215728759766e+00
6.364058070000000455e-01 2.549861431121826172e+00
6.392417440000000006e-01 2.556157350540161133e+00
6.420777370000000372e-01 2.527862071990966797e+00
6.449137860000000444e-01 2.485498428344726562e+00
6.477498919999999938e-01 2.373579740524291992e+00
6.505860540000000247e-01 2.359484434127807617e+00
6.534222720000000262e-01 2.348551988601684570e+00
6.562585459999999982e-01 2.158180713653564453e+00
6.590948770000000234e-01 2.254777431488037109e+00
6.619312640000000192e-01 2.301900625228881836e+00
6.647677069999999855e-01 2.282074689865112305e+00
6.676042060000000333e-01 2.274810552597045898e+00
6.704407620000000234e-01 2.242212772369384766e+00
6.732773739999999840e-01 2.222510576248168945e+00
6.761140420000000262e-01 2.204174041748046875e+00
6.789507660000000389e-01 2.192466259002685547e+00
6.817875469999999938e-01 2.165975570678710938e+00
6.846243829999999475e-01 2.069871664047241211e+00
6.874612759999999545e-01 1.743882894515991211e+00
6.902982260000000148e-01 1.751620173454284668e+00
6.931352309999999628e-01 1.779060959815979004e+00
6.959722929999999641e-01 1.786258220672607422e+00
6.988094110000000470e-01 1.757016181945800781e+00
7.016465849999999893e-01 1.656981587409973145e+00
7.044838150000000132e-01 1.645418524742126465e+00
7.073211019999999793e-01 1.609721779823303223e+00
7.101584450000000270e-01 1.552538156509399414e+00
7.129958440000000452e-01 1.444816708564758301e+00
7.158332990000000340e-01 1.226729273796081543e+00
7.186708109999999650e-01 8.918892741203308105e-01
7.215083789999999775e-01 9.083586931228637695e-01
7.243460029999999605e-01 8.309906721115112305e-01
7.271836830000000251e-01 7.512510418891906738e-01
7.300214200000000320e-01 7.128991484642028809e-01
7.328592130000000093e-01 7.223216295242309570e-01
7.356970619999999572e-01 7.197145223617553711e-01
7.385349669999999866e-01 6.962673068046569824e-01
7.413729289999999583e-01 6.979463100433349609e-01
7.442109470000000115e-01 7.062638401985168457e-01
7.470490210000000353e-01 7.053569555282592773e-01
7.498871510000000296e-01 6.929295659065246582e-01
7.527253379999999661e-01 6.867482662200927734e-01
7.555635800000000124e-01 6.847667694091796875e-01
7.584018790000000010e-01 5.504999756813049316e-01
7.612402350000000428e-01 2.583151757717132568e-01
7.640786459999999725e-01 3.205723762512207031e-01
7.669171139999999554e-01 5.064969658851623535e-01
7.697556380000000198e-01 6.156786680221557617e-01
7.725942180000000548e-01 6.471316218376159668e-01
7.754328539999999492e-01 6.393970251083374023e-01
7.782715470000000080e-01 6.435745358467102051e-01
7.811102960000000373e-01 6.472901701927185059e-01
7.839491010000000371e-01 6.489714980125427246e-01
7.867879620000000074e-01 6.396595835685729980e-01
7.896268800000000310e-01 6.210795044898986816e-01
7.924658540000000251e-01 6.177730560302734375e-01
7.953048839999999897e-01 6.170317530632019043e-01
7.981439700000000359e-01 6.300707459449768066e-01
8.009831130000000243e-01 6.225883364677429199e-01
8.038223119999999833e-01 6.257714033126831055e-01
8.066615670000000238e-01 6.293391585350036621e-01
8.095008780000000348e-01 6.159303188323974609e-01
8.123402459999999881e-01 5.416637063026428223e-01
8.151796700000000229e-01 4.495083689689636230e-01
8.180191500000000282e-01 4.183373749256134033e-01
8.208586860000000041e-01 4.533613324165344238e-01
8.236982790000000332e-01 4.167152643203735352e-01
8.265379269999999501e-01 4.324991405010223389e-01
8.293776320000000313e-01 3.871225416660308838e-01
8.322173940000000547e-01 3.758058249950408936e-01
8.350572109999999659e-01 3.814720213413238525e-01
8.378970850000000414e-01 3.910133540630340576e-01
8.407370149999999764e-01 3.917448818683624268e-01
8.435770009999999930e-01 3.894528150558471680e-01
8.464170429999999801e-01 3.847300112247467041e-01
8.492571420000000204e-01 3.674060106277465820e-01
8.520972970000000313e-01 3.558698296546936035e-01
8.549375080000000127e-01 3.365913331508636475e-01
8.577777749999999646e-01 3.538801372051239014e-01
8.606180989999999698e-01 3.520229756832122803e-01
8.634584789999999455e-01 3.437723815441131592e-01
8.662989150000000027e-01 3.162590265274047852e-01
8.691394070000000305e-01 3.278356194496154785e-01
8.719799560000000005e-01 3.181489109992980957e-01
8.748205610000000521e-01 3.139430284500122070e-01
8.776612219999999631e-01 3.113591074943542480e-01
8.805019389999999557e-01 2.995974123477935791e-01
8.833427130000000016e-01 2.954502403736114502e-01
8.861835430000000180e-01 2.824266254901885986e-01
8.890244290000000049e-01 2.788923382759094238e-01
8.918653709999999624e-01 2.632066607475280762e-01
8.947063699999999731e-01 2.214096188545227051e-01
8.975474239999999826e-01 1.789311915636062622e-01
9.003885350000000454e-01 1.629138141870498657e-01
9.032297030000000504e-01 1.831201165914535522e-01
9.060709260000000542e-01 1.876343339681625366e-01
9.089122060000000003e-01 1.548156291246414185e-01
9.117535420000000279e-01 1.520887613296508789e-01
9.145949340000000261e-01 1.431760638952255249e-01
9.174363819999999947e-01 1.411418616771697998e-01
9.202778870000000166e-01 1.627694666385650635e-01
9.231194480000000091e-01 1.551205366849899292e-01
9.259610649999999721e-01 1.417744308710098267e-01
9.288027380000000166e-01 9.993498772382736206e-02
9.316444680000000034e-01 5.408097058534622192e-02
9.344862539999999607e-01 3.022852540016174316e-02
9.373280959999999995e-01 3.400162234902381897e-02
9.401699940000000089e-01 5.452981591224670410e-02
9.430119489999999605e-01 4.748902469873428345e-02
9.458539599999999936e-01 4.315306991338729858e-02
9.486960269999999973e-01 4.844153672456741333e-02
9.515381499999999715e-01 4.734009876847267151e-02
9.543803299999999989e-01 4.886801913380622864e-02
9.572225659999999969e-01 5.277767032384872437e-02
9.600648579999999654e-01 5.846745893359184265e-02
9.629072060000000155e-01 6.544245034456253052e-02
9.657496110000000078e-01 7.241614162921905518e-02
9.685920709999999989e-01 9.546833485364913940e-02
9.714345880000000433e-01 1.033572480082511902e-01
9.742771620000000299e-01 9.224576503038406372e-02
9.771197910000000153e-01 8.846358954906463623e-02
9.799624770000000540e-01 9.818278998136520386e-02
9.828052189999999522e-01 1.087808758020401001e-01
9.856480170000000429e-01 1.161888986825942993e-01
9.884908709999999932e-01 1.207575350999832153e-01
9.913337819999999967e-01 1.200605854392051697e-01
9.941767489999999707e-01 1.207748726010322571e-01
9.970197720000000263e-01 1.263726353645324707e-01
9.998628510000000524e-01 1.277712136507034302e-01
1.002705986999999910e+00 1.194378584623336792e-01
1.005549178999999960e+00 1.210317164659500122e-01
1.008392426999999980e+00 1.189904585480690002e-01
1.011235730999999971e+00 1.192903891205787659e-01
1.014079092000000015e+00 1.198904141783714294e-01
1.016922509000000030e+00 1.176719889044761658e-01
1.019765982000000015e+00 1.198778748512268066e-01
1.022609510999999971e+00 1.247506588697433472e-01
1.025453096999999980e+00 1.093565598130226135e-01
1.028296738999999960e+00 1.201405823230743408e-01
1.031140436999999910e+00 1.074836403131484985e-01
1.033984191000000052e+00 1.268962919712066650e-01
1.036828002000000026e+00 1.169277727603912354e-01
1.039671868000000110e+00 1.182051673531532288e-01
1.042515791000000025e+00 1.173869669437408447e-01
1.045359770999999993e+00 1.201988905668258667e-01
