3.615872339999999796e-01 1.281990408897399902e+00
3.644177160000000026e-01 1.477580904960632324e+00
3.672482539999999962e-01 1.561001777648925781e+00
3.700788480000000158e-01 1.600048303604125977e+00
3.729094980000000059e-01 1.429297327995300293e+00
3.757402049999999938e-01 1.503138899803161621e+00
3.785709680000000077e-01 1.645635128021240234e+00
3.814017869999999921e-01 1.409288763999938965e+00
3.842326620000000026e-01 1.292997837066650391e+00
3.870635940000000108e-01 1.425559401512145996e+00
3.898945819999999896e-01 1.598423480987548828e+00
3.927256259999999943e-01 1.421008825302124023e+00
3.955567260000000251e-01 1.429461359977722168e+00
3.983878829999999982e-01 1.842151641845703125e+00
4.012190950000000256e-01 2.229453325271606445e+00
4.040503639999999952e-01 2.249132394790649414e+00
4.068816900000000181e-01 2.192131996154785156e+00
4.097130709999999842e-01 2.211198091506958008e+00
4.125445090000000037e-01 2.326235055923461914e+00
4.153760029999999936e-01 2.337255001068115234e+00
4.182075530000000096e-01 2.277568340301513672e+00
4.210391589999999962e-01 2.286489963531494141e+00
4.238708219999999804e-01 2.241200447082519531e+00
4.267025409999999908e-01 2.215245008468627930e+00
4.295343160000000271e-01 1.978613018989562988e+00
4.323661469999999785e-01 2.114796876907348633e+00
4.351980349999999831e-01 2.301940679550170898e+00
4.380299790000000137e-01 2.314309120178222656e+00
4.408619790000000149e-01 2.403694391250610352e+00
4.436940349999999866e-01 2.542152404785156250e+00
4.465261480000000116e-01 2.570819854736328125e+00
4.493583170000000071e-01 2.703006982803344727e+00
4.521905419999999731e-01 2.712302446365356445e+00
4.550228230000000207e-01 2.683783531188964844e+00
4.578551610000000105e-01 2.744235515594482422e+00
4.606875550000000263e-01 2.762815952301025391e+00
4.635200050000000127e-01 2.781514167785644531e+00
4.663525110000000251e-01 2.725886344909667969e+00
4.691850739999999798e-01 2.725057840347290039e+00
4.720176919999999887e-01 2.763108968734741211e+00
4.748503669999999954e-01 2.804816484451293945e+00
4.776830989999999999e-01 2.829430103302001953e+00
4.805158860000000032e-01 2.871021509170532227e+00
4.833487300000000042e-01 2.850300550460815430e+00
4.861816299999999758e-01 2.632626771926879883e+00
4.890145859999999733e-01 2.743635892868041992e+00
4.918475979999999970e-01 2.805517673492431641e+00
4.946806670000000183e-01 2.863624811172485352e+00
4.975137920000000102e-01 2.883278131484985352e+00
5.003469729999999727e-01 2.814902782440185547e+00
5.031802100000000166e-01 2.789047956466674805e+00
5.060135040000000028e-01 2.877706766128540039e+00
5.088468539999999596e-01 2.879402160644531250e+00
5.116802599999999979e-01 2.914675712585449219e+00
5.145137220000000067e-01 2.851294755935668945e+00
5.173472409999999577e-01 2.702676534652709961e+00
5.201808159999999903e-01 2.829865455627441406e+00
5.230144469999999934e-01 2.947263717651367188e+00
5.258481339999999671e-01 2.953319072723388672e+00
5.286818779999999940e-01 2.981155395507812500e+00
5.315156779999999914e-01 3.083111763000488281e+00
5.343495339999999594e-01 3.076973676681518555e+00
5.371834460000000089e-01 3.109365463256835938e+00
5.400174150000000006e-01 3.059592247009277344e+00
5.428514389999999912e-01 3.074873685836791992e+00
5.456855200000000350e-01 3.140272855758666992e+00
5.485196580000000210e-01 3.141613245010375977e+00
5.513538510000000059e-01 3.168173551559448242e+00
5.541881010000000440e-01 3.188973188400268555e+00
5.570224070000000527e-01 3.166577816009521484e+00
5.598567690000000319e-01 3.115949392318725586e+00
5.626911869999999816e-01 3.167490243911743164e+00
5.655256619999999845e-01 3.144988298416137695e+00
5.683601929999999580e-01 3.123129606246948242e+00
5.711947800000000131e-01 3.088739633560180664e+00
5.740294230000000386e-01 3.125962972640991211e+00
5.768641230000000064e-01 3.100978612899780273e+00
5.796988789999999447e-01 3.112128734588623047e+00
5.825336909999999646e-01 3.169400215148925781e+00
5.853685589999999550e-01 3.126358985900878906e+00
5.882034839999999987e-01 2.918760299682617188e+00
5.910384650000000129e-01 2.780876159667968750e+00
5.938735019999999976e-01 2.825618028640747070e+00
5.967085949999999528e-01 2.788407564163208008e+00
5.995437449999999613e-01 2.739891767501831055e+00
6.023789510000000513e-01 2.698778629302978516e+00
6.052142130000000009e-01 2.702445507049560547e+00
6.080495310000000320e-01 2.659886598587036133e+00
6.108849060000000053e-01 2.558435440063476562e+00
6.137203359999999774e-01 2.495853662490844727e+00
6.165558230000000028e-01 2.472759008407592773e+00
6.193913669999999705e-01 2.525825262069702148e+00
6.222269660000000480e-01 2.507060050964355469e+00
6.250626219999999567e-01 2.442713260650634766e+00
6.278983339999999469e-01 2.390077590942382812e+00
6.307341020000000187e-01 2.366901874542236328e+00
6.335699259999999500e-01 2.381081581115722656e+00
6.364058070000000455e-01 2.395119190216064453e+00
6.392417440000000006e-01 2.412600755691528320e+00
6.420777370000000372e-01 2.376190423965454102e+00
6.449137860000000444e-01 2.343622922897338867e+00
6.477498919999999938e-01 2.234488725662231445e+00
6.505860540000000247e-01 2.228960514068603516e+00
6.534222720000000262e-01 2.205192804336547852e+00
6.562585459999999982e-01 2.023534536361694336e+00
6.590948770000000234e-01 2.102026224136352539e+00
6.619312640000000192e-01 2.154261589050292969e+00
6.647677069999999855e-01 2.139119863510131836e+00
6.676042060000000333e-01 2.109179019927978516e+00
6.704407620000000234e-01 2.082293033599853516e+00
6.732773739999999840e-01 2.053627252578735352e+00
6.761140420000000262e-01 2.053194999694824219e+00
6.789507660000000389e-01 2.025836467742919922e+00
6.817875469999999938e-01 2.000746250152587891e+00
6.846243829999999475e-01 1.924661397933959961e+00
6.874612759999999545e-01 1.612971544265747070e+00
6.902982260000000148e-01 1.631754636764526367e+00
6.931352309999999628e-01 1.652576208114624023e+00
6.959722929999999641e-01 1.658000349998474121e+00
6.988094110000000470e-01 1.633517980575561523e+00
7.016465849999999893e-01 1.538428664207458496e+00
7.044838150000000132e-01 1.523747563362121582e+00
7.073211019999999793e-01 1.483946204185485840e+00
7.101584450000000270e-01 1.420588254928588867e+00
7.129958440000000452e-01 1.324553966522216797e+00
7.158332990000000340e-01 1.113370537757873535e+00
7.186708109999999650e-01 8.056426644325256348e-01
7.215083789999999775e-01 8.193008899688720703e-01
7.243460029999999605e-01 7.518937587738037109e-01
7.271836830000000251e-01 6.763120889663696289e-01
7.300214200000000320e-01 6.384994387626647949e-01
7.328592130000000093e-01 6.431382894515991211e-01
7.356970619999999572e-01 6.435269713401794434e-01
7.385349669999999866e-01 6.291358470916748047e-01
7.413729289999999583e-01 6.245775222778320312e-01
7.442109470000000115e-01 6.335174441337585449e-01
7.470490210000000353e-01 6.350478529930114746e-01
7.498871510000000296e-01 6.235489249229431152e-01
7.527253379999999661e-01 6.171721220016479492e-01
7.555635800000000124e-01 6.048945188522338867e-01
7.584018790000000010e-01 4.978368580341339111e-01
7.612402350000000428e-01 2.386157810688018799e-01
7.640786459999999725e-01 2.865352034568786621e-01
7.669171139999999554e-01 4.552508294582366943e-01
7.697556380000000198e-01 5.577324628829956055e-01
7.725942180000000548e-01 5.723235011100769043e-01
7.754328539999999492e-01 5.778210759162902832e-01
7.782715470000000080e-01 5.750549435615539551e-01
7.811102960000000373e-01 5.742531418800354004e-01
7.839491010000000371e-01 5.759004354476928711e-01
7.867879620000000074e-01 5.690078139305114746e-01
7.896268800000000310e-01 5.542221069335937500e-01
7.924658540000000251e-01 5.489519238471984863e-01
7.953048839999999897e-01 5.554693937301635742e-01
7.981439700000000359e-01 5.586778521537780762e-01
8.009831130000000243e-01 5.564143657684326172e-01
8.038223119999999833e-01 5.570330619812011719e-01
8.066615670000000238e-01 5.659726262092590332e-01
8.095008780000000348e-01 5.418747067451477051e-01
8.123402459999999881e-01 4.878427982330322266e-01
8.151796700000000229e-01 3.971472382545471191e-01
8.180191500000000282e-01 3.780970275402069092e-01
8.208586860000000041e-01 4.029332697391510010e-01
8.236982790000000332e-01 3.727244436740875244e-01
8.265379269999999501e-01 3.875192403793334961e-01
8.293776320000000313e-01 3.441824615001678467e-01
8.322173940000000547e-01 3.344877660274505615e-01
8.350572109999999659e-01 3.394463360309600830e-01
8.378970850000000414e-01 3.493975996971130371e-01
8.407370149999999764e-01 3.488104939460754395e-01
8.435770009999999930e-01 3.463128507137298584e-01
8.464170429999999801e-01 3.446308374404907227e-01
8.492571420000000204e-01 3.264578878879547119e-01
8.520972970000000313e-01 3.095916509628295898e-01
8.549375080000000127e-01 2.932808101177215576e-01
8.577777749999999646e-01 3.189727365970611572e-01
8.606180989999999698e-01 3.097509145736694336e-01
8.634584789999999455e-01 3.080018460750579834e-01
8.662989150000000027e-01 2.805258929729461670e-01
8.691394070000000305e-01 2.874209582805633545e-01
8.719799560000000005e-01 2.888985276222229004e-01
8.748205610000000521e-01 2.806560397148132324e-01
8.776612219999999631e-01 2.742657363414764404e-01
8.805019389999999557e-01 2.623568177223205566e-01
8.833427130000000016e-01 2.613765001296997070e-01
8.861835430000000180e-01 2.497411966323852539e-01
8.890244290000000049e-01 2.484294325113296509e-01
8.918653709999999624e-01 2.334732562303543091e-01
8.947063699999999731e-01 1.957039535045623779e-01
8.975474239999999826e-01 1.601208448410034180e-01
9.003885350000000454e-01 1.429105252027511597e-01
9.032297030000000504e-01 1.618689298629760742e-01
9.060709260000000542e-01 1.637762486934661865e-01
9.089122060000000003e-01 1.341361254453659058e-01
9.117535420000000279e-01 1.354347169399261475e-01
9.145949340000000261e-01 1.255513131618499756e-01
9.174363819999999947e-01 1.245719194412231445e-01
9.202778870000000166e-01 1.459676176309585571e-01
9.231194480000000091e-01 1.369680911302566528e-01
9.259610649999999721e-01 1.247272789478302002e-01
9.288027380000000166e-01 9.178391844034194946e-02
9.316444680000000034e-01 5.245354399085044861e-02
9.344862539999999607e-01 2.964563667774200439e-02
9.373280959999999995e-01 3.148495033383369446e-02
9.401699940000000089e-01 5.155413597822189331e-02
9.430119489999999605e-01 4.141302779316902161e-02
9.458539599999999936e-01 3.640713915228843689e-02
9.486960269999999973e-01 4.488838464021682739e-02
9.515381499999999715e-01 4.168526083230972290e-02
9.543803299999999989e-01 4.277686402201652527e-02
9.572225659999999969e-01 4.932123795151710510e-02
9.600648579999999654e-01 5.116421356797218323e-02
9.629072060000000155e-01 6.099338829517364502e-02
9.657496110000000078e-01 6.479844450950622559e-02
9.685920709999999989e-01 8.598749339580535889e-02
9.714345880000000433e-01 9.084416925907135010e-02
9.742771620000000299e-01 8.170247077941894531e-02
9.771197910000000153e-01 8.035724610090255737e-02
9.799624770000000540e-01 8.889687061309814453e-02
9.828052189999999522e-01 9.971541911363601685e-02
9.856480170000000429e-01 1.038514077663421631e-01
9.884908709999999932e-01 1.007745116949081421e-01
9.913337819999999967e-01 1.068554371595382690e-01
9.941767489999999707e-01 1.060293167829513550e-01
9.970197720000000263e-01 1.037784069776535034e-01
9.998628510000000524e-01 1.096692606806755066e-01
1.002705986999999910e+00 1.043605953454971313e-01
1.005549178999999960e+00 1.019228175282478333e-01
1.008392426999999980e+00 9.955982863903045654e-02
1.011235730999999971e+00 1.032775416970252991e-01
1.014079092000000015e+00 1.032212078571319580e-01
1.016922509000000030e+00 1.077244505286216736e-01
1.019765982000000015e+00 1.030064523220062256e-01
1.022609510999999971e+00 1.038839593529701233e-01
1.025453096999999980e+00 1.053855493664741516e-01
1.028296738999999960e+00 1.094652116298675537e-01
1.031140436999999910e+00 1.113680154085159302e-01
1.033984191000000052e+00 1.064752265810966492e-01
1.036828002000000026e+00 1.076854020357131958e-01
1.039671868000000110e+00 1.130437701940536499e-01
1.042515791000000025e+00 1.033624038100242615e-01
1.045359770999999993e+00 1.081750839948654175e-01
