3.615872339999999796e-01 1.331982493400573730e+00
3.644177160000000026e-01 1.415459990501403809e+00
3.672482539999999962e-01 1.572078108787536621e+00
3.700788480000000158e-01 1.556668400764465332e+00
3.729094980000000059e-01 1.464991092681884766e+00
3.757402049999999938e-01 1.502152085304260254e+00
3.785709680000000077e-01 1.671277999877929688e+00
3.814017869999999921e-01 1.444634318351745605e+00
3.842326620000000026e-01 1.306418418884277344e+00
3.870635940000000108e-01 1.421188235282897949e+00
3.898945819999999896e-01 1.599351882934570312e+00
3.927256259999999943e-01 1.395151376724243164e+00
3.955567260000000251e-01 1.453149557113647461e+00
3.983878829999999982e-01 1.816468238830566406e+00
4.012190950000000256e-01 2.262158870697021484e+00
4.040503639999999952e-01 2.250654458999633789e+00
4.068816900000000181e-01 2.226905345916748047e+00
4.097130709999999842e-01 2.281306505203247070e+00
4.125445090000000037e-01 2.347655296325683594e+00
4.153760029999999936e-01 2.349546909332275391e+00
4.182075530000000096e-01 2.302011728286743164e+00
4.210391589999999962e-01 2.293963909149169922e+00
4.238708219999999804e-01 2.277601480484008789e+00
4.267025409999999908e-01 2.242794990539550781e+00
4.295343160000000271e-01 2.027689218521118164e+00
4.323661469999999785e-01 2.150817394256591797e+00
4.351980349999999831e-01 2.360265493392944336e+00
4.380299790000000137e-01 2.374026060104370117e+00
4.408619790000000149e-01 2.461363315582275391e+00
4.436940349999999866e-01 2.593735933303833008e+00
4.465261480000000116e-01 2.613380670547485352e+00
4.493583170000000071e-01 2.766154527664184570e+00
4.521905419999999731e-01 2.791741132736206055e+00
4.550228230000000207e-01 2.759072780609130859e+00
4.578551610000000105e-01 2.832578182220458984e+00
4.606875550000000263e-01 2.836679697036743164e+00
4.635200050000000127e-01 2.869723796844482422e+00
4.663525110000000251e-01 2.817218065261840820e+00
4.691850739999999798e-01 2.817606925964355469e+00
4.720176919999999887e-01 2.862039804458618164e+00
4.748503669999999954e-01 2.898868560791015625e+00
4.776830989999999999e-01 2.932579994201660156e+00
4.805158860000000032e-01 2.993412733078002930e+00
4.833487300000000042e-01 2.963148117065429688e+00
4.861816299999999758e-01 2.719738721847534180e+00
4.890145859999999733e-01 2.846398353576660156e+00
4.918475979999999970e-01 2.915745019912719727e+00
4.946806670000000183e-01 2.982573509216308594e+00
4.975137920000000102e-01 2.992880344390869141e+00
5.003469729999999727e-01 2.918798923492431641e+00
5.031802100000000166e-01 2.903603792190551758e+00
5.060135040000000028e-01 2.992712020874023438e+00
5.088468539999999596e-01 3.011950492858886719e+00
5.116802599999999979e-01 3.032543897628784180e+00
5.145137220000000067e-01 2.969769239425659180e+00
5.173472409999999577e-01 2.817462682723999023e+00
5.201808159999999903e-01 2.949043512344360352e+00
5.230144469999999934e-01 3.075662136077880859e+00
5.258481339999999671e-01 3.068927764892578125e+00
5.286818779999999940e-01 3.114618301391601562e+00
5.315156779999999914e-01 3.222079038619995117e+00
5.343495339999999594e-01 3.201489448547363281e+00
5.371834460000000089e-01 3.251791954040527344e+00
5.400174150000000006e-01 3.197822093963623047e+00
5.428514389999999912e-01 3.206288576126098633e+00
5.456855200000000350e-01 3.273672103881835938e+00
5.485196580000000210e-01 3.285873651504516602e+00
5.513538510000000059e-01 3.316205501556396484e+00
5.541881010000000440e-01 3.341042995452880859e+00
5.570224070000000527e-01 3.298287153244018555e+00
5.598567690000000319e-01 3.258003234863281250e+00
5.626911869999999816e-01 3.309613227844238281e+00
5.655256619999999845e-01 3.302589416503906250e+00
5.683601929999999580e-01 3.267914056777954102e+00
5.711947800000000131e-01 3.232861518859863281e+00
5.740294230000000386e-01 3.286803007125854492e+00
5.768641230000000064e-01 3.247810125350952148e+00
5.796988789999999447e-01 3.261700630187988281e+00
5.825336909999999646e-01 3.340195178985595703e+00
5.853685589999999550e-01 3.286130905151367188e+00
5.882034839999999987e-01 3.067775726318359375e+00
5.910384650000000129e-01 2.926861763000488281e+00
5.938735019999999976e-01 2.979739427566528320e+00
5.967085949999999528e-01 2.949948787689208984e+00
5.995437449999999613e-01 2.916594505310058594e+00
6.023789510000000513e-01 2.861097812652587891e+00
6.052142130000000009e-01 2.882875919342041016e+00
6.080495310000000320e-01 2.846752643585205078e+00
6.108849060000000053e-01 2.711996555328369141e+00
6.137203359999999774e-01 2.651101827621459961e+00
6.165558230000000028e-01 2.636240720748901367e+00
6.193913669999999705e-01 2.701123237609863281e+00
6.222269660000000480e-01 2.681083917617797852e+00
6.250626219999999567e-01 2.611386060714721680e+00
6.278983339999999469e-01 2.540940761566162109e+00
6.307341020000000187e-01 2.523363113403320312e+00
6.335699259999999500e-01 2.556787014007568359e+00
6.364058070000000455e-01 2.585662603378295898e+00
6.392417440000000006e-01 2.589373350143432617e+00
6.420777370000000372e-01 2.545476913452148438e+00
6.449137860000000444e-01 2.516406059265136719e+00
6.477498919999999938e-01 2.401292562484741211e+00
6.505860540000000247e-01 2.386486291885375977e+00
6.534222720000000262e-01 2.367769241333007812e+00
6.562585459999999982e-01 2.177922487258911133e+00
6.590948770000000234e-01 2.270478248596191406e+00
6.619312640000000192e-01 2.330886840820312500e+00
6.647677069999999855e-01 2.308465003967285156e+00
6.676042060000000333e-01 2.284440994262695312e+00
6.704407620000000234e-01 2.253288030624389648e+00
6.732773739999999840e-01 2.229238986968994141e+00
6.761140420000000262e-01 2.214368820190429688e+00
6.789507660000000389e-01 2.192597150802612305e+00
6.817875469999999938e-01 2.171494960784912109e+00
6.846243829999999475e-01 2.093530178070068359e+00
6.874612759999999545e-01 1.757961034774780273e+00
6.902982260000000148e-01 1.776554346084594727e+00
6.931352309999999628e-01 1.809449553489685059e+00
6.959722929999999641e-01 1.817114353179931641e+00
6.988094110000000470e-01 1.792186856269836426e+00
7.016465849999999893e-01 1.689134240150451660e+00
7.044838150000000132e-01 1.682221531867980957e+00
7.073211019999999793e-01 1.636566877365112305e+00
7.101584450000000270e-01 1.580129504203796387e+00
7.129958440000000452e-01 1.478987216949462891e+00
7.158332990000000340e-01 1.246118545532226562e+00
7.186708109999999650e-01 9.040235280990600586e-01
7.215083789999999775e-01 9.187153577804565430e-01
7.243460029999999605e-01 8.403204679489135742e-01
7.271836830000000251e-01 7.536517381668090820e-01
7.300214200000000320e-01 7.062243223190307617e-01
7.328592130000000093e-01 7.174700498580932617e-01
7.356970619999999572e-01 7.116911411285400391e-01
7.385349669999999866e-01 6.916118264198303223e-01
7.413729289999999583e-01 6.926763653755187988e-01
7.442109470000000115e-01 7.017340660095214844e-01
7.470490210000000353e-01 7.037426233291625977e-01
7.498871510000000296e-01 6.873376965522766113e-01
7.527253379999999661e-01 6.827415823936462402e-01
7.555635800000000124e-01 6.727671027183532715e-01
7.584018790000000010e-01 5.551218390464782715e-01
7.612402350000000428e-01 2.584153413772583008e-01
7.640786459999999725e-01 3.173454999923706055e-01
7.669171139999999554e-01 5.076738595962524414e-01
7.697556380000000198e-01 6.155200600624084473e-01
7.725942180000000548e-01 6.293601393699645996e-01
7.754328539999999492e-01 6.369497776031494141e-01
7.782715470000000080e-01 6.394411921501159668e-01
7.811102960000000373e-01 6.390930414199829102e-01
7.839491010000000371e-01 6.384294033050537109e-01
7.867879620000000074e-01 6.327947378158569336e-01
7.896268800000000310e-01 6.116592288017272949e-01
7.924658540000000251e-01 6.168946623802185059e-01
7.953048839999999897e-01 6.186451315879821777e-01
7.981439700000000359e-01 6.237307786941528320e-01
8.009831130000000243e-01 6.221027970314025879e-01
8.038223119999999833e-01 6.211223006248474121e-01
8.066615670000000238e-01 6.357063055038452148e-01
8.095008780000000348e-01 6.044274568557739258e-01
8.123402459999999881e-01 5.453575253486633301e-01
8.151796700000000229e-01 4.429338574409484863e-01
8.180191500000000282e-01 4.229852259159088135e-01
8.208586860000000041e-01 4.481615126132965088e-01
8.236982790000000332e-01 4.126453101634979248e-01
8.265379269999999501e-01 4.262765049934387207e-01
8.293776320000000313e-01 3.837509453296661377e-01
8.322173940000000547e-01 3.683851659297943115e-01
8.350572109999999659e-01 3.722813725471496582e-01
8.378970850000000414e-01 3.812427520751953125e-01
8.407370149999999764e-01 3.816574811935424805e-01
8.435770009999999930e-01 3.781476914882659912e-01
8.464170429999999801e-01 3.726754784584045410e-01
8.492571420000000204e-01 3.520891070365905762e-01
8.520972970000000313e-01 3.444830477237701416e-01
8.549375080000000127e-01 3.230117857456207275e-01
8.577777749999999646e-01 3.425167798995971680e-01
8.606180989999999698e-01 3.406510949134826660e-01
8.634584789999999455e-01 3.281052708625793457e-01
8.662989150000000027e-01 3.015464544296264648e-01
8.691394070000000305e-01 3.158673346042633057e-01
8.719799560000000005e-01 3.140735924243927002e-01
8.748205610000000521e-01 3.026026189327239990e-01
8.776612219999999631e-01 2.960323691368103027e-01
8.805019389999999557e-01 2.852545380592346191e-01
8.833427130000000016e-01 2.773612439632415771e-01
8.861835430000000180e-01 2.727486789226531982e-01
8.890244290000000049e-01 2.608457803726196289e-01
8.918653709999999624e-01 2.498516291379928589e-01
8.947063699999999731e-01 2.074535936117172241e-01
8.975474239999999826e-01 1.720394045114517212e-01
9.003885350000000454e-01 1.533620059490203857e-01
9.032297030000000504e-01 1.732977777719497681e-01
9.060709260000000542e-01 1.743114441633224487e-01
9.089122060000000003e-01 1.387507617473602295e-01
9.117535420000000279e-01 1.415798664093017578e-01
9.145949340000000261e-01 1.289354711771011353e-01
9.174363819999999947e-01 1.325167864561080933e-01
9.202778870000000166e-01 1.590431928634643555e-01
9.231194480000000091e-01 1.446966230869293213e-01
9.259610649999999721e-01 1.343027055263519287e-01
9.288027380000000166e-01 9.258799254894256592e-02
9.316444680000000034e-01 4.660575091838836670e-02
9.344862539999999607e-01 2.890312671661376953e-02
9.373280959999999995e-01 3.515634313225746155e-02
9.401699940000000089e-01 5.118978396058082581e-02
9.430119489999999605e-01 4.159988835453987122e-02
9.458539599999999936e-01 3.838703781366348267e-02
9.486960269999999973e-01 4.215082153677940369e-02
9.515381499999999715e-01 4.454249888658523560e-02
9.543803299999999989e-01 4.465164244174957275e-02
9.572225659999999969e-01 4.842393100261688232e-02
9.600648579999999654e-01 4.883268103003501892e-02
9.629072060000000155e-01 5.855834111571311951e-02
9.657496110000000078e-01 6.195018440485000610e-02
9.685920709999999989e-01 8.460870385169982910e-02
9.714345880000000433e-01 9.065873920917510986e-02
9.742771620000000299e-01 8.160560578107833862e-02
9.771197910000000153e-01 8.219367265701293945e-02
9.799624770000000540e-01 9.235434979200363159e-02
9.828052189999999522e-01 9.409713745117187500e-02
9.856480170000000429e-01 1.021355465054512024e-01
9.884908709999999932e-01 1.005831211805343628e-01
9.913337819999999967e-01 1.146713495254516602e-01
9.941767489999999707e-01 1.106063947081565857e-01
9.970197720000000263e-01 1.087187677621841431e-01
9.998628510000000524e-01 1.068713366985321045e-01
1.002705986999999910e+00 1.072090715169906616e-01
1.005549178999999960e+00 1.019610762596130371e-01
1.008392426999999980e+00 1.020491197705268860e-01
1.011235730999999971e+00 1.037659868597984314e-01
1.014079092000000015e+00 1.091128885746002197e-01
1.016922509000000030e+00 9.653129428625106812e-02
1.019765982000000015e+00 1.084500625729560852e-01
1.022609510999999971e+00 1.047838479280471802e-01
1.025453096999999980e+00 1.049570441246032715e-01
1.028296738999999960e+00 1.111436113715171814e-01
1.031140436999999910e+00 1.069570258259773254e-01
1.033984191000000052e+00 9.771353006362915039e-02
1.036828002000000026e+00 1.128364205360412598e-01
1.039671868000000110e+00 1.196092590689659119e-01
1.042515791000000025e+00 1.077303811907768250e-01
1.045359770999999993e+00 1.083077490329742432e-01
