3.615872339999999796e-01 1.320826292037963867e+00
3.644177160000000026e-01 1.459576606750488281e+00
3.672482539999999962e-01 1.550955295562744141e+00
3.700788480000000158e-01 1.522072911262512207e+00
3.729094980000000059e-01 1.436137676239013672e+00
3.757402049999999938e-01 1.494802713394165039e+00
3.785709680000000077e-01 1.645528197288513184e+00
3.814017869999999921e-01 1.396845817565917969e+00
3.842326620000000026e-01 1.303490042686462402e+00
3.870635940000000108e-01 1.444965124130249023e+00
3.898945819999999896e-01 1.594520688056945801e+00
3.927256259999999943e-01 1.417217493057250977e+00
3.955567260000000251e-01 1.467042446136474609e+00
3.983878829999999982e-01 1.823580861091613770e+00
4.012190950000000256e-01 2.254320859909057617e+00
4.040503639999999952e-01 2.255232810974121094e+00
4.068816900000000181e-01 2.182898044586181641e+00
4.097130709999999842e-01 2.260129690170288086e+00
4.125445090000000037e-01 2.328082323074340820e+00
4.153760029999999936e-01 2.336199998855590820e+00
4.182075530000000096e-01 2.302855491638183594e+00
4.210391589999999962e-01 2.297777414321899414e+00
4.238708219999999804e-01 2.272320747375488281e+00
4.267025409999999908e-01 2.212254285812377930e+00
4.295343160000000271e-01 2.021778821945190430e+00
4.323661469999999785e-01 2.136093139648437500e+00
4.351980349999999831e-01 2.341252565383911133e+00
4.380299790000000137e-01 2.354138135910034180e+00
4.408619790000000149e-01 2.428569316864013672e+00
4.436940349999999866e-01 2.576407432556152344e+00
4.465261480000000116e-01 2.590981245040893555e+00
4.493583170000000071e-01 2.726262092590332031e+00
4.521905419999999731e-01 2.759151220321655273e+00
4.550228230000000207e-01 2.717346906661987305e+00
4.578551610000000105e-01 2.774945020675659180e+00
4.606875550000000263e-01 2.812657356262207031e+00
4.635200050000000127e-01 2.839086294174194336e+00
4.663525110000000251e-01 2.762208938598632812e+00
4.691850739999999798e-01 2.757918357849121094e+00
4.720176919999999887e-01 2.798151969909667969e+00
4.748503669999999954e-01 2.842606544494628906e+00
4.776830989999999999e-01 2.862408638000488281e+00
4.805158860000000032e-01 2.934826850891113281e+00
4.833487300000000042e-01 2.913673639297485352e+00
4.861816299999999758e-01 2.668798446655273438e+00
4.890145859999999733e-01 2.780185937881469727e+00
4.918475979999999970e-01 2.864748477935791016e+00
4.946806670000000183e-01 2.924727439880371094e+00
4.975137920000000102e-01 2.939108133316040039e+00
5.003469729999999727e-01 2.866296768188476562e+00
5.031802100000000166e-01 2.846483469009399414e+00
5.060135040000000028e-01 2.922973871231079102e+00
5.088468539999999596e-01 2.941339015960693359e+00
5.116802599999999979e-01 2.980577707290649414e+00
5.145137220000000067e-01 2.914988279342651367e+00
5.173472409999999577e-01 2.744869947433471680e+00
5.201808159999999903e-01 2.864758729934692383e+00
5.230144469999999934e-01 2.992644786834716797e+00
5.258481339999999671e-01 2.998778581619262695e+00
5.286818779999999940e-01 3.037237167358398438e+00
5.315156779999999914e-01 3.149685859680175781e+00
5.343495339999999594e-01 3.124035120010375977e+00
5.371834460000000089e-01 3.171030521392822266e+00
5.400174150000000006e-01 3.100601673126220703e+00
5.428514389999999912e-01 3.128434896469116211e+00
5.456855200000000350e-01 3.182788610458374023e+00
5.485196580000000210e-01 3.192413568496704102e+00
5.513538510000000059e-01 3.232747793197631836e+00
5.541881010000000440e-01 3.254739999771118164e+00
5.570224070000000527e-01 3.232483386993408203e+00
5.598567690000000319e-01 3.171325445175170898e+00
5.626911869999999816e-01 3.223995208740234375e+00
5.655256619999999845e-01 3.208532571792602539e+00
5.683601929999999580e-01 3.177300691604614258e+00
5.711947800000000131e-01 3.156427860260009766e+00
5.740294230000000386e-01 3.200623750686645508e+00
5.768641230000000064e-01 3.172046661376953125e+00
5.796988789999999447e-01 3.180173873901367188e+00
5.825336909999999646e-01 3.239368915557861328e+00
5.853685589999999550e-01 3.192474365234375000e+00
5.882034839999999987e-01 2.985633611679077148e+00
5.910384650000000129e-01 2.838851928710937500e+00
5.938735019999999976e-01 2.891626834869384766e+00
5.967085949999999528e-01 2.879245996475219727e+00
5.995437449999999613e-01 2.834431171417236328e+00
6.023789510000000513e-01 2.787489652633666992e+00
6.052142130000000009e-01 2.789819955825805664e+00
6.080495310000000320e-01 2.740216732025146484e+00
6.108849060000000053e-01 2.647139787673950195e+00
6.137203359999999774e-01 2.580487728118896484e+00
6.165558230000000028e-01 2.546527862548828125e+00
6.193913669999999705e-01 2.618419170379638672e+00
6.222269660000000480e-01 2.606463432312011719e+00
6.250626219999999567e-01 2.533112287521362305e+00
6.278983339999999469e-01 2.467922925949096680e+00
6.307341020000000187e-01 2.456674814224243164e+00
6.335699259999999500e-01 2.478214025497436523e+00
6.364058070000000455e-01 2.494394063949584961e+00
6.392417440000000006e-01 2.504543781280517578e+00
6.420777370000000372e-01 2.466464757919311523e+00
6.449137860000000444e-01 2.440635204315185547e+00
6.477498919999999938e-01 2.322146177291870117e+00
6.505860540000000247e-01 2.313956975936889648e+00
6.534222720000000262e-01 2.299187660217285156e+00
6.562585459999999982e-01 2.115641355514526367e+00
6.590948770000000234e-01 2.208080053329467773e+00
6.619312640000000192e-01 2.258863687515258789e+00
6.647677069999999855e-01 2.249414443969726562e+00
6.676042060000000333e-01 2.217888116836547852e+00
6.704407620000000234e-01 2.195542812347412109e+00
6.732773739999999840e-01 2.182740211486816406e+00
6.761140420000000262e-01 2.162248134613037109e+00
6.789507660000000389e-01 2.145067930221557617e+00
6.817875469999999938e-01 2.114066123962402344e+00
6.846243829999999475e-01 2.037463903427124023e+00
6.874612759999999545e-01 1.705343842506408691e+00
6.902982260000000148e-01 1.717330694198608398e+00
6.931352309999999628e-01 1.744684934616088867e+00
6.959722929999999641e-01 1.746668815612792969e+00
6.988094110000000470e-01 1.726328372955322266e+00
7.016465849999999893e-01 1.625445127487182617e+00
7.044838150000000132e-01 1.608374357223510742e+00
7.073211019999999793e-01 1.576123356819152832e+00
7.101584450000000270e-01 1.504141569137573242e+00
7.129958440000000452e-01 1.415965437889099121e+00
7.158332990000000340e-01 1.196313738822937012e+00
7.186708109999999650e-01 8.699459433555603027e-01
7.215083789999999775e-01 8.844476342201232910e-01
7.243460029999999605e-01 8.034603595733642578e-01
7.271836830000000251e-01 7.261205315589904785e-01
7.300214200000000320e-01 6.784067749977111816e-01
7.328592130000000093e-01 6.927478909492492676e-01
7.356970619999999572e-01 6.866705417633056641e-01
7.385349669999999866e-01 6.709031462669372559e-01
7.413729289999999583e-01 6.651144027709960938e-01
7.442109470000000115e-01 6.815530061721801758e-01
7.470490210000000353e-01 6.766501665115356445e-01
7.498871510000000296e-01 6.662757992744445801e-01
7.527253379999999661e-01 6.581876277923583984e-01
7.555635800000000124e-01 6.515101194381713867e-01
7.584018790000000010e-01 5.302584767341613770e-01
7.612402350000000428e-01 2.479303628206253052e-01
7.640786459999999725e-01 3.028331100940704346e-01
7.669171139999999554e-01 4.881708025932312012e-01
7.697556380000000198e-01 5.907300710678100586e-01
7.725942180000000548e-01 6.120076775550842285e-01
7.754328539999999492e-01 6.151251196861267090e-01
7.782715470000000080e-01 6.160033941268920898e-01
7.811102960000000373e-01 6.171741485595703125e-01
7.839491010000000371e-01 6.071497797966003418e-01
7.867879620000000074e-01 6.037625670433044434e-01
7.896268800000000310e-01 5.952070951461791992e-01
7.924658540000000251e-01 5.870482921600341797e-01
7.953048839999999897e-01 5.944674611091613770e-01
7.981439700000000359e-01 5.995917320251464844e-01
8.009831130000000243e-01 5.918844342231750488e-01
8.038223119999999833e-01 5.970413684844970703e-01
8.066615670000000238e-01 6.095422506332397461e-01
8.095008780000000348e-01 5.860399603843688965e-01
8.123402459999999881e-01 5.221944451332092285e-01
8.151796700000000229e-01 4.232642650604248047e-01
8.180191500000000282e-01 4.059155285358428955e-01
8.208586860000000041e-01 4.253584444522857666e-01
8.236982790000000332e-01 3.948690295219421387e-01
8.265379269999999501e-01 4.085004031658172607e-01
8.293776320000000313e-01 3.653180897235870361e-01
8.322173940000000547e-01 3.535495102405548096e-01
8.350572109999999659e-01 3.558726012706756592e-01
8.378970850000000414e-01 3.635945320129394531e-01
8.407370149999999764e-01 3.678918778896331787e-01
8.435770009999999930e-01 3.614081144332885742e-01
8.464170429999999801e-01 3.639785945415496826e-01
8.492571420000000204e-01 3.394859731197357178e-01
8.520972970000000313e-01 3.306800723075866699e-01
8.549375080000000127e-01 3.094450235366821289e-01
8.577777749999999646e-01 3.311142027378082275e-01
8.606180989999999698e-01 3.225318491458892822e-01
8.634584789999999455e-01 3.172982633113861084e-01
8.662989150000000027e-01 2.934659421443939209e-01
8.691394070000000305e-01 2.962780892848968506e-01
8.719799560000000005e-01 2.973268330097198486e-01
8.748205610000000521e-01 2.862794399261474609e-01
8.776612219999999631e-01 2.836455404758453369e-01
8.805019389999999557e-01 2.730551362037658691e-01
8.833427130000000016e-01 2.657429277896881104e-01
8.861835430000000180e-01 2.552638649940490723e-01
8.890244290000000049e-01 2.519449591636657715e-01
8.918653709999999624e-01 2.373254299163818359e-01
8.947063699999999731e-01 2.029199451208114624e-01
8.975474239999999826e-01 1.645969599485397339e-01
9.003885350000000454e-01 1.474470347166061401e-01
9.032297030000000504e-01 1.710279434919357300e-01
9.060709260000000542e-01 1.688085645437240601e-01
9.089122060000000003e-01 1.349490582942962646e-01
9.117535420000000279e-01 1.349259614944458008e-01
9.145949340000000261e-01 1.290396451950073242e-01
9.174363819999999947e-01 1.281321495771408081e-01
9.202778870000000166e-01 1.431031823158264160e-01
9.231194480000000091e-01 1.382610052824020386e-01
9.259610649999999721e-01 1.301984339952468872e-01
9.288027380000000166e-01 8.488411456346511841e-02
9.316444680000000034e-01 5.011313781142234802e-02
9.344862539999999607e-01 2.586125396192073822e-02
9.373280959999999995e-01 3.432207554578781128e-02
9.401699940000000089e-01 4.910784959793090820e-02
9.430119489999999605e-01 4.431339353322982788e-02
9.458539599999999936e-01 3.849448263645172119e-02
9.486960269999999973e-01 4.057788848876953125e-02
9.515381499999999715e-01 3.961869329214096069e-02
9.543803299999999989e-01 4.248571023344993591e-02
9.572225659999999969e-01 5.005336552858352661e-02
9.600648579999999654e-01 4.732727259397506714e-02
9.629072060000000155e-01 5.359186232089996338e-02
9.657496110000000078e-01 5.985400453209877014e-02
9.685920709999999989e-01 8.366628736257553101e-02
9.714345880000000433e-01 8.398903906345367432e-02
9.742771620000000299e-01 7.434572279453277588e-02
9.771197910000000153e-01 7.667716592550277710e-02
9.799624770000000540e-01 8.372265845537185669e-02
9.828052189999999522e-01 9.593360871076583862e-02
9.856480170000000429e-01 9.588258713483810425e-02
9.884908709999999932e-01 9.870023280382156372e-02
9.913337819999999967e-01 9.897945076227188110e-02
9.941767489999999707e-01 1.036777719855308533e-01
9.970197720000000263e-01 1.010040417313575745e-01
9.998628510000000524e-01 1.063715815544128418e-01
1.002705986999999910e+00 1.008377447724342346e-01
1.005549178999999960e+00 9.800621867179870605e-02
1.008392426999999980e+00 1.011520996689796448e-01
1.011235730999999971e+00 1.002869531512260437e-01
1.014079092000000015e+00 9.973973780870437622e-02
1.016922509000000030e+00 1.089706197381019592e-01
1.019765982000000015e+00 1.011949181556701660e-01
1.022609510999999971e+00 9.844024479389190674e-02
1.025453096999999980e+00 1.013087779283523560e-01
1.028296738999999960e+00 1.046856120228767395e-01
1.031140436999999910e+00 9.833034873008728027e-02
1.033984191000000052e+00 1.028293818235397339e-01
1.036828002000000026e+00 1.037730127573013306e-01
1.039671868000000110e+00 1.040249839425086975e-01
1.042515791000000025e+00 1.059046089649200439e-01
1.045359770999999993e+00 9.944540262222290039e-02
