3.615872339999999796e-01 1.316537976264953613e+00
3.644177160000000026e-01 1.484500885009765625e+00
3.672482539999999962e-01 1.554399132728576660e+00
3.700788480000000158e-01 1.617504119873046875e+00
3.729094980000000059e-01 1.388297677040100098e+00
3.757402049999999938e-01 1.514953255653381348e+00
3.785709680000000077e-01 1.647514224052429199e+00
3.814017869999999921e-01 1.443018078804016113e+00
3.842326620000000026e-01 1.309294581413269043e+00
3.870635940000000108e-01 1.434677839279174805e+00
3.898945819999999896e-01 1.599649429321289062e+00
3.927256259999999943e-01 1.426820397377014160e+00
3.955567260000000251e-01 1.466560125350952148e+00
3.983878829999999982e-01 1.835692048072814941e+00
4.012190950000000256e-01 2.299112558364868164e+00
4.040503639999999952e-01 2.259991407394409180e+00
4.068816900000000181e-01 2.222150087356567383e+00
4.097130709999999842e-01 2.272607564926147461e+00
4.125445090000000037e-01 2.357456445693969727e+00
4.153760029999999936e-01 2.387420654296875000e+00
4.182075530000000096e-01 2.328304290771484375e+00
4.210391589999999962e-01 2.346879959106445312e+00
4.238708219999999804e-01 2.301616907119750977e+00
4.267025409999999908e-01 2.257524013519287109e+00
4.295343160000000271e-01 2.050921201705932617e+00
4.323661469999999785e-01 2.178802728652954102e+00
4.351980349999999831e-01 2.375014543533325195e+00
4.380299790000000137e-01 2.402439832687377930e+00
4.408619790000000149e-01 2.490942001342773438e+00
4.436940349999999866e-01 2.620505094528198242e+00
4.465261480000000116e-01 2.652940988540649414e+00
4.493583170000000071e-01 2.805454254150390625e+00
4.521905419999999731e-01 2.816100120544433594e+00
4.550228230000000207e-01 2.801010131835937500e+00
4.578551610000000105e-01 2.844994068145751953e+00
4.606875550000000263e-01 2.902671813964843750e+00
4.635200050000000127e-01 2.906810998916625977e+00
4.663525110000000251e-01 2.840950250625610352e+00
4.691850739999999798e-01 2.837705373764038086e+00
4.720176919999999887e-01 2.889077901840209961e+00
4.748503669999999954e-01 2.929466962814331055e+00
4.776830989999999999e-01 2.959294080734252930e+00
4.805158860000000032e-01 3.020581960678100586e+00
4.833487300000000042e-01 2.990033864974975586e+00
4.861816299999999758e-01 2.756438255310058594e+00
4.890145859999999733e-01 2.868683338165283203e+00
4.918475979999999970e-01 2.956857681274414062e+00
4.946806670000000183e-01 3.015480041503906250e+00
4.975137920000000102e-01 3.035862207412719727e+00
5.003469729999999727e-01 2.958967924118041992e+00
5.031802100000000166e-01 2.935270309448242188e+00
5.060135040000000028e-01 3.029263257980346680e+00
5.088468539999999596e-01 3.047721862792968750e+00
5.116802599999999979e-01 3.083975791931152344e+00
5.145137220000000067e-01 3.004794836044311523e+00
5.173472409999999577e-01 2.859283447265625000e+00
5.201808159999999903e-01 2.982150554656982422e+00
5.230144469999999934e-01 3.110182285308837891e+00
5.258481339999999671e-01 3.119946956634521484e+00
5.286818779999999940e-01 3.157574653625488281e+00
5.315156779999999914e-01 3.263073444366455078e+00
5.343495339999999594e-01 3.255071401596069336e+00
5.371834460000000089e-01 3.304017782211303711e+00
5.400174150000000006e-01 3.234540224075317383e+00
5.428514389999999912e-01 3.272642612457275391e+00
5.456855200000000350e-01 3.323806762695312500e+00
5.485196580000000210e-01 3.333370923995971680e+00
5.513538510000000059e-01 3.365727663040161133e+00
5.541881010000000440e-01 3.396947383880615234e+00
5.570224070000000527e-01 3.356638193130493164e+00
5.598567690000000319e-01 3.314724445343017578e+00
5.626911869999999816e-01 3.369202136993408203e+00
5.655256619999999845e-01 3.349336385726928711e+00
5.683601929999999580e-01 3.322409391403198242e+00
5.711947800000000131e-01 3.292627334594726562e+00
5.740294230000000386e-01 3.334044694900512695e+00
5.768641230000000064e-01 3.310844421386718750e+00
5.796988789999999447e-01 3.325543880462646484e+00
5.825336909999999646e-01 3.392509460449218750e+00
5.853685589999999550e-01 3.355779886245727539e+00
5.882034839999999987e-01 3.128617286682128906e+00
5.910384650000000129e-01 2.995648860931396484e+00
5.938735019999999976e-01 3.048009395599365234e+00
5.967085949999999528e-01 3.027711153030395508e+00
5.995437449999999613e-01 2.995585441589355469e+00
6.023789510000000513e-01 2.953965187072753906e+00
6.052142130000000009e-01 2.964243412017822266e+00
6.080495310000000320e-01 2.912863016128540039e+00
6.108849060000000053e-01 2.818922758102416992e+00
6.137203359999999774e-01 2.728551149368286133e+00
6.165558230000000028e-01 2.718259334564208984e+00
6.193913669999999705e-01 2.778229951858520508e+00
6.222269660000000480e-01 2.771794795989990234e+00
6.250626219999999567e-01 2.700835704803466797e+00
6.278983339999999469e-01 2.635558366775512695e+00
6.307341020000000187e-01 2.606403350830078125e+00
6.335699259999999500e-01 2.643808126449584961e+00
6.364058070000000455e-01 2.658020257949829102e+00
6.392417440000000006e-01 2.675155639648437500e+00
6.420777370000000372e-01 2.647376537322998047e+00
6.449137860000000444e-01 2.605436801910400391e+00
6.477498919999999938e-01 2.485547542572021484e+00
6.505860540000000247e-01 2.475294113159179688e+00
6.534222720000000262e-01 2.470626354217529297e+00
6.562585459999999982e-01 2.262594461441040039e+00
6.590948770000000234e-01 2.366908550262451172e+00
6.619312640000000192e-01 2.416610717773437500e+00
6.647677069999999855e-01 2.394408226013183594e+00
6.676042060000000333e-01 2.373960494995117188e+00
6.704407620000000234e-01 2.340708971023559570e+00
6.732773739999999840e-01 2.324249029159545898e+00
6.761140420000000262e-01 2.312469720840454102e+00
6.789507660000000389e-01 2.291844844818115234e+00
6.817875469999999938e-01 2.273557901382446289e+00
6.846243829999999475e-01 2.184435129165649414e+00
6.874612759999999545e-01 1.836804270744323730e+00
6.902982260000000148e-01 1.863023400306701660e+00
6.931352309999999628e-01 1.898937582969665527e+00
6.959722929999999641e-01 1.913007974624633789e+00
6.988094110000000470e-01 1.884808540344238281e+00
7.016465849999999893e-01 1.783606171607971191e+00
7.044838150000000132e-01 1.778056025505065918e+00
7.073211019999999793e-01 1.741077899932861328e+00
7.101584450000000270e-01 1.677632570266723633e+00
7.129958440000000452e-01 1.571776747703552246e+00
7.158332990000000340e-01 1.322497367858886719e+00
7.186708109999999650e-01 9.667972922325134277e-01
7.215083789999999775e-01 9.831897616386413574e-01
7.243460029999999605e-01 9.060333967208862305e-01
7.271836830000000251e-01 8.149544000625610352e-01
7.300214200000000320e-01 7.584332227706909180e-01
7.328592130000000093e-01 7.776026725769042969e-01
7.356970619999999572e-01 7.643364071846008301e-01
7.385349669999999866e-01 7.439847588539123535e-01
7.413729289999999583e-01 7.439695000648498535e-01
7.442109470000000115e-01 7.499709129333496094e-01
7.470490210000000353e-01 7.519114017486572266e-01
7.498871510000000296e-01 7.393084764480590820e-01
7.527253379999999661e-01 7.347781658172607422e-01
7.555635800000000124e-01 7.252050042152404785e-01
7.584018790000000010e-01 5.900346040725708008e-01
7.612402350000000428e-01 2.783291339874267578e-01
7.640786459999999725e-01 3.378010988235473633e-01
7.669171139999999554e-01 5.427373647689819336e-01
7.697556380000000198e-01 6.603376865386962891e-01
7.725942180000000548e-01 6.772802472114562988e-01
7.754328539999999492e-01 6.829145550727844238e-01
7.782715470000000080e-01 6.939552426338195801e-01
7.811102960000000373e-01 6.907385587692260742e-01
7.839491010000000371e-01 6.849735379219055176e-01
7.867879620000000074e-01 6.730687618255615234e-01
7.896268800000000310e-01 6.623772382736206055e-01
7.924658540000000251e-01 6.689181327819824219e-01
7.953048839999999897e-01 6.719453930854797363e-01
7.981439700000000359e-01 6.758789420127868652e-01
8.009831130000000243e-01 6.749581694602966309e-01
8.038223119999999833e-01 6.667618155479431152e-01
8.066615670000000238e-01 6.859746575355529785e-01
8.095008780000000348e-01 6.576827764511108398e-01
8.123402459999999881e-01 5.889015793800354004e-01
8.151796700000000229e-01 4.798023104667663574e-01
8.180191500000000282e-01 4.542221426963806152e-01
8.208586860000000041e-01 4.818841814994812012e-01
8.236982790000000332e-01 4.419871568679809570e-01
8.265379269999999501e-01 4.592008888721466064e-01
8.293776320000000313e-01 4.144493341445922852e-01
8.322173940000000547e-01 3.978892564773559570e-01
8.350572109999999659e-01 4.039119482040405273e-01
8.378970850000000414e-01 4.095534682273864746e-01
8.407370149999999764e-01 4.138554632663726807e-01
8.435770009999999930e-01 4.013007581233978271e-01
8.464170429999999801e-01 4.015861153602600098e-01
8.492571420000000204e-01 3.862821459770202637e-01
8.520972970000000313e-01 3.651605844497680664e-01
8.549375080000000127e-01 3.494802415370941162e-01
8.577777749999999646e-01 3.704953491687774658e-01
8.606180989999999698e-01 3.626995384693145752e-01
8.634584789999999455e-01 3.546544015407562256e-01
8.662989150000000027e-01 3.332264125347137451e-01
8.691394070000000305e-01 3.344454467296600342e-01
8.719799560000000005e-01 3.284442126750946045e-01
8.748205610000000521e-01 3.227629959583282471e-01
8.776612219999999631e-01 3.144090175628662109e-01
8.805019389999999557e-01 3.040421605110168457e-01
8.833427130000000016e-01 3.000367283821105957e-01
8.861835430000000180e-01 2.871933877468109131e-01
8.890244290000000049e-01 2.812332808971405029e-01
8.918653709999999624e-01 2.655121684074401855e-01
8.947063699999999731e-01 2.223597466945648193e-01
8.975474239999999826e-01 1.806787699460983276e-01
9.003885350000000454e-01 1.624911725521087646e-01
9.032297030000000504e-01 1.851031035184860229e-01
9.060709260000000542e-01 1.912814229726791382e-01
9.089122060000000003e-01 1.502677798271179199e-01
9.117535420000000279e-01 1.543046832084655762e-01
9.145949340000000261e-01 1.378193050622940063e-01
9.174363819999999947e-01 1.374223530292510986e-01
9.202778870000000166e-01 1.591591686010360718e-01
9.231194480000000091e-01 1.535137742757797241e-01
9.259610649999999721e-01 1.369293481111526489e-01
9.288027380000000166e-01 9.852581471204757690e-02
9.316444680000000034e-01 5.070404708385467529e-02
9.344862539999999607e-01 3.304582834243774414e-02
9.373280959999999995e-01 3.403445333242416382e-02
9.401699940000000089e-01 5.237990245223045349e-02
9.430119489999999605e-01 4.375595226883888245e-02
9.458539599999999936e-01 4.424834623932838440e-02
9.486960269999999973e-01 4.239206761121749878e-02
9.515381499999999715e-01 4.268483817577362061e-02
9.543803299999999989e-01 4.489848390221595764e-02
9.572225659999999969e-01 4.823148623108863831e-02
9.600648579999999654e-01 5.382142215967178345e-02
9.629072060000000155e-01 5.944317951798439026e-02
9.657496110000000078e-01 6.768446415662765503e-02
9.685920709999999989e-01 8.936114609241485596e-02
9.714345880000000433e-01 8.915690332651138306e-02
9.742771620000000299e-01 8.641232550144195557e-02
9.771197910000000153e-01 8.835431188344955444e-02
9.799624770000000540e-01 8.655539900064468384e-02
9.828052189999999522e-01 9.758760035037994385e-02
9.856480170000000429e-01 1.060460731387138367e-01
9.884908709999999932e-01 1.136482730507850647e-01
9.913337819999999967e-01 1.083849668502807617e-01
9.941767489999999707e-01 1.116066128015518188e-01
9.970197720000000263e-01 1.129206269979476929e-01
9.998628510000000524e-01 1.143988296389579773e-01
1.002705986999999910e+00 1.134299188852310181e-01
1.005549178999999960e+00 1.049795970320701599e-01
1.008392426999999980e+00 1.130921021103858948e-01
1.011235730999999971e+00 1.124273613095283508e-01
1.014079092000000015e+00 1.122171878814697266e-01
1.016922509000000030e+00 1.117568612098693848e-01
1.019765982000000015e+00 1.130200326442718506e-01
1.022609510999999971e+00 1.123943403363227844e-01
1.025453096999999980e+00 1.135672926902770996e-01
1.028296738999999960e+00 1.151828020811080933e-01
1.031140436999999910e+00 1.173547357320785522e-01
1.033984191000000052e+00 1.121667698025703430e-01
1.036828002000000026e+00 1.127018481492996216e-01
1.039671868000000110e+00 1.059470474720001221e-01
1.042515791000000025e+00 1.111185029149055481e-01
1.045359770999999993e+00 1.226038560271263123e-01
