3.615872339999999796e-01 1.403102040290832520e+00
3.644177160000000026e-01 1.513542413711547852e+00
3.672482539999999962e-01 1.681280374526977539e+00
3.700788480000000158e-01 1.643580198287963867e+00
3.729094980000000059e-01 1.439309358596801758e+00
3.757402049999999938e-01 1.547361493110656738e+00
3.785709680000000077e-01 1.682815790176391602e+00
3.814017869999999921e-01 1.426146984100341797e+00
3.842326620000000026e-01 1.285209298133850098e+00
3.870635940000000108e-01 1.452754020690917969e+00
3.898945819999999896e-01 1.642466425895690918e+00
3.927256259999999943e-01 1.430646181106567383e+00
3.955567260000000251e-01 1.464035153388977051e+00
3.983878829999999982e-01 1.882306098937988281e+00
4.012190950000000256e-01 2.290060281753540039e+00
4.040503639999999952e-01 2.311113357543945312e+00
4.068816900000000181e-01 2.242042779922485352e+00
4.097130709999999842e-01 2.302394628524780273e+00
4.125445090000000037e-01 2.403531789779663086e+00
4.153760029999999936e-01 2.397915601730346680e+00
4.182075530000000096e-01 2.352842807769775391e+00
4.210391589999999962e-01 2.355508565902709961e+00
4.238708219999999804e-01 2.296598672866821289e+00
4.267025409999999908e-01 2.259103059768676758e+00
4.295343160000000271e-01 2.039658784866333008e+00
4.323661469999999785e-01 2.165168285369873047e+00
4.351980349999999831e-01 2.369375944137573242e+00
4.380299790000000137e-01 2.416288852691650391e+00
4.408619790000000149e-01 2.495556116104125977e+00
4.436940349999999866e-01 2.617040157318115234e+00
4.465261480000000116e-01 2.659699916839599609e+00
4.493583170000000071e-01 2.821435451507568359e+00
4.521905419999999731e-01 2.836299896240234375e+00
4.550228230000000207e-01 2.813303947448730469e+00
4.578551610000000105e-01 2.877860307693481445e+00
4.606875550000000263e-01 2.898740291595458984e+00
4.635200050000000127e-01 2.921830177307128906e+00
4.663525110000000251e-01 2.859032630920410156e+00
4.691850739999999798e-01 2.852326869964599609e+00
4.720176919999999887e-01 2.894402980804443359e+00
4.748503669999999954e-01 2.942418336868286133e+00
4.776830989999999999e-01 2.966174602508544922e+00
4.805158860000000032e-01 3.021692276000976562e+00
4.833487300000000042e-01 3.011470317840576172e+00
4.861816299999999758e-01 2.762100934982299805e+00
4.890145859999999733e-01 2.893998384475708008e+00
4.918475979999999970e-01 2.965836286544799805e+00
4.946806670000000183e-01 3.016669988632202148e+00
4.975137920000000102e-01 3.036154270172119141e+00
5.003469729999999727e-01 2.984382390975952148e+00
5.031802100000000166e-01 2.940472364425659180e+00
5.060135040000000028e-01 3.040721893310546875e+00
5.088468539999999596e-01 3.051553487777709961e+00
5.116802599999999979e-01 3.114004135131835938e+00
5.145137220000000067e-01 3.038769006729125977e+00
5.173472409999999577e-01 2.868763923645019531e+00
5.201808159999999903e-01 3.009654998779296875e+00
5.230144469999999934e-01 3.139419555664062500e+00
5.258481339999999671e-01 3.161320209503173828e+00
5.286818779999999940e-01 3.194537639617919922e+00
5.315156779999999914e-01 3.311218023300170898e+00
5.343495339999999594e-01 3.294431686401367188e+00
5.371834460000000089e-01 3.338263034820556641e+00
5.400174150000000006e-01 3.270155668258666992e+00
5.428514389999999912e-01 3.303339719772338867e+00
5.456855200000000350e-01 3.358724832534790039e+00
5.485196580000000210e-01 3.384891033172607422e+00
5.513538510000000059e-01 3.408677339553833008e+00
5.541881010000000440e-01 3.433831691741943359e+00
5.570224070000000527e-01 3.408455610275268555e+00
5.598567690000000319e-01 3.348180770874023438e+00
5.626911869999999816e-01 3.408800125122070312e+00
5.655256619999999845e-01 3.382095575332641602e+00
5.683601929999999580e-01 3.376599550247192383e+00
5.711947800000000131e-01 3.330283641815185547e+00
5.740294230000000386e-01 3.379761934280395508e+00
5.768641230000000064e-01 3.351150035858154297e+00
5.796988789999999447e-01 3.363446474075317383e+00
5.825336909999999646e-01 3.445067644119262695e+00
5.853685589999999550e-01 3.407746791839599609e+00
5.882034839999999987e-01 3.179769277572631836e+00
5.910384650000000129e-01 3.048129558563232422e+00
5.938735019999999976e-01 3.094683408737182617e+00
5.967085949999999528e-01 3.073745727539062500e+00
5.995437449999999613e-01 3.051773071289062500e+00
6.023789510000000513e-01 3.014163494110107422e+00
6.052142130000000009e-01 3.022179365158081055e+00
6.080495310000000320e-01 2.983470439910888672e+00
6.108849060000000053e-01 2.903709411621093750e+00
6.137203359999999774e-01 2.808776140213012695e+00
6.165558230000000028e-01 2.784052848815917969e+00
6.193913669999999705e-01 2.861969947814941406e+00
6.222269660000000480e-01 2.841557979583740234e+00
6.250626219999999567e-01 2.773780822753906250e+00
6.278983339999999469e-01 2.705621004104614258e+00
6.307341020000000187e-01 2.682239294052124023e+00
6.335699259999999500e-01 2.710881471633911133e+00
6.364058070000000455e-01 2.741505146026611328e+00
6.392417440000000006e-01 2.743136644363403320e+00
6.420777370000000372e-01 2.726742982864379883e+00
6.449137860000000444e-01 2.680949211120605469e+00
6.477498919999999938e-01 2.555407762527465820e+00
6.505860540000000247e-01 2.540217638015747070e+00
6.534222720000000262e-01 2.537751913070678711e+00
6.562585459999999982e-01 2.325018882751464844e+00
6.590948770000000234e-01 2.438297986984252930e+00
6.619312640000000192e-01 2.497295379638671875e+00
6.647677069999999855e-01 2.468616485595703125e+00
6.676042060000000333e-01 2.443551063537597656e+00
6.704407620000000234e-01 2.410667896270751953e+00
6.732773739999999840e-01 2.385209083557128906e+00
6.761140420000000262e-01 2.369695901870727539e+00
6.789507660000000389e-01 2.361095666885375977e+00
6.817875469999999938e-01 2.336117506027221680e+00
6.846243829999999475e-01 2.259438991546630859e+00
6.874612759999999545e-01 1.890949487686157227e+00
6.902982260000000148e-01 1.933366656303405762e+00
6.931352309999999628e-01 1.975780844688415527e+00
6.959722929999999641e-01 2.002216815948486328e+00
6.988094110000000470e-01 1.981529355049133301e+00
7.016465849999999893e-01 1.874989628791809082e+00
7.044838150000000132e-01 1.876950860023498535e+00
7.073211019999999793e-01 1.838526725769042969e+00
7.101584450000000270e-01 1.772853970527648926e+00
7.129958440000000452e-01 1.670171737670898438e+00
7.158332990000000340e-01 1.411585330963134766e+00
7.186708109999999650e-01 1.020977497100830078e+00
7.215083789999999775e-01 1.054828166961669922e+00
7.243460029999999605e-01 9.655781388282775879e-01
7.271836830000000251e-01 8.771789073944091797e-01
7.300214200000000320e-01 8.159629702568054199e-01
7.328592130000000093e-01 8.311651349067687988e-01
7.356970619999999572e-01 8.316416144371032715e-01
7.385349669999999866e-01 8.133419156074523926e-01
7.413729289999999583e-01 8.137565255165100098e-01
7.442109470000000115e-01 8.235533237457275391e-01
7.470490210000000353e-01 8.252161741256713867e-01
7.498871510000000296e-01 8.102551698684692383e-01
7.527253379999999661e-01 8.099488019943237305e-01
7.555635800000000124e-01 7.957836985588073730e-01
7.584018790000000010e-01 6.559172868728637695e-01
7.612402350000000428e-01 3.008114099502563477e-01
7.640786459999999725e-01 3.660220503807067871e-01
7.669171139999999554e-01 5.873489975929260254e-01
7.697556380000000198e-01 7.333776354789733887e-01
7.725942180000000548e-01 7.590295672416687012e-01
7.754328539999999492e-01 7.622611522674560547e-01
7.782715470000000080e-01 7.625151872634887695e-01
7.811102960000000373e-01 7.679335474967956543e-01
7.839491010000000371e-01 7.647942900657653809e-01
7.867879620000000074e-01 7.521195411682128906e-01
7.896268800000000310e-01 7.361510396003723145e-01
7.924658540000000251e-01 7.335899472236633301e-01
7.953048839999999897e-01 7.421133518218994141e-01
7.981439700000000359e-01 7.446542382240295410e-01
8.009831130000000243e-01 7.477954626083374023e-01
8.038223119999999833e-01 7.422112822532653809e-01
8.066615670000000238e-01 7.579816579818725586e-01
8.095008780000000348e-01 7.291129827499389648e-01
8.123402459999999881e-01 6.452481746673583984e-01
8.151796700000000229e-01 5.324522852897644043e-01
8.180191500000000282e-01 5.025957822799682617e-01
8.208586860000000041e-01 5.380951762199401855e-01
8.236982790000000332e-01 4.909708797931671143e-01
8.265379269999999501e-01 5.120406150817871094e-01
8.293776320000000313e-01 4.587052762508392334e-01
8.322173940000000547e-01 4.433161318302154541e-01
8.350572109999999659e-01 4.433601498603820801e-01
8.378970850000000414e-01 4.518411457538604736e-01
8.407370149999999764e-01 4.594767093658447266e-01
8.435770009999999930e-01 4.508104622364044189e-01
8.464170429999999801e-01 4.512345492839813232e-01
8.492571420000000204e-01 4.278230071067810059e-01
8.520972970000000313e-01 4.108876585960388184e-01
8.549375080000000127e-01 3.879953026771545410e-01
8.577777749999999646e-01 4.173932969570159912e-01
8.606180989999999698e-01 4.069051742553710938e-01
8.634584789999999455e-01 4.008780717849731445e-01
8.662989150000000027e-01 3.737516403198242188e-01
8.691394070000000305e-01 3.796012997627258301e-01
8.719799560000000005e-01 3.759328126907348633e-01
8.748205610000000521e-01 3.636787235736846924e-01
8.776612219999999631e-01 3.542904257774353027e-01
8.805019389999999557e-01 3.433821797370910645e-01
8.833427130000000016e-01 3.373666107654571533e-01
8.861835430000000180e-01 3.239795863628387451e-01
8.890244290000000049e-01 3.204315304756164551e-01
8.918653709999999624e-01 2.981676161289215088e-01
8.947063699999999731e-01 2.502473890781402588e-01
8.975474239999999826e-01 2.036163508892059326e-01
9.003885350000000454e-01 1.818328946828842163e-01
9.032297030000000504e-01 2.113635987043380737e-01
9.060709260000000542e-01 2.111907899379730225e-01
9.089122060000000003e-01 1.711871176958084106e-01
9.117535420000000279e-01 1.713328063488006592e-01
9.145949340000000261e-01 1.549422591924667358e-01
9.174363819999999947e-01 1.591006666421890259e-01
9.202778870000000166e-01 1.852571964263916016e-01
9.231194480000000091e-01 1.727372258901596069e-01
9.259610649999999721e-01 1.561958938837051392e-01
9.288027380000000166e-01 1.102129295468330383e-01
9.316444680000000034e-01 5.691193789243698120e-02
9.344862539999999607e-01 3.859972581267356873e-02
9.373280959999999995e-01 3.343653678894042969e-02
9.401699940000000089e-01 6.087723746895790100e-02
9.430119489999999605e-01 4.661899432539939880e-02
9.458539599999999936e-01 4.116370528936386108e-02
9.486960269999999973e-01 4.613617435097694397e-02
9.515381499999999715e-01 5.020656809210777283e-02
9.543803299999999989e-01 4.702811315655708313e-02
9.572225659999999969e-01 5.771579220890998840e-02
9.600648579999999654e-01 5.847946554422378540e-02
9.629072060000000155e-01 6.524562835693359375e-02
9.657496110000000078e-01 7.671548426151275635e-02
9.685920709999999989e-01 1.005727425217628479e-01
9.714345880000000433e-01 1.058662459254264832e-01
9.742771620000000299e-01 8.764456212520599365e-02
9.771197910000000153e-01 9.878642112016677856e-02
9.799624770000000540e-01 1.032852679491043091e-01
9.828052189999999522e-01 1.147950887680053711e-01
9.856480170000000429e-01 1.249197572469711304e-01
9.884908709999999932e-01 1.267483532428741455e-01
9.913337819999999967e-01 1.277479380369186401e-01
9.941767489999999707e-01 1.344417184591293335e-01
9.970197720000000263e-01 1.299912631511688232e-01
9.998628510000000524e-01 1.316299289464950562e-01
1.002705986999999910e+00 1.270160079002380371e-01
1.005549178999999960e+00 1.232318058609962463e-01
1.008392426999999980e+00 1.228397339582443237e-01
1.011235730999999971e+00 1.206710860133171082e-01
1.014079092000000015e+00 1.223096176981925964e-01
1.016922509000000030e+00 1.226548179984092712e-01
1.019765982000000015e+00 1.255254000425338745e-01
1.022609510999999971e+00 1.330990195274353027e-01
1.025453096999999980e+00 1.239455193281173706e-01
1.028296738999999960e+00 1.306573450565338135e-01
1.031140436999999910e+00 1.360151916742324829e-01
1.033984191000000052e+00 1.418273597955703735e-01
1.036828002000000026e+00 1.271823197603225708e-01
1.039671868000000110e+00 1.227861493825912476e-01
1.042515791000000025e+00 1.333198547363281250e-01
1.045359770999999993e+00 1.348358392715454102e-01
