3.615872339999999796e-01 1.269416213035583496e+00
3.644177160000000026e-01 1.480687022209167480e+00
3.672482539999999962e-01 1.591540217399597168e+00
3.700788480000000158e-01 1.615593433380126953e+00
3.729094980000000059e-01 1.452668666839599609e+00
3.757402049999999938e-01 1.511688947677612305e+00
3.785709680000000077e-01 1.689808487892150879e+00
3.814017869999999921e-01 1.449476242065429688e+00
3.842326620000000026e-01 1.353953123092651367e+00
3.870635940000000108e-01 1.466682791709899902e+00
3.898945819999999896e-01 1.646219253540039062e+00
3.927256259999999943e-01 1.445555448532104492e+00
3.955567260000000251e-01 1.463380217552185059e+00
3.983878829999999982e-01 1.880218148231506348e+00
4.012190950000000256e-01 2.315681457519531250e+00
4.040503639999999952e-01 2.299646854400634766e+00
4.068816900000000181e-01 2.251355409622192383e+00
4.097130709999999842e-01 2.328384160995483398e+00
4.125445090000000037e-01 2.417406320571899414e+00
4.153760029999999936e-01 2.414252042770385742e+00
4.182075530000000096e-01 2.367519617080688477e+00
4.210391589999999962e-01 2.377357006072998047e+00
4.238708219999999804e-01 2.330848217010498047e+00
4.267025409999999908e-01 2.285242319107055664e+00
4.295343160000000271e-01 2.068878173828125000e+00
4.323661469999999785e-01 2.197088479995727539e+00
4.351980349999999831e-01 2.394681453704833984e+00
4.380299790000000137e-01 2.434811592102050781e+00
4.408619790000000149e-01 2.500607728958129883e+00
4.436940349999999866e-01 2.644225358963012695e+00
4.465261480000000116e-01 2.665456056594848633e+00
4.493583170000000071e-01 2.810745716094970703e+00
4.521905419999999731e-01 2.828148365020751953e+00
4.550228230000000207e-01 2.813665151596069336e+00
4.578551610000000105e-01 2.856708288192749023e+00
4.606875550000000263e-01 2.883031845092773438e+00
4.635200050000000127e-01 2.897495031356811523e+00
4.663525110000000251e-01 2.852363348007202148e+00
4.691850739999999798e-01 2.843635559082031250e+00
4.720176919999999887e-01 2.861137151718139648e+00
4.748503669999999954e-01 2.922068119049072266e+00
4.776830989999999999e-01 2.945025920867919922e+00
4.805158860000000032e-01 3.002094984054565430e+00
4.833487300000000042e-01 2.985579729080200195e+00
4.861816299999999758e-01 2.742892265319824219e+00
4.890145859999999733e-01 2.866463661193847656e+00
4.918475979999999970e-01 2.927036523818969727e+00
4.946806670000000183e-01 2.996111869812011719e+00
4.975137920000000102e-01 3.013956069946289062e+00
5.003469729999999727e-01 2.944018363952636719e+00
5.031802100000000166e-01 2.905729770660400391e+00
5.060135040000000028e-01 2.995177030563354492e+00
5.088468539999999596e-01 3.009686231613159180e+00
5.116802599999999979e-01 3.038173675537109375e+00
5.145137220000000067e-01 2.977414608001708984e+00
5.173472409999999577e-01 2.811243534088134766e+00
5.201808159999999903e-01 2.934918165206909180e+00
5.230144469999999934e-01 3.052040338516235352e+00
5.258481339999999671e-01 3.062358856201171875e+00
5.286818779999999940e-01 3.118077754974365234e+00
5.315156779999999914e-01 3.202565193176269531e+00
5.343495339999999594e-01 3.195029020309448242e+00
5.371834460000000089e-01 3.245264053344726562e+00
5.400174150000000006e-01 3.182708978652954102e+00
5.428514389999999912e-01 3.197043180465698242e+00
5.456855200000000350e-01 3.254332542419433594e+00
5.485196580000000210e-01 3.263070821762084961e+00
5.513538510000000059e-01 3.296473503112792969e+00
5.541881010000000440e-01 3.332030296325683594e+00
5.570224070000000527e-01 3.281272172927856445e+00
5.598567690000000319e-01 3.239120721817016602e+00
5.626911869999999816e-01 3.295872926712036133e+00
5.655256619999999845e-01 3.278917789459228516e+00
5.683601929999999580e-01 3.251089096069335938e+00
5.711947800000000131e-01 3.212083339691162109e+00
5.740294230000000386e-01 3.262496948242187500e+00
5.768641230000000064e-01 3.224196672439575195e+00
5.796988789999999447e-01 3.229865312576293945e+00
5.825336909999999646e-01 3.300565242767333984e+00
5.853685589999999550e-01 3.251281976699829102e+00
5.882034839999999987e-01 3.042761802673339844e+00
5.910384650000000129e-01 2.893134832382202148e+00
5.938735019999999976e-01 2.944658517837524414e+00
5.967085949999999528e-01 2.924875259399414062e+00
5.995437449999999613e-01 2.885107517242431641e+00
6.023789510000000513e-01 2.833980798721313477e+00
6.052142130000000009e-01 2.838490247726440430e+00
6.080495310000000320e-01 2.793425321578979492e+00
6.108849060000000053e-01 2.705465078353881836e+00
6.137203359999999774e-01 2.616687059402465820e+00
6.165558230000000028e-01 2.594417333602905273e+00
6.193913669999999705e-01 2.652799606323242188e+00
6.222269660000000480e-01 2.640329837799072266e+00
6.250626219999999567e-01 2.566798925399780273e+00
6.278983339999999469e-01 2.510397434234619141e+00
6.307341020000000187e-01 2.495563983917236328e+00
6.335699259999999500e-01 2.512325048446655273e+00
6.364058070000000455e-01 2.534432649612426758e+00
6.392417440000000006e-01 2.546460628509521484e+00
6.420777370000000372e-01 2.515362977981567383e+00
6.449137860000000444e-01 2.465699434280395508e+00
6.477498919999999938e-01 2.361097812652587891e+00
6.505860540000000247e-01 2.351494073867797852e+00
6.534222720000000262e-01 2.344705581665039062e+00
6.562585459999999982e-01 2.139050245285034180e+00
6.590948770000000234e-01 2.245527505874633789e+00
6.619312640000000192e-01 2.297687530517578125e+00
6.647677069999999855e-01 2.274201869964599609e+00
6.676042060000000333e-01 2.255592584609985352e+00
6.704407620000000234e-01 2.231821298599243164e+00
6.732773739999999840e-01 2.201340913772583008e+00
6.761140420000000262e-01 2.190846681594848633e+00
6.789507660000000389e-01 2.170003414154052734e+00
6.817875469999999938e-01 2.153903007507324219e+00
6.846243829999999475e-01 2.063393354415893555e+00
6.874612759999999545e-01 1.721144676208496094e+00
6.902982260000000148e-01 1.735439777374267578e+00
6.931352309999999628e-01 1.765011429786682129e+00
6.959722929999999641e-01 1.777161359786987305e+00
6.988094110000000470e-01 1.745044708251953125e+00
7.016465849999999893e-01 1.638462066650390625e+00
7.044838150000000132e-01 1.628400802612304688e+00
7.073211019999999793e-01 1.590037345886230469e+00
7.101584450000000270e-01 1.534873127937316895e+00
7.129958440000000452e-01 1.426203489303588867e+00
7.158332990000000340e-01 1.207018017768859863e+00
7.186708109999999650e-01 8.734362125396728516e-01
7.215083789999999775e-01 8.925858736038208008e-01
7.243460029999999605e-01 8.148968815803527832e-01
7.271836830000000251e-01 7.378939390182495117e-01
7.300214200000000320e-01 6.867299079895019531e-01
7.328592130000000093e-01 7.078828215599060059e-01
7.356970619999999572e-01 6.998669505119323730e-01
7.385349669999999866e-01 6.822305321693420410e-01
7.413729289999999583e-01 6.788465976715087891e-01
7.442109470000000115e-01 6.937855482101440430e-01
7.470490210000000353e-01 6.873248815536499023e-01
7.498871510000000296e-01 6.832917332649230957e-01
7.527253379999999661e-01 6.708915233612060547e-01
7.555635800000000124e-01 6.610140800476074219e-01
7.584018790000000010e-01 5.444137454032897949e-01
7.612402350000000428e-01 2.536980509757995605e-01
7.640786459999999725e-01 3.050599992275238037e-01
7.669171139999999554e-01 4.996202290058135986e-01
7.697556380000000198e-01 6.033844947814941406e-01
7.725942180000000548e-01 6.167511940002441406e-01
7.754328539999999492e-01 6.269124746322631836e-01
7.782715470000000080e-01 6.268770098686218262e-01
7.811102960000000373e-01 6.288962960243225098e-01
7.839491010000000371e-01 6.261146068572998047e-01
7.867879620000000074e-01 6.139166951179504395e-01
7.896268800000000310e-01 6.000565290451049805e-01
7.924658540000000251e-01 6.023571491241455078e-01
7.953048839999999897e-01 6.074072122573852539e-01
7.981439700000000359e-01 6.106066703796386719e-01
8.009831130000000243e-01 6.035984754562377930e-01
8.038223119999999833e-01 6.029135584831237793e-01
8.066615670000000238e-01 6.182605028152465820e-01
8.095008780000000348e-01 5.912004709243774414e-01
8.123402459999999881e-01 5.326561331748962402e-01
8.151796700000000229e-01 4.316620826721191406e-01
8.180191500000000282e-01 4.109955430030822754e-01
8.208586860000000041e-01 4.414551556110382080e-01
8.236982790000000332e-01 4.022126793861389160e-01
8.265379269999999501e-01 4.186135828495025635e-01
8.293776320000000313e-01 3.718039095401763916e-01
8.322173940000000547e-01 3.651451468467712402e-01
8.350572109999999659e-01 3.707184791564941406e-01
8.378970850000000414e-01 3.749804198741912842e-01
8.407370149999999764e-01 3.775710165500640869e-01
8.435770009999999930e-01 3.737798333168029785e-01
8.464170429999999801e-01 3.723010122776031494e-01
8.492571420000000204e-01 3.530948758125305176e-01
8.520972970000000313e-01 3.428593873977661133e-01
8.549375080000000127e-01 3.246769905090332031e-01
8.577777749999999646e-01 3.433147370815277100e-01
8.606180989999999698e-01 3.381993174552917480e-01
8.634584789999999455e-01 3.302661180496215820e-01
8.662989150000000027e-01 3.046461641788482666e-01
8.691394070000000305e-01 3.108837008476257324e-01
8.719799560000000005e-01 3.081946671009063721e-01
8.748205610000000521e-01 2.991760671138763428e-01
8.776612219999999631e-01 2.930398285388946533e-01
8.805019389999999557e-01 2.847986519336700439e-01
8.833427130000000016e-01 2.759701907634735107e-01
8.861835430000000180e-01 2.699818611145019531e-01
8.890244290000000049e-01 2.623446285724639893e-01
8.918653709999999624e-01 2.492026984691619873e-01
8.947063699999999731e-01 2.114279121160507202e-01
8.975474239999999826e-01 1.691096723079681396e-01
9.003885350000000454e-01 1.535780727863311768e-01
9.032297030000000504e-01 1.775162518024444580e-01
9.060709260000000542e-01 1.785449534654617310e-01
9.089122060000000003e-01 1.448675394058227539e-01
9.117535420000000279e-01 1.406245529651641846e-01
9.145949340000000261e-01 1.337538659572601318e-01
9.174363819999999947e-01 1.327483803033828735e-01
9.202778870000000166e-01 1.550280451774597168e-01
9.231194480000000091e-01 1.446989178657531738e-01
9.259610649999999721e-01 1.332871764898300171e-01
9.288027380000000166e-01 9.750854969024658203e-02
9.316444680000000034e-01 5.156045779585838318e-02
9.344862539999999607e-01 3.055840730667114258e-02
9.373280959999999995e-01 3.302329033613204956e-02
9.401699940000000089e-01 5.212889239192008972e-02
9.430119489999999605e-01 4.504055529832839966e-02
9.458539599999999936e-01 4.039878770709037781e-02
9.486960269999999973e-01 3.924033418297767639e-02
9.515381499999999715e-01 4.148487746715545654e-02
9.543803299999999989e-01 4.371475055813789368e-02
9.572225659999999969e-01 4.470121860504150391e-02
9.600648579999999654e-01 5.271472036838531494e-02
9.629072060000000155e-01 5.694695934653282166e-02
9.657496110000000078e-01 6.621963530778884888e-02
9.685920709999999989e-01 8.457086980342864990e-02
9.714345880000000433e-01 9.084684401750564575e-02
9.742771620000000299e-01 7.693532109260559082e-02
9.771197910000000153e-01 8.182698488235473633e-02
9.799624770000000540e-01 9.160451591014862061e-02
9.828052189999999522e-01 9.953049570322036743e-02
9.856480170000000429e-01 1.038180291652679443e-01
9.884908709999999932e-01 1.112543046474456787e-01
9.913337819999999967e-01 1.123770549893379211e-01
9.941767489999999707e-01 1.107104346156120300e-01
9.970197720000000263e-01 1.131401360034942627e-01
9.998628510000000524e-01 1.113516613841056824e-01
1.002705986999999910e+00 1.092255711555480957e-01
1.005549178999999960e+00 1.098075509071350098e-01
1.008392426999999980e+00 1.098239272832870483e-01
1.011235730999999971e+00 1.056069433689117432e-01
1.014079092000000015e+00 1.079083979129791260e-01
1.016922509000000030e+00 1.049323156476020813e-01
1.019765982000000015e+00 1.079612225294113159e-01
1.022609510999999971e+00 1.048723086714744568e-01
1.025453096999999980e+00 1.113160252571105957e-01
1.028296738999999960e+00 1.138698756694793701e-01
1.031140436999999910e+00 1.113710850477218628e-01
1.033984191000000052e+00 1.168454438447952271e-01
1.036828002000000026e+00 1.188583746552467346e-01
1.039671868000000110e+00 1.053873822093009949e-01
1.042515791000000025e+00 1.055087372660636902e-01
1.045359770999999993e+00 1.252681612968444824e-01
