3.615872339999999796e-01 1.323363780975341797e+00
3.644177160000000026e-01 1.429120659828186035e+00
3.672482539999999962e-01 1.571285843849182129e+00
3.700788480000000158e-01 1.558506608009338379e+00
3.729094980000000059e-01 1.430501222610473633e+00
3.757402049999999938e-01 1.544989585876464844e+00
3.785709680000000077e-01 1.664627552032470703e+00
3.814017869999999921e-01 1.436042189598083496e+00
3.842326620000000026e-01 1.288883566856384277e+00
3.870635940000000108e-01 1.482316851615905762e+00
3.898945819999999896e-01 1.600788831710815430e+00
3.927256259999999943e-01 1.413045883178710938e+00
3.955567260000000251e-01 1.446189522743225098e+00
3.983878829999999982e-01 1.847008705139160156e+00
4.012190950000000256e-01 2.303251266479492188e+00
4.040503639999999952e-01 2.276854515075683594e+00
4.068816900000000181e-01 2.233502149581909180e+00
4.097130709999999842e-01 2.310300827026367188e+00
4.125445090000000037e-01 2.362578392028808594e+00
4.153760029999999936e-01 2.408816337585449219e+00
4.182075530000000096e-01 2.332250833511352539e+00
4.210391589999999962e-01 2.362112760543823242e+00
4.238708219999999804e-01 2.308462142944335938e+00
4.267025409999999908e-01 2.255468845367431641e+00
4.295343160000000271e-01 2.058061838150024414e+00
4.323661469999999785e-01 2.195221185684204102e+00
4.351980349999999831e-01 2.375770092010498047e+00
4.380299790000000137e-01 2.405634164810180664e+00
4.408619790000000149e-01 2.475816965103149414e+00
4.436940349999999866e-01 2.623677015304565430e+00
4.465261480000000116e-01 2.655508756637573242e+00
4.493583170000000071e-01 2.816316127777099609e+00
4.521905419999999731e-01 2.827023983001708984e+00
4.550228230000000207e-01 2.790500640869140625e+00
4.578551610000000105e-01 2.870037794113159180e+00
4.606875550000000263e-01 2.883915901184082031e+00
4.635200050000000127e-01 2.910707950592041016e+00
4.663525110000000251e-01 2.855628252029418945e+00
4.691850739999999798e-01 2.841371536254882812e+00
4.720176919999999887e-01 2.891432046890258789e+00
4.748503669999999954e-01 2.940268993377685547e+00
4.776830989999999999e-01 2.959330558776855469e+00
4.805158860000000032e-01 3.027267217636108398e+00
4.833487300000000042e-01 3.006474018096923828e+00
4.861816299999999758e-01 2.771162033081054688e+00
4.890145859999999733e-01 2.889756202697753906e+00
4.918475979999999970e-01 2.956269025802612305e+00
4.946806670000000183e-01 3.019603729248046875e+00
4.975137920000000102e-01 3.043708562850952148e+00
5.003469729999999727e-01 2.967215538024902344e+00
5.031802100000000166e-01 2.939086198806762695e+00
5.060135040000000028e-01 3.034181356430053711e+00
5.088468539999999596e-01 3.045796155929565430e+00
5.116802599999999979e-01 3.086088657379150391e+00
5.145137220000000067e-01 3.020351409912109375e+00
5.173472409999999577e-01 2.854594945907592773e+00
5.201808159999999903e-01 2.996527433395385742e+00
5.230144469999999934e-01 3.129103660583496094e+00
5.258481339999999671e-01 3.129301786422729492e+00
5.286818779999999940e-01 3.169684648513793945e+00
5.315156779999999914e-01 3.275320768356323242e+00
5.343495339999999594e-01 3.276446580886840820e+00
5.371834460000000089e-01 3.310042858123779297e+00
5.400174150000000006e-01 3.247088193893432617e+00
5.428514389999999912e-01 3.280606508255004883e+00
5.456855200000000350e-01 3.330871582031250000e+00
5.485196580000000210e-01 3.344331741333007812e+00
5.513538510000000059e-01 3.383826732635498047e+00
5.541881010000000440e-01 3.407465219497680664e+00
5.570224070000000527e-01 3.368829727172851562e+00
5.598567690000000319e-01 3.326455593109130859e+00
5.626911869999999816e-01 3.381988048553466797e+00
5.655256619999999845e-01 3.360657215118408203e+00
5.683601929999999580e-01 3.327355623245239258e+00
5.711947800000000131e-01 3.302983522415161133e+00
5.740294230000000386e-01 3.352487802505493164e+00
5.768641230000000064e-01 3.314395427703857422e+00
5.796988789999999447e-01 3.328152179718017578e+00
5.825336909999999646e-01 3.399914026260375977e+00
5.853685589999999550e-01 3.365354299545288086e+00
5.882034839999999987e-01 3.140730857849121094e+00
5.910384650000000129e-01 3.001827716827392578e+00
5.938735019999999976e-01 3.053851842880249023e+00
5.967085949999999528e-01 3.039190530776977539e+00
5.995437449999999613e-01 3.003002643585205078e+00
6.023789510000000513e-01 2.956563234329223633e+00
6.052142130000000009e-01 2.966819524765014648e+00
6.080495310000000320e-01 2.927457571029663086e+00
6.108849060000000053e-01 2.789959669113159180e+00
6.137203359999999774e-01 2.717664480209350586e+00
6.165558230000000028e-01 2.710288286209106445e+00
6.193913669999999705e-01 2.782342433929443359e+00
6.222269660000000480e-01 2.767643928527832031e+00
6.250626219999999567e-01 2.699619293212890625e+00
6.278983339999999469e-01 2.634317398071289062e+00
6.307341020000000187e-01 2.608120203018188477e+00
6.335699259999999500e-01 2.644282817840576172e+00
6.364058070000000455e-01 2.661392927169799805e+00
6.392417440000000006e-01 2.678217887878417969e+00
6.420777370000000372e-01 2.633609771728515625e+00
6.449137860000000444e-01 2.594459056854248047e+00
6.477498919999999938e-01 2.484824180603027344e+00
6.505860540000000247e-01 2.465116500854492188e+00
6.534222720000000262e-01 2.456106185913085938e+00
6.562585459999999982e-01 2.251471757888793945e+00
6.590948770000000234e-01 2.351090669631958008e+00
6.619312640000000192e-01 2.399538755416870117e+00
6.647677069999999855e-01 2.384963274002075195e+00
6.676042060000000333e-01 2.361331939697265625e+00
6.704407620000000234e-01 2.324756622314453125e+00
6.732773739999999840e-01 2.298912525177001953e+00
6.761140420000000262e-01 2.287418842315673828e+00
6.789507660000000389e-01 2.271261930465698242e+00
6.817875469999999938e-01 2.250719785690307617e+00
6.846243829999999475e-01 2.168870449066162109e+00
6.874612759999999545e-01 1.824671983718872070e+00
6.902982260000000148e-01 1.856802940368652344e+00
6.931352309999999628e-01 1.886565685272216797e+00
6.959722929999999641e-01 1.904928803443908691e+00
6.988094110000000470e-01 1.881889939308166504e+00
7.016465849999999893e-01 1.773456454277038574e+00
7.044838150000000132e-01 1.778218865394592285e+00
7.073211019999999793e-01 1.730182647705078125e+00
7.101584450000000270e-01 1.668033838272094727e+00
7.129958440000000452e-01 1.562909007072448730e+00
7.158332990000000340e-01 1.326464653015136719e+00
7.186708109999999650e-01 9.608755707740783691e-01
7.215083789999999775e-01 9.787077307701110840e-01
7.243460029999999605e-01 8.950358629226684570e-01
7.271836830000000251e-01 8.058452010154724121e-01
7.300214200000000320e-01 7.528436183929443359e-01
7.328592130000000093e-01 7.733302116394042969e-01
7.356970619999999572e-01 7.573890686035156250e-01
7.385349669999999866e-01 7.405138611793518066e-01
7.413729289999999583e-01 7.357470989227294922e-01
7.442109470000000115e-01 7.535730004310607910e-01
7.470490210000000353e-01 7.478793263435363770e-01
7.498871510000000296e-01 7.358195185661315918e-01
7.527253379999999661e-01 7.257525920867919922e-01
7.555635800000000124e-01 7.198850512504577637e-01
7.584018790000000010e-01 5.940817594528198242e-01
7.612402350000000428e-01 2.820546925067901611e-01
7.640786459999999725e-01 3.362714648246765137e-01
7.669171139999999554e-01 5.334762334823608398e-01
7.697556380000000198e-01 6.580373644828796387e-01
7.725942180000000548e-01 6.787540912628173828e-01
7.754328539999999492e-01 6.844794154167175293e-01
7.782715470000000080e-01 6.937449574470520020e-01
7.811102960000000373e-01 6.904780864715576172e-01
7.839491010000000371e-01 6.842106580734252930e-01
7.867879620000000074e-01 6.766291856765747070e-01
7.896268800000000310e-01 6.501702666282653809e-01
7.924658540000000251e-01 6.554098129272460938e-01
7.953048839999999897e-01 6.676436662673950195e-01
7.981439700000000359e-01 6.742298603057861328e-01
8.009831130000000243e-01 6.675817966461181641e-01
8.038223119999999833e-01 6.710420250892639160e-01
8.066615670000000238e-01 6.755004525184631348e-01
8.095008780000000348e-01 6.573987007141113281e-01
8.123402459999999881e-01 5.812039375305175781e-01
8.151796700000000229e-01 4.711782932281494141e-01
8.180191500000000282e-01 4.525434076786041260e-01
8.208586860000000041e-01 4.832699000835418701e-01
8.236982790000000332e-01 4.389153122901916504e-01
8.265379269999999501e-01 4.606297016143798828e-01
8.293776320000000313e-01 4.159750342369079590e-01
8.322173940000000547e-01 3.938528299331665039e-01
8.350572109999999659e-01 3.987730443477630615e-01
8.378970850000000414e-01 4.102150499820709229e-01
8.407370149999999764e-01 4.093234837055206299e-01
8.435770009999999930e-01 3.980590403079986572e-01
8.464170429999999801e-01 4.094232916831970215e-01
8.492571420000000204e-01 3.858382701873779297e-01
8.520972970000000313e-01 3.625960648059844971e-01
8.549375080000000127e-01 3.463394343852996826e-01
8.577777749999999646e-01 3.714719414710998535e-01
8.606180989999999698e-01 3.626778125762939453e-01
8.634584789999999455e-01 3.511191606521606445e-01
8.662989150000000027e-01 3.237922787666320801e-01
8.691394070000000305e-01 3.331155478954315186e-01
8.719799560000000005e-01 3.316582143306732178e-01
8.748205610000000521e-01 3.243966102600097656e-01
8.776612219999999631e-01 3.127536475658416748e-01
8.805019389999999557e-01 3.010650277137756348e-01
8.833427130000000016e-01 3.031065165996551514e-01
8.861835430000000180e-01 2.880170941352844238e-01
8.890244290000000049e-01 2.822698056697845459e-01
8.918653709999999624e-01 2.632226943969726562e-01
8.947063699999999731e-01 2.186318784952163696e-01
8.975474239999999826e-01 1.763400882482528687e-01
9.003885350000000454e-01 1.608562171459197998e-01
9.032297030000000504e-01 1.839370131492614746e-01
9.060709260000000542e-01 1.877306848764419556e-01
9.089122060000000003e-01 1.547693312168121338e-01
9.117535420000000279e-01 1.505974978208541870e-01
9.145949340000000261e-01 1.401265561580657959e-01
9.174363819999999947e-01 1.370456069707870483e-01
9.202778870000000166e-01 1.584112942218780518e-01
9.231194480000000091e-01 1.510720998048782349e-01
9.259610649999999721e-01 1.384202241897583008e-01
9.288027380000000166e-01 9.789762645959854126e-02
9.316444680000000034e-01 5.281321704387664795e-02
9.344862539999999607e-01 3.083818405866622925e-02
9.373280959999999995e-01 3.117722645401954651e-02
9.401699940000000089e-01 5.399997532367706299e-02
9.430119489999999605e-01 4.481011256575584412e-02
9.458539599999999936e-01 4.127624258399009705e-02
9.486960269999999973e-01 4.354134202003479004e-02
9.515381499999999715e-01 4.153998196125030518e-02
9.543803299999999989e-01 4.267862066626548767e-02
9.572225659999999969e-01 4.948870092630386353e-02
9.600648579999999654e-01 5.023847147822380066e-02
9.629072060000000155e-01 6.123080849647521973e-02
9.657496110000000078e-01 7.179887592792510986e-02
9.685920709999999989e-01 8.761662989854812622e-02
9.714345880000000433e-01 9.650743752717971802e-02
9.742771620000000299e-01 8.515253663063049316e-02
9.771197910000000153e-01 8.867648988962173462e-02
9.799624770000000540e-01 9.324391931295394897e-02
9.828052189999999522e-01 9.602870792150497437e-02
9.856480170000000429e-01 1.098109930753707886e-01
9.884908709999999932e-01 1.077417954802513123e-01
9.913337819999999967e-01 1.133152693510055542e-01
9.941767489999999707e-01 1.121644228696823120e-01
9.970197720000000263e-01 1.155271083116531372e-01
9.998628510000000524e-01 1.127093285322189331e-01
1.002705986999999910e+00 1.147815734148025513e-01
1.005549178999999960e+00 1.052654609084129333e-01
1.008392426999999980e+00 1.175329536199569702e-01
1.011235730999999971e+00 1.164845824241638184e-01
1.014079092000000015e+00 1.136903390288352966e-01
1.016922509000000030e+00 1.216215416789054871e-01
1.019765982000000015e+00 1.161119118332862854e-01
1.022609510999999971e+00 1.075527295470237732e-01
1.025453096999999980e+00 1.135857328772544861e-01
1.028296738999999960e+00 1.138085648417472839e-01
1.031140436999999910e+00 1.144240200519561768e-01
1.033984191000000052e+00 1.100724041461944580e-01
1.036828002000000026e+00 1.102647557854652405e-01
1.039671868000000110e+00 1.137108579277992249e-01
1.042515791000000025e+00 1.067848354578018188e-01
1.045359770999999993e+00 1.153691112995147705e-01
