3.615872339999999796e-01 1.249637007713317871e+00
3.644177160000000026e-01 1.469627499580383301e+00
3.672482539999999962e-01 1.566045165061950684e+00
3.700788480000000158e-01 1.597663998603820801e+00
3.729094980000000059e-01 1.432857394218444824e+00
3.757402049999999938e-01 1.494053721427917480e+00
3.785709680000000077e-01 1.688400506973266602e+00
3.814017869999999921e-01 1.441226720809936523e+00
3.842326620000000026e-01 1.287681937217712402e+00
3.870635940000000108e-01 1.453173756599426270e+00
3.898945819999999896e-01 1.641457796096801758e+00
3.927256259999999943e-01 1.439207673072814941e+00
3.955567260000000251e-01 1.478684663772583008e+00
3.983878829999999982e-01 1.849132061004638672e+00
4.012190950000000256e-01 2.249618053436279297e+00
4.040503639999999952e-01 2.266515493392944336e+00
4.068816900000000181e-01 2.233649492263793945e+00
4.097130709999999842e-01 2.280900239944458008e+00
4.125445090000000037e-01 2.377450704574584961e+00
4.153760029999999936e-01 2.384914159774780273e+00
4.182075530000000096e-01 2.346952676773071289e+00
4.210391589999999962e-01 2.352777004241943359e+00
4.238708219999999804e-01 2.315946578979492188e+00
4.267025409999999908e-01 2.262228012084960938e+00
4.295343160000000271e-01 2.051592826843261719e+00
4.323661469999999785e-01 2.184117317199707031e+00
4.351980349999999831e-01 2.392840623855590820e+00
4.380299790000000137e-01 2.417402982711791992e+00
4.408619790000000149e-01 2.488795042037963867e+00
4.436940349999999866e-01 2.643992185592651367e+00
4.465261480000000116e-01 2.671205759048461914e+00
4.493583170000000071e-01 2.821362018585205078e+00
4.521905419999999731e-01 2.840537548065185547e+00
4.550228230000000207e-01 2.819088697433471680e+00
4.578551610000000105e-01 2.861953973770141602e+00
4.606875550000000263e-01 2.896401166915893555e+00
4.635200050000000127e-01 2.923782825469970703e+00
4.663525110000000251e-01 2.855261087417602539e+00
4.691850739999999798e-01 2.856310367584228516e+00
4.720176919999999887e-01 2.891765594482421875e+00
4.748503669999999954e-01 2.949826955795288086e+00
4.776830989999999999e-01 2.958083868026733398e+00
4.805158860000000032e-01 3.022793531417846680e+00
4.833487300000000042e-01 2.997871637344360352e+00
4.861816299999999758e-01 2.760807514190673828e+00
4.890145859999999733e-01 2.888082504272460938e+00
4.918475979999999970e-01 2.964429378509521484e+00
4.946806670000000183e-01 3.028383255004882812e+00
4.975137920000000102e-01 3.035039186477661133e+00
5.003469729999999727e-01 2.958798885345458984e+00
5.031802100000000166e-01 2.939832448959350586e+00
5.060135040000000028e-01 3.036939859390258789e+00
5.088468539999999596e-01 3.039355516433715820e+00
5.116802599999999979e-01 3.078457117080688477e+00
5.145137220000000067e-01 3.006064891815185547e+00
5.173472409999999577e-01 2.843623876571655273e+00
5.201808159999999903e-01 2.968652009963989258e+00
5.230144469999999934e-01 3.115877151489257812e+00
5.258481339999999671e-01 3.109827995300292969e+00
5.286818779999999940e-01 3.155526876449584961e+00
5.315156779999999914e-01 3.267823457717895508e+00
5.343495339999999594e-01 3.250252485275268555e+00
5.371834460000000089e-01 3.290489912033081055e+00
5.400174150000000006e-01 3.234625577926635742e+00
5.428514389999999912e-01 3.256419897079467773e+00
5.456855200000000350e-01 3.314851760864257812e+00
5.485196580000000210e-01 3.334383010864257812e+00
5.513538510000000059e-01 3.353903532028198242e+00
5.541881010000000440e-01 3.381227493286132812e+00
5.570224070000000527e-01 3.346745729446411133e+00
5.598567690000000319e-01 3.299758195877075195e+00
5.626911869999999816e-01 3.353399038314819336e+00
5.655256619999999845e-01 3.340847015380859375e+00
5.683601929999999580e-01 3.323379755020141602e+00
5.711947800000000131e-01 3.275313854217529297e+00
5.740294230000000386e-01 3.328353404998779297e+00
5.768641230000000064e-01 3.294201850891113281e+00
5.796988789999999447e-01 3.311527013778686523e+00
5.825336909999999646e-01 3.381010770797729492e+00
5.853685589999999550e-01 3.343904256820678711e+00
5.882034839999999987e-01 3.121198892593383789e+00
5.910384650000000129e-01 2.988418102264404297e+00
5.938735019999999976e-01 3.041768789291381836e+00
5.967085949999999528e-01 3.032349348068237305e+00
5.995437449999999613e-01 2.993444919586181641e+00
6.023789510000000513e-01 2.952030897140502930e+00
6.052142130000000009e-01 2.969142913818359375e+00
6.080495310000000320e-01 2.933416604995727539e+00
6.108849060000000053e-01 2.839079856872558594e+00
6.137203359999999774e-01 2.739544630050659180e+00
6.165558230000000028e-01 2.718061208724975586e+00
6.193913669999999705e-01 2.787853240966796875e+00
6.222269660000000480e-01 2.772820949554443359e+00
6.250626219999999567e-01 2.708342075347900391e+00
6.278983339999999469e-01 2.650085687637329102e+00
6.307341020000000187e-01 2.618935108184814453e+00
6.335699259999999500e-01 2.651802539825439453e+00
6.364058070000000455e-01 2.680171489715576172e+00
6.392417440000000006e-01 2.690369606018066406e+00
6.420777370000000372e-01 2.656201601028442383e+00
6.449137860000000444e-01 2.625973939895629883e+00
6.477498919999999938e-01 2.501674890518188477e+00
6.505860540000000247e-01 2.484146833419799805e+00
6.534222720000000262e-01 2.479014635086059570e+00
6.562585459999999982e-01 2.272820472717285156e+00
6.590948770000000234e-01 2.390390634536743164e+00
6.619312640000000192e-01 2.455137014389038086e+00
6.647677069999999855e-01 2.433083772659301758e+00
6.676042060000000333e-01 2.411939620971679688e+00
6.704407620000000234e-01 2.385158777236938477e+00
6.732773739999999840e-01 2.366435527801513672e+00
6.761140420000000262e-01 2.348950147628784180e+00
6.789507660000000389e-01 2.333153247833251953e+00
6.817875469999999938e-01 2.306246042251586914e+00
6.846243829999999475e-01 2.221750259399414062e+00
6.874612759999999545e-01 1.861132502555847168e+00
6.902982260000000148e-01 1.878020763397216797e+00
6.931352309999999628e-01 1.916043043136596680e+00
6.959722929999999641e-01 1.922789931297302246e+00
6.988094110000000470e-01 1.900545477867126465e+00
7.016465849999999893e-01 1.796624660491943359e+00
7.044838150000000132e-01 1.788910627365112305e+00
7.073211019999999793e-01 1.758521914482116699e+00
7.101584450000000270e-01 1.688858032226562500e+00
7.129958440000000452e-01 1.587474107742309570e+00
7.158332990000000340e-01 1.346906065940856934e+00
7.186708109999999650e-01 9.793519377708435059e-01
7.215083789999999775e-01 1.009124159812927246e+00
7.243460029999999605e-01 9.271308183670043945e-01
7.271836830000000251e-01 8.368535637855529785e-01
7.300214200000000320e-01 7.875937223434448242e-01
7.328592130000000093e-01 8.044229745864868164e-01
7.356970619999999572e-01 8.013018369674682617e-01
7.385349669999999866e-01 7.789164781570434570e-01
7.413729289999999583e-01 7.824184298515319824e-01
7.442109470000000115e-01 7.885231375694274902e-01
7.470490210000000353e-01 7.895041108131408691e-01
7.498871510000000296e-01 7.768149971961975098e-01
7.527253379999999661e-01 7.694322466850280762e-01
7.555635800000000124e-01 7.631053328514099121e-01
7.584018790000000010e-01 6.336311697959899902e-01
7.612402350000000428e-01 2.954083383083343506e-01
7.640786459999999725e-01 3.586035370826721191e-01
7.669171139999999554e-01 5.657383799552917480e-01
7.697556380000000198e-01 6.952558159828186035e-01
7.725942180000000548e-01 7.216616272926330566e-01
7.754328539999999492e-01 7.256697416305541992e-01
7.782715470000000080e-01 7.331416010856628418e-01
7.811102960000000373e-01 7.274447083473205566e-01
7.839491010000000371e-01 7.281654477119445801e-01
7.867879620000000074e-01 7.148736715316772461e-01
7.896268800000000310e-01 6.957992315292358398e-01
7.924658540000000251e-01 6.990421414375305176e-01
7.953048839999999897e-01 7.038078308105468750e-01
7.981439700000000359e-01 7.137137055397033691e-01
8.009831130000000243e-01 7.060329914093017578e-01
8.038223119999999833e-01 7.105158567428588867e-01
8.066615670000000238e-01 7.240608334541320801e-01
8.095008780000000348e-01 6.920983791351318359e-01
8.123402459999999881e-01 6.182975769042968750e-01
8.151796700000000229e-01 5.101677775382995605e-01
8.180191500000000282e-01 4.818004667758941650e-01
8.208586860000000041e-01 5.137223005294799805e-01
8.236982790000000332e-01 4.686471223831176758e-01
8.265379269999999501e-01 4.928800463676452637e-01
8.293776320000000313e-01 4.366679489612579346e-01
8.322173940000000547e-01 4.210532307624816895e-01
8.350572109999999659e-01 4.305422902107238770e-01
8.378970850000000414e-01 4.411156773567199707e-01
8.407370149999999764e-01 4.359097480773925781e-01
8.435770009999999930e-01 4.318591654300689697e-01
8.464170429999999801e-01 4.323994219303131104e-01
8.492571420000000204e-01 4.130072295665740967e-01
8.520972970000000313e-01 3.984476029872894287e-01
8.549375080000000127e-01 3.676220178604125977e-01
8.577777749999999646e-01 3.956403136253356934e-01
8.606180989999999698e-01 3.938805460929870605e-01
8.634584789999999455e-01 3.823765218257904053e-01
8.662989150000000027e-01 3.539520204067230225e-01
8.691394070000000305e-01 3.666066825389862061e-01
8.719799560000000005e-01 3.586660027503967285e-01
8.748205610000000521e-01 3.516335189342498779e-01
8.776612219999999631e-01 3.381448090076446533e-01
8.805019389999999557e-01 3.298490047454833984e-01
8.833427130000000016e-01 3.229803144931793213e-01
8.861835430000000180e-01 3.104620575904846191e-01
8.890244290000000049e-01 3.049581050872802734e-01
8.918653709999999624e-01 2.876690328121185303e-01
8.947063699999999731e-01 2.438516914844512939e-01
8.975474239999999826e-01 1.952972561120986938e-01
9.003885350000000454e-01 1.793313920497894287e-01
9.032297030000000504e-01 2.061755806207656860e-01
9.060709260000000542e-01 2.026991844177246094e-01
9.089122060000000003e-01 1.655104607343673706e-01
9.117535420000000279e-01 1.711285263299942017e-01
9.145949340000000261e-01 1.531501263380050659e-01
9.174363819999999947e-01 1.533199548721313477e-01
9.202778870000000166e-01 1.785593628883361816e-01
9.231194480000000091e-01 1.686797589063644409e-01
9.259610649999999721e-01 1.538929045200347900e-01
9.288027380000000166e-01 1.105913892388343811e-01
9.316444680000000034e-01 5.955781042575836182e-02
9.344862539999999607e-01 3.730667755007743835e-02
9.373280959999999995e-01 3.776547685265541077e-02
9.401699940000000089e-01 5.754781141877174377e-02
9.430119489999999605e-01 5.390888825058937073e-02
9.458539599999999936e-01 4.516476020216941833e-02
9.486960269999999973e-01 4.498139396309852600e-02
9.515381499999999715e-01 4.976033419370651245e-02
9.543803299999999989e-01 4.696920886635780334e-02
9.572225659999999969e-01 5.322727188467979431e-02
9.600648579999999654e-01 5.765506625175476074e-02
9.629072060000000155e-01 6.756829470396041870e-02
9.657496110000000078e-01 7.549550384283065796e-02
9.685920709999999989e-01 9.523929655551910400e-02
9.714345880000000433e-01 1.064078286290168762e-01
9.742771620000000299e-01 9.480039775371551514e-02
9.771197910000000153e-01 9.783540666103363037e-02
9.799624770000000540e-01 1.029776111245155334e-01
9.828052189999999522e-01 1.116471514105796814e-01
9.856480170000000429e-01 1.207607164978981018e-01
9.884908709999999932e-01 1.232697442173957825e-01
9.913337819999999967e-01 1.296184062957763672e-01
9.941767489999999707e-01 1.268081068992614746e-01
9.970197720000000263e-01 1.351984143257141113e-01
9.998628510000000524e-01 1.271555125713348389e-01
1.002705986999999910e+00 1.295219957828521729e-01
1.005549178999999960e+00 1.262779831886291504e-01
1.008392426999999980e+00 1.233210787177085876e-01
1.011235730999999971e+00 1.222742646932601929e-01
1.014079092000000015e+00 1.240401268005371094e-01
1.016922509000000030e+00 1.267352402210235596e-01
1.019765982000000015e+00 1.336353272199630737e-01
1.022609510999999971e+00 1.293639689683914185e-01
1.025453096999999980e+00 1.262655705213546753e-01
1.028296738999999960e+00 1.333951503038406372e-01
1.031140436999999910e+00 1.365335732698440552e-01
1.033984191000000052e+00 1.346706449985504150e-01
1.036828002000000026e+00 1.394507437944412231e-01
1.039671868000000110e+00 1.257872283458709717e-01
1.042515791000000025e+00 1.302996426820755005e-01
1.045359770999999993e+00 1.316256374120712280e-01
