3.615872339999999796e-01 1.254145979881286621e+00
3.644177160000000026e-01 1.418054699897766113e+00
3.672482539999999962e-01 1.495508909225463867e+00
3.700788480000000158e-01 1.550307512283325195e+00
3.729094980000000059e-01 1.362433195114135742e+00
3.757402049999999938e-01 1.478287935256958008e+00
3.785709680000000077e-01 1.617879390716552734e+00
3.814017869999999921e-01 1.391136407852172852e+00
3.842326620000000026e-01 1.275014996528625488e+00
3.870635940000000108e-01 1.391532421112060547e+00
3.898945819999999896e-01 1.585729002952575684e+00
3.927256259999999943e-01 1.390968322753906250e+00
3.955567260000000251e-01 1.399204850196838379e+00
3.983878829999999982e-01 1.769096136093139648e+00
4.012190950000000256e-01 2.239439010620117188e+00
4.040503639999999952e-01 2.210550069808959961e+00
4.068816900000000181e-01 2.189305543899536133e+00
4.097130709999999842e-01 2.210702180862426758e+00
4.125445090000000037e-01 2.285604715347290039e+00
4.153760029999999936e-01 2.328822135925292969e+00
4.182075530000000096e-01 2.287541866302490234e+00
4.210391589999999962e-01 2.276389360427856445e+00
4.238708219999999804e-01 2.232141494750976562e+00
4.267025409999999908e-01 2.208262681961059570e+00
4.295343160000000271e-01 1.990753889083862305e+00
4.323661469999999785e-01 2.100460290908813477e+00
4.351980349999999831e-01 2.289251804351806641e+00
4.380299790000000137e-01 2.341699361801147461e+00
4.408619790000000149e-01 2.395112752914428711e+00
4.436940349999999866e-01 2.558136701583862305e+00
4.465261480000000116e-01 2.566042184829711914e+00
4.493583170000000071e-01 2.705854654312133789e+00
4.521905419999999731e-01 2.728371143341064453e+00
4.550228230000000207e-01 2.702855587005615234e+00
4.578551610000000105e-01 2.775663852691650391e+00
4.606875550000000263e-01 2.777863979339599609e+00
4.635200050000000127e-01 2.812541484832763672e+00
4.663525110000000251e-01 2.751249790191650391e+00
4.691850739999999798e-01 2.747266292572021484e+00
4.720176919999999887e-01 2.779055356979370117e+00
4.748503669999999954e-01 2.822008609771728516e+00
4.776830989999999999e-01 2.841423511505126953e+00
4.805158860000000032e-01 2.919972181320190430e+00
4.833487300000000042e-01 2.895042896270751953e+00
4.861816299999999758e-01 2.660002470016479492e+00
4.890145859999999733e-01 2.774493217468261719e+00
4.918475979999999970e-01 2.839335918426513672e+00
4.946806670000000183e-01 2.901601791381835938e+00
4.975137920000000102e-01 2.920153141021728516e+00
5.003469729999999727e-01 2.837040424346923828e+00
5.031802100000000166e-01 2.825180768966674805e+00
5.060135040000000028e-01 2.906957864761352539e+00
5.088468539999999596e-01 2.930614471435546875e+00
5.116802599999999979e-01 2.953661918640136719e+00
5.145137220000000067e-01 2.887102842330932617e+00
5.173472409999999577e-01 2.736008644104003906e+00
5.201808159999999903e-01 2.853593111038208008e+00
5.230144469999999934e-01 2.985648393630981445e+00
5.258481339999999671e-01 2.980965852737426758e+00
5.286818779999999940e-01 3.025048255920410156e+00
5.315156779999999914e-01 3.126928329467773438e+00
5.343495339999999594e-01 3.104089021682739258e+00
5.371834460000000089e-01 3.156781435012817383e+00
5.400174150000000006e-01 3.100592374801635742e+00
5.428514389999999912e-01 3.109551668167114258e+00
5.456855200000000350e-01 3.164741516113281250e+00
5.485196580000000210e-01 3.182070732116699219e+00
5.513538510000000059e-01 3.206811189651489258e+00
5.541881010000000440e-01 3.233555793762207031e+00
5.570224070000000527e-01 3.197352409362792969e+00
5.598567690000000319e-01 3.156857013702392578e+00
5.626911869999999816e-01 3.204595804214477539e+00
5.655256619999999845e-01 3.196128129959106445e+00
5.683601929999999580e-01 3.165053367614746094e+00
5.711947800000000131e-01 3.127104997634887695e+00
5.740294230000000386e-01 3.179628133773803711e+00
5.768641230000000064e-01 3.148798465728759766e+00
5.796988789999999447e-01 3.151471376419067383e+00
5.825336909999999646e-01 3.220193147659301758e+00
5.853685589999999550e-01 3.189228773117065430e+00
5.882034839999999987e-01 2.965469121932983398e+00
5.910384650000000129e-01 2.825503349304199219e+00
5.938735019999999976e-01 2.877458572387695312e+00
5.967085949999999528e-01 2.851448059082031250e+00
5.995437449999999613e-01 2.807685852050781250e+00
6.023789510000000513e-01 2.770831823348999023e+00
6.052142130000000009e-01 2.803080320358276367e+00
6.080495310000000320e-01 2.763378858566284180e+00
6.108849060000000053e-01 2.560388088226318359e+00
6.137203359999999774e-01 2.518558025360107422e+00
6.165558230000000028e-01 2.514055967330932617e+00
6.193913669999999705e-01 2.588014841079711914e+00
6.222269660000000480e-01 2.584387302398681641e+00
6.250626219999999567e-01 2.511554002761840820e+00
6.278983339999999469e-01 2.440611362457275391e+00
6.307341020000000187e-01 2.426362991333007812e+00
6.335699259999999500e-01 2.444427967071533203e+00
6.364058070000000455e-01 2.470066070556640625e+00
6.392417440000000006e-01 2.477413892745971680e+00
6.420777370000000372e-01 2.449393749237060547e+00
6.449137860000000444e-01 2.412269353866577148e+00
6.477498919999999938e-01 2.300132274627685547e+00
6.505860540000000247e-01 2.293385267257690430e+00
6.534222720000000262e-01 2.281525135040283203e+00
6.562585459999999982e-01 2.086114168167114258e+00
6.590948770000000234e-01 2.180598258972167969e+00
6.619312640000000192e-01 2.243262290954589844e+00
6.647677069999999855e-01 2.215021610260009766e+00
6.676042060000000333e-01 2.199426889419555664e+00
6.704407620000000234e-01 2.172760248184204102e+00
6.732773739999999840e-01 2.150139570236206055e+00
6.761140420000000262e-01 2.132097244262695312e+00
6.789507660000000389e-01 2.114283084869384766e+00
6.817875469999999938e-01 2.100921392440795898e+00
6.846243829999999475e-01 2.021417140960693359e+00
6.874612759999999545e-01 1.680950164794921875e+00
6.902982260000000148e-01 1.697604537010192871e+00
6.931352309999999628e-01 1.722043871879577637e+00
6.959722929999999641e-01 1.729795932769775391e+00
6.988094110000000470e-01 1.701742529869079590e+00
7.016465849999999893e-01 1.602810144424438477e+00
7.044838150000000132e-01 1.591938495635986328e+00
7.073211019999999793e-01 1.549152135848999023e+00
7.101584450000000270e-01 1.495202183723449707e+00
7.129958440000000452e-01 1.396913170814514160e+00
7.158332990000000340e-01 1.192067384719848633e+00
7.186708109999999650e-01 8.482809662818908691e-01
7.215083789999999775e-01 8.686212897300720215e-01
7.243460029999999605e-01 7.934017777442932129e-01
7.271836830000000251e-01 7.116554975509643555e-01
7.300214200000000320e-01 6.696427464485168457e-01
7.328592130000000093e-01 6.835396289825439453e-01
7.356970619999999572e-01 6.692617535591125488e-01
7.385349669999999866e-01 6.559822559356689453e-01
7.413729289999999583e-01 6.513950824737548828e-01
7.442109470000000115e-01 6.572057008743286133e-01
7.470490210000000353e-01 6.629726886749267578e-01
7.498871510000000296e-01 6.491371393203735352e-01
7.527253379999999661e-01 6.423876285552978516e-01
7.555635800000000124e-01 6.421302556991577148e-01
7.584018790000000010e-01 5.312135815620422363e-01
7.612402350000000428e-01 2.451720237731933594e-01
7.640786459999999725e-01 2.910381555557250977e-01
7.669171139999999554e-01 4.672543108463287354e-01
7.697556380000000198e-01 5.719519853591918945e-01
7.725942180000000548e-01 5.976995825767517090e-01
7.754328539999999492e-01 5.968704223632812500e-01
7.782715470000000080e-01 6.031648516654968262e-01
7.811102960000000373e-01 6.005402207374572754e-01
7.839491010000000371e-01 6.017755270004272461e-01
7.867879620000000074e-01 5.961405038833618164e-01
7.896268800000000310e-01 5.791592001914978027e-01
7.924658540000000251e-01 5.785087943077087402e-01
7.953048839999999897e-01 5.833434462547302246e-01
7.981439700000000359e-01 5.907713770866394043e-01
8.009831130000000243e-01 5.814904570579528809e-01
8.038223119999999833e-01 5.782110691070556641e-01
8.066615670000000238e-01 5.956813097000122070e-01
8.095008780000000348e-01 5.685570240020751953e-01
8.123402459999999881e-01 5.117855668067932129e-01
8.151796700000000229e-01 4.159300625324249268e-01
8.180191500000000282e-01 3.975083827972412109e-01
8.208586860000000041e-01 4.194815754890441895e-01
8.236982790000000332e-01 3.878363072872161865e-01
8.265379269999999501e-01 4.046499133110046387e-01
8.293776320000000313e-01 3.634388446807861328e-01
8.322173940000000547e-01 3.489455282688140869e-01
8.350572109999999659e-01 3.505395948886871338e-01
8.378970850000000414e-01 3.566320240497589111e-01
8.407370149999999764e-01 3.542901873588562012e-01
8.435770009999999930e-01 3.529793024063110352e-01
8.464170429999999801e-01 3.527776598930358887e-01
8.492571420000000204e-01 3.352165222167968750e-01
8.520972970000000313e-01 3.251791596412658691e-01
8.549375080000000127e-01 3.059597611427307129e-01
8.577777749999999646e-01 3.263401389122009277e-01
8.606180989999999698e-01 3.215113282203674316e-01
8.634584789999999455e-01 3.167702257633209229e-01
8.662989150000000027e-01 2.861788570880889893e-01
8.691394070000000305e-01 2.923574745655059814e-01
8.719799560000000005e-01 2.906507253646850586e-01
8.748205610000000521e-01 2.857394218444824219e-01
8.776612219999999631e-01 2.765022516250610352e-01
8.805019389999999557e-01 2.688217759132385254e-01
8.833427130000000016e-01 2.667244374752044678e-01
8.861835430000000180e-01 2.567431330680847168e-01
8.890244290000000049e-01 2.485462427139282227e-01
8.918653709999999624e-01 2.397124022245407104e-01
8.947063699999999731e-01 1.978138238191604614e-01
8.975474239999999826e-01 1.609397232532501221e-01
9.003885350000000454e-01 1.429921984672546387e-01
9.032297030000000504e-01 1.653904020786285400e-01
9.060709260000000542e-01 1.667878925800323486e-01
9.089122060000000003e-01 1.374637484550476074e-01
9.117535420000000279e-01 1.354729533195495605e-01
9.145949340000000261e-01 1.281308680772781372e-01
9.174363819999999947e-01 1.254876405000686646e-01
9.202778870000000166e-01 1.418736428022384644e-01
9.231194480000000091e-01 1.346768438816070557e-01
9.259610649999999721e-01 1.247023269534111023e-01
9.288027380000000166e-01 9.198357909917831421e-02
9.316444680000000034e-01 5.159927532076835632e-02
9.344862539999999607e-01 2.828353270888328552e-02
9.373280959999999995e-01 2.976244129240512848e-02
9.401699940000000089e-01 5.052156001329421997e-02
9.430119489999999605e-01 3.986332193017005920e-02
9.458539599999999936e-01 3.559710830450057983e-02
9.486960269999999973e-01 4.012542217969894409e-02
9.515381499999999715e-01 3.818348795175552368e-02
9.543803299999999989e-01 4.403204843401908875e-02
9.572225659999999969e-01 4.510288313031196594e-02
9.600648579999999654e-01 4.829832538962364197e-02
9.629072060000000155e-01 5.238826572895050049e-02
9.657496110000000078e-01 5.901427567005157471e-02
9.685920709999999989e-01 7.751528918743133545e-02
9.714345880000000433e-01 8.404853940010070801e-02
9.742771620000000299e-01 7.540293037891387939e-02
9.771197910000000153e-01 7.743770629167556763e-02
9.799624770000000540e-01 8.185382187366485596e-02
9.828052189999999522e-01 8.830774575471878052e-02
9.856480170000000429e-01 9.443783015012741089e-02
9.884908709999999932e-01 9.860013425350189209e-02
9.913337819999999967e-01 9.958320856094360352e-02
9.941767489999999707e-01 1.037878170609474182e-01
9.970197720000000263e-01 1.012714356184005737e-01
9.998628510000000524e-01 1.038827672600746155e-01
1.002705986999999910e+00 1.006963178515434265e-01
1.005549178999999960e+00 9.704213589429855347e-02
1.008392426999999980e+00 9.378206729888916016e-02
1.011235730999999971e+00 9.764857590198516846e-02
1.014079092000000015e+00 1.026665270328521729e-01
1.016922509000000030e+00 1.087313890457153320e-01
1.019765982000000015e+00 1.000540480017662048e-01
1.022609510999999971e+00 1.017800942063331604e-01
1.025453096999999980e+00 9.603527188301086426e-02
1.028296738999999960e+00 1.018632501363754272e-01
1.031140436999999910e+00 9.857946634292602539e-02
1.033984191000000052e+00 1.065834388136863708e-01
1.036828002000000026e+00 1.014279276132583618e-01
1.039671868000000110e+00 1.042268350720405579e-01
1.042515791000000025e+00 9.231204539537429810e-02
1.045359770999999993e+00 9.863662719726562500e-02
