3.615872339999999796e-01 1.317636013031005859e+00
3.644177160000000026e-01 1.477157473564147949e+00
3.672482539999999962e-01 1.550711154937744141e+00
3.700788480000000158e-01 1.587393999099731445e+00
3.729094980000000059e-01 1.421976089477539062e+00
3.757402049999999938e-01 1.528955221176147461e+00
3.785709680000000077e-01 1.642512202262878418e+00
3.814017869999999921e-01 1.398445963859558105e+00
3.842326620000000026e-01 1.308149576187133789e+00
3.870635940000000108e-01 1.441615343093872070e+00
3.898945819999999896e-01 1.598045349121093750e+00
3.927256259999999943e-01 1.405015587806701660e+00
3.955567260000000251e-01 1.446708083152770996e+00
3.983878829999999982e-01 1.816679954528808594e+00
4.012190950000000256e-01 2.254289150238037109e+00
4.040503639999999952e-01 2.256408452987670898e+00
4.068816900000000181e-01 2.193021535873413086e+00
4.097130709999999842e-01 2.240294694900512695e+00
4.125445090000000037e-01 2.362221002578735352e+00
4.153760029999999936e-01 2.336292743682861328e+00
4.182075530000000096e-01 2.304175376892089844e+00
4.210391589999999962e-01 2.321969747543334961e+00
4.238708219999999804e-01 2.280761718750000000e+00
4.267025409999999908e-01 2.212178707122802734e+00
4.295343160000000271e-01 2.007696151733398438e+00
4.323661469999999785e-01 2.159458875656127930e+00
4.351980349999999831e-01 2.347648382186889648e+00
4.380299790000000137e-01 2.378038406372070312e+00
4.408619790000000149e-01 2.441233634948730469e+00
4.436940349999999866e-01 2.607217073440551758e+00
4.465261480000000116e-01 2.614564418792724609e+00
4.493583170000000071e-01 2.766088962554931641e+00
4.521905419999999731e-01 2.792868375778198242e+00
4.550228230000000207e-01 2.761251926422119141e+00
4.578551610000000105e-01 2.808545589447021484e+00
4.606875550000000263e-01 2.814809560775756836e+00
4.635200050000000127e-01 2.863294839859008789e+00
4.663525110000000251e-01 2.791572332382202148e+00
4.691850739999999798e-01 2.776163101196289062e+00
4.720176919999999887e-01 2.825004339218139648e+00
4.748503669999999954e-01 2.873182058334350586e+00
4.776830989999999999e-01 2.901836395263671875e+00
4.805158860000000032e-01 2.964952945709228516e+00
4.833487300000000042e-01 2.945909976959228516e+00
4.861816299999999758e-01 2.711346626281738281e+00
4.890145859999999733e-01 2.823243618011474609e+00
4.918475979999999970e-01 2.904122591018676758e+00
4.946806670000000183e-01 2.961116790771484375e+00
4.975137920000000102e-01 2.966315269470214844e+00
5.003469729999999727e-01 2.885285139083862305e+00
5.031802100000000166e-01 2.873806715011596680e+00
5.060135040000000028e-01 2.951784133911132812e+00
5.088468539999999596e-01 2.966613769531250000e+00
5.116802599999999979e-01 2.999356031417846680e+00
5.145137220000000067e-01 2.935408115386962891e+00
5.173472409999999577e-01 2.777100801467895508e+00
5.201808159999999903e-01 2.904029130935668945e+00
5.230144469999999934e-01 3.035226106643676758e+00
5.258481339999999671e-01 3.041400909423828125e+00
5.286818779999999940e-01 3.076681852340698242e+00
5.315156779999999914e-01 3.176291465759277344e+00
5.343495339999999594e-01 3.161945104598999023e+00
5.371834460000000089e-01 3.210844039916992188e+00
5.400174150000000006e-01 3.138556241989135742e+00
5.428514389999999912e-01 3.170432806015014648e+00
5.456855200000000350e-01 3.243239641189575195e+00
5.485196580000000210e-01 3.235945224761962891e+00
5.513538510000000059e-01 3.272470712661743164e+00
5.541881010000000440e-01 3.289735794067382812e+00
5.570224070000000527e-01 3.266154289245605469e+00
5.598567690000000319e-01 3.226953506469726562e+00
5.626911869999999816e-01 3.273346662521362305e+00
5.655256619999999845e-01 3.256498813629150391e+00
5.683601929999999580e-01 3.218814134597778320e+00
5.711947800000000131e-01 3.193835735321044922e+00
5.740294230000000386e-01 3.242471218109130859e+00
5.768641230000000064e-01 3.202390909194946289e+00
5.796988789999999447e-01 3.217477083206176758e+00
5.825336909999999646e-01 3.287451028823852539e+00
5.853685589999999550e-01 3.233786582946777344e+00
5.882034839999999987e-01 3.027219533920288086e+00
5.910384650000000129e-01 2.892070770263671875e+00
5.938735019999999976e-01 2.938224315643310547e+00
5.967085949999999528e-01 2.920668601989746094e+00
5.995437449999999613e-01 2.872294664382934570e+00
6.023789510000000513e-01 2.830338954925537109e+00
6.052142130000000009e-01 2.847155570983886719e+00
6.080495310000000320e-01 2.784958839416503906e+00
6.108849060000000053e-01 2.673202276229858398e+00
6.137203359999999774e-01 2.621327638626098633e+00
6.165558230000000028e-01 2.596851348876953125e+00
6.193913669999999705e-01 2.668856859207153320e+00
6.222269660000000480e-01 2.659621238708496094e+00
6.250626219999999567e-01 2.587836027145385742e+00
6.278983339999999469e-01 2.524635076522827148e+00
6.307341020000000187e-01 2.507585525512695312e+00
6.335699259999999500e-01 2.530149936676025391e+00
6.364058070000000455e-01 2.549895524978637695e+00
6.392417440000000006e-01 2.559404611587524414e+00
6.420777370000000372e-01 2.525855541229248047e+00
6.449137860000000444e-01 2.490775108337402344e+00
6.477498919999999938e-01 2.377594947814941406e+00
6.505860540000000247e-01 2.361964702606201172e+00
6.534222720000000262e-01 2.349252700805664062e+00
6.562585459999999982e-01 2.159523248672485352e+00
6.590948770000000234e-01 2.265403747558593750e+00
6.619312640000000192e-01 2.309643268585205078e+00
6.647677069999999855e-01 2.289196729660034180e+00
6.676042060000000333e-01 2.272490978240966797e+00
6.704407620000000234e-01 2.251033782958984375e+00
6.732773739999999840e-01 2.227366209030151367e+00
6.761140420000000262e-01 2.221034526824951172e+00
6.789507660000000389e-01 2.193809032440185547e+00
6.817875469999999938e-01 2.162314891815185547e+00
6.846243829999999475e-01 2.092589616775512695e+00
6.874612759999999545e-01 1.741794705390930176e+00
6.902982260000000148e-01 1.763410925865173340e+00
6.931352309999999628e-01 1.784937858581542969e+00
6.959722929999999641e-01 1.789310455322265625e+00
6.988094110000000470e-01 1.771357178688049316e+00
7.016465849999999893e-01 1.660290241241455078e+00
7.044838150000000132e-01 1.657273173332214355e+00
7.073211019999999793e-01 1.620775818824768066e+00
7.101584450000000270e-01 1.564440846443176270e+00
7.129958440000000452e-01 1.458559870719909668e+00
7.158332990000000340e-01 1.228841543197631836e+00
7.186708109999999650e-01 8.944107294082641602e-01
7.215083789999999775e-01 9.091050028800964355e-01
7.243460029999999605e-01 8.325593471527099609e-01
7.271836830000000251e-01 7.429208159446716309e-01
7.300214200000000320e-01 7.006865739822387695e-01
7.328592130000000093e-01 7.157887220382690430e-01
7.356970619999999572e-01 7.157630324363708496e-01
7.385349669999999866e-01 6.883502602577209473e-01
7.413729289999999583e-01 6.917589902877807617e-01
7.442109470000000115e-01 6.954471468925476074e-01
7.470490210000000353e-01 6.946970820426940918e-01
7.498871510000000296e-01 6.830663681030273438e-01
7.527253379999999661e-01 6.807861924171447754e-01
7.555635800000000124e-01 6.699174642562866211e-01
7.584018790000000010e-01 5.532642006874084473e-01
7.612402350000000428e-01 2.598851919174194336e-01
7.640786459999999725e-01 3.124558925628662109e-01
7.669171139999999554e-01 5.019409656524658203e-01
7.697556380000000198e-01 6.148527264595031738e-01
7.725942180000000548e-01 6.299547553062438965e-01
7.754328539999999492e-01 6.390912532806396484e-01
7.782715470000000080e-01 6.375990509986877441e-01
7.811102960000000373e-01 6.390499472618103027e-01
7.839491010000000371e-01 6.378795504570007324e-01
7.867879620000000074e-01 6.327467560768127441e-01
7.896268800000000310e-01 6.038047671318054199e-01
7.924658540000000251e-01 6.040081977844238281e-01
7.953048839999999897e-01 6.125836968421936035e-01
7.981439700000000359e-01 6.205952763557434082e-01
8.009831130000000243e-01 6.204424500465393066e-01
8.038223119999999833e-01 6.248430609703063965e-01
8.066615670000000238e-01 6.328191757202148438e-01
8.095008780000000348e-01 6.031889915466308594e-01
8.123402459999999881e-01 5.361928343772888184e-01
8.151796700000000229e-01 4.450823664665222168e-01
8.180191500000000282e-01 4.199972152709960938e-01
8.208586860000000041e-01 4.441058039665222168e-01
8.236982790000000332e-01 4.121268987655639648e-01
8.265379269999999501e-01 4.198464155197143555e-01
8.293776320000000313e-01 3.807126581668853760e-01
8.322173940000000547e-01 3.653543293476104736e-01
8.350572109999999659e-01 3.691020905971527100e-01
8.378970850000000414e-01 3.813130259513854980e-01
8.407370149999999764e-01 3.824727535247802734e-01
8.435770009999999930e-01 3.764953315258026123e-01
8.464170429999999801e-01 3.771933317184448242e-01
8.492571420000000204e-01 3.527938425540924072e-01
8.520972970000000313e-01 3.439249694347381592e-01
8.549375080000000127e-01 3.220541477203369141e-01
8.577777749999999646e-01 3.421753644943237305e-01
8.606180989999999698e-01 3.337746858596801758e-01
8.634584789999999455e-01 3.304564058780670166e-01
8.662989150000000027e-01 3.045378327369689941e-01
8.691394070000000305e-01 3.097525537014007568e-01
8.719799560000000005e-01 3.084127902984619141e-01
8.748205610000000521e-01 2.986863553524017334e-01
8.776612219999999631e-01 2.901205420494079590e-01
8.805019389999999557e-01 2.865467965602874756e-01
8.833427130000000016e-01 2.786889374256134033e-01
8.861835430000000180e-01 2.649404704570770264e-01
8.890244290000000049e-01 2.667227983474731445e-01
8.918653709999999624e-01 2.509660720825195312e-01
8.947063699999999731e-01 2.075365781784057617e-01
8.975474239999999826e-01 1.661072969436645508e-01
9.003885350000000454e-01 1.513710767030715942e-01
9.032297030000000504e-01 1.746477633714675903e-01
9.060709260000000542e-01 1.738057881593704224e-01
9.089122060000000003e-01 1.455179452896118164e-01
9.117535420000000279e-01 1.439114809036254883e-01
9.145949340000000261e-01 1.322023719549179077e-01
9.174363819999999947e-01 1.332580894231796265e-01
9.202778870000000166e-01 1.527770310640335083e-01
9.231194480000000091e-01 1.422704458236694336e-01
9.259610649999999721e-01 1.330707967281341553e-01
9.288027380000000166e-01 9.673161804676055908e-02
9.316444680000000034e-01 5.260683968663215637e-02
9.344862539999999607e-01 2.833225391805171967e-02
9.373280959999999995e-01 3.263213485479354858e-02
9.401699940000000089e-01 5.097562447190284729e-02
9.430119489999999605e-01 4.104879871010780334e-02
9.458539599999999936e-01 3.921029344201087952e-02
9.486960269999999973e-01 4.262308031320571899e-02
9.515381499999999715e-01 4.243325442075729370e-02
9.543803299999999989e-01 4.524133726954460144e-02
9.572225659999999969e-01 4.572432115674018860e-02
9.600648579999999654e-01 5.249339342117309570e-02
9.629072060000000155e-01 5.781490355730056763e-02
9.657496110000000078e-01 6.424345076084136963e-02
9.685920709999999989e-01 8.840642869472503662e-02
9.714345880000000433e-01 9.084504842758178711e-02
9.742771620000000299e-01 8.087732642889022827e-02
9.771197910000000153e-01 7.905857264995574951e-02
9.799624770000000540e-01 9.099856019020080566e-02
9.828052189999999522e-01 9.700058400630950928e-02
9.856480170000000429e-01 9.979075938463211060e-02
9.884908709999999932e-01 1.047192886471748352e-01
9.913337819999999967e-01 1.092326864600181580e-01
9.941767489999999707e-01 1.021957695484161377e-01
9.970197720000000263e-01 1.067205965518951416e-01
9.998628510000000524e-01 1.097397431731224060e-01
1.002705986999999910e+00 1.062615588307380676e-01
1.005549178999999960e+00 1.016413271427154541e-01
1.008392426999999980e+00 1.046239659190177917e-01
1.011235730999999971e+00 1.050719320774078369e-01
1.014079092000000015e+00 1.026913523674011230e-01
1.016922509000000030e+00 1.024566367268562317e-01
1.019765982000000015e+00 1.068358048796653748e-01
1.022609510999999971e+00 1.093552634119987488e-01
1.025453096999999980e+00 1.051676496863365173e-01
1.028296738999999960e+00 1.025621443986892700e-01
1.031140436999999910e+00 1.022879630327224731e-01
1.033984191000000052e+00 1.121901199221611023e-01
1.036828002000000026e+00 1.110833808779716492e-01
1.039671868000000110e+00 1.147232875227928162e-01
1.042515791000000025e+00 1.086746752262115479e-01
1.045359770999999993e+00 1.119336336851119995e-01
