3.615872339999999796e-01 1.308448553085327148e+00
3.644177160000000026e-01 1.492720961570739746e+00
3.672482539999999962e-01 1.575190424919128418e+00
3.700788480000000158e-01 1.553742647171020508e+00
3.729094980000000059e-01 1.447135925292968750e+00
3.757402049999999938e-01 1.515875220298767090e+00
3.785709680000000077e-01 1.674519777297973633e+00
3.814017869999999921e-01 1.427916884422302246e+00
3.842326620000000026e-01 1.340871691703796387e+00
3.870635940000000108e-01 1.453881859779357910e+00
3.898945819999999896e-01 1.622723102569580078e+00
3.927256259999999943e-01 1.423575878143310547e+00
3.955567260000000251e-01 1.478337526321411133e+00
3.983878829999999982e-01 1.828322172164916992e+00
4.012190950000000256e-01 2.276336431503295898e+00
4.040503639999999952e-01 2.264822244644165039e+00
4.068816900000000181e-01 2.217967271804809570e+00
4.097130709999999842e-01 2.284611940383911133e+00
4.125445090000000037e-01 2.383661985397338867e+00
4.153760029999999936e-01 2.375679016113281250e+00
4.182075530000000096e-01 2.338053226470947266e+00
4.210391589999999962e-01 2.361974477767944336e+00
4.238708219999999804e-01 2.304138898849487305e+00
4.267025409999999908e-01 2.258345365524291992e+00
4.295343160000000271e-01 2.054365158081054688e+00
4.323661469999999785e-01 2.193345308303833008e+00
4.351980349999999831e-01 2.389569282531738281e+00
4.380299790000000137e-01 2.416639804840087891e+00
4.408619790000000149e-01 2.486443519592285156e+00
4.436940349999999866e-01 2.650367975234985352e+00
4.465261480000000116e-01 2.661661624908447266e+00
4.493583170000000071e-01 2.806761741638183594e+00
4.521905419999999731e-01 2.844148159027099609e+00
4.550228230000000207e-01 2.802542448043823242e+00
4.578551610000000105e-01 2.882914304733276367e+00
4.606875550000000263e-01 2.887691020965576172e+00
4.635200050000000127e-01 2.934213399887084961e+00
4.663525110000000251e-01 2.871809244155883789e+00
4.691850739999999798e-01 2.861844062805175781e+00
4.720176919999999887e-01 2.906038284301757812e+00
4.748503669999999954e-01 2.949089765548706055e+00
4.776830989999999999e-01 2.975261926651000977e+00
4.805158860000000032e-01 3.038539171218872070e+00
4.833487300000000042e-01 3.016568660736083984e+00
4.861816299999999758e-01 2.775365591049194336e+00
4.890145859999999733e-01 2.888610839843750000e+00
4.918475979999999970e-01 2.981898307800292969e+00
4.946806670000000183e-01 3.036368846893310547e+00
4.975137920000000102e-01 3.055241107940673828e+00
5.003469729999999727e-01 2.985059022903442383e+00
5.031802100000000166e-01 2.969039440155029297e+00
5.060135040000000028e-01 3.035567522048950195e+00
5.088468539999999596e-01 3.062790155410766602e+00
5.116802599999999979e-01 3.100071191787719727e+00
5.145137220000000067e-01 3.028524160385131836e+00
5.173472409999999577e-01 2.878340482711791992e+00
5.201808159999999903e-01 3.004728794097900391e+00
5.230144469999999934e-01 3.125082015991210938e+00
5.258481339999999671e-01 3.141474485397338867e+00
5.286818779999999940e-01 3.174901247024536133e+00
5.315156779999999914e-01 3.279937267303466797e+00
5.343495339999999594e-01 3.281145572662353516e+00
5.371834460000000089e-01 3.315820455551147461e+00
5.400174150000000006e-01 3.266072750091552734e+00
5.428514389999999912e-01 3.280681610107421875e+00
5.456855200000000350e-01 3.340828895568847656e+00
5.485196580000000210e-01 3.364913940429687500e+00
5.513538510000000059e-01 3.376639604568481445e+00
5.541881010000000440e-01 3.413595676422119141e+00
5.570224070000000527e-01 3.373763084411621094e+00
5.598567690000000319e-01 3.336129665374755859e+00
5.626911869999999816e-01 3.388975143432617188e+00
5.655256619999999845e-01 3.379160165786743164e+00
5.683601929999999580e-01 3.348819732666015625e+00
5.711947800000000131e-01 3.315654277801513672e+00
5.740294230000000386e-01 3.360733032226562500e+00
5.768641230000000064e-01 3.330455064773559570e+00
5.796988789999999447e-01 3.339864253997802734e+00
5.825336909999999646e-01 3.430264234542846680e+00
5.853685589999999550e-01 3.375262022018432617e+00
5.882034839999999987e-01 3.151448011398315430e+00
5.910384650000000129e-01 3.021245241165161133e+00
5.938735019999999976e-01 3.080760478973388672e+00
5.967085949999999528e-01 3.070766210556030273e+00
5.995437449999999613e-01 3.034371376037597656e+00
6.023789510000000513e-01 2.999185085296630859e+00
6.052142130000000009e-01 3.004713058471679688e+00
6.080495310000000320e-01 2.967715740203857422e+00
6.108849060000000053e-01 2.870863199234008789e+00
6.137203359999999774e-01 2.787355422973632812e+00
6.165558230000000028e-01 2.766016721725463867e+00
6.193913669999999705e-01 2.844376564025878906e+00
6.222269660000000480e-01 2.826339721679687500e+00
6.250626219999999567e-01 2.748990058898925781e+00
6.278983339999999469e-01 2.693379640579223633e+00
6.307341020000000187e-01 2.672706127166748047e+00
6.335699259999999500e-01 2.700257301330566406e+00
6.364058070000000455e-01 2.729207038879394531e+00
6.392417440000000006e-01 2.739243030548095703e+00
6.420777370000000372e-01 2.713058233261108398e+00
6.449137860000000444e-01 2.664561986923217773e+00
6.477498919999999938e-01 2.547991275787353516e+00
6.505860540000000247e-01 2.536346673965454102e+00
6.534222720000000262e-01 2.527273416519165039e+00
6.562585459999999982e-01 2.325395822525024414e+00
6.590948770000000234e-01 2.440613269805908203e+00
6.619312640000000192e-01 2.495377063751220703e+00
6.647677069999999855e-01 2.478514194488525391e+00
6.676042060000000333e-01 2.462260723114013672e+00
6.704407620000000234e-01 2.440304279327392578e+00
6.732773739999999840e-01 2.413976669311523438e+00
6.761140420000000262e-01 2.394338369369506836e+00
6.789507660000000389e-01 2.380401372909545898e+00
6.817875469999999938e-01 2.361803293228149414e+00
6.846243829999999475e-01 2.263347148895263672e+00
6.874612759999999545e-01 1.901162028312683105e+00
6.902982260000000148e-01 1.927743196487426758e+00
6.931352309999999628e-01 1.961174368858337402e+00
6.959722929999999641e-01 1.971503973007202148e+00
6.988094110000000470e-01 1.951644301414489746e+00
7.016465849999999893e-01 1.845329523086547852e+00
7.044838150000000132e-01 1.847888708114624023e+00
7.073211019999999793e-01 1.815917372703552246e+00
7.101584450000000270e-01 1.748976707458496094e+00
7.129958440000000452e-01 1.653694152832031250e+00
7.158332990000000340e-01 1.400097966194152832e+00
7.186708109999999650e-01 1.022425770759582520e+00
7.215083789999999775e-01 1.043590188026428223e+00
7.243460029999999605e-01 9.621390700340270996e-01
7.271836830000000251e-01 8.700860142707824707e-01
7.300214200000000320e-01 8.185836076736450195e-01
7.328592130000000093e-01 8.341450095176696777e-01
7.356970619999999572e-01 8.260951638221740723e-01
7.385349669999999866e-01 8.058788180351257324e-01
7.413729289999999583e-01 8.086380958557128906e-01
7.442109470000000115e-01 8.205485343933105469e-01
7.470490210000000353e-01 8.189792633056640625e-01
7.498871510000000296e-01 8.072392940521240234e-01
7.527253379999999661e-01 8.041396141052246094e-01
7.555635800000000124e-01 7.977710962295532227e-01
7.584018790000000010e-01 6.507642269134521484e-01
7.612402350000000428e-01 3.082416355609893799e-01
7.640786459999999725e-01 3.744065761566162109e-01
7.669171139999999554e-01 5.993586182594299316e-01
7.697556380000000198e-01 7.237202525138854980e-01
7.725942180000000548e-01 7.536441087722778320e-01
7.754328539999999492e-01 7.600923180580139160e-01
7.782715470000000080e-01 7.564144134521484375e-01
7.811102960000000373e-01 7.667806744575500488e-01
7.839491010000000371e-01 7.638427019119262695e-01
7.867879620000000074e-01 7.520077228546142578e-01
7.896268800000000310e-01 7.328241467475891113e-01
7.924658540000000251e-01 7.318105697631835938e-01
7.953048839999999897e-01 7.424574494361877441e-01
7.981439700000000359e-01 7.436834573745727539e-01
8.009831130000000243e-01 7.390249967575073242e-01
8.038223119999999833e-01 7.410412430763244629e-01
8.066615670000000238e-01 7.529619932174682617e-01
8.095008780000000348e-01 7.233740091323852539e-01
8.123402459999999881e-01 6.520205140113830566e-01
8.151796700000000229e-01 5.413318872451782227e-01
8.180191500000000282e-01 5.009956955909729004e-01
8.208586860000000041e-01 5.391785502433776855e-01
8.236982790000000332e-01 4.928240478038787842e-01
8.265379269999999501e-01 5.174793004989624023e-01
8.293776320000000313e-01 4.582709968090057373e-01
8.322173940000000547e-01 4.460318684577941895e-01
8.350572109999999659e-01 4.464187920093536377e-01
8.378970850000000414e-01 4.584212601184844971e-01
8.407370149999999764e-01 4.631148576736450195e-01
8.435770009999999930e-01 4.542337357997894287e-01
8.464170429999999801e-01 4.525667130947113037e-01
8.492571420000000204e-01 4.290485680103302002e-01
8.520972970000000313e-01 4.148189425468444824e-01
8.549375080000000127e-01 3.925658464431762695e-01
8.577777749999999646e-01 4.148502051830291748e-01
8.606180989999999698e-01 4.120768606662750244e-01
8.634584789999999455e-01 4.081641435623168945e-01
8.662989150000000027e-01 3.649694919586181641e-01
8.691394070000000305e-01 3.818843662738800049e-01
8.719799560000000005e-01 3.769210577011108398e-01
8.748205610000000521e-01 3.653370141983032227e-01
8.776612219999999631e-01 3.550850749015808105e-01
8.805019389999999557e-01 3.454020023345947266e-01
8.833427130000000016e-01 3.400199711322784424e-01
8.861835430000000180e-01 3.263710737228393555e-01
8.890244290000000049e-01 3.169996142387390137e-01
8.918653709999999624e-01 2.988362610340118408e-01
8.947063699999999731e-01 2.586325109004974365e-01
8.975474239999999826e-01 2.069494128227233887e-01
9.003885350000000454e-01 1.840291321277618408e-01
9.032297030000000504e-01 2.136531323194503784e-01
9.060709260000000542e-01 2.117814421653747559e-01
9.089122060000000003e-01 1.772285997867584229e-01
9.117535420000000279e-01 1.737402975559234619e-01
9.145949340000000261e-01 1.608262062072753906e-01
9.174363819999999947e-01 1.591885983943939209e-01
9.202778870000000166e-01 1.885987669229507446e-01
9.231194480000000091e-01 1.737888902425765991e-01
9.259610649999999721e-01 1.597284078598022461e-01
9.288027380000000166e-01 1.158935874700546265e-01
9.316444680000000034e-01 6.626398116350173950e-02
9.344862539999999607e-01 3.762765973806381226e-02
9.373280959999999995e-01 4.429822415113449097e-02
9.401699940000000089e-01 6.710125505924224854e-02
9.430119489999999605e-01 5.487330630421638489e-02
9.458539599999999936e-01 4.838806390762329102e-02
9.486960269999999973e-01 5.450683087110519409e-02
9.515381499999999715e-01 5.504739657044410706e-02
9.543803299999999989e-01 5.603285878896713257e-02
9.572225659999999969e-01 6.361336261034011841e-02
9.600648579999999654e-01 6.178952008485794067e-02
9.629072060000000155e-01 7.291234284639358521e-02
9.657496110000000078e-01 8.008659631013870239e-02
9.685920709999999989e-01 1.017833724617958069e-01
9.714345880000000433e-01 1.065832152962684631e-01
9.742771620000000299e-01 1.010402962565422058e-01
9.771197910000000153e-01 9.952639788389205933e-02
9.799624770000000540e-01 1.068778038024902344e-01
9.828052189999999522e-01 1.178056150674819946e-01
9.856480170000000429e-01 1.226115748286247253e-01
9.884908709999999932e-01 1.306782960891723633e-01
9.913337819999999967e-01 1.310739219188690186e-01
9.941767489999999707e-01 1.322445124387741089e-01
9.970197720000000263e-01 1.343010067939758301e-01
9.998628510000000524e-01 1.320165693759918213e-01
1.002705986999999910e+00 1.288689672946929932e-01
1.005549178999999960e+00 1.279364079236984253e-01
1.008392426999999980e+00 1.336449086666107178e-01
1.011235730999999971e+00 1.331623643636703491e-01
1.014079092000000015e+00 1.356488615274429321e-01
1.016922509000000030e+00 1.365673393011093140e-01
1.019765982000000015e+00 1.444284617900848389e-01
1.022609510999999971e+00 1.408111304044723511e-01
1.025453096999999980e+00 1.290576457977294922e-01
1.028296738999999960e+00 1.372324824333190918e-01
1.031140436999999910e+00 1.361975520849227905e-01
1.033984191000000052e+00 1.434624940156936646e-01
1.036828002000000026e+00 1.399998664855957031e-01
1.039671868000000110e+00 1.345965415239334106e-01
1.042515791000000025e+00 1.491361260414123535e-01
1.045359770999999993e+00 1.376656442880630493e-01
