3.615872339999999796e-01 1.361902594566345215e+00
3.644177160000000026e-01 1.448651194572448730e+00
3.672482539999999962e-01 1.610479950904846191e+00
3.700788480000000158e-01 1.579548597335815430e+00
3.729094980000000059e-01 1.423458099365234375e+00
3.757402049999999938e-01 1.532304644584655762e+00
3.785709680000000077e-01 1.627710580825805664e+00
3.814017869999999921e-01 1.425480246543884277e+00
3.842326620000000026e-01 1.311244249343872070e+00
3.870635940000000108e-01 1.431987285614013672e+00
3.898945819999999896e-01 1.619049668312072754e+00
3.927256259999999943e-01 1.408724308013916016e+00
3.955567260000000251e-01 1.474567294120788574e+00
3.983878829999999982e-01 1.843243122100830078e+00
4.012190950000000256e-01 2.292524814605712891e+00
4.040503639999999952e-01 2.283796310424804688e+00
4.068816900000000181e-01 2.226621389389038086e+00
4.097130709999999842e-01 2.273974180221557617e+00
4.125445090000000037e-01 2.375592947006225586e+00
4.153760029999999936e-01 2.382844209671020508e+00
4.182075530000000096e-01 2.328409671783447266e+00
4.210391589999999962e-01 2.345194101333618164e+00
4.238708219999999804e-01 2.292002201080322266e+00
4.267025409999999908e-01 2.251526117324829102e+00
4.295343160000000271e-01 2.038584470748901367e+00
4.323661469999999785e-01 2.189979076385498047e+00
4.351980349999999831e-01 2.371111392974853516e+00
4.380299790000000137e-01 2.385199069976806641e+00
4.408619790000000149e-01 2.486497402191162109e+00
4.436940349999999866e-01 2.613018512725830078e+00
4.465261480000000116e-01 2.624524593353271484e+00
4.493583170000000071e-01 2.787551164627075195e+00
4.521905419999999731e-01 2.814525604248046875e+00
4.550228230000000207e-01 2.781773090362548828e+00
4.578551610000000105e-01 2.844240903854370117e+00
4.606875550000000263e-01 2.862271547317504883e+00
4.635200050000000127e-01 2.873066663742065430e+00
4.663525110000000251e-01 2.811206817626953125e+00
4.691850739999999798e-01 2.825375795364379883e+00
4.720176919999999887e-01 2.858607769012451172e+00
4.748503669999999954e-01 2.895421743392944336e+00
4.776830989999999999e-01 2.926621913909912109e+00
4.805158860000000032e-01 2.987376689910888672e+00
4.833487300000000042e-01 2.961225271224975586e+00
4.861816299999999758e-01 2.736956596374511719e+00
4.890145859999999733e-01 2.858851909637451172e+00
4.918475979999999970e-01 2.941947698593139648e+00
4.946806670000000183e-01 2.981562137603759766e+00
4.975137920000000102e-01 3.003831624984741211e+00
5.003469729999999727e-01 2.936016559600830078e+00
5.031802100000000166e-01 2.902939319610595703e+00
5.060135040000000028e-01 2.995276212692260742e+00
5.088468539999999596e-01 3.019402503967285156e+00
5.116802599999999979e-01 3.036790609359741211e+00
5.145137220000000067e-01 2.977504730224609375e+00
5.173472409999999577e-01 2.820322036743164062e+00
5.201808159999999903e-01 2.943348169326782227e+00
5.230144469999999934e-01 3.075007677078247070e+00
5.258481339999999671e-01 3.078667163848876953e+00
5.286818779999999940e-01 3.119726896286010742e+00
5.315156779999999914e-01 3.223790645599365234e+00
5.343495339999999594e-01 3.213085174560546875e+00
5.371834460000000089e-01 3.254289388656616211e+00
5.400174150000000006e-01 3.177427768707275391e+00
5.428514389999999912e-01 3.224128007888793945e+00
5.456855200000000350e-01 3.278653144836425781e+00
5.485196580000000210e-01 3.279831171035766602e+00
5.513538510000000059e-01 3.317892551422119141e+00
5.541881010000000440e-01 3.341810464859008789e+00
5.570224070000000527e-01 3.301623344421386719e+00
5.598567690000000319e-01 3.268311500549316406e+00
5.626911869999999816e-01 3.319677114486694336e+00
5.655256619999999845e-01 3.304944753646850586e+00
5.683601929999999580e-01 3.271552324295043945e+00
5.711947800000000131e-01 3.247587442398071289e+00
5.740294230000000386e-01 3.291231393814086914e+00
5.768641230000000064e-01 3.260186910629272461e+00
5.796988789999999447e-01 3.270606756210327148e+00
5.825336909999999646e-01 3.336019277572631836e+00
5.853685589999999550e-01 3.299257993698120117e+00
5.882034839999999987e-01 3.079345703125000000e+00
5.910384650000000129e-01 2.945096492767333984e+00
5.938735019999999976e-01 2.999583721160888672e+00
5.967085949999999528e-01 2.980402469635009766e+00
5.995437449999999613e-01 2.946433782577514648e+00
6.023789510000000513e-01 2.893192768096923828e+00
6.052142130000000009e-01 2.907635211944580078e+00
6.080495310000000320e-01 2.861066341400146484e+00
6.108849060000000053e-01 2.759984970092773438e+00
6.137203359999999774e-01 2.702590703964233398e+00
6.165558230000000028e-01 2.669334411621093750e+00
6.193913669999999705e-01 2.738939285278320312e+00
6.222269660000000480e-01 2.717734336853027344e+00
6.250626219999999567e-01 2.650839328765869141e+00
6.278983339999999469e-01 2.589667797088623047e+00
6.307341020000000187e-01 2.565372467041015625e+00
6.335699259999999500e-01 2.602753639221191406e+00
6.364058070000000455e-01 2.618671178817749023e+00
6.392417440000000006e-01 2.628798723220825195e+00
6.420777370000000372e-01 2.597666025161743164e+00
6.449137860000000444e-01 2.564822912216186523e+00
6.477498919999999938e-01 2.444395542144775391e+00
6.505860540000000247e-01 2.435743331909179688e+00
6.534222720000000262e-01 2.418334722518920898e+00
6.562585459999999982e-01 2.224649429321289062e+00
6.590948770000000234e-01 2.326447486877441406e+00
6.619312640000000192e-01 2.380605697631835938e+00
6.647677069999999855e-01 2.359334230422973633e+00
6.676042060000000333e-01 2.343825340270996094e+00
6.704407620000000234e-01 2.320965290069580078e+00
6.732773739999999840e-01 2.288475036621093750e+00
6.761140420000000262e-01 2.285726547241210938e+00
6.789507660000000389e-01 2.270748853683471680e+00
6.817875469999999938e-01 2.240411996841430664e+00
6.846243829999999475e-01 2.161157131195068359e+00
6.874612759999999545e-01 1.800515294075012207e+00
6.902982260000000148e-01 1.828738570213317871e+00
6.931352309999999628e-01 1.860634088516235352e+00
6.959722929999999641e-01 1.867543101310729980e+00
6.988094110000000470e-01 1.849501848220825195e+00
7.016465849999999893e-01 1.746038556098937988e+00
7.044838150000000132e-01 1.743303656578063965e+00
7.073211019999999793e-01 1.697761893272399902e+00
7.101584450000000270e-01 1.639925479888916016e+00
7.129958440000000452e-01 1.536076784133911133e+00
7.158332990000000340e-01 1.303374290466308594e+00
7.186708109999999650e-01 9.464133381843566895e-01
7.215083789999999775e-01 9.746402502059936523e-01
7.243460029999999605e-01 8.884686827659606934e-01
7.271836830000000251e-01 7.999848127365112305e-01
7.300214200000000320e-01 7.536644935607910156e-01
7.328592130000000093e-01 7.739620804786682129e-01
7.356970619999999572e-01 7.628630995750427246e-01
7.385349669999999866e-01 7.442932724952697754e-01
7.413729289999999583e-01 7.445322871208190918e-01
7.442109470000000115e-01 7.603605985641479492e-01
7.470490210000000353e-01 7.540063858032226562e-01
7.498871510000000296e-01 7.493844032287597656e-01
7.527253379999999661e-01 7.357517480850219727e-01
7.555635800000000124e-01 7.276802062988281250e-01
7.584018790000000010e-01 5.993870496749877930e-01
7.612402350000000428e-01 2.796324193477630615e-01
7.640786459999999725e-01 3.473958373069763184e-01
7.669171139999999554e-01 5.525538921356201172e-01
7.697556380000000198e-01 6.670284867286682129e-01
7.725942180000000548e-01 6.925023794174194336e-01
7.754328539999999492e-01 6.965717673301696777e-01
7.782715470000000080e-01 6.934640407562255859e-01
7.811102960000000373e-01 7.002417445182800293e-01
7.839491010000000371e-01 6.963170766830444336e-01
7.867879620000000074e-01 6.894310116767883301e-01
7.896268800000000310e-01 6.718171834945678711e-01
7.924658540000000251e-01 6.723226308822631836e-01
7.953048839999999897e-01 6.719610691070556641e-01
7.981439700000000359e-01 6.880771517753601074e-01
8.009831130000000243e-01 6.754149198532104492e-01
8.038223119999999833e-01 6.798738837242126465e-01
8.066615670000000238e-01 6.919075250625610352e-01
8.095008780000000348e-01 6.605182886123657227e-01
8.123402459999999881e-01 5.962407588958740234e-01
8.151796700000000229e-01 4.859529435634613037e-01
8.180191500000000282e-01 4.595528244972229004e-01
8.208586860000000041e-01 4.877873361110687256e-01
8.236982790000000332e-01 4.536146819591522217e-01
8.265379269999999501e-01 4.700884521007537842e-01
8.293776320000000313e-01 4.233029186725616455e-01
8.322173940000000547e-01 4.066357612609863281e-01
8.350572109999999659e-01 4.136255681514739990e-01
8.378970850000000414e-01 4.201610982418060303e-01
8.407370149999999764e-01 4.192871451377868652e-01
8.435770009999999930e-01 4.152700006961822510e-01
8.464170429999999801e-01 4.186439216136932373e-01
8.492571420000000204e-01 3.929071724414825439e-01
8.520972970000000313e-01 3.799585103988647461e-01
8.549375080000000127e-01 3.559828698635101318e-01
8.577777749999999646e-01 3.794496953487396240e-01
8.606180989999999698e-01 3.703827559947967529e-01
8.634584789999999455e-01 3.664072155952453613e-01
8.662989150000000027e-01 3.401610255241394043e-01
8.691394070000000305e-01 3.454873263835906982e-01
8.719799560000000005e-01 3.424782454967498779e-01
8.748205610000000521e-01 3.328397572040557861e-01
8.776612219999999631e-01 3.260164558887481689e-01
8.805019389999999557e-01 3.162127733230590820e-01
8.833427130000000016e-01 3.071538209915161133e-01
8.861835430000000180e-01 3.005439341068267822e-01
8.890244290000000049e-01 2.945672273635864258e-01
8.918653709999999624e-01 2.780918180942535400e-01
8.947063699999999731e-01 2.404848337173461914e-01
8.975474239999999826e-01 1.892161965370178223e-01
9.003885350000000454e-01 1.719115376472473145e-01
9.032297030000000504e-01 1.983910053968429565e-01
9.060709260000000542e-01 1.967231631278991699e-01
9.089122060000000003e-01 1.612089425325393677e-01
9.117535420000000279e-01 1.573531776666641235e-01
9.145949340000000261e-01 1.452182382345199585e-01
9.174363819999999947e-01 1.462721824645996094e-01
9.202778870000000166e-01 1.696833223104476929e-01
9.231194480000000091e-01 1.630640327930450439e-01
9.259610649999999721e-01 1.507004052400588989e-01
9.288027380000000166e-01 1.054258197546005249e-01
9.316444680000000034e-01 5.895046517252922058e-02
9.344862539999999607e-01 3.316556289792060852e-02
9.373280959999999995e-01 3.532403707504272461e-02
9.401699940000000089e-01 5.811304599046707153e-02
9.430119489999999605e-01 5.185045674443244934e-02
9.458539599999999936e-01 4.294306039810180664e-02
9.486960269999999973e-01 4.660292714834213257e-02
9.515381499999999715e-01 4.952896758913993835e-02
9.543803299999999989e-01 4.863065481185913086e-02
9.572225659999999969e-01 5.588309839367866516e-02
9.600648579999999654e-01 5.821247026324272156e-02
9.629072060000000155e-01 6.553040444850921631e-02
9.657496110000000078e-01 6.755228340625762939e-02
9.685920709999999989e-01 9.527712315320968628e-02
9.714345880000000433e-01 1.031529754400253296e-01
9.742771620000000299e-01 8.951440453529357910e-02
9.771197910000000153e-01 9.210456907749176025e-02
9.799624770000000540e-01 9.657128900289535522e-02
9.828052189999999522e-01 1.053190231323242188e-01
9.856480170000000429e-01 1.162182241678237915e-01
9.884908709999999932e-01 1.248298808932304382e-01
9.913337819999999967e-01 1.184218525886535645e-01
9.941767489999999707e-01 1.198492646217346191e-01
9.970197720000000263e-01 1.262049823999404907e-01
9.998628510000000524e-01 1.233145967125892639e-01
1.002705986999999910e+00 1.212086454033851624e-01
1.005549178999999960e+00 1.152826696634292603e-01
1.008392426999999980e+00 1.210775300860404968e-01
1.011235730999999971e+00 1.261723041534423828e-01
1.014079092000000015e+00 1.136824116110801697e-01
1.016922509000000030e+00 1.164944916963577271e-01
1.019765982000000015e+00 1.188388466835021973e-01
1.022609510999999971e+00 1.277736425399780273e-01
1.025453096999999980e+00 1.246802136301994324e-01
1.028296738999999960e+00 1.182259321212768555e-01
1.031140436999999910e+00 1.212103292346000671e-01
1.033984191000000052e+00 1.216590777039527893e-01
1.036828002000000026e+00 1.162272766232490540e-01
1.039671868000000110e+00 1.274187117815017700e-01
1.042515791000000025e+00 1.319290399551391602e-01
1.045359770999999993e+00 1.281528174877166748e-01
