3.615872339999999796e-01 1.305201172828674316e+00
3.644177160000000026e-01 1.465063571929931641e+00
3.672482539999999962e-01 1.572346448898315430e+00
3.700788480000000158e-01 1.544481158256530762e+00
3.729094980000000059e-01 1.435422301292419434e+00
3.757402049999999938e-01 1.534690737724304199e+00
3.785709680000000077e-01 1.694216489791870117e+00
3.814017869999999921e-01 1.421695947647094727e+00
3.842326620000000026e-01 1.290603637695312500e+00
3.870635940000000108e-01 1.429198145866394043e+00
3.898945819999999896e-01 1.637029647827148438e+00
3.927256259999999943e-01 1.436875343322753906e+00
3.955567260000000251e-01 1.487248182296752930e+00
3.983878829999999982e-01 1.835303902626037598e+00
4.012190950000000256e-01 2.267413377761840820e+00
4.040503639999999952e-01 2.286949157714843750e+00
4.068816900000000181e-01 2.226533174514770508e+00
4.097130709999999842e-01 2.272333145141601562e+00
4.125445090000000037e-01 2.383209943771362305e+00
4.153760029999999936e-01 2.390602827072143555e+00
4.182075530000000096e-01 2.327449560165405273e+00
4.210391589999999962e-01 2.334892749786376953e+00
4.238708219999999804e-01 2.302129268646240234e+00
4.267025409999999908e-01 2.261273622512817383e+00
4.295343160000000271e-01 2.029512166976928711e+00
4.323661469999999785e-01 2.171346664428710938e+00
4.351980349999999831e-01 2.374408483505249023e+00
4.380299790000000137e-01 2.414215564727783203e+00
4.408619790000000149e-01 2.494209766387939453e+00
4.436940349999999866e-01 2.627991676330566406e+00
4.465261480000000116e-01 2.642081260681152344e+00
4.493583170000000071e-01 2.802270174026489258e+00
4.521905419999999731e-01 2.835608720779418945e+00
4.550228230000000207e-01 2.788145780563354492e+00
4.578551610000000105e-01 2.848974943161010742e+00
4.606875550000000263e-01 2.874004125595092773e+00
4.635200050000000127e-01 2.889402627944946289e+00
4.663525110000000251e-01 2.846868753433227539e+00
4.691850739999999798e-01 2.835253715515136719e+00
4.720176919999999887e-01 2.879935026168823242e+00
4.748503669999999954e-01 2.915853977203369141e+00
4.776830989999999999e-01 2.959954500198364258e+00
4.805158860000000032e-01 3.001425266265869141e+00
4.833487300000000042e-01 2.980633974075317383e+00
4.861816299999999758e-01 2.745385169982910156e+00
4.890145859999999733e-01 2.871062278747558594e+00
4.918475979999999970e-01 2.944769382476806641e+00
4.946806670000000183e-01 2.994413137435913086e+00
4.975137920000000102e-01 3.005351066589355469e+00
5.003469729999999727e-01 2.935565710067749023e+00
5.031802100000000166e-01 2.925416231155395508e+00
5.060135040000000028e-01 2.987645387649536133e+00
5.088468539999999596e-01 3.027267932891845703e+00
5.116802599999999979e-01 3.052731275558471680e+00
5.145137220000000067e-01 2.990912914276123047e+00
5.173472409999999577e-01 2.815377950668334961e+00
5.201808159999999903e-01 2.951903343200683594e+00
5.230144469999999934e-01 3.073501110076904297e+00
5.258481339999999671e-01 3.078325986862182617e+00
5.286818779999999940e-01 3.126889228820800781e+00
5.315156779999999914e-01 3.229833126068115234e+00
5.343495339999999594e-01 3.218671560287475586e+00
5.371834460000000089e-01 3.261788129806518555e+00
5.400174150000000006e-01 3.202522277832031250e+00
5.428514389999999912e-01 3.229110956192016602e+00
5.456855200000000350e-01 3.282558679580688477e+00
5.485196580000000210e-01 3.286217212677001953e+00
5.513538510000000059e-01 3.315943241119384766e+00
5.541881010000000440e-01 3.344279050827026367e+00
5.570224070000000527e-01 3.318028450012207031e+00
5.598567690000000319e-01 3.265964746475219727e+00
5.626911869999999816e-01 3.324709653854370117e+00
5.655256619999999845e-01 3.312335252761840820e+00
5.683601929999999580e-01 3.280031919479370117e+00
5.711947800000000131e-01 3.244610548019409180e+00
5.740294230000000386e-01 3.291596651077270508e+00
5.768641230000000064e-01 3.253560781478881836e+00
5.796988789999999447e-01 3.278401374816894531e+00
5.825336909999999646e-01 3.342949151992797852e+00
5.853685589999999550e-01 3.297885179519653320e+00
5.882034839999999987e-01 3.081071376800537109e+00
5.910384650000000129e-01 2.949448347091674805e+00
5.938735019999999976e-01 2.984028339385986328e+00
5.967085949999999528e-01 2.970252037048339844e+00
5.995437449999999613e-01 2.938695430755615234e+00
6.023789510000000513e-01 2.891884088516235352e+00
6.052142130000000009e-01 2.904759407043457031e+00
6.080495310000000320e-01 2.844261884689331055e+00
6.108849060000000053e-01 2.761929512023925781e+00
6.137203359999999774e-01 2.686671495437622070e+00
6.165558230000000028e-01 2.659384489059448242e+00
6.193913669999999705e-01 2.717694044113159180e+00
6.222269660000000480e-01 2.706358194351196289e+00
6.250626219999999567e-01 2.643364906311035156e+00
6.278983339999999469e-01 2.582802295684814453e+00
6.307341020000000187e-01 2.566239356994628906e+00
6.335699259999999500e-01 2.579689741134643555e+00
6.364058070000000455e-01 2.605269908905029297e+00
6.392417440000000006e-01 2.619996070861816406e+00
6.420777370000000372e-01 2.590090274810791016e+00
6.449137860000000444e-01 2.545900583267211914e+00
6.477498919999999938e-01 2.434691667556762695e+00
6.505860540000000247e-01 2.419130325317382812e+00
6.534222720000000262e-01 2.407759428024291992e+00
6.562585459999999982e-01 2.212905406951904297e+00
6.590948770000000234e-01 2.308940172195434570e+00
6.619312640000000192e-01 2.378912687301635742e+00
6.647677069999999855e-01 2.345767736434936523e+00
6.676042060000000333e-01 2.333314418792724609e+00
6.704407620000000234e-01 2.299352884292602539e+00
6.732773739999999840e-01 2.273648262023925781e+00
6.761140420000000262e-01 2.262492656707763672e+00
6.789507660000000389e-01 2.246837139129638672e+00
6.817875469999999938e-01 2.220812082290649414e+00
6.846243829999999475e-01 2.139740705490112305e+00
6.874612759999999545e-01 1.782201766967773438e+00
6.902982260000000148e-01 1.812386631965637207e+00
6.931352309999999628e-01 1.849098324775695801e+00
6.959722929999999641e-01 1.850276112556457520e+00
6.988094110000000470e-01 1.824276328086853027e+00
7.016465849999999893e-01 1.725440859794616699e+00
7.044838150000000132e-01 1.715315580368041992e+00
7.073211019999999793e-01 1.685411930084228516e+00
7.101584450000000270e-01 1.622209548950195312e+00
7.129958440000000452e-01 1.521770834922790527e+00
7.158332990000000340e-01 1.277831673622131348e+00
7.186708109999999650e-01 9.278116226196289062e-01
7.215083789999999775e-01 9.538941979408264160e-01
7.243460029999999605e-01 8.726933598518371582e-01
7.271836830000000251e-01 7.875328660011291504e-01
7.300214200000000320e-01 7.348957657814025879e-01
7.328592130000000093e-01 7.582464218139648438e-01
7.356970619999999572e-01 7.498283386230468750e-01
7.385349669999999866e-01 7.328524589538574219e-01
7.413729289999999583e-01 7.302576303482055664e-01
7.442109470000000115e-01 7.424174547195434570e-01
7.470490210000000353e-01 7.357245683670043945e-01
7.498871510000000296e-01 7.276123762130737305e-01
7.527253379999999661e-01 7.214739918708801270e-01
7.555635800000000124e-01 7.100529670715332031e-01
7.584018790000000010e-01 5.916813015937805176e-01
7.612402350000000428e-01 2.722126543521881104e-01
7.640786459999999725e-01 3.333896994590759277e-01
7.669171139999999554e-01 5.313969850540161133e-01
7.697556380000000198e-01 6.522282361984252930e-01
7.725942180000000548e-01 6.782626509666442871e-01
7.754328539999999492e-01 6.787705421447753906e-01
7.782715470000000080e-01 6.830066442489624023e-01
7.811102960000000373e-01 6.826962828636169434e-01
7.839491010000000371e-01 6.821067333221435547e-01
7.867879620000000074e-01 6.678679585456848145e-01
7.896268800000000310e-01 6.511866450309753418e-01
7.924658540000000251e-01 6.507833600044250488e-01
7.953048839999999897e-01 6.566810011863708496e-01
7.981439700000000359e-01 6.673000454902648926e-01
8.009831130000000243e-01 6.586229205131530762e-01
8.038223119999999833e-01 6.635649800300598145e-01
8.066615670000000238e-01 6.705849766731262207e-01
8.095008780000000348e-01 6.489211916923522949e-01
8.123402459999999881e-01 5.787286162376403809e-01
8.151796700000000229e-01 4.694729745388031006e-01
8.180191500000000282e-01 4.445132613182067871e-01
8.208586860000000041e-01 4.822609424591064453e-01
8.236982790000000332e-01 4.390355348587036133e-01
8.265379269999999501e-01 4.541988670825958252e-01
8.293776320000000313e-01 4.102596044540405273e-01
8.322173940000000547e-01 3.927872776985168457e-01
8.350572109999999659e-01 3.973466753959655762e-01
8.378970850000000414e-01 4.033698141574859619e-01
8.407370149999999764e-01 4.038815498352050781e-01
8.435770009999999930e-01 4.020346105098724365e-01
8.464170429999999801e-01 4.012385904788970947e-01
8.492571420000000204e-01 3.801605701446533203e-01
8.520972970000000313e-01 3.656138181686401367e-01
8.549375080000000127e-01 3.424895107746124268e-01
8.577777749999999646e-01 3.661089241504669189e-01
8.606180989999999698e-01 3.621621131896972656e-01
8.634584789999999455e-01 3.539884388446807861e-01
8.662989150000000027e-01 3.230318427085876465e-01
8.691394070000000305e-01 3.317357897758483887e-01
8.719799560000000005e-01 3.300653994083404541e-01
8.748205610000000521e-01 3.231842517852783203e-01
8.776612219999999631e-01 3.132568895816802979e-01
8.805019389999999557e-01 3.069439530372619629e-01
8.833427130000000016e-01 3.022700250148773193e-01
8.861835430000000180e-01 2.912185788154602051e-01
8.890244290000000049e-01 2.852932214736938477e-01
8.918653709999999624e-01 2.686049342155456543e-01
8.947063699999999731e-01 2.295614778995513916e-01
8.975474239999999826e-01 1.816204637289047241e-01
9.003885350000000454e-01 1.588364392518997192e-01
9.032297030000000504e-01 1.869826763868331909e-01
9.060709260000000542e-01 1.893512755632400513e-01
9.089122060000000003e-01 1.522810906171798706e-01
9.117535420000000279e-01 1.515386402606964111e-01
9.145949340000000261e-01 1.412475109100341797e-01
9.174363819999999947e-01 1.382898390293121338e-01
9.202778870000000166e-01 1.637931019067764282e-01
9.231194480000000091e-01 1.527002453804016113e-01
9.259610649999999721e-01 1.387850791215896606e-01
9.288027380000000166e-01 9.795341640710830688e-02
9.316444680000000034e-01 5.539998039603233337e-02
9.344862539999999607e-01 3.119769692420959473e-02
9.373280959999999995e-01 3.555690869688987732e-02
9.401699940000000089e-01 5.615349486470222473e-02
9.430119489999999605e-01 4.703756794333457947e-02
9.458539599999999936e-01 4.176743328571319580e-02
9.486960269999999973e-01 4.561594128608703613e-02
9.515381499999999715e-01 4.519534856081008911e-02
9.543803299999999989e-01 4.620300605893135071e-02
9.572225659999999969e-01 5.177219957113265991e-02
9.600648579999999654e-01 5.591053143143653870e-02
9.629072060000000155e-01 6.397587805986404419e-02
9.657496110000000078e-01 7.240263372659683228e-02
9.685920709999999989e-01 8.951590955257415771e-02
9.714345880000000433e-01 9.621120989322662354e-02
9.742771620000000299e-01 8.498020470142364502e-02
9.771197910000000153e-01 8.801285922527313232e-02
9.799624770000000540e-01 8.962392061948776245e-02
9.828052189999999522e-01 9.799186140298843384e-02
9.856480170000000429e-01 1.033413782715797424e-01
9.884908709999999932e-01 1.077601015567779541e-01
9.913337819999999967e-01 1.091063842177391052e-01
9.941767489999999707e-01 1.126888766884803772e-01
9.970197720000000263e-01 1.116619482636451721e-01
9.998628510000000524e-01 1.116416826844215393e-01
1.002705986999999910e+00 1.088504642248153687e-01
1.005549178999999960e+00 1.064249873161315918e-01
1.008392426999999980e+00 1.126864179968833923e-01
1.011235730999999971e+00 1.129929721355438232e-01
1.014079092000000015e+00 1.146342009305953979e-01
1.016922509000000030e+00 1.111700981855392456e-01
1.019765982000000015e+00 1.085565313696861267e-01
1.022609510999999971e+00 1.073195338249206543e-01
1.025453096999999980e+00 1.111288368701934814e-01
1.028296738999999960e+00 1.167796924710273743e-01
1.031140436999999910e+00 1.146477237343788147e-01
1.033984191000000052e+00 1.068242564797401428e-01
1.036828002000000026e+00 1.109166815876960754e-01
1.039671868000000110e+00 1.200994476675987244e-01
1.042515791000000025e+00 1.070945635437965393e-01
1.045359770999999993e+00 1.146408021450042725e-01
