3.615872339999999796e-01 1.344779610633850098e+00
3.644177160000000026e-01 1.490626573562622070e+00
3.672482539999999962e-01 1.635467171669006348e+00
3.700788480000000158e-01 1.575011491775512695e+00
3.729094980000000059e-01 1.429795384407043457e+00
3.757402049999999938e-01 1.522752046585083008e+00
3.785709680000000077e-01 1.666094899177551270e+00
3.814017869999999921e-01 1.404876828193664551e+00
3.842326620000000026e-01 1.322031497955322266e+00
3.870635940000000108e-01 1.440599799156188965e+00
3.898945819999999896e-01 1.632287144660949707e+00
3.927256259999999943e-01 1.446716427803039551e+00
3.955567260000000251e-01 1.455517649650573730e+00
3.983878829999999982e-01 1.873971223831176758e+00
4.012190950000000256e-01 2.290851593017578125e+00
4.040503639999999952e-01 2.284444093704223633e+00
4.068816900000000181e-01 2.239235639572143555e+00
4.097130709999999842e-01 2.280501365661621094e+00
4.125445090000000037e-01 2.357062816619873047e+00
4.153760029999999936e-01 2.373394727706909180e+00
4.182075530000000096e-01 2.358575105667114258e+00
4.210391589999999962e-01 2.355635166168212891e+00
4.238708219999999804e-01 2.323002576828002930e+00
4.267025409999999908e-01 2.259031772613525391e+00
4.295343160000000271e-01 2.061544656753540039e+00
4.323661469999999785e-01 2.180383920669555664e+00
4.351980349999999831e-01 2.394996404647827148e+00
4.380299790000000137e-01 2.413433551788330078e+00
4.408619790000000149e-01 2.486220121383666992e+00
4.436940349999999866e-01 2.624458551406860352e+00
4.465261480000000116e-01 2.669965505599975586e+00
4.493583170000000071e-01 2.818832874298095703e+00
4.521905419999999731e-01 2.838227272033691406e+00
4.550228230000000207e-01 2.817251920700073242e+00
4.578551610000000105e-01 2.882936716079711914e+00
4.606875550000000263e-01 2.908485889434814453e+00
4.635200050000000127e-01 2.923008680343627930e+00
4.663525110000000251e-01 2.866070032119750977e+00
4.691850739999999798e-01 2.864286899566650391e+00
4.720176919999999887e-01 2.904486894607543945e+00
4.748503669999999954e-01 2.944336175918579102e+00
4.776830989999999999e-01 2.977560281753540039e+00
4.805158860000000032e-01 3.044940948486328125e+00
4.833487300000000042e-01 3.013373136520385742e+00
4.861816299999999758e-01 2.787266969680786133e+00
4.890145859999999733e-01 2.895500421524047852e+00
4.918475979999999970e-01 2.973918199539184570e+00
4.946806670000000183e-01 3.037133932113647461e+00
4.975137920000000102e-01 3.053415298461914062e+00
5.003469729999999727e-01 2.976744413375854492e+00
5.031802100000000166e-01 2.957519769668579102e+00
5.060135040000000028e-01 3.054495334625244141e+00
5.088468539999999596e-01 3.075663805007934570e+00
5.116802599999999979e-01 3.093454122543334961e+00
5.145137220000000067e-01 3.038714647293090820e+00
5.173472409999999577e-01 2.868591070175170898e+00
5.201808159999999903e-01 2.998543977737426758e+00
5.230144469999999934e-01 3.136113405227661133e+00
5.258481339999999671e-01 3.134199380874633789e+00
5.286818779999999940e-01 3.181266546249389648e+00
5.315156779999999914e-01 3.284697055816650391e+00
5.343495339999999594e-01 3.281442880630493164e+00
5.371834460000000089e-01 3.321747541427612305e+00
5.400174150000000006e-01 3.262508153915405273e+00
5.428514389999999912e-01 3.283394336700439453e+00
5.456855200000000350e-01 3.344650030136108398e+00
5.485196580000000210e-01 3.357335329055786133e+00
5.513538510000000059e-01 3.383911132812500000e+00
5.541881010000000440e-01 3.413212537765502930e+00
5.570224070000000527e-01 3.377786397933959961e+00
5.598567690000000319e-01 3.334648370742797852e+00
5.626911869999999816e-01 3.383047342300415039e+00
5.655256619999999845e-01 3.373306512832641602e+00
5.683601929999999580e-01 3.339061021804809570e+00
5.711947800000000131e-01 3.314268827438354492e+00
5.740294230000000386e-01 3.354655027389526367e+00
5.768641230000000064e-01 3.323780775070190430e+00
5.796988789999999447e-01 3.335553169250488281e+00
5.825336909999999646e-01 3.415945053100585938e+00
5.853685589999999550e-01 3.368740081787109375e+00
5.882034839999999987e-01 3.140639066696166992e+00
5.910384650000000129e-01 2.998867511749267578e+00
5.938735019999999976e-01 3.059925556182861328e+00
5.967085949999999528e-01 3.034606695175170898e+00
5.995437449999999613e-01 2.990205287933349609e+00
6.023789510000000513e-01 2.955594778060913086e+00
6.052142130000000009e-01 2.963606834411621094e+00
6.080495310000000320e-01 2.908833742141723633e+00
6.108849060000000053e-01 2.820985078811645508e+00
6.137203359999999774e-01 2.726619720458984375e+00
6.165558230000000028e-01 2.704071044921875000e+00
6.193913669999999705e-01 2.782305717468261719e+00
6.222269660000000480e-01 2.764332294464111328e+00
6.250626219999999567e-01 2.697316646575927734e+00
6.278983339999999469e-01 2.631099939346313477e+00
6.307341020000000187e-01 2.606797218322753906e+00
6.335699259999999500e-01 2.638237237930297852e+00
6.364058070000000455e-01 2.660535335540771484e+00
6.392417440000000006e-01 2.674844503402709961e+00
6.420777370000000372e-01 2.628938674926757812e+00
6.449137860000000444e-01 2.597562789916992188e+00
6.477498919999999938e-01 2.484304428100585938e+00
6.505860540000000247e-01 2.466684103012084961e+00
6.534222720000000262e-01 2.454149961471557617e+00
6.562585459999999982e-01 2.258575677871704102e+00
6.590948770000000234e-01 2.360828638076782227e+00
6.619312640000000192e-01 2.411085128784179688e+00
6.647677069999999855e-01 2.383455753326416016e+00
6.676042060000000333e-01 2.368311643600463867e+00
6.704407620000000234e-01 2.330638408660888672e+00
6.732773739999999840e-01 2.311074256896972656e+00
6.761140420000000262e-01 2.301052808761596680e+00
6.789507660000000389e-01 2.274650096893310547e+00
6.817875469999999938e-01 2.262024879455566406e+00
6.846243829999999475e-01 2.170897960662841797e+00
6.874612759999999545e-01 1.820975184440612793e+00
6.902982260000000148e-01 1.845727324485778809e+00
6.931352309999999628e-01 1.879853248596191406e+00
6.959722929999999641e-01 1.889448046684265137e+00
6.988094110000000470e-01 1.881932377815246582e+00
7.016465849999999893e-01 1.769189119338989258e+00
7.044838150000000132e-01 1.761265039443969727e+00
7.073211019999999793e-01 1.728243947029113770e+00
7.101584450000000270e-01 1.662881135940551758e+00
7.129958440000000452e-01 1.551566720008850098e+00
7.158332990000000340e-01 1.314489603042602539e+00
7.186708109999999650e-01 9.540809988975524902e-01
7.215083789999999775e-01 9.770466685295104980e-01
7.243460029999999605e-01 8.919650912284851074e-01
7.271836830000000251e-01 8.076443076133728027e-01
7.300214200000000320e-01 7.530648708343505859e-01
7.328592130000000093e-01 7.683029770851135254e-01
7.356970619999999572e-01 7.661405801773071289e-01
7.385349669999999866e-01 7.423810362815856934e-01
7.413729289999999583e-01 7.448623776435852051e-01
7.442109470000000115e-01 7.554665207862854004e-01
7.470490210000000353e-01 7.584016323089599609e-01
7.498871510000000296e-01 7.428038716316223145e-01
7.527253379999999661e-01 7.417824268341064453e-01
7.555635800000000124e-01 7.270098328590393066e-01
7.584018790000000010e-01 5.927671194076538086e-01
7.612402350000000428e-01 2.773491740226745605e-01
7.640786459999999725e-01 3.386019766330718994e-01
7.669171139999999554e-01 5.436070561408996582e-01
7.697556380000000198e-01 6.639080047607421875e-01
7.725942180000000548e-01 6.828926801681518555e-01
7.754328539999999492e-01 6.855246424674987793e-01
7.782715470000000080e-01 6.911436319351196289e-01
7.811102960000000373e-01 6.955733895301818848e-01
7.839491010000000371e-01 6.942695975303649902e-01
7.867879620000000074e-01 6.823810338973999023e-01
7.896268800000000310e-01 6.593824625015258789e-01
7.924658540000000251e-01 6.657695174217224121e-01
7.953048839999999897e-01 6.697458624839782715e-01
7.981439700000000359e-01 6.732307672500610352e-01
8.009831130000000243e-01 6.677545905113220215e-01
8.038223119999999833e-01 6.717957258224487305e-01
8.066615670000000238e-01 6.906014680862426758e-01
8.095008780000000348e-01 6.546282768249511719e-01
8.123402459999999881e-01 5.801396965980529785e-01
8.151796700000000229e-01 4.777115583419799805e-01
8.180191500000000282e-01 4.516979753971099854e-01
8.208586860000000041e-01 4.874597489833831787e-01
8.236982790000000332e-01 4.442808926105499268e-01
8.265379269999999501e-01 4.615772664546966553e-01
8.293776320000000313e-01 4.161654114723205566e-01
8.322173940000000547e-01 3.982833921909332275e-01
8.350572109999999659e-01 4.089857935905456543e-01
8.378970850000000414e-01 4.174630641937255859e-01
8.407370149999999764e-01 4.176091551780700684e-01
8.435770009999999930e-01 4.106117486953735352e-01
8.464170429999999801e-01 4.099640250205993652e-01
8.492571420000000204e-01 3.925578296184539795e-01
8.520972970000000313e-01 3.778294920921325684e-01
8.549375080000000127e-01 3.543711900711059570e-01
8.577777749999999646e-01 3.787714242935180664e-01
8.606180989999999698e-01 3.771167099475860596e-01
8.634584789999999455e-01 3.634001910686492920e-01
8.662989150000000027e-01 3.346485197544097900e-01
8.691394070000000305e-01 3.487227559089660645e-01
8.719799560000000005e-01 3.392113149166107178e-01
8.748205610000000521e-01 3.289959430694580078e-01
8.776612219999999631e-01 3.222034573554992676e-01
8.805019389999999557e-01 3.141710758209228516e-01
8.833427130000000016e-01 3.111042082309722900e-01
8.861835430000000180e-01 3.021441400051116943e-01
8.890244290000000049e-01 2.978499829769134521e-01
8.918653709999999624e-01 2.780538499355316162e-01
8.947063699999999731e-01 2.327916771173477173e-01
8.975474239999999826e-01 1.858906745910644531e-01
9.003885350000000454e-01 1.636168211698532104e-01
9.032297030000000504e-01 1.956474930047988892e-01
9.060709260000000542e-01 1.960062384605407715e-01
9.089122060000000003e-01 1.600272357463836670e-01
9.117535420000000279e-01 1.576700657606124878e-01
9.145949340000000261e-01 1.490821540355682373e-01
9.174363819999999947e-01 1.483143419027328491e-01
9.202778870000000166e-01 1.714718043804168701e-01
9.231194480000000091e-01 1.608412116765975952e-01
9.259610649999999721e-01 1.483370959758758545e-01
9.288027380000000166e-01 1.026017442345619202e-01
9.316444680000000034e-01 5.447819456458091736e-02
9.344862539999999607e-01 3.321387618780136108e-02
9.373280959999999995e-01 3.630016371607780457e-02
9.401699940000000089e-01 5.726378038525581360e-02
9.430119489999999605e-01 4.689651727676391602e-02
9.458539599999999936e-01 4.530160501599311829e-02
9.486960269999999973e-01 4.291623830795288086e-02
9.515381499999999715e-01 4.755199328064918518e-02
9.543803299999999989e-01 4.641716554760932922e-02
9.572225659999999969e-01 5.341706052422523499e-02
9.600648579999999654e-01 5.743394792079925537e-02
9.629072060000000155e-01 6.125743687152862549e-02
9.657496110000000078e-01 7.244797796010971069e-02
9.685920709999999989e-01 9.473348408937454224e-02
9.714345880000000433e-01 1.031377986073493958e-01
9.742771620000000299e-01 8.733507990837097168e-02
9.771197910000000153e-01 9.548181295394897461e-02
9.799624770000000540e-01 1.044263839721679688e-01
9.828052189999999522e-01 1.071940287947654724e-01
9.856480170000000429e-01 1.160302609205245972e-01
9.884908709999999932e-01 1.231964156031608582e-01
9.913337819999999967e-01 1.258506625890731812e-01
9.941767489999999707e-01 1.297352612018585205e-01
9.970197720000000263e-01 1.278021186590194702e-01
9.998628510000000524e-01 1.209999844431877136e-01
1.002705986999999910e+00 1.224458590149879456e-01
1.005549178999999960e+00 1.219441145658493042e-01
1.008392426999999980e+00 1.201905980706214905e-01
1.011235730999999971e+00 1.244380995631217957e-01
1.014079092000000015e+00 1.194203346967697144e-01
1.016922509000000030e+00 1.252348423004150391e-01
1.019765982000000015e+00 1.252393871545791626e-01
1.022609510999999971e+00 1.253157854080200195e-01
1.025453096999999980e+00 1.272726804018020630e-01
1.028296738999999960e+00 1.259881705045700073e-01
1.031140436999999910e+00 1.152058914303779602e-01
1.033984191000000052e+00 1.194333061575889587e-01
1.036828002000000026e+00 1.185974329710006714e-01
1.039671868000000110e+00 1.231185644865036011e-01
1.042515791000000025e+00 1.327135711908340454e-01
1.045359770999999993e+00 1.229923218488693237e-01
