3.615872339999999796e-01 1.296145081520080566e+00
3.644177160000000026e-01 1.415968060493469238e+00
3.672482539999999962e-01 1.565076828002929688e+00
3.700788480000000158e-01 1.566111087799072266e+00
3.729094980000000059e-01 1.397718429565429688e+00
3.757402049999999938e-01 1.515053391456604004e+00
3.785709680000000077e-01 1.641781091690063477e+00
3.814017869999999921e-01 1.421493172645568848e+00
3.842326620000000026e-01 1.289640903472900391e+00
3.870635940000000108e-01 1.416956067085266113e+00
3.898945819999999896e-01 1.608175516128540039e+00
3.927256259999999943e-01 1.405417561531066895e+00
3.955567260000000251e-01 1.449612617492675781e+00
3.983878829999999982e-01 1.842051744461059570e+00
4.012190950000000256e-01 2.276165962219238281e+00
4.040503639999999952e-01 2.247942209243774414e+00
4.068816900000000181e-01 2.192496538162231445e+00
4.097130709999999842e-01 2.280250072479248047e+00
4.125445090000000037e-01 2.347730875015258789e+00
4.153760029999999936e-01 2.343306541442871094e+00
4.182075530000000096e-01 2.293818712234497070e+00
4.210391589999999962e-01 2.298478364944458008e+00
4.238708219999999804e-01 2.267082691192626953e+00
4.267025409999999908e-01 2.230413913726806641e+00
4.295343160000000271e-01 2.021070957183837891e+00
4.323661469999999785e-01 2.140992164611816406e+00
4.351980349999999831e-01 2.334608316421508789e+00
4.380299790000000137e-01 2.369765520095825195e+00
4.408619790000000149e-01 2.461292266845703125e+00
4.436940349999999866e-01 2.581882476806640625e+00
4.465261480000000116e-01 2.626264810562133789e+00
4.493583170000000071e-01 2.751892566680908203e+00
4.521905419999999731e-01 2.782857894897460938e+00
4.550228230000000207e-01 2.754206418991088867e+00
4.578551610000000105e-01 2.819625139236450195e+00
4.606875550000000263e-01 2.823012351989746094e+00
4.635200050000000127e-01 2.839663743972778320e+00
4.663525110000000251e-01 2.803908824920654297e+00
4.691850739999999798e-01 2.797534942626953125e+00
4.720176919999999887e-01 2.836534261703491211e+00
4.748503669999999954e-01 2.865433454513549805e+00
4.776830989999999999e-01 2.901828527450561523e+00
4.805158860000000032e-01 2.960335969924926758e+00
4.833487300000000042e-01 2.932689905166625977e+00
4.861816299999999758e-01 2.705997467041015625e+00
4.890145859999999733e-01 2.811426401138305664e+00
4.918475979999999970e-01 2.894732713699340820e+00
4.946806670000000183e-01 2.950860261917114258e+00
4.975137920000000102e-01 2.975338935852050781e+00
5.003469729999999727e-01 2.894309759140014648e+00
5.031802100000000166e-01 2.885273694992065430e+00
5.060135040000000028e-01 2.955999612808227539e+00
5.088468539999999596e-01 2.977156162261962891e+00
5.116802599999999979e-01 3.006529808044433594e+00
5.145137220000000067e-01 2.938967466354370117e+00
5.173472409999999577e-01 2.787689208984375000e+00
5.201808159999999903e-01 2.897230863571166992e+00
5.230144469999999934e-01 3.034148693084716797e+00
5.258481339999999671e-01 3.022167205810546875e+00
5.286818779999999940e-01 3.072643518447875977e+00
5.315156779999999914e-01 3.174267530441284180e+00
5.343495339999999594e-01 3.158806800842285156e+00
5.371834460000000089e-01 3.199163198471069336e+00
5.400174150000000006e-01 3.136772632598876953e+00
5.428514389999999912e-01 3.173890590667724609e+00
5.456855200000000350e-01 3.220792770385742188e+00
5.485196580000000210e-01 3.230442523956298828e+00
5.513538510000000059e-01 3.267394542694091797e+00
5.541881010000000440e-01 3.282437562942504883e+00
5.570224070000000527e-01 3.254594802856445312e+00
5.598567690000000319e-01 3.205000162124633789e+00
5.626911869999999816e-01 3.265386104583740234e+00
5.655256619999999845e-01 3.249237775802612305e+00
5.683601929999999580e-01 3.221493959426879883e+00
5.711947800000000131e-01 3.190796613693237305e+00
5.740294230000000386e-01 3.226428508758544922e+00
5.768641230000000064e-01 3.200660943984985352e+00
5.796988789999999447e-01 3.216650247573852539e+00
5.825336909999999646e-01 3.278322696685791016e+00
5.853685589999999550e-01 3.232820749282836914e+00
5.882034839999999987e-01 3.024292707443237305e+00
5.910384650000000129e-01 2.878243684768676758e+00
5.938735019999999976e-01 2.920423746109008789e+00
5.967085949999999528e-01 2.905224561691284180e+00
5.995437449999999613e-01 2.863473415374755859e+00
6.023789510000000513e-01 2.818440914154052734e+00
6.052142130000000009e-01 2.834779977798461914e+00
6.080495310000000320e-01 2.791697740554809570e+00
6.108849060000000053e-01 2.670729637145996094e+00
6.137203359999999774e-01 2.615355253219604492e+00
6.165558230000000028e-01 2.591464996337890625e+00
6.193913669999999705e-01 2.654178619384765625e+00
6.222269660000000480e-01 2.639557361602783203e+00
6.250626219999999567e-01 2.569173574447631836e+00
6.278983339999999469e-01 2.508564472198486328e+00
6.307341020000000187e-01 2.486903429031372070e+00
6.335699259999999500e-01 2.511924743652343750e+00
6.364058070000000455e-01 2.534627914428710938e+00
6.392417440000000006e-01 2.539589643478393555e+00
6.420777370000000372e-01 2.512781143188476562e+00
6.449137860000000444e-01 2.472295045852661133e+00
6.477498919999999938e-01 2.361723661422729492e+00
6.505860540000000247e-01 2.343277931213378906e+00
6.534222720000000262e-01 2.335483551025390625e+00
6.562585459999999982e-01 2.146701097488403320e+00
6.590948770000000234e-01 2.243513107299804688e+00
6.619312640000000192e-01 2.300694704055786133e+00
6.647677069999999855e-01 2.281517505645751953e+00
6.676042060000000333e-01 2.259081840515136719e+00
6.704407620000000234e-01 2.237257957458496094e+00
6.732773739999999840e-01 2.209394693374633789e+00
6.761140420000000262e-01 2.206037998199462891e+00
6.789507660000000389e-01 2.181521654129028320e+00
6.817875469999999938e-01 2.155930280685424805e+00
6.846243829999999475e-01 2.062129020690917969e+00
6.874612759999999545e-01 1.739788174629211426e+00
6.902982260000000148e-01 1.747427701950073242e+00
6.931352309999999628e-01 1.777710676193237305e+00
6.959722929999999641e-01 1.783079028129577637e+00
6.988094110000000470e-01 1.768683195114135742e+00
7.016465849999999893e-01 1.651776194572448730e+00
7.044838150000000132e-01 1.648168921470642090e+00
7.073211019999999793e-01 1.606947302818298340e+00
7.101584450000000270e-01 1.546044945716857910e+00
7.129958440000000452e-01 1.444317221641540527e+00
7.158332990000000340e-01 1.219079494476318359e+00
7.186708109999999650e-01 8.893821239471435547e-01
7.215083789999999775e-01 9.071738123893737793e-01
7.243460029999999605e-01 8.305603265762329102e-01
7.271836830000000251e-01 7.483586668968200684e-01
7.300214200000000320e-01 6.986813545227050781e-01
7.328592130000000093e-01 7.161615490913391113e-01
7.356970619999999572e-01 7.014327049255371094e-01
7.385349669999999866e-01 6.923319101333618164e-01
7.413729289999999583e-01 6.916813254356384277e-01
7.442109470000000115e-01 6.997472047805786133e-01
7.470490210000000353e-01 6.935160756111145020e-01
7.498871510000000296e-01 6.869226694107055664e-01
7.527253379999999661e-01 6.770167350769042969e-01
7.555635800000000124e-01 6.654096841812133789e-01
7.584018790000000010e-01 5.499130487442016602e-01
7.612402350000000428e-01 2.575586438179016113e-01
7.640786459999999725e-01 3.159716427326202393e-01
7.669171139999999554e-01 5.043151974678039551e-01
7.697556380000000198e-01 6.117011904716491699e-01
7.725942180000000548e-01 6.330433487892150879e-01
7.754328539999999492e-01 6.395859122276306152e-01
7.782715470000000080e-01 6.361057758331298828e-01
7.811102960000000373e-01 6.360576152801513672e-01
7.839491010000000371e-01 6.362366080284118652e-01
7.867879620000000074e-01 6.352104544639587402e-01
7.896268800000000310e-01 6.097558736801147461e-01
7.924658540000000251e-01 6.048614978790283203e-01
7.953048839999999897e-01 6.155822873115539551e-01
7.981439700000000359e-01 6.211200952529907227e-01
8.009831130000000243e-01 6.184992194175720215e-01
8.038223119999999833e-01 6.188001632690429688e-01
8.066615670000000238e-01 6.327327489852905273e-01
8.095008780000000348e-01 6.079194545745849609e-01
8.123402459999999881e-01 5.355945229530334473e-01
8.151796700000000229e-01 4.408417046070098877e-01
8.180191500000000282e-01 4.150172173976898193e-01
8.208586860000000041e-01 4.463722705841064453e-01
8.236982790000000332e-01 4.099929034709930420e-01
8.265379269999999501e-01 4.216140508651733398e-01
8.293776320000000313e-01 3.825337588787078857e-01
8.322173940000000547e-01 3.681468367576599121e-01
8.350572109999999659e-01 3.717771470546722412e-01
8.378970850000000414e-01 3.776397407054901123e-01
8.407370149999999764e-01 3.833770751953125000e-01
8.435770009999999930e-01 3.803749680519104004e-01
8.464170429999999801e-01 3.747544288635253906e-01
8.492571420000000204e-01 3.564793765544891357e-01
8.520972970000000313e-01 3.487814068794250488e-01
8.549375080000000127e-01 3.237266838550567627e-01
8.577777749999999646e-01 3.454221487045288086e-01
8.606180989999999698e-01 3.413699269294738770e-01
8.634584789999999455e-01 3.348843753337860107e-01
8.662989150000000027e-01 3.069728314876556396e-01
8.691394070000000305e-01 3.154009282588958740e-01
8.719799560000000005e-01 3.156192898750305176e-01
8.748205610000000521e-01 3.068203628063201904e-01
8.776612219999999631e-01 3.004215359687805176e-01
8.805019389999999557e-01 2.841897308826446533e-01
8.833427130000000016e-01 2.842309474945068359e-01
8.861835430000000180e-01 2.740961313247680664e-01
8.890244290000000049e-01 2.688375115394592285e-01
8.918653709999999624e-01 2.564451694488525391e-01
8.947063699999999731e-01 2.118715494871139526e-01
8.975474239999999826e-01 1.735109984874725342e-01
9.003885350000000454e-01 1.516037285327911377e-01
9.032297030000000504e-01 1.791653186082839966e-01
9.060709260000000542e-01 1.765474379062652588e-01
9.089122060000000003e-01 1.495912671089172363e-01
9.117535420000000279e-01 1.449255049228668213e-01
9.145949340000000261e-01 1.319100856781005859e-01
9.174363819999999947e-01 1.339624971151351929e-01
9.202778870000000166e-01 1.517010778188705444e-01
9.231194480000000091e-01 1.477468013763427734e-01
9.259610649999999721e-01 1.319121718406677246e-01
9.288027380000000166e-01 9.872407466173171997e-02
9.316444680000000034e-01 5.136775970458984375e-02
9.344862539999999607e-01 2.977508492767810822e-02
9.373280959999999995e-01 3.672955557703971863e-02
9.401699940000000089e-01 5.096758157014846802e-02
9.430119489999999605e-01 4.970258101820945740e-02
9.458539599999999936e-01 3.910075500607490540e-02
9.486960269999999973e-01 4.401777684688568115e-02
9.515381499999999715e-01 4.408251866698265076e-02
9.543803299999999989e-01 4.585493355989456177e-02
9.572225659999999969e-01 5.001636967062950134e-02
9.600648579999999654e-01 4.817258939146995544e-02
9.629072060000000155e-01 5.841473117470741272e-02
9.657496110000000078e-01 6.444230675697326660e-02
9.685920709999999989e-01 9.069051593542098999e-02
9.714345880000000433e-01 9.174906462430953979e-02
9.742771620000000299e-01 8.113992214202880859e-02
9.771197910000000153e-01 8.898907899856567383e-02
9.799624770000000540e-01 9.514176100492477417e-02
9.828052189999999522e-01 1.016133055090904236e-01
9.856480170000000429e-01 1.091492846608161926e-01
9.884908709999999932e-01 1.131205260753631592e-01
9.913337819999999967e-01 1.120007336139678955e-01
9.941767489999999707e-01 1.129252389073371887e-01
9.970197720000000263e-01 1.118618547916412354e-01
9.998628510000000524e-01 1.184039339423179626e-01
1.002705986999999910e+00 1.121540740132331848e-01
1.005549178999999960e+00 1.077002882957458496e-01
1.008392426999999980e+00 1.091784611344337463e-01
1.011235730999999971e+00 1.111849248409271240e-01
1.014079092000000015e+00 1.150330305099487305e-01
1.016922509000000030e+00 1.107232868671417236e-01
1.019765982000000015e+00 1.071019619703292847e-01
1.022609510999999971e+00 1.029663383960723877e-01
1.025453096999999980e+00 1.112089008092880249e-01
1.028296738999999960e+00 1.025992631912231445e-01
1.031140436999999910e+00 1.102296859025955200e-01
1.033984191000000052e+00 1.082953587174415588e-01
1.036828002000000026e+00 1.140968650579452515e-01
1.039671868000000110e+00 1.221801489591598511e-01
1.042515791000000025e+00 1.108009666204452515e-01
1.045359770999999993e+00 1.170572042465209961e-01
