3.615872339999999796e-01 1.305734395980834961e+00
3.644177160000000026e-01 1.445121645927429199e+00
3.672482539999999962e-01 1.561033010482788086e+00
3.700788480000000158e-01 1.537821769714355469e+00
3.729094980000000059e-01 1.410888433456420898e+00
3.757402049999999938e-01 1.505124092102050781e+00
3.785709680000000077e-01 1.644120693206787109e+00
3.814017869999999921e-01 1.393231868743896484e+00
3.842326620000000026e-01 1.315344929695129395e+00
3.870635940000000108e-01 1.442233800888061523e+00
3.898945819999999896e-01 1.610567331314086914e+00
3.927256259999999943e-01 1.423536181449890137e+00
3.955567260000000251e-01 1.455667495727539062e+00
3.983878829999999982e-01 1.827334046363830566e+00
4.012190950000000256e-01 2.268000602722167969e+00
4.040503639999999952e-01 2.263051986694335938e+00
4.068816900000000181e-01 2.222768783569335938e+00
4.097130709999999842e-01 2.267818450927734375e+00
4.125445090000000037e-01 2.356499433517456055e+00
4.153760029999999936e-01 2.357721090316772461e+00
4.182075530000000096e-01 2.301672697067260742e+00
4.210391589999999962e-01 2.350934028625488281e+00
4.238708219999999804e-01 2.294753313064575195e+00
4.267025409999999908e-01 2.217638015747070312e+00
4.295343160000000271e-01 2.022311449050903320e+00
4.323661469999999785e-01 2.164082050323486328e+00
4.351980349999999831e-01 2.353134155273437500e+00
4.380299790000000137e-01 2.392597436904907227e+00
4.408619790000000149e-01 2.466364145278930664e+00
4.436940349999999866e-01 2.603170633316040039e+00
4.465261480000000116e-01 2.627748966217041016e+00
4.493583170000000071e-01 2.787467002868652344e+00
4.521905419999999731e-01 2.810196161270141602e+00
4.550228230000000207e-01 2.763168096542358398e+00
4.578551610000000105e-01 2.829933643341064453e+00
4.606875550000000263e-01 2.866375446319580078e+00
4.635200050000000127e-01 2.876628637313842773e+00
4.663525110000000251e-01 2.828630208969116211e+00
4.691850739999999798e-01 2.819410800933837891e+00
4.720176919999999887e-01 2.858536005020141602e+00
4.748503669999999954e-01 2.904045581817626953e+00
4.776830989999999999e-01 2.923321723937988281e+00
4.805158860000000032e-01 2.997538328170776367e+00
4.833487300000000042e-01 2.973466396331787109e+00
4.861816299999999758e-01 2.732510805130004883e+00
4.890145859999999733e-01 2.862825870513916016e+00
4.918475979999999970e-01 2.926584720611572266e+00
4.946806670000000183e-01 2.982647657394409180e+00
4.975137920000000102e-01 3.005957126617431641e+00
5.003469729999999727e-01 2.925590991973876953e+00
5.031802100000000166e-01 2.910743951797485352e+00
5.060135040000000028e-01 3.007888793945312500e+00
5.088468539999999596e-01 3.032233953475952148e+00
5.116802599999999979e-01 3.054012537002563477e+00
5.145137220000000067e-01 2.982620954513549805e+00
5.173472409999999577e-01 2.824791908264160156e+00
5.201808159999999903e-01 2.965526580810546875e+00
5.230144469999999934e-01 3.095583915710449219e+00
5.258481339999999671e-01 3.097594022750854492e+00
5.286818779999999940e-01 3.134333848953247070e+00
5.315156779999999914e-01 3.235101938247680664e+00
5.343495339999999594e-01 3.227163553237915039e+00
5.371834460000000089e-01 3.268826484680175781e+00
5.400174150000000006e-01 3.213873386383056641e+00
5.428514389999999912e-01 3.235766410827636719e+00
5.456855200000000350e-01 3.295832157135009766e+00
5.485196580000000210e-01 3.298702001571655273e+00
5.513538510000000059e-01 3.330986976623535156e+00
5.541881010000000440e-01 3.355164766311645508e+00
5.570224070000000527e-01 3.324498414993286133e+00
5.598567690000000319e-01 3.273273468017578125e+00
5.626911869999999816e-01 3.332394838333129883e+00
5.655256619999999845e-01 3.312741279602050781e+00
5.683601929999999580e-01 3.290356874465942383e+00
5.711947800000000131e-01 3.250260353088378906e+00
5.740294230000000386e-01 3.304960727691650391e+00
5.768641230000000064e-01 3.270548820495605469e+00
5.796988789999999447e-01 3.285907268524169922e+00
5.825336909999999646e-01 3.350787639617919922e+00
5.853685589999999550e-01 3.313471794128417969e+00
5.882034839999999987e-01 3.089033365249633789e+00
5.910384650000000129e-01 2.964907646179199219e+00
5.938735019999999976e-01 3.006619453430175781e+00
5.967085949999999528e-01 2.993627786636352539e+00
5.995437449999999613e-01 2.936725378036499023e+00
6.023789510000000513e-01 2.899864196777343750e+00
6.052142130000000009e-01 2.905434608459472656e+00
6.080495310000000320e-01 2.854771137237548828e+00
6.108849060000000053e-01 2.733267784118652344e+00
6.137203359999999774e-01 2.677964210510253906e+00
6.165558230000000028e-01 2.659137487411499023e+00
6.193913669999999705e-01 2.729017257690429688e+00
6.222269660000000480e-01 2.715520858764648438e+00
6.250626219999999567e-01 2.642745733261108398e+00
6.278983339999999469e-01 2.577119827270507812e+00
6.307341020000000187e-01 2.550793409347534180e+00
6.335699259999999500e-01 2.583341121673583984e+00
6.364058070000000455e-01 2.611475467681884766e+00
6.392417440000000006e-01 2.610697269439697266e+00
6.420777370000000372e-01 2.577207803726196289e+00
6.449137860000000444e-01 2.550003051757812500e+00
6.477498919999999938e-01 2.422628164291381836e+00
6.505860540000000247e-01 2.411712408065795898e+00
6.534222720000000262e-01 2.405000209808349609e+00
6.562585459999999982e-01 2.209396362304687500e+00
6.590948770000000234e-01 2.302194833755493164e+00
6.619312640000000192e-01 2.355525970458984375e+00
6.647677069999999855e-01 2.338200807571411133e+00
6.676042060000000333e-01 2.315613508224487305e+00
6.704407620000000234e-01 2.285032987594604492e+00
6.732773739999999840e-01 2.260326385498046875e+00
6.761140420000000262e-01 2.246031999588012695e+00
6.789507660000000389e-01 2.229215383529663086e+00
6.817875469999999938e-01 2.206847429275512695e+00
6.846243829999999475e-01 2.120066642761230469e+00
6.874612759999999545e-01 1.784465551376342773e+00
6.902982260000000148e-01 1.801053524017333984e+00
6.931352309999999628e-01 1.832798123359680176e+00
6.959722929999999641e-01 1.843736767768859863e+00
6.988094110000000470e-01 1.826448082923889160e+00
7.016465849999999893e-01 1.722453951835632324e+00
7.044838150000000132e-01 1.715373992919921875e+00
7.073211019999999793e-01 1.679495811462402344e+00
7.101584450000000270e-01 1.610484838485717773e+00
7.129958440000000452e-01 1.505168080329895020e+00
7.158332990000000340e-01 1.270225882530212402e+00
7.186708109999999650e-01 9.178002476692199707e-01
7.215083789999999775e-01 9.378847479820251465e-01
7.243460029999999605e-01 8.635593056678771973e-01
7.271836830000000251e-01 7.719517350196838379e-01
7.300214200000000320e-01 7.260981202125549316e-01
7.328592130000000093e-01 7.442112565040588379e-01
7.356970619999999572e-01 7.341309785842895508e-01
7.385349669999999866e-01 7.139031887054443359e-01
7.413729289999999583e-01 7.172731757164001465e-01
7.442109470000000115e-01 7.270292639732360840e-01
7.470490210000000353e-01 7.202452421188354492e-01
7.498871510000000296e-01 7.130575776100158691e-01
7.527253379999999661e-01 7.033190727233886719e-01
7.555635800000000124e-01 6.964491605758666992e-01
7.584018790000000010e-01 5.676814913749694824e-01
7.612402350000000428e-01 2.638873159885406494e-01
7.640786459999999725e-01 3.235498964786529541e-01
7.669171139999999554e-01 5.252531766891479492e-01
7.697556380000000198e-01 6.283890604972839355e-01
7.725942180000000548e-01 6.537351012229919434e-01
7.754328539999999492e-01 6.619097590446472168e-01
7.782715470000000080e-01 6.622425317764282227e-01
7.811102960000000373e-01 6.613358259201049805e-01
7.839491010000000371e-01 6.584868431091308594e-01
7.867879620000000074e-01 6.532894372940063477e-01
7.896268800000000310e-01 6.319115161895751953e-01
7.924658540000000251e-01 6.354446411132812500e-01
7.953048839999999897e-01 6.326084733009338379e-01
7.981439700000000359e-01 6.486329436302185059e-01
8.009831130000000243e-01 6.400578618049621582e-01
8.038223119999999833e-01 6.427994966506958008e-01
8.066615670000000238e-01 6.553027629852294922e-01
8.095008780000000348e-01 6.229227185249328613e-01
8.123402459999999881e-01 5.592873096466064453e-01
8.151796700000000229e-01 4.557811319828033447e-01
8.180191500000000282e-01 4.382705986499786377e-01
8.208586860000000041e-01 4.591389894485473633e-01
8.236982790000000332e-01 4.237897694110870361e-01
8.265379269999999501e-01 4.391137957572937012e-01
8.293776320000000313e-01 3.930197656154632568e-01
8.322173940000000547e-01 3.777302503585815430e-01
8.350572109999999659e-01 3.819829821586608887e-01
8.378970850000000414e-01 3.958461284637451172e-01
8.407370149999999764e-01 3.976572751998901367e-01
8.435770009999999930e-01 3.967872262001037598e-01
8.464170429999999801e-01 3.914322555065155029e-01
8.492571420000000204e-01 3.744590878486633301e-01
8.520972970000000313e-01 3.537787795066833496e-01
8.549375080000000127e-01 3.334764242172241211e-01
8.577777749999999646e-01 3.586884737014770508e-01
8.606180989999999698e-01 3.520367741584777832e-01
8.634584789999999455e-01 3.465967178344726562e-01
8.662989150000000027e-01 3.190576434135437012e-01
8.691394070000000305e-01 3.283033967018127441e-01
8.719799560000000005e-01 3.248506486415863037e-01
8.748205610000000521e-01 3.129338324069976807e-01
8.776612219999999631e-01 3.068898618221282959e-01
8.805019389999999557e-01 3.011044263839721680e-01
8.833427130000000016e-01 2.905820608139038086e-01
8.861835430000000180e-01 2.848075926303863525e-01
8.890244290000000049e-01 2.746402621269226074e-01
8.918653709999999624e-01 2.600827217102050781e-01
8.947063699999999731e-01 2.234494239091873169e-01
8.975474239999999826e-01 1.744732707738876343e-01
9.003885350000000454e-01 1.594927608966827393e-01
9.032297030000000504e-01 1.852139234542846680e-01
9.060709260000000542e-01 1.820763349533081055e-01
9.089122060000000003e-01 1.487662047147750854e-01
9.117535420000000279e-01 1.487603634595870972e-01
9.145949340000000261e-01 1.382665038108825684e-01
9.174363819999999947e-01 1.360241919755935669e-01
9.202778870000000166e-01 1.599194258451461792e-01
9.231194480000000091e-01 1.483218222856521606e-01
9.259610649999999721e-01 1.384150385856628418e-01
9.288027380000000166e-01 9.811741858720779419e-02
9.316444680000000034e-01 5.204505845904350281e-02
9.344862539999999607e-01 3.058820776641368866e-02
9.373280959999999995e-01 3.442212939262390137e-02
9.401699940000000089e-01 5.276722833514213562e-02
9.430119489999999605e-01 4.627754166722297668e-02
9.458539599999999936e-01 4.011476784944534302e-02
9.486960269999999973e-01 4.228588566184043884e-02
9.515381499999999715e-01 4.407198727130889893e-02
9.543803299999999989e-01 4.715457558631896973e-02
9.572225659999999969e-01 5.073757097125053406e-02
9.600648579999999654e-01 5.357524752616882324e-02
9.629072060000000155e-01 6.084597483277320862e-02
9.657496110000000078e-01 6.677462905645370483e-02
9.685920709999999989e-01 9.036478400230407715e-02
9.714345880000000433e-01 9.633475542068481445e-02
9.742771620000000299e-01 8.157639950513839722e-02
9.771197910000000153e-01 8.605903387069702148e-02
9.799624770000000540e-01 9.166786819696426392e-02
9.828052189999999522e-01 1.032954975962638855e-01
9.856480170000000429e-01 1.072088256478309631e-01
9.884908709999999932e-01 1.162069216370582581e-01
9.913337819999999967e-01 1.153395846486091614e-01
9.941767489999999707e-01 1.142774745821952820e-01
9.970197720000000263e-01 1.197906658053398132e-01
9.998628510000000524e-01 1.142198294401168823e-01
1.002705986999999910e+00 1.067746877670288086e-01
1.005549178999999960e+00 1.093232929706573486e-01
1.008392426999999980e+00 1.111935600638389587e-01
1.011235730999999971e+00 1.145259067416191101e-01
1.014079092000000015e+00 1.112805679440498352e-01
1.016922509000000030e+00 1.135231778025627136e-01
1.019765982000000015e+00 1.100771278142929077e-01
1.022609510999999971e+00 1.119173467159271240e-01
1.025453096999999980e+00 1.133618727326393127e-01
1.028296738999999960e+00 1.152045056223869324e-01
1.031140436999999910e+00 1.139794290065765381e-01
1.033984191000000052e+00 1.184236928820610046e-01
1.036828002000000026e+00 1.192414388060569763e-01
1.039671868000000110e+00 1.156553253531455994e-01
1.042515791000000025e+00 1.142683923244476318e-01
1.045359770999999993e+00 1.207880973815917969e-01
