3.615872339999999796e-01 1.305384993553161621e+00
3.644177160000000026e-01 1.433588981628417969e+00
3.672482539999999962e-01 1.514073133468627930e+00
3.700788480000000158e-01 1.592663526535034180e+00
3.729094980000000059e-01 1.401425838470458984e+00
3.757402049999999938e-01 1.480337023735046387e+00
3.785709680000000077e-01 1.668992519378662109e+00
3.814017869999999921e-01 1.416815161705017090e+00
3.842326620000000026e-01 1.280534625053405762e+00
3.870635940000000108e-01 1.412144184112548828e+00
3.898945819999999896e-01 1.602585554122924805e+00
3.927256259999999943e-01 1.397416591644287109e+00
3.955567260000000251e-01 1.421868324279785156e+00
3.983878829999999982e-01 1.811075568199157715e+00
4.012190950000000256e-01 2.254181861877441406e+00
4.040503639999999952e-01 2.238326787948608398e+00
4.068816900000000181e-01 2.203124523162841797e+00
4.097130709999999842e-01 2.235115051269531250e+00
4.125445090000000037e-01 2.313302040100097656e+00
4.153760029999999936e-01 2.323588132858276367e+00
4.182075530000000096e-01 2.283021211624145508e+00
4.210391589999999962e-01 2.307717084884643555e+00
4.238708219999999804e-01 2.256387233734130859e+00
4.267025409999999908e-01 2.214572906494140625e+00
4.295343160000000271e-01 2.014472246170043945e+00
4.323661469999999785e-01 2.137474060058593750e+00
4.351980349999999831e-01 2.323680639266967773e+00
4.380299790000000137e-01 2.340364933013916016e+00
4.408619790000000149e-01 2.444747686386108398e+00
4.436940349999999866e-01 2.583600282669067383e+00
4.465261480000000116e-01 2.593558788299560547e+00
4.493583170000000071e-01 2.744331359863281250e+00
4.521905419999999731e-01 2.769258022308349609e+00
4.550228230000000207e-01 2.726271867752075195e+00
4.578551610000000105e-01 2.794692039489746094e+00
4.606875550000000263e-01 2.797875165939331055e+00
4.635200050000000127e-01 2.829982280731201172e+00
4.663525110000000251e-01 2.771654844284057617e+00
4.691850739999999798e-01 2.780378818511962891e+00
4.720176919999999887e-01 2.799142360687255859e+00
4.748503669999999954e-01 2.851357936859130859e+00
4.776830989999999999e-01 2.869442701339721680e+00
4.805158860000000032e-01 2.938846826553344727e+00
4.833487300000000042e-01 2.920876026153564453e+00
4.861816299999999758e-01 2.686687946319580078e+00
4.890145859999999733e-01 2.802372932434082031e+00
4.918475979999999970e-01 2.859972238540649414e+00
4.946806670000000183e-01 2.927953481674194336e+00
4.975137920000000102e-01 2.947451591491699219e+00
5.003469729999999727e-01 2.875146865844726562e+00
5.031802100000000166e-01 2.846728086471557617e+00
5.060135040000000028e-01 2.936332941055297852e+00
5.088468539999999596e-01 2.949443817138671875e+00
5.116802599999999979e-01 2.979162216186523438e+00
5.145137220000000067e-01 2.912077188491821289e+00
5.173472409999999577e-01 2.756750822067260742e+00
5.201808159999999903e-01 2.872935533523559570e+00
5.230144469999999934e-01 3.009402513504028320e+00
5.258481339999999671e-01 3.020677328109741211e+00
5.286818779999999940e-01 3.046180009841918945e+00
5.315156779999999914e-01 3.141524553298950195e+00
5.343495339999999594e-01 3.147553205490112305e+00
5.371834460000000089e-01 3.179460048675537109e+00
5.400174150000000006e-01 3.116979598999023438e+00
5.428514389999999912e-01 3.144326448440551758e+00
5.456855200000000350e-01 3.203145265579223633e+00
5.485196580000000210e-01 3.207888603210449219e+00
5.513538510000000059e-01 3.245469808578491211e+00
5.541881010000000440e-01 3.261658191680908203e+00
5.570224070000000527e-01 3.237917900085449219e+00
5.598567690000000319e-01 3.185478687286376953e+00
5.626911869999999816e-01 3.238609552383422852e+00
5.655256619999999845e-01 3.224543333053588867e+00
5.683601929999999580e-01 3.198746204376220703e+00
5.711947800000000131e-01 3.163433074951171875e+00
5.740294230000000386e-01 3.211513519287109375e+00
5.768641230000000064e-01 3.177661418914794922e+00
5.796988789999999447e-01 3.191697359085083008e+00
5.825336909999999646e-01 3.258625745773315430e+00
5.853685589999999550e-01 3.206980228424072266e+00
5.882034839999999987e-01 2.997652530670166016e+00
5.910384650000000129e-01 2.858735561370849609e+00
5.938735019999999976e-01 2.907676696777343750e+00
5.967085949999999528e-01 2.886728763580322266e+00
5.995437449999999613e-01 2.843947649002075195e+00
6.023789510000000513e-01 2.800029039382934570e+00
6.052142130000000009e-01 2.816423177719116211e+00
6.080495310000000320e-01 2.774841308593750000e+00
6.108849060000000053e-01 2.616400957107543945e+00
6.137203359999999774e-01 2.570287466049194336e+00
6.165558230000000028e-01 2.561061382293701172e+00
6.193913669999999705e-01 2.623934745788574219e+00
6.222269660000000480e-01 2.602696418762207031e+00
6.250626219999999567e-01 2.543401956558227539e+00
6.278983339999999469e-01 2.473927974700927734e+00
6.307341020000000187e-01 2.451949834823608398e+00
6.335699259999999500e-01 2.476765394210815430e+00
6.364058070000000455e-01 2.504405498504638672e+00
6.392417440000000006e-01 2.510057926177978516e+00
6.420777370000000372e-01 2.486359834671020508e+00
6.449137860000000444e-01 2.448618888854980469e+00
6.477498919999999938e-01 2.331428527832031250e+00
6.505860540000000247e-01 2.318428039550781250e+00
6.534222720000000262e-01 2.312931776046752930e+00
6.562585459999999982e-01 2.113919019699096680e+00
6.590948770000000234e-01 2.210153818130493164e+00
6.619312640000000192e-01 2.268332242965698242e+00
6.647677069999999855e-01 2.246864795684814453e+00
6.676042060000000333e-01 2.230400323867797852e+00
6.704407620000000234e-01 2.201553821563720703e+00
6.732773739999999840e-01 2.176558494567871094e+00
6.761140420000000262e-01 2.163035631179809570e+00
6.789507660000000389e-01 2.143819093704223633e+00
6.817875469999999938e-01 2.118613481521606445e+00
6.846243829999999475e-01 2.038577556610107422e+00
6.874612759999999545e-01 1.701500058174133301e+00
6.902982260000000148e-01 1.721097230911254883e+00
6.931352309999999628e-01 1.747806310653686523e+00
6.959722929999999641e-01 1.747231364250183105e+00
6.988094110000000470e-01 1.730465412139892578e+00
7.016465849999999893e-01 1.621633052825927734e+00
7.044838150000000132e-01 1.607230663299560547e+00
7.073211019999999793e-01 1.570556044578552246e+00
7.101584450000000270e-01 1.509280562400817871e+00
7.129958440000000452e-01 1.420629739761352539e+00
7.158332990000000340e-01 1.201185941696166992e+00
7.186708109999999650e-01 8.614693880081176758e-01
7.215083789999999775e-01 8.793737888336181641e-01
7.243460029999999605e-01 8.005918264389038086e-01
7.271836830000000251e-01 7.194318175315856934e-01
7.300214200000000320e-01 6.722858548164367676e-01
7.328592130000000093e-01 6.900339126586914062e-01
7.356970619999999572e-01 6.794976592063903809e-01
7.385349669999999866e-01 6.661310791969299316e-01
7.413729289999999583e-01 6.668182015419006348e-01
7.442109470000000115e-01 6.741428971290588379e-01
7.470490210000000353e-01 6.677456498146057129e-01
7.498871510000000296e-01 6.632400155067443848e-01
7.527253379999999661e-01 6.471888422966003418e-01
7.555635800000000124e-01 6.442899107933044434e-01
7.584018790000000010e-01 5.358681082725524902e-01
7.612402350000000428e-01 2.497961670160293579e-01
7.640786459999999725e-01 2.995157241821289062e-01
7.669171139999999554e-01 4.754916131496429443e-01
7.697556380000000198e-01 5.831262469291687012e-01
7.725942180000000548e-01 6.020339727401733398e-01
7.754328539999999492e-01 6.059343218803405762e-01
7.782715470000000080e-01 6.110826134681701660e-01
7.811102960000000373e-01 6.079077124595642090e-01
7.839491010000000371e-01 6.098732352256774902e-01
7.867879620000000074e-01 6.018829345703125000e-01
7.896268800000000310e-01 5.870117545127868652e-01
7.924658540000000251e-01 5.856696963310241699e-01
7.953048839999999897e-01 5.883017182350158691e-01
7.981439700000000359e-01 5.940515995025634766e-01
8.009831130000000243e-01 5.907143950462341309e-01
8.038223119999999833e-01 5.876298546791076660e-01
8.066615670000000238e-01 5.985475182533264160e-01
8.095008780000000348e-01 5.754100084304809570e-01
8.123402459999999881e-01 5.161870121955871582e-01
8.151796700000000229e-01 4.248504936695098877e-01
8.180191500000000282e-01 3.972023129463195801e-01
8.208586860000000041e-01 4.246247410774230957e-01
8.236982790000000332e-01 3.912558853626251221e-01
8.265379269999999501e-01 4.027745723724365234e-01
8.293776320000000313e-01 3.640535771846771240e-01
8.322173940000000547e-01 3.485357463359832764e-01
8.350572109999999659e-01 3.535902798175811768e-01
8.378970850000000414e-01 3.636099696159362793e-01
8.407370149999999764e-01 3.611987829208374023e-01
8.435770009999999930e-01 3.581337928771972656e-01
8.464170429999999801e-01 3.587872982025146484e-01
8.492571420000000204e-01 3.427085280418395996e-01
8.520972970000000313e-01 3.283569514751434326e-01
8.549375080000000127e-01 3.117755651473999023e-01
8.577777749999999646e-01 3.269392251968383789e-01
8.606180989999999698e-01 3.241489827632904053e-01
8.634584789999999455e-01 3.131153583526611328e-01
8.662989150000000027e-01 2.935950160026550293e-01
8.691394070000000305e-01 3.001289367675781250e-01
8.719799560000000005e-01 2.938283681869506836e-01
8.748205610000000521e-01 2.863016128540039062e-01
8.776612219999999631e-01 2.791621088981628418e-01
8.805019389999999557e-01 2.716459631919860840e-01
8.833427130000000016e-01 2.671551406383514404e-01
8.861835430000000180e-01 2.545049190521240234e-01
8.890244290000000049e-01 2.528181970119476318e-01
8.918653709999999624e-01 2.404501438140869141e-01
8.947063699999999731e-01 1.994836777448654175e-01
8.975474239999999826e-01 1.620237231254577637e-01
9.003885350000000454e-01 1.502570062875747681e-01
9.032297030000000504e-01 1.668636351823806763e-01
9.060709260000000542e-01 1.681468784809112549e-01
9.089122060000000003e-01 1.385881304740905762e-01
9.117535420000000279e-01 1.355703771114349365e-01
9.145949340000000261e-01 1.319587379693984985e-01
9.174363819999999947e-01 1.218869462609291077e-01
9.202778870000000166e-01 1.442813575267791748e-01
9.231194480000000091e-01 1.365767568349838257e-01
9.259610649999999721e-01 1.273027509450912476e-01
9.288027380000000166e-01 9.254816919565200806e-02
9.316444680000000034e-01 5.080122500658035278e-02
9.344862539999999607e-01 2.860923297703266144e-02
9.373280959999999995e-01 3.446457162499427795e-02
9.401699940000000089e-01 4.485696554183959961e-02
9.430119489999999605e-01 4.372780770063400269e-02
9.458539599999999936e-01 3.493633493781089783e-02
9.486960269999999973e-01 4.416379332542419434e-02
9.515381499999999715e-01 4.478168487548828125e-02
9.543803299999999989e-01 4.497492313385009766e-02
9.572225659999999969e-01 4.737751185894012451e-02
9.600648579999999654e-01 4.740731418132781982e-02
9.629072060000000155e-01 5.652381107211112976e-02
9.657496110000000078e-01 6.541217118501663208e-02
9.685920709999999989e-01 7.941842824220657349e-02
9.714345880000000433e-01 8.414153009653091431e-02
9.742771620000000299e-01 7.623665779829025269e-02
9.771197910000000153e-01 8.079073578119277954e-02
9.799624770000000540e-01 8.564328402280807495e-02
9.828052189999999522e-01 9.224680066108703613e-02
9.856480170000000429e-01 9.918858110904693604e-02
9.884908709999999932e-01 1.000500321388244629e-01
9.913337819999999967e-01 1.015798225998878479e-01
9.941767489999999707e-01 1.002261191606521606e-01
9.970197720000000263e-01 1.051739901304244995e-01
9.998628510000000524e-01 1.036692857742309570e-01
1.002705986999999910e+00 1.030764803290367126e-01
1.005549178999999960e+00 1.021437868475914001e-01
1.008392426999999980e+00 1.028965190052986145e-01
1.011235730999999971e+00 1.007950603961944580e-01
1.014079092000000015e+00 1.061302796006202698e-01
1.016922509000000030e+00 1.046819314360618591e-01
1.019765982000000015e+00 1.025136336684226990e-01
1.022609510999999971e+00 1.074102967977523804e-01
1.025453096999999980e+00 1.098849847912788391e-01
1.028296738999999960e+00 1.048237979412078857e-01
1.031140436999999910e+00 1.046682596206665039e-01
1.033984191000000052e+00 1.065302044153213501e-01
1.036828002000000026e+00 1.047485098242759705e-01
1.039671868000000110e+00 1.043003126978874207e-01
1.042515791000000025e+00 1.059280857443809509e-01
1.045359770999999993e+00 1.061054840683937073e-01
