3.615872339999999796e-01 1.293232083320617676e+00
3.644177160000000026e-01 1.487591743469238281e+00
3.672482539999999962e-01 1.546474218368530273e+00
3.700788480000000158e-01 1.593273043632507324e+00
3.729094980000000059e-01 1.409272670745849609e+00
3.757402049999999938e-01 1.501211762428283691e+00
3.785709680000000077e-01 1.660902976989746094e+00
3.814017869999999921e-01 1.413652777671813965e+00
3.842326620000000026e-01 1.313036322593688965e+00
3.870635940000000108e-01 1.432897090911865234e+00
3.898945819999999896e-01 1.607112407684326172e+00
3.927256259999999943e-01 1.433895349502563477e+00
3.955567260000000251e-01 1.443445801734924316e+00
3.983878829999999982e-01 1.816842675209045410e+00
4.012190950000000256e-01 2.258890390396118164e+00
4.040503639999999952e-01 2.256195306777954102e+00
4.068816900000000181e-01 2.231209993362426758e+00
4.097130709999999842e-01 2.249662399291992188e+00
4.125445090000000037e-01 2.357242822647094727e+00
4.153760029999999936e-01 2.372115135192871094e+00
4.182075530000000096e-01 2.307947874069213867e+00
4.210391589999999962e-01 2.312773942947387695e+00
4.238708219999999804e-01 2.275733232498168945e+00
4.267025409999999908e-01 2.222091913223266602e+00
4.295343160000000271e-01 2.021794795989990234e+00
4.323661469999999785e-01 2.155225038528442383e+00
4.351980349999999831e-01 2.358134508132934570e+00
4.380299790000000137e-01 2.376662254333496094e+00
4.408619790000000149e-01 2.469183206558227539e+00
4.436940349999999866e-01 2.585598230361938477e+00
4.465261480000000116e-01 2.620858192443847656e+00
4.493583170000000071e-01 2.775335550308227539e+00
4.521905419999999731e-01 2.786717891693115234e+00
4.550228230000000207e-01 2.758913755416870117e+00
4.578551610000000105e-01 2.820854663848876953e+00
4.606875550000000263e-01 2.829070568084716797e+00
4.635200050000000127e-01 2.853230714797973633e+00
4.663525110000000251e-01 2.800244092941284180e+00
4.691850739999999798e-01 2.800185918807983398e+00
4.720176919999999887e-01 2.826265096664428711e+00
4.748503669999999954e-01 2.879363059997558594e+00
4.776830989999999999e-01 2.891067743301391602e+00
4.805158860000000032e-01 2.976050615310668945e+00
4.833487300000000042e-01 2.935724496841430664e+00
4.861816299999999758e-01 2.703212976455688477e+00
4.890145859999999733e-01 2.816882610321044922e+00
4.918475979999999970e-01 2.892030715942382812e+00
4.946806670000000183e-01 2.954936265945434570e+00
4.975137920000000102e-01 2.974653959274291992e+00
5.003469729999999727e-01 2.901253223419189453e+00
5.031802100000000166e-01 2.874806642532348633e+00
5.060135040000000028e-01 2.957188844680786133e+00
5.088468539999999596e-01 2.969231367111206055e+00
5.116802599999999979e-01 3.002016544342041016e+00
5.145137220000000067e-01 2.940748214721679688e+00
5.173472409999999577e-01 2.778850555419921875e+00
5.201808159999999903e-01 2.899139404296875000e+00
5.230144469999999934e-01 3.030140638351440430e+00
5.258481339999999671e-01 3.023769617080688477e+00
5.286818779999999940e-01 3.071497917175292969e+00
5.315156779999999914e-01 3.160991668701171875e+00
5.343495339999999594e-01 3.158638954162597656e+00
5.371834460000000089e-01 3.195086717605590820e+00
5.400174150000000006e-01 3.137299537658691406e+00
5.428514389999999912e-01 3.148696184158325195e+00
5.456855200000000350e-01 3.222661495208740234e+00
5.485196580000000210e-01 3.234355211257934570e+00
5.513538510000000059e-01 3.253372192382812500e+00
5.541881010000000440e-01 3.272806882858276367e+00
5.570224070000000527e-01 3.252831220626831055e+00
5.598567690000000319e-01 3.198134183883666992e+00
5.626911869999999816e-01 3.249207019805908203e+00
5.655256619999999845e-01 3.240036725997924805e+00
5.683601929999999580e-01 3.209105253219604492e+00
5.711947800000000131e-01 3.171401500701904297e+00
5.740294230000000386e-01 3.219224929809570312e+00
5.768641230000000064e-01 3.190563678741455078e+00
5.796988789999999447e-01 3.201244592666625977e+00
5.825336909999999646e-01 3.263996124267578125e+00
5.853685589999999550e-01 3.221346139907836914e+00
5.882034839999999987e-01 3.005223035812377930e+00
5.910384650000000129e-01 2.879311561584472656e+00
5.938735019999999976e-01 2.916795969009399414e+00
5.967085949999999528e-01 2.901130437850952148e+00
5.995437449999999613e-01 2.847255468368530273e+00
6.023789510000000513e-01 2.808757305145263672e+00
6.052142130000000009e-01 2.821119785308837891e+00
6.080495310000000320e-01 2.769366025924682617e+00
6.108849060000000053e-01 2.667242765426635742e+00
6.137203359999999774e-01 2.587174892425537109e+00
6.165558230000000028e-01 2.574484348297119141e+00
6.193913669999999705e-01 2.637028217315673828e+00
6.222269660000000480e-01 2.615126371383666992e+00
6.250626219999999567e-01 2.556466579437255859e+00
6.278983339999999469e-01 2.490665674209594727e+00
6.307341020000000187e-01 2.469921827316284180e+00
6.335699259999999500e-01 2.494447231292724609e+00
6.364058070000000455e-01 2.520156145095825195e+00
6.392417440000000006e-01 2.522996187210083008e+00
6.420777370000000372e-01 2.493983745574951172e+00
6.449137860000000444e-01 2.454883337020874023e+00
6.477498919999999938e-01 2.342979907989501953e+00
6.505860540000000247e-01 2.335329532623291016e+00
6.534222720000000262e-01 2.317336797714233398e+00
6.562585459999999982e-01 2.130550384521484375e+00
6.590948770000000234e-01 2.226451873779296875e+00
6.619312640000000192e-01 2.280789613723754883e+00
6.647677069999999855e-01 2.260738134384155273e+00
6.676042060000000333e-01 2.247361183166503906e+00
6.704407620000000234e-01 2.211318492889404297e+00
6.732773739999999840e-01 2.196384429931640625e+00
6.761140420000000262e-01 2.181710004806518555e+00
6.789507660000000389e-01 2.162174701690673828e+00
6.817875469999999938e-01 2.130789995193481445e+00
6.846243829999999475e-01 2.049428701400756836e+00
6.874612759999999545e-01 1.715187311172485352e+00
6.902982260000000148e-01 1.732231378555297852e+00
6.931352309999999628e-01 1.749914169311523438e+00
6.959722929999999641e-01 1.759096622467041016e+00
6.988094110000000470e-01 1.733705878257751465e+00
7.016465849999999893e-01 1.636049628257751465e+00
7.044838150000000132e-01 1.626281499862670898e+00
7.073211019999999793e-01 1.591942071914672852e+00
7.101584450000000270e-01 1.521718144416809082e+00
7.129958440000000452e-01 1.426361560821533203e+00
7.158332990000000340e-01 1.203808546066284180e+00
7.186708109999999650e-01 8.777167797088623047e-01
7.215083789999999775e-01 8.943110704421997070e-01
7.243460029999999605e-01 8.153710961341857910e-01
7.271836830000000251e-01 7.431110143661499023e-01
7.300214200000000320e-01 6.931015253067016602e-01
7.328592130000000093e-01 7.078639864921569824e-01
7.356970619999999572e-01 7.046378254890441895e-01
7.385349669999999866e-01 6.849811077117919922e-01
7.413729289999999583e-01 6.866872906684875488e-01
7.442109470000000115e-01 6.968214511871337891e-01
7.470490210000000353e-01 6.934112906455993652e-01
7.498871510000000296e-01 6.822757720947265625e-01
7.527253379999999661e-01 6.784720420837402344e-01
7.555635800000000124e-01 6.674003601074218750e-01
7.584018790000000010e-01 5.528912544250488281e-01
7.612402350000000428e-01 2.559347152709960938e-01
7.640786459999999725e-01 3.190013766288757324e-01
7.669171139999999554e-01 4.983738958835601807e-01
7.697556380000000198e-01 6.059612631797790527e-01
7.725942180000000548e-01 6.311538219451904297e-01
7.754328539999999492e-01 6.281218528747558594e-01
7.782715470000000080e-01 6.329784989356994629e-01
7.811102960000000373e-01 6.337223649024963379e-01
7.839491010000000371e-01 6.334538459777832031e-01
7.867879620000000074e-01 6.234925985336303711e-01
7.896268800000000310e-01 6.045114398002624512e-01
7.924658540000000251e-01 6.066350936889648438e-01
7.953048839999999897e-01 6.086982488632202148e-01
7.981439700000000359e-01 6.169776320457458496e-01
8.009831130000000243e-01 6.143991947174072266e-01
8.038223119999999833e-01 6.108109951019287109e-01
8.066615670000000238e-01 6.267788410186767578e-01
8.095008780000000348e-01 5.943176746368408203e-01
8.123402459999999881e-01 5.328304767608642578e-01
8.151796700000000229e-01 4.358865618705749512e-01
8.180191500000000282e-01 4.145345687866210938e-01
8.208586860000000041e-01 4.443006515502929688e-01
8.236982790000000332e-01 4.089345335960388184e-01
8.265379269999999501e-01 4.246281087398529053e-01
8.293776320000000313e-01 3.806274235248565674e-01
8.322173940000000547e-01 3.672073483467102051e-01
8.350572109999999659e-01 3.748446404933929443e-01
8.378970850000000414e-01 3.806740045547485352e-01
8.407370149999999764e-01 3.827396333217620850e-01
8.435770009999999930e-01 3.850669264793395996e-01
8.464170429999999801e-01 3.832141757011413574e-01
8.492571420000000204e-01 3.623287081718444824e-01
8.520972970000000313e-01 3.465960919857025146e-01
8.549375080000000127e-01 3.241398930549621582e-01
8.577777749999999646e-01 3.465958833694458008e-01
8.606180989999999698e-01 3.456467688083648682e-01
8.634584789999999455e-01 3.354710340499877930e-01
8.662989150000000027e-01 3.063823580741882324e-01
8.691394070000000305e-01 3.202086389064788818e-01
8.719799560000000005e-01 3.157059848308563232e-01
8.748205610000000521e-01 3.082221746444702148e-01
8.776612219999999631e-01 2.993004918098449707e-01
8.805019389999999557e-01 2.924083769321441650e-01
8.833427130000000016e-01 2.832185328006744385e-01
8.861835430000000180e-01 2.808095514774322510e-01
8.890244290000000049e-01 2.730643153190612793e-01
8.918653709999999624e-01 2.537003159523010254e-01
8.947063699999999731e-01 2.179141193628311157e-01
8.975474239999999826e-01 1.753069907426834106e-01
9.003885350000000454e-01 1.566526144742965698e-01
9.032297030000000504e-01 1.831348836421966553e-01
9.060709260000000542e-01 1.808269321918487549e-01
9.089122060000000003e-01 1.454150378704071045e-01
9.117535420000000279e-01 1.456821262836456299e-01
9.145949340000000261e-01 1.382806301116943359e-01
9.174363819999999947e-01 1.376816928386688232e-01
9.202778870000000166e-01 1.578991413116455078e-01
9.231194480000000091e-01 1.517294496297836304e-01
9.259610649999999721e-01 1.384910792112350464e-01
9.288027380000000166e-01 9.602268040180206299e-02
9.316444680000000034e-01 5.348334461450576782e-02
9.344862539999999607e-01 3.034516423940658569e-02
9.373280959999999995e-01 3.322295472025871277e-02
9.401699940000000089e-01 5.409038066864013672e-02
9.430119489999999605e-01 4.693315178155899048e-02
9.458539599999999936e-01 4.227971285581588745e-02
9.486960269999999973e-01 4.630503430962562561e-02
9.515381499999999715e-01 4.576990753412246704e-02
9.543803299999999989e-01 4.851366579532623291e-02
9.572225659999999969e-01 4.946411028504371643e-02
9.600648579999999654e-01 5.265274643898010254e-02
9.629072060000000155e-01 6.327584385871887207e-02
9.657496110000000078e-01 6.804305315017700195e-02
9.685920709999999989e-01 9.031105041503906250e-02
9.714345880000000433e-01 1.006853431463241577e-01
9.742771620000000299e-01 8.284865319728851318e-02
9.771197910000000153e-01 8.571300655603408813e-02
9.799624770000000540e-01 9.016700088977813721e-02
9.828052189999999522e-01 1.027216762304306030e-01
9.856480170000000429e-01 1.071053594350814819e-01
9.884908709999999932e-01 1.131173670291900635e-01
9.913337819999999967e-01 1.170895025134086609e-01
9.941767489999999707e-01 1.209253892302513123e-01
9.970197720000000263e-01 1.209921017289161682e-01
9.998628510000000524e-01 1.179670467972755432e-01
1.002705986999999910e+00 1.144647598266601562e-01
1.005549178999999960e+00 1.119239926338195801e-01
1.008392426999999980e+00 1.148419976234436035e-01
1.011235730999999971e+00 1.136369109153747559e-01
1.014079092000000015e+00 1.152509376406669617e-01
1.016922509000000030e+00 1.142275854945182800e-01
1.019765982000000015e+00 1.086793020367622375e-01
1.022609510999999971e+00 1.151396259665489197e-01
1.025453096999999980e+00 1.095295399427413940e-01
1.028296738999999960e+00 1.254896670579910278e-01
1.031140436999999910e+00 1.131413653492927551e-01
1.033984191000000052e+00 1.133777350187301636e-01
1.036828002000000026e+00 1.198926419019699097e-01
1.039671868000000110e+00 1.200609877705574036e-01
1.042515791000000025e+00 1.170946136116981506e-01
1.045359770999999993e+00 1.175824478268623352e-01
