3.615872339999999796e-01 1.297650694847106934e+00
3.644177160000000026e-01 1.510623455047607422e+00
3.672482539999999962e-01 1.596252679824829102e+00
3.700788480000000158e-01 1.610355377197265625e+00
3.729094980000000059e-01 1.425969600677490234e+00
3.757402049999999938e-01 1.505090355873107910e+00
3.785709680000000077e-01 1.629004120826721191e+00
3.814017869999999921e-01 1.392865300178527832e+00
3.842326620000000026e-01 1.301542520523071289e+00
3.870635940000000108e-01 1.411048173904418945e+00
3.898945819999999896e-01 1.601772904396057129e+00
3.927256259999999943e-01 1.409338235855102539e+00
3.955567260000000251e-01 1.434621930122375488e+00
3.983878829999999982e-01 1.813657283782958984e+00
4.012190950000000256e-01 2.240978717803955078e+00
4.040503639999999952e-01 2.250262737274169922e+00
4.068816900000000181e-01 2.214239597320556641e+00
4.097130709999999842e-01 2.271110534667968750e+00
4.125445090000000037e-01 2.348133325576782227e+00
4.153760029999999936e-01 2.346551418304443359e+00
4.182075530000000096e-01 2.324888706207275391e+00
4.210391589999999962e-01 2.332651138305664062e+00
4.238708219999999804e-01 2.280851840972900391e+00
4.267025409999999908e-01 2.220314502716064453e+00
4.295343160000000271e-01 2.026015520095825195e+00
4.323661469999999785e-01 2.154779195785522461e+00
4.351980349999999831e-01 2.355675935745239258e+00
4.380299790000000137e-01 2.382946014404296875e+00
4.408619790000000149e-01 2.452927350997924805e+00
4.436940349999999866e-01 2.599913597106933594e+00
4.465261480000000116e-01 2.629914999008178711e+00
4.493583170000000071e-01 2.782318830490112305e+00
4.521905419999999731e-01 2.805511713027954102e+00
4.550228230000000207e-01 2.770385503768920898e+00
4.578551610000000105e-01 2.820384025573730469e+00
4.606875550000000263e-01 2.831889152526855469e+00
4.635200050000000127e-01 2.866582870483398438e+00
4.663525110000000251e-01 2.803999185562133789e+00
4.691850739999999798e-01 2.807790040969848633e+00
4.720176919999999887e-01 2.846203804016113281e+00
4.748503669999999954e-01 2.895425319671630859e+00
4.776830989999999999e-01 2.910161972045898438e+00
4.805158860000000032e-01 2.972564697265625000e+00
4.833487300000000042e-01 2.955509185791015625e+00
4.861816299999999758e-01 2.717923879623413086e+00
4.890145859999999733e-01 2.844345808029174805e+00
4.918475979999999970e-01 2.919305324554443359e+00
4.946806670000000183e-01 2.970660448074340820e+00
4.975137920000000102e-01 2.986794948577880859e+00
5.003469729999999727e-01 2.914512634277343750e+00
5.031802100000000166e-01 2.894102096557617188e+00
5.060135040000000028e-01 2.974028587341308594e+00
5.088468539999999596e-01 2.990210771560668945e+00
5.116802599999999979e-01 3.012595653533935547e+00
5.145137220000000067e-01 2.958813667297363281e+00
5.173472409999999577e-01 2.799034595489501953e+00
5.201808159999999903e-01 2.927344322204589844e+00
5.230144469999999934e-01 3.044567823410034180e+00
5.258481339999999671e-01 3.046856164932250977e+00
5.286818779999999940e-01 3.092794656753540039e+00
5.315156779999999914e-01 3.194571495056152344e+00
5.343495339999999594e-01 3.181450366973876953e+00
5.371834460000000089e-01 3.220320701599121094e+00
5.400174150000000006e-01 3.163833618164062500e+00
5.428514389999999912e-01 3.184756517410278320e+00
5.456855200000000350e-01 3.238694906234741211e+00
5.485196580000000210e-01 3.253480911254882812e+00
5.513538510000000059e-01 3.284398794174194336e+00
5.541881010000000440e-01 3.309144973754882812e+00
5.570224070000000527e-01 3.281449079513549805e+00
5.598567690000000319e-01 3.232839345932006836e+00
5.626911869999999816e-01 3.286218404769897461e+00
5.655256619999999845e-01 3.269685268402099609e+00
5.683601929999999580e-01 3.243879079818725586e+00
5.711947800000000131e-01 3.209044218063354492e+00
5.740294230000000386e-01 3.251450061798095703e+00
5.768641230000000064e-01 3.220916271209716797e+00
5.796988789999999447e-01 3.229187965393066406e+00
5.825336909999999646e-01 3.303509473800659180e+00
5.853685589999999550e-01 3.256780862808227539e+00
5.882034839999999987e-01 3.039724588394165039e+00
5.910384650000000129e-01 2.900587320327758789e+00
5.938735019999999976e-01 2.954127550125122070e+00
5.967085949999999528e-01 2.934570312500000000e+00
5.995437449999999613e-01 2.900156497955322266e+00
6.023789510000000513e-01 2.857900381088256836e+00
6.052142130000000009e-01 2.876173257827758789e+00
6.080495310000000320e-01 2.812701940536499023e+00
6.108849060000000053e-01 2.704346656799316406e+00
6.137203359999999774e-01 2.640402793884277344e+00
6.165558230000000028e-01 2.617861747741699219e+00
6.193913669999999705e-01 2.689177274703979492e+00
6.222269660000000480e-01 2.677376508712768555e+00
6.250626219999999567e-01 2.601678371429443359e+00
6.278983339999999469e-01 2.543312788009643555e+00
6.307341020000000187e-01 2.525562763214111328e+00
6.335699259999999500e-01 2.549471616744995117e+00
6.364058070000000455e-01 2.568542480468750000e+00
6.392417440000000006e-01 2.570317983627319336e+00
6.420777370000000372e-01 2.552161216735839844e+00
6.449137860000000444e-01 2.511357069015502930e+00
6.477498919999999938e-01 2.395948410034179688e+00
6.505860540000000247e-01 2.383175849914550781e+00
6.534222720000000262e-01 2.373498916625976562e+00
6.562585459999999982e-01 2.179344654083251953e+00
6.590948770000000234e-01 2.280829906463623047e+00
6.619312640000000192e-01 2.343026876449584961e+00
6.647677069999999855e-01 2.317447185516357422e+00
6.676042060000000333e-01 2.298720359802246094e+00
6.704407620000000234e-01 2.285441875457763672e+00
6.732773739999999840e-01 2.252101421356201172e+00
6.761140420000000262e-01 2.238222837448120117e+00
6.789507660000000389e-01 2.222794532775878906e+00
6.817875469999999938e-01 2.191192388534545898e+00
6.846243829999999475e-01 2.103929042816162109e+00
6.874612759999999545e-01 1.767425537109375000e+00
6.902982260000000148e-01 1.778781414031982422e+00
6.931352309999999628e-01 1.808999419212341309e+00
6.959722929999999641e-01 1.816005945205688477e+00
6.988094110000000470e-01 1.798558354377746582e+00
7.016465849999999893e-01 1.684697151184082031e+00
7.044838150000000132e-01 1.681489706039428711e+00
7.073211019999999793e-01 1.644007563591003418e+00
7.101584450000000270e-01 1.584965229034423828e+00
7.129958440000000452e-01 1.484498620033264160e+00
7.158332990000000340e-01 1.251531362533569336e+00
7.186708109999999650e-01 9.113402366638183594e-01
7.215083789999999775e-01 9.286542534828186035e-01
7.243460029999999605e-01 8.487808108329772949e-01
7.271836830000000251e-01 7.711572647094726562e-01
7.300214200000000320e-01 7.282840013504028320e-01
7.328592130000000093e-01 7.377208471298217773e-01
7.356970619999999572e-01 7.287248373031616211e-01
7.385349669999999866e-01 7.116398215293884277e-01
7.413729289999999583e-01 7.083400487899780273e-01
7.442109470000000115e-01 7.211627960205078125e-01
7.470490210000000353e-01 7.174851894378662109e-01
7.498871510000000296e-01 7.062199115753173828e-01
7.527253379999999661e-01 7.012602090835571289e-01
7.555635800000000124e-01 6.963841915130615234e-01
7.584018790000000010e-01 5.645652413368225098e-01
7.612402350000000428e-01 2.668829560279846191e-01
7.640786459999999725e-01 3.260427713394165039e-01
7.669171139999999554e-01 5.157203078269958496e-01
7.697556380000000198e-01 6.307680010795593262e-01
7.725942180000000548e-01 6.564828753471374512e-01
7.754328539999999492e-01 6.509739756584167480e-01
7.782715470000000080e-01 6.551781892776489258e-01
7.811102960000000373e-01 6.575053930282592773e-01
7.839491010000000371e-01 6.654244661331176758e-01
7.867879620000000074e-01 6.502718329429626465e-01
7.896268800000000310e-01 6.302978992462158203e-01
7.924658540000000251e-01 6.292449235916137695e-01
7.953048839999999897e-01 6.316684484481811523e-01
7.981439700000000359e-01 6.360724568367004395e-01
8.009831130000000243e-01 6.380920410156250000e-01
8.038223119999999833e-01 6.445650458335876465e-01
8.066615670000000238e-01 6.477705836296081543e-01
8.095008780000000348e-01 6.234366297721862793e-01
8.123402459999999881e-01 5.577296614646911621e-01
8.151796700000000229e-01 4.566565752029418945e-01
8.180191500000000282e-01 4.346375167369842529e-01
8.208586860000000041e-01 4.577332437038421631e-01
8.236982790000000332e-01 4.261800944805145264e-01
8.265379269999999501e-01 4.365075528621673584e-01
8.293776320000000313e-01 3.927253782749176025e-01
8.322173940000000547e-01 3.770419061183929443e-01
8.350572109999999659e-01 3.879687190055847168e-01
8.378970850000000414e-01 3.946322500705718994e-01
8.407370149999999764e-01 3.964860141277313232e-01
8.435770009999999930e-01 3.926503360271453857e-01
8.464170429999999801e-01 3.871516287326812744e-01
8.492571420000000204e-01 3.749775290489196777e-01
8.520972970000000313e-01 3.569903075695037842e-01
8.549375080000000127e-01 3.347048461437225342e-01
8.577777749999999646e-01 3.570023775100708008e-01
8.606180989999999698e-01 3.527244031429290771e-01
8.634584789999999455e-01 3.448977172374725342e-01
8.662989150000000027e-01 3.194599747657775879e-01
8.691394070000000305e-01 3.229911327362060547e-01
8.719799560000000005e-01 3.194075226783752441e-01
8.748205610000000521e-01 3.116782903671264648e-01
8.776612219999999631e-01 3.102577030658721924e-01
8.805019389999999557e-01 2.981208860874176025e-01
8.833427130000000016e-01 2.909479737281799316e-01
8.861835430000000180e-01 2.802380919456481934e-01
8.890244290000000049e-01 2.756358683109283447e-01
8.918653709999999624e-01 2.594707012176513672e-01
8.947063699999999731e-01 2.214463055133819580e-01
8.975474239999999826e-01 1.735018044710159302e-01
9.003885350000000454e-01 1.613139212131500244e-01
9.032297030000000504e-01 1.836329400539398193e-01
9.060709260000000542e-01 1.847359538078308105e-01
9.089122060000000003e-01 1.523204594850540161e-01
9.117535420000000279e-01 1.486102938652038574e-01
9.145949340000000261e-01 1.368083059787750244e-01
9.174363819999999947e-01 1.382682174444198608e-01
9.202778870000000166e-01 1.628604531288146973e-01
9.231194480000000091e-01 1.468247771263122559e-01
9.259610649999999721e-01 1.339693963527679443e-01
9.288027380000000166e-01 9.619123488664627075e-02
9.316444680000000034e-01 5.506468191742897034e-02
9.344862539999999607e-01 3.064285591244697571e-02
9.373280959999999995e-01 3.479110449552536011e-02
9.401699940000000089e-01 5.250757932662963867e-02
9.430119489999999605e-01 4.270773380994796753e-02
9.458539599999999936e-01 4.173667728900909424e-02
9.486960269999999973e-01 4.313285276293754578e-02
9.515381499999999715e-01 4.513789713382720947e-02
9.543803299999999989e-01 4.447752609848976135e-02
9.572225659999999969e-01 4.875441640615463257e-02
9.600648579999999654e-01 5.181672051548957825e-02
9.629072060000000155e-01 6.488820165395736694e-02
9.657496110000000078e-01 6.721556931734085083e-02
9.685920709999999989e-01 8.842441439628601074e-02
9.714345880000000433e-01 9.359135478734970093e-02
9.742771620000000299e-01 8.375520259141921997e-02
9.771197910000000153e-01 8.482480794191360474e-02
9.799624770000000540e-01 8.656699210405349731e-02
9.828052189999999522e-01 1.082358285784721375e-01
9.856480170000000429e-01 1.114028617739677429e-01
9.884908709999999932e-01 1.130400225520133972e-01
9.913337819999999967e-01 1.156837195158004761e-01
9.941767489999999707e-01 1.149414256215095520e-01
9.970197720000000263e-01 1.135742962360382080e-01
9.998628510000000524e-01 1.172307729721069336e-01
1.002705986999999910e+00 1.143032982945442200e-01
1.005549178999999960e+00 1.112944483757019043e-01
1.008392426999999980e+00 1.093647256493568420e-01
1.011235730999999971e+00 1.155204176902770996e-01
1.014079092000000015e+00 1.128140091896057129e-01
1.016922509000000030e+00 1.032604351639747620e-01
1.019765982000000015e+00 1.088800951838493347e-01
1.022609510999999971e+00 1.139400303363800049e-01
1.025453096999999980e+00 1.093695908784866333e-01
1.028296738999999960e+00 1.113373711705207825e-01
1.031140436999999910e+00 1.124303564429283142e-01
1.033984191000000052e+00 1.146907880902290344e-01
1.036828002000000026e+00 1.142121031880378723e-01
1.039671868000000110e+00 1.152298599481582642e-01
1.042515791000000025e+00 1.147829443216323853e-01
1.045359770999999993e+00 1.094719916582107544e-01
