3.615872339999999796e-01 1.290363907814025879e+00
3.644177160000000026e-01 1.396044015884399414e+00
3.672482539999999962e-01 1.547281503677368164e+00
3.700788480000000158e-01 1.571110606193542480e+00
3.729094980000000059e-01 1.418695569038391113e+00
3.757402049999999938e-01 1.490669846534729004e+00
3.785709680000000077e-01 1.623087882995605469e+00
3.814017869999999921e-01 1.405904293060302734e+00
3.842326620000000026e-01 1.259909629821777344e+00
3.870635940000000108e-01 1.438397884368896484e+00
3.898945819999999896e-01 1.602292656898498535e+00
3.927256259999999943e-01 1.402769684791564941e+00
3.955567260000000251e-01 1.440751075744628906e+00
3.983878829999999982e-01 1.810788035392761230e+00
4.012190950000000256e-01 2.236092805862426758e+00
4.040503639999999952e-01 2.227821111679077148e+00
4.068816900000000181e-01 2.194616794586181641e+00
4.097130709999999842e-01 2.224178314208984375e+00
4.125445090000000037e-01 2.310067415237426758e+00
4.153760029999999936e-01 2.311719655990600586e+00
4.182075530000000096e-01 2.272429227828979492e+00
4.210391589999999962e-01 2.269896268844604492e+00
4.238708219999999804e-01 2.214169979095458984e+00
4.267025409999999908e-01 2.185838937759399414e+00
4.295343160000000271e-01 1.982708334922790527e+00
4.323661469999999785e-01 2.119808673858642578e+00
4.351980349999999831e-01 2.302724361419677734e+00
4.380299790000000137e-01 2.329261302947998047e+00
4.408619790000000149e-01 2.412873506546020508e+00
4.436940349999999866e-01 2.532751321792602539e+00
4.465261480000000116e-01 2.562689065933227539e+00
4.493583170000000071e-01 2.722434759140014648e+00
4.521905419999999731e-01 2.724713087081909180e+00
4.550228230000000207e-01 2.710633039474487305e+00
4.578551610000000105e-01 2.747956752777099609e+00
4.606875550000000263e-01 2.763917684555053711e+00
4.635200050000000127e-01 2.791005134582519531e+00
4.663525110000000251e-01 2.734091997146606445e+00
4.691850739999999798e-01 2.724322319030761719e+00
4.720176919999999887e-01 2.766590833663940430e+00
4.748503669999999954e-01 2.809793472290039062e+00
4.776830989999999999e-01 2.831303119659423828e+00
4.805158860000000032e-01 2.891476869583129883e+00
4.833487300000000042e-01 2.860258817672729492e+00
4.861816299999999758e-01 2.644937515258789062e+00
4.890145859999999733e-01 2.765266418457031250e+00
4.918475979999999970e-01 2.827885150909423828e+00
4.946806670000000183e-01 2.888114690780639648e+00
4.975137920000000102e-01 2.898448705673217773e+00
5.003469729999999727e-01 2.810806751251220703e+00
5.031802100000000166e-01 2.818124771118164062e+00
5.060135040000000028e-01 2.888312816619873047e+00
5.088468539999999596e-01 2.907047510147094727e+00
5.116802599999999979e-01 2.939021110534667969e+00
5.145137220000000067e-01 2.866333723068237305e+00
5.173472409999999577e-01 2.714905977249145508e+00
5.201808159999999903e-01 2.844026803970336914e+00
5.230144469999999934e-01 2.959062099456787109e+00
5.258481339999999671e-01 2.957730054855346680e+00
5.286818779999999940e-01 3.004304647445678711e+00
5.315156779999999914e-01 3.097084045410156250e+00
5.343495339999999594e-01 3.091494083404541016e+00
5.371834460000000089e-01 3.134592533111572266e+00
5.400174150000000006e-01 3.070749521255493164e+00
5.428514389999999912e-01 3.099762678146362305e+00
5.456855200000000350e-01 3.146278858184814453e+00
5.485196580000000210e-01 3.164965391159057617e+00
5.513538510000000059e-01 3.183850288391113281e+00
5.541881010000000440e-01 3.207032203674316406e+00
5.570224070000000527e-01 3.172100067138671875e+00
5.598567690000000319e-01 3.138226270675659180e+00
5.626911869999999816e-01 3.187886714935302734e+00
5.655256619999999845e-01 3.173646688461303711e+00
5.683601929999999580e-01 3.135291814804077148e+00
5.711947800000000131e-01 3.104624509811401367e+00
5.740294230000000386e-01 3.157098293304443359e+00
5.768641230000000064e-01 3.115084648132324219e+00
5.796988789999999447e-01 3.133952140808105469e+00
5.825336909999999646e-01 3.194889545440673828e+00
5.853685589999999550e-01 3.149018049240112305e+00
5.882034839999999987e-01 2.938167333602905273e+00
5.910384650000000129e-01 2.809509992599487305e+00
5.938735019999999976e-01 2.852457523345947266e+00
5.967085949999999528e-01 2.835543632507324219e+00
5.995437449999999613e-01 2.788524389266967773e+00
6.023789510000000513e-01 2.735353231430053711e+00
6.052142130000000009e-01 2.739675760269165039e+00
6.080495310000000320e-01 2.703034400939941406e+00
6.108849060000000053e-01 2.596460580825805664e+00
6.137203359999999774e-01 2.514306783676147461e+00
6.165558230000000028e-01 2.508380174636840820e+00
6.193913669999999705e-01 2.569421291351318359e+00
6.222269660000000480e-01 2.559849023818969727e+00
6.250626219999999567e-01 2.491593599319458008e+00
6.278983339999999469e-01 2.429164886474609375e+00
6.307341020000000187e-01 2.410384654998779297e+00
6.335699259999999500e-01 2.423103809356689453e+00
6.364058070000000455e-01 2.453401327133178711e+00
6.392417440000000006e-01 2.454535961151123047e+00
6.420777370000000372e-01 2.426526308059692383e+00
6.449137860000000444e-01 2.387000799179077148e+00
6.477498919999999938e-01 2.273798465728759766e+00
6.505860540000000247e-01 2.264035463333129883e+00
6.534222720000000262e-01 2.259330987930297852e+00
6.562585459999999982e-01 2.065187215805053711e+00
6.590948770000000234e-01 2.152579545974731445e+00
6.619312640000000192e-01 2.212219953536987305e+00
6.647677069999999855e-01 2.193547010421752930e+00
6.676042060000000333e-01 2.171983480453491211e+00
6.704407620000000234e-01 2.146528720855712891e+00
6.732773739999999840e-01 2.119413137435913086e+00
6.761140420000000262e-01 2.107167243957519531e+00
6.789507660000000389e-01 2.093885183334350586e+00
6.817875469999999938e-01 2.060631275177001953e+00
6.846243829999999475e-01 1.982995271682739258e+00
6.874612759999999545e-01 1.662841677665710449e+00
6.902982260000000148e-01 1.670409560203552246e+00
6.931352309999999628e-01 1.704373836517333984e+00
6.959722929999999641e-01 1.714759707450866699e+00
6.988094110000000470e-01 1.687843322753906250e+00
7.016465849999999893e-01 1.582461953163146973e+00
7.044838150000000132e-01 1.577481865882873535e+00
7.073211019999999793e-01 1.547210812568664551e+00
7.101584450000000270e-01 1.480527758598327637e+00
7.129958440000000452e-01 1.376620650291442871e+00
7.158332990000000340e-01 1.161657810211181641e+00
7.186708109999999650e-01 8.466993570327758789e-01
7.215083789999999775e-01 8.615664243698120117e-01
7.243460029999999605e-01 7.862930297851562500e-01
7.271836830000000251e-01 7.093542218208312988e-01
7.300214200000000320e-01 6.628398299217224121e-01
7.328592130000000093e-01 6.805422902107238770e-01
7.356970619999999572e-01 6.728413701057434082e-01
7.385349669999999866e-01 6.567822694778442383e-01
7.413729289999999583e-01 6.528149247169494629e-01
7.442109470000000115e-01 6.642738580703735352e-01
7.470490210000000353e-01 6.660940647125244141e-01
7.498871510000000296e-01 6.538678407669067383e-01
7.527253379999999661e-01 6.457588076591491699e-01
7.555635800000000124e-01 6.429880857467651367e-01
7.584018790000000010e-01 5.291236042976379395e-01
7.612402350000000428e-01 2.451542913913726807e-01
7.640786459999999725e-01 2.994140684604644775e-01
7.669171139999999554e-01 4.799482226371765137e-01
7.697556380000000198e-01 5.834261775016784668e-01
7.725942180000000548e-01 6.078373193740844727e-01
7.754328539999999492e-01 6.012753844261169434e-01
7.782715470000000080e-01 5.999307036399841309e-01
7.811102960000000373e-01 6.078370809555053711e-01
7.839491010000000371e-01 6.051671504974365234e-01
7.867879620000000074e-01 5.940264463424682617e-01
7.896268800000000310e-01 5.823339223861694336e-01
7.924658540000000251e-01 5.763137936592102051e-01
7.953048839999999897e-01 5.812495946884155273e-01
7.981439700000000359e-01 5.919859409332275391e-01
8.009831130000000243e-01 5.810428261756896973e-01
8.038223119999999833e-01 5.861455798149108887e-01
8.066615670000000238e-01 5.982357859611511230e-01
8.095008780000000348e-01 5.681288838386535645e-01
8.123402459999999881e-01 5.136375427246093750e-01
8.151796700000000229e-01 4.219542443752288818e-01
8.180191500000000282e-01 3.962825536727905273e-01
8.208586860000000041e-01 4.213785827159881592e-01
8.236982790000000332e-01 3.903819024562835693e-01
8.265379269999999501e-01 4.030494093894958496e-01
8.293776320000000313e-01 3.623847365379333496e-01
8.322173940000000547e-01 3.486084342002868652e-01
8.350572109999999659e-01 3.578051030635833740e-01
8.378970850000000414e-01 3.658655881881713867e-01
8.407370149999999764e-01 3.678771853446960449e-01
8.435770009999999930e-01 3.678571283817291260e-01
8.464170429999999801e-01 3.573027551174163818e-01
8.492571420000000204e-01 3.386000990867614746e-01
8.520972970000000313e-01 3.273919522762298584e-01
8.549375080000000127e-01 3.058540821075439453e-01
8.577777749999999646e-01 3.297233283519744873e-01
8.606180989999999698e-01 3.286062479019165039e-01
8.634584789999999455e-01 3.186943233013153076e-01
8.662989150000000027e-01 2.937544584274291992e-01
8.691394070000000305e-01 2.985581159591674805e-01
8.719799560000000005e-01 2.967088222503662109e-01
8.748205610000000521e-01 2.919241786003112793e-01
8.776612219999999631e-01 2.831456363201141357e-01
8.805019389999999557e-01 2.756729125976562500e-01
8.833427130000000016e-01 2.694181799888610840e-01
8.861835430000000180e-01 2.603678405284881592e-01
8.890244290000000049e-01 2.551884353160858154e-01
8.918653709999999624e-01 2.418935000896453857e-01
8.947063699999999731e-01 2.037863731384277344e-01
8.975474239999999826e-01 1.663094311952590942e-01
9.003885350000000454e-01 1.476099640130996704e-01
9.032297030000000504e-01 1.693756878376007080e-01
9.060709260000000542e-01 1.718065887689590454e-01
9.089122060000000003e-01 1.390142440795898438e-01
9.117535420000000279e-01 1.406287252902984619e-01
9.145949340000000261e-01 1.287650763988494873e-01
9.174363819999999947e-01 1.282184123992919922e-01
9.202778870000000166e-01 1.461637765169143677e-01
9.231194480000000091e-01 1.409254968166351318e-01
9.259610649999999721e-01 1.298310011625289917e-01
9.288027380000000166e-01 9.239900857210159302e-02
9.316444680000000034e-01 5.169321596622467041e-02
9.344862539999999607e-01 3.100872039794921875e-02
9.373280959999999995e-01 3.187336400151252747e-02
9.401699940000000089e-01 5.074577033519744873e-02
9.430119489999999605e-01 4.627699032425880432e-02
9.458539599999999936e-01 3.924826160073280334e-02
9.486960269999999973e-01 4.377147927880287170e-02
9.515381499999999715e-01 4.311675578355789185e-02
9.543803299999999989e-01 4.636661335825920105e-02
9.572225659999999969e-01 4.771585389971733093e-02
9.600648579999999654e-01 5.163518339395523071e-02
9.629072060000000155e-01 6.030416488647460938e-02
9.657496110000000078e-01 6.371312588453292847e-02
9.685920709999999989e-01 8.700886368751525879e-02
9.714345880000000433e-01 9.410618245601654053e-02
9.742771620000000299e-01 7.950615137815475464e-02
9.771197910000000153e-01 8.028119057416915894e-02
9.799624770000000540e-01 8.469779044389724731e-02
9.828052189999999522e-01 1.014124751091003418e-01
9.856480170000000429e-01 1.021879017353057861e-01
9.884908709999999932e-01 1.078981757164001465e-01
9.913337819999999967e-01 1.044545769691467285e-01
9.941767489999999707e-01 1.040213704109191895e-01
9.970197720000000263e-01 1.135147362947463989e-01
9.998628510000000524e-01 1.068077310919761658e-01
1.002705986999999910e+00 1.101863235235214233e-01
1.005549178999999960e+00 1.105174571275711060e-01
1.008392426999999980e+00 1.098179966211318970e-01
1.011235730999999971e+00 1.039231121540069580e-01
1.014079092000000015e+00 1.106943935155868530e-01
1.016922509000000030e+00 1.043696999549865723e-01
1.019765982000000015e+00 1.096811145544052124e-01
1.022609510999999971e+00 1.064053252339363098e-01
1.025453096999999980e+00 1.121679022908210754e-01
1.028296738999999960e+00 1.102527156472206116e-01
1.031140436999999910e+00 1.107730641961097717e-01
1.033984191000000052e+00 1.092642173171043396e-01
1.036828002000000026e+00 1.080447286367416382e-01
1.039671868000000110e+00 1.106800362467765808e-01
1.042515791000000025e+00 9.876784682273864746e-02
1.045359770999999993e+00 1.065758690237998962e-01
