3.615872339999999796e-01 1.247665286064147949e+00
3.644177160000000026e-01 1.443670988082885742e+00
3.672482539999999962e-01 1.575644969940185547e+00
3.700788480000000158e-01 1.535549879074096680e+00
3.729094980000000059e-01 1.407068252563476562e+00
3.757402049999999938e-01 1.472510337829589844e+00
3.785709680000000077e-01 1.623162508010864258e+00
3.814017869999999921e-01 1.425954461097717285e+00
3.842326620000000026e-01 1.300827264785766602e+00
3.870635940000000108e-01 1.418991923332214355e+00
3.898945819999999896e-01 1.623966932296752930e+00
3.927256259999999943e-01 1.403735399246215820e+00
3.955567260000000251e-01 1.413633465766906738e+00
3.983878829999999982e-01 1.796687722206115723e+00
4.012190950000000256e-01 2.250159740447998047e+00
4.040503639999999952e-01 2.240477561950683594e+00
4.068816900000000181e-01 2.213190793991088867e+00
4.097130709999999842e-01 2.227729320526123047e+00
4.125445090000000037e-01 2.323951005935668945e+00
4.153760029999999936e-01 2.343638181686401367e+00
4.182075530000000096e-01 2.297549724578857422e+00
4.210391589999999962e-01 2.302432775497436523e+00
4.238708219999999804e-01 2.257771015167236328e+00
4.267025409999999908e-01 2.218442916870117188e+00
4.295343160000000271e-01 1.995798707008361816e+00
4.323661469999999785e-01 2.138058662414550781e+00
4.351980349999999831e-01 2.309757709503173828e+00
4.380299790000000137e-01 2.334764242172241211e+00
4.408619790000000149e-01 2.421955823898315430e+00
4.436940349999999866e-01 2.572960615158081055e+00
4.465261480000000116e-01 2.585877180099487305e+00
4.493583170000000071e-01 2.739181518554687500e+00
4.521905419999999731e-01 2.760630369186401367e+00
4.550228230000000207e-01 2.731198549270629883e+00
4.578551610000000105e-01 2.776171207427978516e+00
4.606875550000000263e-01 2.804564237594604492e+00
4.635200050000000127e-01 2.823423385620117188e+00
4.663525110000000251e-01 2.751117229461669922e+00
4.691850739999999798e-01 2.775491714477539062e+00
4.720176919999999887e-01 2.790904521942138672e+00
4.748503669999999954e-01 2.837996959686279297e+00
4.776830989999999999e-01 2.856268644332885742e+00
4.805158860000000032e-01 2.937869548797607422e+00
4.833487300000000042e-01 2.909686326980590820e+00
4.861816299999999758e-01 2.677230358123779297e+00
4.890145859999999733e-01 2.790795087814331055e+00
4.918475979999999970e-01 2.866380214691162109e+00
4.946806670000000183e-01 2.918410062789916992e+00
4.975137920000000102e-01 2.931354761123657227e+00
5.003469729999999727e-01 2.862326860427856445e+00
5.031802100000000166e-01 2.837908506393432617e+00
5.060135040000000028e-01 2.932050466537475586e+00
5.088468539999999596e-01 2.934257030487060547e+00
5.116802599999999979e-01 2.968331336975097656e+00
5.145137220000000067e-01 2.914965629577636719e+00
5.173472409999999577e-01 2.755123615264892578e+00
5.201808159999999903e-01 2.865434408187866211e+00
5.230144469999999934e-01 3.001913785934448242e+00
5.258481339999999671e-01 2.997177839279174805e+00
5.286818779999999940e-01 3.040903568267822266e+00
5.315156779999999914e-01 3.140048980712890625e+00
5.343495339999999594e-01 3.128951549530029297e+00
5.371834460000000089e-01 3.177589654922485352e+00
5.400174150000000006e-01 3.108156204223632812e+00
5.428514389999999912e-01 3.140357971191406250e+00
5.456855200000000350e-01 3.193444728851318359e+00
5.485196580000000210e-01 3.206606388092041016e+00
5.513538510000000059e-01 3.233639717102050781e+00
5.541881010000000440e-01 3.256111383438110352e+00
5.570224070000000527e-01 3.220783233642578125e+00
5.598567690000000319e-01 3.177597045898437500e+00
5.626911869999999816e-01 3.222535371780395508e+00
5.655256619999999845e-01 3.213572025299072266e+00
5.683601929999999580e-01 3.188926458358764648e+00
5.711947800000000131e-01 3.157662153244018555e+00
5.740294230000000386e-01 3.204381227493286133e+00
5.768641230000000064e-01 3.168643951416015625e+00
5.796988789999999447e-01 3.177413702011108398e+00
5.825336909999999646e-01 3.237744569778442383e+00
5.853685589999999550e-01 3.200620651245117188e+00
5.882034839999999987e-01 2.992267370223999023e+00
5.910384650000000129e-01 2.848644018173217773e+00
5.938735019999999976e-01 2.896505832672119141e+00
5.967085949999999528e-01 2.872484683990478516e+00
5.995437449999999613e-01 2.827480316162109375e+00
6.023789510000000513e-01 2.790367364883422852e+00
6.052142130000000009e-01 2.807622909545898438e+00
6.080495310000000320e-01 2.773884057998657227e+00
6.108849060000000053e-01 2.636875629425048828e+00
6.137203359999999774e-01 2.537859201431274414e+00
6.165558230000000028e-01 2.537565231323242188e+00
6.193913669999999705e-01 2.608313322067260742e+00
6.222269660000000480e-01 2.608244419097900391e+00
6.250626219999999567e-01 2.536744356155395508e+00
6.278983339999999469e-01 2.474659681320190430e+00
6.307341020000000187e-01 2.442721605300903320e+00
6.335699259999999500e-01 2.478281497955322266e+00
6.364058070000000455e-01 2.500478029251098633e+00
6.392417440000000006e-01 2.502288103103637695e+00
6.420777370000000372e-01 2.469465255737304688e+00
6.449137860000000444e-01 2.442227840423583984e+00
6.477498919999999938e-01 2.320719242095947266e+00
6.505860540000000247e-01 2.315414190292358398e+00
6.534222720000000262e-01 2.309587717056274414e+00
6.562585459999999982e-01 2.112595796585083008e+00
6.590948770000000234e-01 2.196329832077026367e+00
6.619312640000000192e-01 2.258934497833251953e+00
6.647677069999999855e-01 2.241560697555541992e+00
6.676042060000000333e-01 2.215562582015991211e+00
6.704407620000000234e-01 2.201802492141723633e+00
6.732773739999999840e-01 2.168480396270751953e+00
6.761140420000000262e-01 2.162033081054687500e+00
6.789507660000000389e-01 2.143524408340454102e+00
6.817875469999999938e-01 2.115273475646972656e+00
6.846243829999999475e-01 2.033552646636962891e+00
6.874612759999999545e-01 1.698954224586486816e+00
6.902982260000000148e-01 1.716972947120666504e+00
6.931352309999999628e-01 1.738769650459289551e+00
6.959722929999999641e-01 1.745428800582885742e+00
6.988094110000000470e-01 1.714223623275756836e+00
7.016465849999999893e-01 1.619636297225952148e+00
7.044838150000000132e-01 1.605043768882751465e+00
7.073211019999999793e-01 1.568893790245056152e+00
7.101584450000000270e-01 1.503840088844299316e+00
7.129958440000000452e-01 1.407997131347656250e+00
7.158332990000000340e-01 1.191476106643676758e+00
7.186708109999999650e-01 8.594474792480468750e-01
7.215083789999999775e-01 8.779863119125366211e-01
7.243460029999999605e-01 8.058363199234008789e-01
7.271836830000000251e-01 7.186107635498046875e-01
7.300214200000000320e-01 6.684179306030273438e-01
7.328592130000000093e-01 6.828607320785522461e-01
7.356970619999999572e-01 6.796399950981140137e-01
7.385349669999999866e-01 6.561797261238098145e-01
7.413729289999999583e-01 6.609142422676086426e-01
7.442109470000000115e-01 6.661525368690490723e-01
7.470490210000000353e-01 6.644117832183837891e-01
7.498871510000000296e-01 6.546866297721862793e-01
7.527253379999999661e-01 6.486988067626953125e-01
7.555635800000000124e-01 6.423295140266418457e-01
7.584018790000000010e-01 5.313255786895751953e-01
7.612402350000000428e-01 2.509981989860534668e-01
7.640786459999999725e-01 2.963385283946990967e-01
7.669171139999999554e-01 4.755787551403045654e-01
7.697556380000000198e-01 5.835362672805786133e-01
7.725942180000000548e-01 5.988820195198059082e-01
7.754328539999999492e-01 6.080576777458190918e-01
7.782715470000000080e-01 6.013495922088623047e-01
7.811102960000000373e-01 6.088315248489379883e-01
7.839491010000000371e-01 6.122289299964904785e-01
7.867879620000000074e-01 5.970683097839355469e-01
7.896268800000000310e-01 5.786239504814147949e-01
7.924658540000000251e-01 5.800915360450744629e-01
7.953048839999999897e-01 5.864810347557067871e-01
7.981439700000000359e-01 5.909239649772644043e-01
8.009831130000000243e-01 5.870191454887390137e-01
8.038223119999999833e-01 5.854098200798034668e-01
8.066615670000000238e-01 5.990260839462280273e-01
8.095008780000000348e-01 5.739659667015075684e-01
8.123402459999999881e-01 5.192258954048156738e-01
8.151796700000000229e-01 4.240849018096923828e-01
8.180191500000000282e-01 3.942426741123199463e-01
8.208586860000000041e-01 4.241748452186584473e-01
8.236982790000000332e-01 3.892511129379272461e-01
8.265379269999999501e-01 4.085671901702880859e-01
8.293776320000000313e-01 3.662364482879638672e-01
8.322173940000000547e-01 3.490317165851593018e-01
8.350572109999999659e-01 3.545887768268585205e-01
8.378970850000000414e-01 3.598132133483886719e-01
8.407370149999999764e-01 3.644773662090301514e-01
8.435770009999999930e-01 3.574384450912475586e-01
8.464170429999999801e-01 3.504379093647003174e-01
8.492571420000000204e-01 3.367770314216613770e-01
8.520972970000000313e-01 3.251252770423889160e-01
8.549375080000000127e-01 3.019831776618957520e-01
8.577777749999999646e-01 3.241682350635528564e-01
8.606180989999999698e-01 3.204769194126129150e-01
8.634584789999999455e-01 3.147926926612854004e-01
8.662989150000000027e-01 2.920311689376831055e-01
8.691394070000000305e-01 2.992423176765441895e-01
8.719799560000000005e-01 2.934235334396362305e-01
8.748205610000000521e-01 2.888628542423248291e-01
8.776612219999999631e-01 2.745442092418670654e-01
8.805019389999999557e-01 2.691005468368530273e-01
8.833427130000000016e-01 2.642598748207092285e-01
8.861835430000000180e-01 2.514905333518981934e-01
8.890244290000000049e-01 2.518871724605560303e-01
8.918653709999999624e-01 2.361134588718414307e-01
8.947063699999999731e-01 1.998404413461685181e-01
8.975474239999999826e-01 1.591704487800598145e-01
9.003885350000000454e-01 1.462489813566207886e-01
9.032297030000000504e-01 1.678293049335479736e-01
9.060709260000000542e-01 1.648336499929428101e-01
9.089122060000000003e-01 1.320737004280090332e-01
9.117535420000000279e-01 1.356928944587707520e-01
9.145949340000000261e-01 1.290367245674133301e-01
9.174363819999999947e-01 1.242759674787521362e-01
9.202778870000000166e-01 1.436253488063812256e-01
9.231194480000000091e-01 1.378580927848815918e-01
9.259610649999999721e-01 1.287282109260559082e-01
9.288027380000000166e-01 8.921062201261520386e-02
9.316444680000000034e-01 5.113407969474792480e-02
9.344862539999999607e-01 2.949115261435508728e-02
9.373280959999999995e-01 2.703976817429065704e-02
9.401699940000000089e-01 4.969569295644760132e-02
9.430119489999999605e-01 4.031682386994361877e-02
9.458539599999999936e-01 3.827029094099998474e-02
9.486960269999999973e-01 4.237677901983261108e-02
9.515381499999999715e-01 4.301372170448303223e-02
9.543803299999999989e-01 4.321485385298728943e-02
9.572225659999999969e-01 4.352765902876853943e-02
9.600648579999999654e-01 4.913718998432159424e-02
9.629072060000000155e-01 5.402700603008270264e-02
9.657496110000000078e-01 5.825494602322578430e-02
9.685920709999999989e-01 8.248341828584671021e-02
9.714345880000000433e-01 8.413530886173248291e-02
9.742771620000000299e-01 7.122112810611724854e-02
9.771197910000000153e-01 7.514461874961853027e-02
9.799624770000000540e-01 7.804620265960693359e-02
9.828052189999999522e-01 8.678680658340454102e-02
9.856480170000000429e-01 9.417859464883804321e-02
9.884908709999999932e-01 9.881611168384552002e-02
9.913337819999999967e-01 1.014766246080398560e-01
9.941767489999999707e-01 1.003847941756248474e-01
9.970197720000000263e-01 9.968487918376922607e-02
9.998628510000000524e-01 9.288914501667022705e-02
1.002705986999999910e+00 9.939903020858764648e-02
1.005549178999999960e+00 9.935679286718368530e-02
1.008392426999999980e+00 9.762781113386154175e-02
1.011235730999999971e+00 9.864584356546401978e-02
1.014079092000000015e+00 1.083436608314514160e-01
1.016922509000000030e+00 1.049903631210327148e-01
1.019765982000000015e+00 9.686592221260070801e-02
1.022609510999999971e+00 1.023421436548233032e-01
1.025453096999999980e+00 9.845984727144241333e-02
1.028296738999999960e+00 1.076632812619209290e-01
1.031140436999999910e+00 1.066557988524436951e-01
1.033984191000000052e+00 1.040839478373527527e-01
1.036828002000000026e+00 9.588722139596939087e-02
1.039671868000000110e+00 1.117767095565795898e-01
1.042515791000000025e+00 1.044954657554626465e-01
1.045359770999999993e+00 9.194798022508621216e-02
