3.615872339999999796e-01 1.307422757148742676e+00
3.644177160000000026e-01 1.473300576210021973e+00
3.672482539999999962e-01 1.614606261253356934e+00
3.700788480000000158e-01 1.556065678596496582e+00
3.729094980000000059e-01 1.403680682182312012e+00
3.757402049999999938e-01 1.486286878585815430e+00
3.785709680000000077e-01 1.668904185295104980e+00
3.814017869999999921e-01 1.421522736549377441e+00
3.842326620000000026e-01 1.299636125564575195e+00
3.870635940000000108e-01 1.411764860153198242e+00
3.898945819999999896e-01 1.622505068778991699e+00
3.927256259999999943e-01 1.390958070755004883e+00
3.955567260000000251e-01 1.453165531158447266e+00
3.983878829999999982e-01 1.854820489883422852e+00
4.012190950000000256e-01 2.255535364151000977e+00
4.040503639999999952e-01 2.245295763015747070e+00
4.068816900000000181e-01 2.207587957382202148e+00
4.097130709999999842e-01 2.275066852569580078e+00
4.125445090000000037e-01 2.328585147857666016e+00
4.153760029999999936e-01 2.350097656250000000e+00
4.182075530000000096e-01 2.303337574005126953e+00
4.210391589999999962e-01 2.290560722351074219e+00
4.238708219999999804e-01 2.259528398513793945e+00
4.267025409999999908e-01 2.210413932800292969e+00
4.295343160000000271e-01 2.000706911087036133e+00
4.323661469999999785e-01 2.123178243637084961e+00
4.351980349999999831e-01 2.323859214782714844e+00
4.380299790000000137e-01 2.355595827102661133e+00
4.408619790000000149e-01 2.428643226623535156e+00
4.436940349999999866e-01 2.567069053649902344e+00
4.465261480000000116e-01 2.594402313232421875e+00
4.493583170000000071e-01 2.722167253494262695e+00
4.521905419999999731e-01 2.744159936904907227e+00
4.550228230000000207e-01 2.718741655349731445e+00
4.578551610000000105e-01 2.762164115905761719e+00
4.606875550000000263e-01 2.798233509063720703e+00
4.635200050000000127e-01 2.803998470306396484e+00
4.663525110000000251e-01 2.759958267211914062e+00
4.691850739999999798e-01 2.737733602523803711e+00
4.720176919999999887e-01 2.796218872070312500e+00
4.748503669999999954e-01 2.839925527572631836e+00
4.776830989999999999e-01 2.863144397735595703e+00
4.805158860000000032e-01 2.916531562805175781e+00
4.833487300000000042e-01 2.896225452423095703e+00
4.861816299999999758e-01 2.656133651733398438e+00
4.890145859999999733e-01 2.773921251296997070e+00
4.918475979999999970e-01 2.840638875961303711e+00
4.946806670000000183e-01 2.898990869522094727e+00
4.975137920000000102e-01 2.923969030380249023e+00
5.003469729999999727e-01 2.842011928558349609e+00
5.031802100000000166e-01 2.814691543579101562e+00
5.060135040000000028e-01 2.913462877273559570e+00
5.088468539999999596e-01 2.934184074401855469e+00
5.116802599999999979e-01 2.955495119094848633e+00
5.145137220000000067e-01 2.877446413040161133e+00
5.173472409999999577e-01 2.738967418670654297e+00
5.201808159999999903e-01 2.861360073089599609e+00
5.230144469999999934e-01 2.982681751251220703e+00
5.258481339999999671e-01 2.982106685638427734e+00
5.286818779999999940e-01 3.022743940353393555e+00
5.315156779999999914e-01 3.121346950531005859e+00
5.343495339999999594e-01 3.112446546554565430e+00
5.371834460000000089e-01 3.160259008407592773e+00
5.400174150000000006e-01 3.096912860870361328e+00
5.428514389999999912e-01 3.115849733352661133e+00
5.456855200000000350e-01 3.171130418777465820e+00
5.485196580000000210e-01 3.174794912338256836e+00
5.513538510000000059e-01 3.208758592605590820e+00
5.541881010000000440e-01 3.224708557128906250e+00
5.570224070000000527e-01 3.202273845672607422e+00
5.598567690000000319e-01 3.155856609344482422e+00
5.626911869999999816e-01 3.204211711883544922e+00
5.655256619999999845e-01 3.194188594818115234e+00
5.683601929999999580e-01 3.165643453598022461e+00
5.711947800000000131e-01 3.129291772842407227e+00
5.740294230000000386e-01 3.173986673355102539e+00
5.768641230000000064e-01 3.147837638854980469e+00
5.796988789999999447e-01 3.149877071380615234e+00
5.825336909999999646e-01 3.219119548797607422e+00
5.853685589999999550e-01 3.172082662582397461e+00
5.882034839999999987e-01 2.959131717681884766e+00
5.910384650000000129e-01 2.826640844345092773e+00
5.938735019999999976e-01 2.870280981063842773e+00
5.967085949999999528e-01 2.850381612777709961e+00
5.995437449999999613e-01 2.798852443695068359e+00
6.023789510000000513e-01 2.755827665328979492e+00
6.052142130000000009e-01 2.763660669326782227e+00
6.080495310000000320e-01 2.729216814041137695e+00
6.108849060000000053e-01 2.622755289077758789e+00
6.137203359999999774e-01 2.531293392181396484e+00
6.165558230000000028e-01 2.521181821823120117e+00
6.193913669999999705e-01 2.574083328247070312e+00
6.222269660000000480e-01 2.566452503204345703e+00
6.250626219999999567e-01 2.496144294738769531e+00
6.278983339999999469e-01 2.436662673950195312e+00
6.307341020000000187e-01 2.416937589645385742e+00
6.335699259999999500e-01 2.437829256057739258e+00
6.364058070000000455e-01 2.462040901184082031e+00
6.392417440000000006e-01 2.465645790100097656e+00
6.420777370000000372e-01 2.435267686843872070e+00
6.449137860000000444e-01 2.395074129104614258e+00
6.477498919999999938e-01 2.289560317993164062e+00
6.505860540000000247e-01 2.275858640670776367e+00
6.534222720000000262e-01 2.258468151092529297e+00
6.562585459999999982e-01 2.070400238037109375e+00
6.590948770000000234e-01 2.163002252578735352e+00
6.619312640000000192e-01 2.204414367675781250e+00
6.647677069999999855e-01 2.180188655853271484e+00
6.676042060000000333e-01 2.166482925415039062e+00
6.704407620000000234e-01 2.132434129714965820e+00
6.732773739999999840e-01 2.106616020202636719e+00
6.761140420000000262e-01 2.096502304077148438e+00
6.789507660000000389e-01 2.076751232147216797e+00
6.817875469999999938e-01 2.053045272827148438e+00
6.846243829999999475e-01 1.985668063163757324e+00
6.874612759999999545e-01 1.663337349891662598e+00
6.902982260000000148e-01 1.671512722969055176e+00
6.931352309999999628e-01 1.708338737487792969e+00
6.959722929999999641e-01 1.708537340164184570e+00
6.988094110000000470e-01 1.691670656204223633e+00
7.016465849999999893e-01 1.588352560997009277e+00
7.044838150000000132e-01 1.577890634536743164e+00
7.073211019999999793e-01 1.542412996292114258e+00
7.101584450000000270e-01 1.476257443428039551e+00
7.129958440000000452e-01 1.382328629493713379e+00
7.158332990000000340e-01 1.174024820327758789e+00
7.186708109999999650e-01 8.489036560058593750e-01
7.215083789999999775e-01 8.629909157752990723e-01
7.243460029999999605e-01 7.855963110923767090e-01
7.271836830000000251e-01 7.176638841629028320e-01
7.300214200000000320e-01 6.731841564178466797e-01
7.328592130000000093e-01 6.846282482147216797e-01
7.356970619999999572e-01 6.776480078697204590e-01
7.385349669999999866e-01 6.658568978309631348e-01
7.413729289999999583e-01 6.652127504348754883e-01
7.442109470000000115e-01 6.711651086807250977e-01
7.470490210000000353e-01 6.716275811195373535e-01
7.498871510000000296e-01 6.587909460067749023e-01
7.527253379999999661e-01 6.531901955604553223e-01
7.555635800000000124e-01 6.454582214355468750e-01
7.584018790000000010e-01 5.345744490623474121e-01
7.612402350000000428e-01 2.454963475465774536e-01
7.640786459999999725e-01 3.031178712844848633e-01
7.669171139999999554e-01 4.880447983741760254e-01
7.697556380000000198e-01 5.856888890266418457e-01
7.725942180000000548e-01 6.065099239349365234e-01
7.754328539999999492e-01 6.135441064834594727e-01
7.782715470000000080e-01 6.156682968139648438e-01
7.811102960000000373e-01 6.113393306732177734e-01
7.839491010000000371e-01 6.144776940345764160e-01
7.867879620000000074e-01 6.042799949645996094e-01
7.896268800000000310e-01 5.875298380851745605e-01
7.924658540000000251e-01 5.875123739242553711e-01
7.953048839999999897e-01 5.926201343536376953e-01
7.981439700000000359e-01 5.947980880737304688e-01
8.009831130000000243e-01 5.926410555839538574e-01
8.038223119999999833e-01 5.912704467773437500e-01
8.066615670000000238e-01 6.065320968627929688e-01
8.095008780000000348e-01 5.791580080986022949e-01
8.123402459999999881e-01 5.220941901206970215e-01
8.151796700000000229e-01 4.249663650989532471e-01
8.180191500000000282e-01 3.960354328155517578e-01
8.208586860000000041e-01 4.246621429920196533e-01
8.236982790000000332e-01 3.872350752353668213e-01
8.265379269999999501e-01 4.085757732391357422e-01
8.293776320000000313e-01 3.681263327598571777e-01
8.322173940000000547e-01 3.609659969806671143e-01
8.350572109999999659e-01 3.637327849864959717e-01
8.378970850000000414e-01 3.691308200359344482e-01
8.407370149999999764e-01 3.764742910861968994e-01
8.435770009999999930e-01 3.693248927593231201e-01
8.464170429999999801e-01 3.673608899116516113e-01
8.492571420000000204e-01 3.524658977985382080e-01
8.520972970000000313e-01 3.399834930896759033e-01
8.549375080000000127e-01 3.183650374412536621e-01
8.577777749999999646e-01 3.413212001323699951e-01
8.606180989999999698e-01 3.365207314491271973e-01
8.634584789999999455e-01 3.302434980869293213e-01
8.662989150000000027e-01 3.036910295486450195e-01
8.691394070000000305e-01 3.070508539676666260e-01
8.719799560000000005e-01 3.098131418228149414e-01
8.748205610000000521e-01 3.006495833396911621e-01
8.776612219999999631e-01 2.973846495151519775e-01
8.805019389999999557e-01 2.863839864730834961e-01
8.833427130000000016e-01 2.795501947402954102e-01
8.861835430000000180e-01 2.736596465110778809e-01
8.890244290000000049e-01 2.621262371540069580e-01
8.918653709999999624e-01 2.523782253265380859e-01
8.947063699999999731e-01 2.168752551078796387e-01
8.975474239999999826e-01 1.726671308279037476e-01
9.003885350000000454e-01 1.548320949077606201e-01
9.032297030000000504e-01 1.780079752206802368e-01
9.060709260000000542e-01 1.805930286645889282e-01
9.089122060000000003e-01 1.487957090139389038e-01
9.117535420000000279e-01 1.452964395284652710e-01
9.145949340000000261e-01 1.332993954420089722e-01
9.174363819999999947e-01 1.346245110034942627e-01
9.202778870000000166e-01 1.547145545482635498e-01
9.231194480000000091e-01 1.465601623058319092e-01
9.259610649999999721e-01 1.358505338430404663e-01
9.288027380000000166e-01 1.002883985638618469e-01
9.316444680000000034e-01 5.681135877966880798e-02
9.344862539999999607e-01 2.942324057221412659e-02
9.373280959999999995e-01 3.407415002584457397e-02
9.401699940000000089e-01 5.354120209813117981e-02
9.430119489999999605e-01 4.604564607143402100e-02
9.458539599999999936e-01 3.513168916106224060e-02
9.486960269999999973e-01 4.583813250064849854e-02
9.515381499999999715e-01 4.664399474859237671e-02
9.543803299999999989e-01 4.457938298583030701e-02
9.572225659999999969e-01 5.245960503816604614e-02
9.600648579999999654e-01 5.466014146804809570e-02
9.629072060000000155e-01 6.120470538735389709e-02
9.657496110000000078e-01 6.963685899972915649e-02
9.685920709999999989e-01 8.933330327272415161e-02
9.714345880000000433e-01 9.916659444570541382e-02
9.742771620000000299e-01 8.548771589994430542e-02
9.771197910000000153e-01 8.895067870616912842e-02
9.799624770000000540e-01 9.639712423086166382e-02
9.828052189999999522e-01 1.023497208952903748e-01
9.856480170000000429e-01 1.093682199716567993e-01
9.884908709999999932e-01 1.185291036963462830e-01
9.913337819999999967e-01 1.154841408133506775e-01
9.941767489999999707e-01 1.249352097511291504e-01
9.970197720000000263e-01 1.221364513039588928e-01
9.998628510000000524e-01 1.241624429821968079e-01
1.002705986999999910e+00 1.184121519327163696e-01
1.005549178999999960e+00 1.100658923387527466e-01
1.008392426999999980e+00 1.163816899061203003e-01
1.011235730999999971e+00 1.159157082438468933e-01
1.014079092000000015e+00 1.183654591441154480e-01
1.016922509000000030e+00 1.164895370602607727e-01
1.019765982000000015e+00 1.150116547942161560e-01
1.022609510999999971e+00 1.161454841494560242e-01
1.025453096999999980e+00 1.179388388991355896e-01
1.028296738999999960e+00 1.263846307992935181e-01
1.031140436999999910e+00 1.115641221404075623e-01
1.033984191000000052e+00 1.220172867178916931e-01
1.036828002000000026e+00 1.153726950287818909e-01
1.039671868000000110e+00 1.168870329856872559e-01
1.042515791000000025e+00 1.176946535706520081e-01
1.045359770999999993e+00 1.191458627581596375e-01
