3.615872339999999796e-01 1.333620786666870117e+00
3.644177160000000026e-01 1.508119344711303711e+00
3.672482539999999962e-01 1.596961855888366699e+00
3.700788480000000158e-01 1.623460769653320312e+00
3.729094980000000059e-01 1.399577260017395020e+00
3.757402049999999938e-01 1.520419716835021973e+00
3.785709680000000077e-01 1.646353483200073242e+00
3.814017869999999921e-01 1.441285967826843262e+00
3.842326620000000026e-01 1.307798862457275391e+00
3.870635940000000108e-01 1.447700977325439453e+00
3.898945819999999896e-01 1.597474336624145508e+00
3.927256259999999943e-01 1.411814928054809570e+00
3.955567260000000251e-01 1.468897581100463867e+00
3.983878829999999982e-01 1.851299881935119629e+00
4.012190950000000256e-01 2.284238338470458984e+00
4.040503639999999952e-01 2.268873214721679688e+00
4.068816900000000181e-01 2.241922140121459961e+00
4.097130709999999842e-01 2.296964168548583984e+00
4.125445090000000037e-01 2.370964050292968750e+00
4.153760029999999936e-01 2.389824390411376953e+00
4.182075530000000096e-01 2.326093673706054688e+00
4.210391589999999962e-01 2.344692945480346680e+00
4.238708219999999804e-01 2.308748960494995117e+00
4.267025409999999908e-01 2.276030540466308594e+00
4.295343160000000271e-01 2.046392917633056641e+00
4.323661469999999785e-01 2.183606624603271484e+00
4.351980349999999831e-01 2.384199619293212891e+00
4.380299790000000137e-01 2.421624660491943359e+00
4.408619790000000149e-01 2.489133119583129883e+00
4.436940349999999866e-01 2.649484395980834961e+00
4.465261480000000116e-01 2.656028747558593750e+00
4.493583170000000071e-01 2.807174444198608398e+00
4.521905419999999731e-01 2.829765081405639648e+00
4.550228230000000207e-01 2.806387901306152344e+00
4.578551610000000105e-01 2.888878583908081055e+00
4.606875550000000263e-01 2.897008895874023438e+00
4.635200050000000127e-01 2.923708677291870117e+00
4.663525110000000251e-01 2.876168012619018555e+00
4.691850739999999798e-01 2.867573738098144531e+00
4.720176919999999887e-01 2.908825159072875977e+00
4.748503669999999954e-01 2.951510667800903320e+00
4.776830989999999999e-01 2.978705883026123047e+00
4.805158860000000032e-01 3.044286012649536133e+00
4.833487300000000042e-01 3.011703491210937500e+00
4.861816299999999758e-01 2.778901576995849609e+00
4.890145859999999733e-01 2.892509698867797852e+00
4.918475979999999970e-01 2.974464178085327148e+00
4.946806670000000183e-01 3.046787738800048828e+00
4.975137920000000102e-01 3.053345680236816406e+00
5.003469729999999727e-01 2.978056907653808594e+00
5.031802100000000166e-01 2.949323892593383789e+00
5.060135040000000028e-01 3.046700954437255859e+00
5.088468539999999596e-01 3.059828996658325195e+00
5.116802599999999979e-01 3.098006725311279297e+00
5.145137220000000067e-01 3.031354188919067383e+00
5.173472409999999577e-01 2.864040613174438477e+00
5.201808159999999903e-01 3.001303672790527344e+00
5.230144469999999934e-01 3.126504182815551758e+00
5.258481339999999671e-01 3.122757196426391602e+00
5.286818779999999940e-01 3.169657945632934570e+00
5.315156779999999914e-01 3.284694671630859375e+00
5.343495339999999594e-01 3.264986038208007812e+00
5.371834460000000089e-01 3.306987047195434570e+00
5.400174150000000006e-01 3.252930879592895508e+00
5.428514389999999912e-01 3.277281999588012695e+00
5.456855200000000350e-01 3.339804410934448242e+00
5.485196580000000210e-01 3.341327190399169922e+00
5.513538510000000059e-01 3.374099969863891602e+00
5.541881010000000440e-01 3.416567564010620117e+00
5.570224070000000527e-01 3.376029729843139648e+00
5.598567690000000319e-01 3.328568696975708008e+00
5.626911869999999816e-01 3.380614995956420898e+00
5.655256619999999845e-01 3.379413366317749023e+00
5.683601929999999580e-01 3.337494850158691406e+00
5.711947800000000131e-01 3.307901144027709961e+00
5.740294230000000386e-01 3.359158515930175781e+00
5.768641230000000064e-01 3.325629472732543945e+00
5.796988789999999447e-01 3.330926179885864258e+00
5.825336909999999646e-01 3.410430431365966797e+00
5.853685589999999550e-01 3.365139961242675781e+00
5.882034839999999987e-01 3.148499011993408203e+00
5.910384650000000129e-01 3.006404876708984375e+00
5.938735019999999976e-01 3.060588121414184570e+00
5.967085949999999528e-01 3.059547424316406250e+00
5.995437449999999613e-01 3.025433778762817383e+00
6.023789510000000513e-01 2.981897830963134766e+00
6.052142130000000009e-01 2.989425897598266602e+00
6.080495310000000320e-01 2.945195674896240234e+00
6.108849060000000053e-01 2.857460260391235352e+00
6.137203359999999774e-01 2.764269351959228516e+00
6.165558230000000028e-01 2.753003358840942383e+00
6.193913669999999705e-01 2.823494195938110352e+00
6.222269660000000480e-01 2.808957338333129883e+00
6.250626219999999567e-01 2.747563600540161133e+00
6.278983339999999469e-01 2.677307605743408203e+00
6.307341020000000187e-01 2.653808355331420898e+00
6.335699259999999500e-01 2.686404466629028320e+00
6.364058070000000455e-01 2.722020864486694336e+00
6.392417440000000006e-01 2.721072196960449219e+00
6.420777370000000372e-01 2.691608428955078125e+00
6.449137860000000444e-01 2.650468826293945312e+00
6.477498919999999938e-01 2.533111810684204102e+00
6.505860540000000247e-01 2.523974180221557617e+00
6.534222720000000262e-01 2.513589859008789062e+00
6.562585459999999982e-01 2.313423871994018555e+00
6.590948770000000234e-01 2.419095516204833984e+00
6.619312640000000192e-01 2.479548931121826172e+00
6.647677069999999855e-01 2.457614660263061523e+00
6.676042060000000333e-01 2.445198297500610352e+00
6.704407620000000234e-01 2.423942565917968750e+00
6.732773739999999840e-01 2.401956796646118164e+00
6.761140420000000262e-01 2.381154537200927734e+00
6.789507660000000389e-01 2.364316463470458984e+00
6.817875469999999938e-01 2.336168527603149414e+00
6.846243829999999475e-01 2.251674652099609375e+00
6.874612759999999545e-01 1.885367751121520996e+00
6.902982260000000148e-01 1.904738783836364746e+00
6.931352309999999628e-01 1.943437933921813965e+00
6.959722929999999641e-01 1.950754880905151367e+00
6.988094110000000470e-01 1.928756117820739746e+00
7.016465849999999893e-01 1.818044543266296387e+00
7.044838150000000132e-01 1.824774026870727539e+00
7.073211019999999793e-01 1.787154674530029297e+00
7.101584450000000270e-01 1.730850934982299805e+00
7.129958440000000452e-01 1.622013211250305176e+00
7.158332990000000340e-01 1.375519156455993652e+00
7.186708109999999650e-01 9.927886724472045898e-01
7.215083789999999775e-01 1.025617718696594238e+00
7.243460029999999605e-01 9.440900087356567383e-01
7.271836830000000251e-01 8.540294170379638672e-01
7.300214200000000320e-01 8.014972805976867676e-01
7.328592130000000093e-01 8.226484656333923340e-01
7.356970619999999572e-01 8.131786584854125977e-01
7.385349669999999866e-01 7.903684973716735840e-01
7.413729289999999583e-01 7.943914532661437988e-01
7.442109470000000115e-01 8.071758151054382324e-01
7.470490210000000353e-01 8.028323650360107422e-01
7.498871510000000296e-01 7.951744794845581055e-01
7.527253379999999661e-01 7.870347499847412109e-01
7.555635800000000124e-01 7.804017663002014160e-01
7.584018790000000010e-01 6.402394771575927734e-01
7.612402350000000428e-01 3.019860386848449707e-01
7.640786459999999725e-01 3.574143946170806885e-01
7.669171139999999554e-01 5.858659744262695312e-01
7.697556380000000198e-01 7.146964669227600098e-01
7.725942180000000548e-01 7.341868281364440918e-01
7.754328539999999492e-01 7.400078177452087402e-01
7.782715470000000080e-01 7.423267960548400879e-01
7.811102960000000373e-01 7.430554628372192383e-01
7.839491010000000371e-01 7.484160065650939941e-01
7.867879620000000074e-01 7.329205870628356934e-01
7.896268800000000310e-01 7.180134057998657227e-01
7.924658540000000251e-01 7.130912542343139648e-01
7.953048839999999897e-01 7.223328351974487305e-01
7.981439700000000359e-01 7.309432625770568848e-01
8.009831130000000243e-01 7.204225659370422363e-01
8.038223119999999833e-01 7.213850617408752441e-01
8.066615670000000238e-01 7.420485615730285645e-01
8.095008780000000348e-01 7.107630968093872070e-01
8.123402459999999881e-01 6.303834319114685059e-01
8.151796700000000229e-01 5.185968279838562012e-01
8.180191500000000282e-01 4.894161522388458252e-01
8.208586860000000041e-01 5.219540596008300781e-01
8.236982790000000332e-01 4.784111976623535156e-01
8.265379269999999501e-01 5.009443759918212891e-01
8.293776320000000313e-01 4.490793347358703613e-01
8.322173940000000547e-01 4.304685890674591064e-01
8.350572109999999659e-01 4.404920339584350586e-01
8.378970850000000414e-01 4.458090364933013916e-01
8.407370149999999764e-01 4.494911730289459229e-01
8.435770009999999930e-01 4.408767819404602051e-01
8.464170429999999801e-01 4.419284760951995850e-01
8.492571420000000204e-01 4.170007407665252686e-01
8.520972970000000313e-01 4.051530659198760986e-01
8.549375080000000127e-01 3.805114924907684326e-01
8.577777749999999646e-01 4.045808315277099609e-01
8.606180989999999698e-01 4.023719727993011475e-01
8.634584789999999455e-01 3.927529454231262207e-01
8.662989150000000027e-01 3.590646088123321533e-01
8.691394070000000305e-01 3.722375631332397461e-01
8.719799560000000005e-01 3.719661831855773926e-01
8.748205610000000521e-01 3.533105552196502686e-01
8.776612219999999631e-01 3.473253250122070312e-01
8.805019389999999557e-01 3.375527262687683105e-01
8.833427130000000016e-01 3.287714719772338867e-01
8.861835430000000180e-01 3.196971714496612549e-01
8.890244290000000049e-01 3.071769177913665771e-01
8.918653709999999624e-01 2.964363992214202881e-01
8.947063699999999731e-01 2.496578395366668701e-01
8.975474239999999826e-01 2.036356180906295776e-01
9.003885350000000454e-01 1.809494644403457642e-01
9.032297030000000504e-01 2.102275788784027100e-01
9.060709260000000542e-01 2.091722339391708374e-01
9.089122060000000003e-01 1.713854819536209106e-01
9.117535420000000279e-01 1.663806438446044922e-01
9.145949340000000261e-01 1.545038521289825439e-01
9.174363819999999947e-01 1.549080461263656616e-01
9.202778870000000166e-01 1.792549043893814087e-01
9.231194480000000091e-01 1.751150786876678467e-01
9.259610649999999721e-01 1.579183638095855713e-01
9.288027380000000166e-01 1.119135096669197083e-01
9.316444680000000034e-01 6.296040862798690796e-02
9.344862539999999607e-01 3.561795502901077271e-02
9.373280959999999995e-01 3.595085442066192627e-02
9.401699940000000089e-01 6.001765280961990356e-02
9.430119489999999605e-01 5.094772204756736755e-02
9.458539599999999936e-01 4.776031151413917542e-02
9.486960269999999973e-01 5.021524429321289062e-02
9.515381499999999715e-01 5.152767524123191833e-02
9.543803299999999989e-01 5.242885649204254150e-02
9.572225659999999969e-01 5.733283236622810364e-02
9.600648579999999654e-01 5.913107097148895264e-02
9.629072060000000155e-01 6.845062971115112305e-02
9.657496110000000078e-01 7.487545162439346313e-02
9.685920709999999989e-01 9.804198145866394043e-02
9.714345880000000433e-01 1.059865504503250122e-01
9.742771620000000299e-01 9.784801304340362549e-02
9.771197910000000153e-01 9.793239831924438477e-02
9.799624770000000540e-01 1.025444418191909790e-01
9.828052189999999522e-01 1.123540401458740234e-01
9.856480170000000429e-01 1.201197206974029541e-01
9.884908709999999932e-01 1.236606091260910034e-01
9.913337819999999967e-01 1.242396384477615356e-01
9.941767489999999707e-01 1.325133591890335083e-01
9.970197720000000263e-01 1.314810365438461304e-01
9.998628510000000524e-01 1.290232092142105103e-01
1.002705986999999910e+00 1.311503946781158447e-01
1.005549178999999960e+00 1.257343590259552002e-01
1.008392426999999980e+00 1.249158456921577454e-01
1.011235730999999971e+00 1.293626129627227783e-01
1.014079092000000015e+00 1.306909322738647461e-01
1.016922509000000030e+00 1.283125579357147217e-01
1.019765982000000015e+00 1.297748237848281860e-01
1.022609510999999971e+00 1.302871108055114746e-01
1.025453096999999980e+00 1.350473463535308838e-01
1.028296738999999960e+00 1.366873383522033691e-01
1.031140436999999910e+00 1.324666291475296021e-01
1.033984191000000052e+00 1.358221173286437988e-01
1.036828002000000026e+00 1.267173886299133301e-01
1.039671868000000110e+00 1.359648257493972778e-01
1.042515791000000025e+00 1.384449899196624756e-01
1.045359770999999993e+00 1.335586011409759521e-01
