3.615872339999999796e-01 1.350920200347900391e+00
3.644177160000000026e-01 1.506008267402648926e+00
3.672482539999999962e-01 1.604191303253173828e+00
3.700788480000000158e-01 1.571276307106018066e+00
3.729094980000000059e-01 1.414559841156005859e+00
3.757402049999999938e-01 1.495285391807556152e+00
3.785709680000000077e-01 1.654739856719970703e+00
3.814017869999999921e-01 1.408747076988220215e+00
3.842326620000000026e-01 1.309711456298828125e+00
3.870635940000000108e-01 1.423524737358093262e+00
3.898945819999999896e-01 1.622069358825683594e+00
3.927256259999999943e-01 1.441839814186096191e+00
3.955567260000000251e-01 1.443388342857360840e+00
3.983878829999999982e-01 1.855512022972106934e+00
4.012190950000000256e-01 2.303036928176879883e+00
4.040503639999999952e-01 2.261182308197021484e+00
4.068816900000000181e-01 2.244493484497070312e+00
4.097130709999999842e-01 2.272818565368652344e+00
4.125445090000000037e-01 2.356446743011474609e+00
4.153760029999999936e-01 2.371593236923217773e+00
4.182075530000000096e-01 2.341594219207763672e+00
4.210391589999999962e-01 2.346050262451171875e+00
4.238708219999999804e-01 2.299132347106933594e+00
4.267025409999999908e-01 2.258502721786499023e+00
4.295343160000000271e-01 2.040216684341430664e+00
4.323661469999999785e-01 2.165029048919677734e+00
4.351980349999999831e-01 2.363329172134399414e+00
4.380299790000000137e-01 2.402911186218261719e+00
4.408619790000000149e-01 2.476546049118041992e+00
4.436940349999999866e-01 2.607416629791259766e+00
4.465261480000000116e-01 2.631715059280395508e+00
4.493583170000000071e-01 2.793579101562500000e+00
4.521905419999999731e-01 2.819382905960083008e+00
4.550228230000000207e-01 2.801358699798583984e+00
4.578551610000000105e-01 2.858816862106323242e+00
4.606875550000000263e-01 2.877353429794311523e+00
4.635200050000000127e-01 2.901432275772094727e+00
4.663525110000000251e-01 2.838095188140869141e+00
4.691850739999999798e-01 2.832885265350341797e+00
4.720176919999999887e-01 2.869475364685058594e+00
4.748503669999999954e-01 2.914023160934448242e+00
4.776830989999999999e-01 2.946664810180664062e+00
4.805158860000000032e-01 3.007624626159667969e+00
4.833487300000000042e-01 2.997306346893310547e+00
4.861816299999999758e-01 2.754361152648925781e+00
4.890145859999999733e-01 2.883356571197509766e+00
4.918475979999999970e-01 2.941850900650024414e+00
4.946806670000000183e-01 3.010445594787597656e+00
4.975137920000000102e-01 3.031266450881958008e+00
5.003469729999999727e-01 2.955865621566772461e+00
5.031802100000000166e-01 2.931110620498657227e+00
5.060135040000000028e-01 3.020582675933837891e+00
5.088468539999999596e-01 3.048272848129272461e+00
5.116802599999999979e-01 3.073568820953369141e+00
5.145137220000000067e-01 3.013399124145507812e+00
5.173472409999999577e-01 2.851638555526733398e+00
5.201808159999999903e-01 2.985803127288818359e+00
5.230144469999999934e-01 3.115613937377929688e+00
5.258481339999999671e-01 3.124112129211425781e+00
5.286818779999999940e-01 3.162447214126586914e+00
5.315156779999999914e-01 3.264935493469238281e+00
5.343495339999999594e-01 3.259619235992431641e+00
5.371834460000000089e-01 3.300434350967407227e+00
5.400174150000000006e-01 3.236340284347534180e+00
5.428514389999999912e-01 3.260861396789550781e+00
5.456855200000000350e-01 3.324173688888549805e+00
5.485196580000000210e-01 3.336553812026977539e+00
5.513538510000000059e-01 3.361412763595581055e+00
5.541881010000000440e-01 3.385401487350463867e+00
5.570224070000000527e-01 3.353840827941894531e+00
5.598567690000000319e-01 3.310869455337524414e+00
5.626911869999999816e-01 3.360684394836425781e+00
5.655256619999999845e-01 3.351927757263183594e+00
5.683601929999999580e-01 3.317474842071533203e+00
5.711947800000000131e-01 3.290092706680297852e+00
5.740294230000000386e-01 3.333404064178466797e+00
5.768641230000000064e-01 3.313493251800537109e+00
5.796988789999999447e-01 3.310642242431640625e+00
5.825336909999999646e-01 3.387446641921997070e+00
5.853685589999999550e-01 3.349821090698242188e+00
5.882034839999999987e-01 3.126483917236328125e+00
5.910384650000000129e-01 2.990590095520019531e+00
5.938735019999999976e-01 3.032954216003417969e+00
5.967085949999999528e-01 3.021707534790039062e+00
5.995437449999999613e-01 2.975988388061523438e+00
6.023789510000000513e-01 2.932468175888061523e+00
6.052142130000000009e-01 2.944390296936035156e+00
6.080495310000000320e-01 2.896704673767089844e+00
6.108849060000000053e-01 2.800276517868041992e+00
6.137203359999999774e-01 2.713669538497924805e+00
6.165558230000000028e-01 2.692325353622436523e+00
6.193913669999999705e-01 2.769623994827270508e+00
6.222269660000000480e-01 2.752392053604125977e+00
6.250626219999999567e-01 2.688549518585205078e+00
6.278983339999999469e-01 2.609690904617309570e+00
6.307341020000000187e-01 2.594734191894531250e+00
6.335699259999999500e-01 2.618886470794677734e+00
6.364058070000000455e-01 2.649198293685913086e+00
6.392417440000000006e-01 2.648989200592041016e+00
6.420777370000000372e-01 2.616805791854858398e+00
6.449137860000000444e-01 2.584237098693847656e+00
6.477498919999999938e-01 2.465947389602661133e+00
6.505860540000000247e-01 2.454834222793579102e+00
6.534222720000000262e-01 2.444415092468261719e+00
6.562585459999999982e-01 2.244115829467773438e+00
6.590948770000000234e-01 2.345432758331298828e+00
6.619312640000000192e-01 2.395556211471557617e+00
6.647677069999999855e-01 2.370105028152465820e+00
6.676042060000000333e-01 2.351156711578369141e+00
6.704407620000000234e-01 2.317916870117187500e+00
6.732773739999999840e-01 2.292408466339111328e+00
6.761140420000000262e-01 2.283095598220825195e+00
6.789507660000000389e-01 2.259878396987915039e+00
6.817875469999999938e-01 2.243649005889892578e+00
6.846243829999999475e-01 2.161826848983764648e+00
6.874612759999999545e-01 1.810884594917297363e+00
6.902982260000000148e-01 1.836164951324462891e+00
6.931352309999999628e-01 1.872645974159240723e+00
6.959722929999999641e-01 1.887509226799011230e+00
6.988094110000000470e-01 1.871009349822998047e+00
7.016465849999999893e-01 1.757194519042968750e+00
7.044838150000000132e-01 1.751464605331420898e+00
7.073211019999999793e-01 1.709562182426452637e+00
7.101584450000000270e-01 1.646793723106384277e+00
7.129958440000000452e-01 1.536605954170227051e+00
7.158332990000000340e-01 1.297722339630126953e+00
7.186708109999999650e-01 9.450210928916931152e-01
7.215083789999999775e-01 9.638714194297790527e-01
7.243460029999999605e-01 8.811933994293212891e-01
7.271836830000000251e-01 7.995107769966125488e-01
7.300214200000000320e-01 7.386762499809265137e-01
7.328592130000000093e-01 7.514303326606750488e-01
7.356970619999999572e-01 7.511755824089050293e-01
7.385349669999999866e-01 7.293993234634399414e-01
7.413729289999999583e-01 7.270868420600891113e-01
7.442109470000000115e-01 7.441216111183166504e-01
7.470490210000000353e-01 7.381775975227355957e-01
7.498871510000000296e-01 7.301356196403503418e-01
7.527253379999999661e-01 7.193249464035034180e-01
7.555635800000000124e-01 7.090905904769897461e-01
7.584018790000000010e-01 5.812454223632812500e-01
7.612402350000000428e-01 2.742483615875244141e-01
7.640786459999999725e-01 3.323985636234283447e-01
7.669171139999999554e-01 5.304648876190185547e-01
7.697556380000000198e-01 6.462699770927429199e-01
7.725942180000000548e-01 6.666538715362548828e-01
7.754328539999999492e-01 6.682308912277221680e-01
7.782715470000000080e-01 6.721798777580261230e-01
7.811102960000000373e-01 6.779726743698120117e-01
7.839491010000000371e-01 6.804395318031311035e-01
7.867879620000000074e-01 6.682484149932861328e-01
7.896268800000000310e-01 6.496137976646423340e-01
7.924658540000000251e-01 6.485648155212402344e-01
7.953048839999999897e-01 6.471310853958129883e-01
7.981439700000000359e-01 6.620393991470336914e-01
8.009831130000000243e-01 6.516491770744323730e-01
8.038223119999999833e-01 6.551138162612915039e-01
8.066615670000000238e-01 6.701767444610595703e-01
8.095008780000000348e-01 6.429260373115539551e-01
8.123402459999999881e-01 5.707854628562927246e-01
8.151796700000000229e-01 4.665608406066894531e-01
8.180191500000000282e-01 4.434148073196411133e-01
8.208586860000000041e-01 4.771255254745483398e-01
8.236982790000000332e-01 4.358184039592742920e-01
8.265379269999999501e-01 4.533254206180572510e-01
8.293776320000000313e-01 4.006012082099914551e-01
8.322173940000000547e-01 3.827750086784362793e-01
8.350572109999999659e-01 3.939418196678161621e-01
8.378970850000000414e-01 4.000614285469055176e-01
8.407370149999999764e-01 4.001794159412384033e-01
8.435770009999999930e-01 3.970060944557189941e-01
8.464170429999999801e-01 3.949674665927886963e-01
8.492571420000000204e-01 3.761436343193054199e-01
8.520972970000000313e-01 3.621512055397033691e-01
8.549375080000000127e-01 3.372848331928253174e-01
8.577777749999999646e-01 3.614619970321655273e-01
8.606180989999999698e-01 3.589730560779571533e-01
8.634584789999999455e-01 3.482304215431213379e-01
8.662989150000000027e-01 3.215250372886657715e-01
8.691394070000000305e-01 3.277960419654846191e-01
8.719799560000000005e-01 3.266603350639343262e-01
8.748205610000000521e-01 3.179849088191986084e-01
8.776612219999999631e-01 3.081800937652587891e-01
8.805019389999999557e-01 2.983885407447814941e-01
8.833427130000000016e-01 2.929688394069671631e-01
8.861835430000000180e-01 2.827299237251281738e-01
8.890244290000000049e-01 2.818908095359802246e-01
8.918653709999999624e-01 2.660211026668548584e-01
8.947063699999999731e-01 2.196239978075027466e-01
8.975474239999999826e-01 1.789460182189941406e-01
9.003885350000000454e-01 1.579748690128326416e-01
9.032297030000000504e-01 1.839980185031890869e-01
9.060709260000000542e-01 1.826095581054687500e-01
9.089122060000000003e-01 1.496565788984298706e-01
9.117535420000000279e-01 1.490086466073989868e-01
9.145949340000000261e-01 1.393350958824157715e-01
9.174363819999999947e-01 1.371508985757827759e-01
9.202778870000000166e-01 1.577795445919036865e-01
9.231194480000000091e-01 1.493639349937438965e-01
9.259610649999999721e-01 1.354801505804061890e-01
9.288027380000000166e-01 9.670692682266235352e-02
9.316444680000000034e-01 5.159405618906021118e-02
9.344862539999999607e-01 3.078359179198741913e-02
9.373280959999999995e-01 3.217514604330062866e-02
9.401699940000000089e-01 5.424105748534202576e-02
9.430119489999999605e-01 4.247872903943061829e-02
9.458539599999999936e-01 4.049688950181007385e-02
9.486960269999999973e-01 3.824390470981597900e-02
9.515381499999999715e-01 4.440516978502273560e-02
9.543803299999999989e-01 4.343945905566215515e-02
9.572225659999999969e-01 4.844802990555763245e-02
9.600648579999999654e-01 5.296089872717857361e-02
9.629072060000000155e-01 6.107566505670547485e-02
9.657496110000000078e-01 6.520317494869232178e-02
9.685920709999999989e-01 8.944953978061676025e-02
9.714345880000000433e-01 9.214928001165390015e-02
9.742771620000000299e-01 7.830718159675598145e-02
9.771197910000000153e-01 8.489491790533065796e-02
9.799624770000000540e-01 9.351918101310729980e-02
9.828052189999999522e-01 9.851936995983123779e-02
9.856480170000000429e-01 1.058298051357269287e-01
9.884908709999999932e-01 1.112250313162803650e-01
9.913337819999999967e-01 1.118425503373146057e-01
9.941767489999999707e-01 1.105152219533920288e-01
9.970197720000000263e-01 1.180806234478950500e-01
9.998628510000000524e-01 1.133914664387702942e-01
1.002705986999999910e+00 1.109185367822647095e-01
1.005549178999999960e+00 1.055081710219383240e-01
1.008392426999999980e+00 1.078633591532707214e-01
1.011235730999999971e+00 1.077879294753074646e-01
1.014079092000000015e+00 1.107801049947738647e-01
1.016922509000000030e+00 1.084507927298545837e-01
1.019765982000000015e+00 1.101832911372184753e-01
1.022609510999999971e+00 1.055101305246353149e-01
1.025453096999999980e+00 1.094777211546897888e-01
1.028296738999999960e+00 1.081059724092483521e-01
1.031140436999999910e+00 1.082237139344215393e-01
1.033984191000000052e+00 1.110683232545852661e-01
1.036828002000000026e+00 1.116503030061721802e-01
1.039671868000000110e+00 1.091400384902954102e-01
1.042515791000000025e+00 1.096329540014266968e-01
1.045359770999999993e+00 1.000089049339294434e-01
