3.615872339999999796e-01 1.296962022781372070e+00
3.644177160000000026e-01 1.478166580200195312e+00
3.672482539999999962e-01 1.593694806098937988e+00
3.700788480000000158e-01 1.559319138526916504e+00
3.729094980000000059e-01 1.431657195091247559e+00
3.757402049999999938e-01 1.490631937980651855e+00
3.785709680000000077e-01 1.666137099266052246e+00
3.814017869999999921e-01 1.427935957908630371e+00
3.842326620000000026e-01 1.289132475852966309e+00
3.870635940000000108e-01 1.427258253097534180e+00
3.898945819999999896e-01 1.588065028190612793e+00
3.927256259999999943e-01 1.399402022361755371e+00
3.955567260000000251e-01 1.448439478874206543e+00
3.983878829999999982e-01 1.792325973510742188e+00
4.012190950000000256e-01 2.236746072769165039e+00
4.040503639999999952e-01 2.235928773880004883e+00
4.068816900000000181e-01 2.208559513092041016e+00
4.097130709999999842e-01 2.236680746078491211e+00
4.125445090000000037e-01 2.356206893920898438e+00
4.153760029999999936e-01 2.348556995391845703e+00
4.182075530000000096e-01 2.300983428955078125e+00
4.210391589999999962e-01 2.292372465133666992e+00
4.238708219999999804e-01 2.262889146804809570e+00
4.267025409999999908e-01 2.213030099868774414e+00
4.295343160000000271e-01 1.997481346130371094e+00
4.323661469999999785e-01 2.131890535354614258e+00
4.351980349999999831e-01 2.328863143920898438e+00
4.380299790000000137e-01 2.337695360183715820e+00
4.408619790000000149e-01 2.410094261169433594e+00
4.436940349999999866e-01 2.557077646255493164e+00
4.465261480000000116e-01 2.577620744705200195e+00
4.493583170000000071e-01 2.734334230422973633e+00
4.521905419999999731e-01 2.722975254058837891e+00
4.550228230000000207e-01 2.722702026367187500e+00
4.578551610000000105e-01 2.756324291229248047e+00
4.606875550000000263e-01 2.784792900085449219e+00
4.635200050000000127e-01 2.806628704071044922e+00
4.663525110000000251e-01 2.738955974578857422e+00
4.691850739999999798e-01 2.741178274154663086e+00
4.720176919999999887e-01 2.781096696853637695e+00
4.748503669999999954e-01 2.804925680160522461e+00
4.776830989999999999e-01 2.853873729705810547e+00
4.805158860000000032e-01 2.905159235000610352e+00
4.833487300000000042e-01 2.890436172485351562e+00
4.861816299999999758e-01 2.648551464080810547e+00
4.890145859999999733e-01 2.766136169433593750e+00
4.918475979999999970e-01 2.832487106323242188e+00
4.946806670000000183e-01 2.896081686019897461e+00
4.975137920000000102e-01 2.913986206054687500e+00
5.003469729999999727e-01 2.833701610565185547e+00
5.031802100000000166e-01 2.812422752380371094e+00
5.060135040000000028e-01 2.898892164230346680e+00
5.088468539999999596e-01 2.903137922286987305e+00
5.116802599999999979e-01 2.948799133300781250e+00
5.145137220000000067e-01 2.870650053024291992e+00
5.173472409999999577e-01 2.716259717941284180e+00
5.201808159999999903e-01 2.842339992523193359e+00
5.230144469999999934e-01 2.966154575347900391e+00
5.258481339999999671e-01 2.973717927932739258e+00
5.286818779999999940e-01 3.013629913330078125e+00
5.315156779999999914e-01 3.113656759262084961e+00
5.343495339999999594e-01 3.093335151672363281e+00
5.371834460000000089e-01 3.145236253738403320e+00
5.400174150000000006e-01 3.086162090301513672e+00
5.428514389999999912e-01 3.097143411636352539e+00
5.456855200000000350e-01 3.155312061309814453e+00
5.485196580000000210e-01 3.176886558532714844e+00
5.513538510000000059e-01 3.193367242813110352e+00
5.541881010000000440e-01 3.210685491561889648e+00
5.570224070000000527e-01 3.185057878494262695e+00
5.598567690000000319e-01 3.148892879486083984e+00
5.626911869999999816e-01 3.183625459671020508e+00
5.655256619999999845e-01 3.181895256042480469e+00
5.683601929999999580e-01 3.153815031051635742e+00
5.711947800000000131e-01 3.120802640914916992e+00
5.740294230000000386e-01 3.159233808517456055e+00
5.768641230000000064e-01 3.127896070480346680e+00
5.796988789999999447e-01 3.137428045272827148e+00
5.825336909999999646e-01 3.196066379547119141e+00
5.853685589999999550e-01 3.161971807479858398e+00
5.882034839999999987e-01 2.940297365188598633e+00
5.910384650000000129e-01 2.803087234497070312e+00
5.938735019999999976e-01 2.849028348922729492e+00
5.967085949999999528e-01 2.829684257507324219e+00
5.995437449999999613e-01 2.775964975357055664e+00
6.023789510000000513e-01 2.727051496505737305e+00
6.052142130000000009e-01 2.727185249328613281e+00
6.080495310000000320e-01 2.691391468048095703e+00
6.108849060000000053e-01 2.599479198455810547e+00
6.137203359999999774e-01 2.532747745513916016e+00
6.165558230000000028e-01 2.496664285659790039e+00
6.193913669999999705e-01 2.563305139541625977e+00
6.222269660000000480e-01 2.528473377227783203e+00
6.250626219999999567e-01 2.475412607192993164e+00
6.278983339999999469e-01 2.417804241180419922e+00
6.307341020000000187e-01 2.397338151931762695e+00
6.335699259999999500e-01 2.420921325683593750e+00
6.364058070000000455e-01 2.441320896148681641e+00
6.392417440000000006e-01 2.440024614334106445e+00
6.420777370000000372e-01 2.412635803222656250e+00
6.449137860000000444e-01 2.372652053833007812e+00
6.477498919999999938e-01 2.268439054489135742e+00
6.505860540000000247e-01 2.247031450271606445e+00
6.534222720000000262e-01 2.238397598266601562e+00
6.562585459999999982e-01 2.049909830093383789e+00
6.590948770000000234e-01 2.141866922378540039e+00
6.619312640000000192e-01 2.183112621307373047e+00
6.647677069999999855e-01 2.166264057159423828e+00
6.676042060000000333e-01 2.146438837051391602e+00
6.704407620000000234e-01 2.123956203460693359e+00
6.732773739999999840e-01 2.100203275680541992e+00
6.761140420000000262e-01 2.088161468505859375e+00
6.789507660000000389e-01 2.067018508911132812e+00
6.817875469999999938e-01 2.038751840591430664e+00
6.846243829999999475e-01 1.962740540504455566e+00
6.874612759999999545e-01 1.632540464401245117e+00
6.902982260000000148e-01 1.660666584968566895e+00
6.931352309999999628e-01 1.682529807090759277e+00
6.959722929999999641e-01 1.688176035881042480e+00
6.988094110000000470e-01 1.664410471916198730e+00
7.016465849999999893e-01 1.560008525848388672e+00
7.044838150000000132e-01 1.544351935386657715e+00
7.073211019999999793e-01 1.510876774787902832e+00
7.101584450000000270e-01 1.439511179924011230e+00
7.129958440000000452e-01 1.347085356712341309e+00
7.158332990000000340e-01 1.140477895736694336e+00
7.186708109999999650e-01 8.226310610771179199e-01
7.215083789999999775e-01 8.389813303947448730e-01
7.243460029999999605e-01 7.661951184272766113e-01
7.271836830000000251e-01 6.922241449356079102e-01
7.300214200000000320e-01 6.457462906837463379e-01
7.328592130000000093e-01 6.621286273002624512e-01
7.356970619999999572e-01 6.489844918251037598e-01
7.385349669999999866e-01 6.355256438255310059e-01
7.413729289999999583e-01 6.334497928619384766e-01
7.442109470000000115e-01 6.432040929794311523e-01
7.470490210000000353e-01 6.408385038375854492e-01
7.498871510000000296e-01 6.314234733581542969e-01
7.527253379999999661e-01 6.250700950622558594e-01
7.555635800000000124e-01 6.167182922363281250e-01
7.584018790000000010e-01 5.075961947441101074e-01
7.612402350000000428e-01 2.361261844635009766e-01
7.640786459999999725e-01 2.923843264579772949e-01
7.669171139999999554e-01 4.627579152584075928e-01
7.697556380000000198e-01 5.631468892097473145e-01
7.725942180000000548e-01 5.830403566360473633e-01
7.754328539999999492e-01 5.820624828338623047e-01
7.782715470000000080e-01 5.851050615310668945e-01
7.811102960000000373e-01 5.842443704605102539e-01
7.839491010000000371e-01 5.872100591659545898e-01
7.867879620000000074e-01 5.760686993598937988e-01
7.896268800000000310e-01 5.556040406227111816e-01
7.924658540000000251e-01 5.598214864730834961e-01
7.953048839999999897e-01 5.657715797424316406e-01
7.981439700000000359e-01 5.720043182373046875e-01
8.009831130000000243e-01 5.681530237197875977e-01
8.038223119999999833e-01 5.644240379333496094e-01
8.066615670000000238e-01 5.750523805618286133e-01
8.095008780000000348e-01 5.480700731277465820e-01
8.123402459999999881e-01 4.928986430168151855e-01
8.151796700000000229e-01 4.033515453338623047e-01
8.180191500000000282e-01 3.798107206821441650e-01
8.208586860000000041e-01 4.104556441307067871e-01
8.236982790000000332e-01 3.782427310943603516e-01
8.265379269999999501e-01 3.900658190250396729e-01
8.293776320000000313e-01 3.527197241783142090e-01
8.322173940000000547e-01 3.395107388496398926e-01
8.350572109999999659e-01 3.433280885219573975e-01
8.378970850000000414e-01 3.486970961093902588e-01
8.407370149999999764e-01 3.497964441776275635e-01
8.435770009999999930e-01 3.488107621669769287e-01
8.464170429999999801e-01 3.480299711227416992e-01
8.492571420000000204e-01 3.265189230442047119e-01
8.520972970000000313e-01 3.152709901332855225e-01
8.549375080000000127e-01 2.973603308200836182e-01
8.577777749999999646e-01 3.141344189643859863e-01
8.606180989999999698e-01 3.092247545719146729e-01
8.634584789999999455e-01 3.075830638408660889e-01
8.662989150000000027e-01 2.795146405696868896e-01
8.691394070000000305e-01 2.861223816871643066e-01
8.719799560000000005e-01 2.844988107681274414e-01
8.748205610000000521e-01 2.774686217308044434e-01
8.776612219999999631e-01 2.713880240917205811e-01
8.805019389999999557e-01 2.627617716789245605e-01
8.833427130000000016e-01 2.582235932350158691e-01
8.861835430000000180e-01 2.473753094673156738e-01
8.890244290000000049e-01 2.480234354734420776e-01
8.918653709999999624e-01 2.277555316686630249e-01
8.947063699999999731e-01 1.968903243541717529e-01
8.975474239999999826e-01 1.572494655847549438e-01
9.003885350000000454e-01 1.424002498388290405e-01
9.032297030000000504e-01 1.683235317468643188e-01
9.060709260000000542e-01 1.675812751054763794e-01
9.089122060000000003e-01 1.324375271797180176e-01
9.117535420000000279e-01 1.338869780302047729e-01
9.145949340000000261e-01 1.248477324843406677e-01
9.174363819999999947e-01 1.232699751853942871e-01
9.202778870000000166e-01 1.465869396924972534e-01
9.231194480000000091e-01 1.353074908256530762e-01
9.259610649999999721e-01 1.269769221544265747e-01
9.288027380000000166e-01 9.076551347970962524e-02
9.316444680000000034e-01 5.003713443875312805e-02
9.344862539999999607e-01 2.710787393152713776e-02
9.373280959999999995e-01 3.158881887793540955e-02
9.401699940000000089e-01 4.692431539297103882e-02
9.430119489999999605e-01 4.143214225769042969e-02
9.458539599999999936e-01 3.948096930980682373e-02
9.486960269999999973e-01 4.004323482513427734e-02
9.515381499999999715e-01 4.437300562858581543e-02
9.543803299999999989e-01 4.354918375611305237e-02
9.572225659999999969e-01 5.018849298357963562e-02
9.600648579999999654e-01 4.824377596378326416e-02
9.629072060000000155e-01 5.622217059135437012e-02
9.657496110000000078e-01 6.571913510560989380e-02
9.685920709999999989e-01 8.197195827960968018e-02
9.714345880000000433e-01 8.878079056739807129e-02
9.742771620000000299e-01 7.829478383064270020e-02
9.771197910000000153e-01 8.460242301225662231e-02
9.799624770000000540e-01 8.504287153482437134e-02
9.828052189999999522e-01 8.636233210563659668e-02
9.856480170000000429e-01 9.710031747817993164e-02
9.884908709999999932e-01 1.005857959389686584e-01
9.913337819999999967e-01 9.900885820388793945e-02
9.941767489999999707e-01 1.016302630305290222e-01
9.970197720000000263e-01 1.036597266793251038e-01
9.998628510000000524e-01 1.041258350014686584e-01
1.002705986999999910e+00 1.049869433045387268e-01
1.005549178999999960e+00 9.946144372224807739e-02
1.008392426999999980e+00 1.000384762883186340e-01
1.011235730999999971e+00 1.049802750349044800e-01
1.014079092000000015e+00 9.583473205566406250e-02
1.016922509000000030e+00 9.959395974874496460e-02
1.019765982000000015e+00 1.027501374483108521e-01
1.022609510999999971e+00 9.883543848991394043e-02
1.025453096999999980e+00 1.046245917677879333e-01
1.028296738999999960e+00 1.013860404491424561e-01
1.031140436999999910e+00 1.045670956373214722e-01
1.033984191000000052e+00 1.061332896351814270e-01
1.036828002000000026e+00 1.088904216885566711e-01
1.039671868000000110e+00 1.022970825433731079e-01
1.042515791000000025e+00 1.048173010349273682e-01
1.045359770999999993e+00 1.023863404989242554e-01
