3.615872339999999796e-01 1.294295787811279297e+00
3.644177160000000026e-01 1.395250439643859863e+00
3.672482539999999962e-01 1.596226692199707031e+00
3.700788480000000158e-01 1.541538715362548828e+00
3.729094980000000059e-01 1.414336800575256348e+00
3.757402049999999938e-01 1.478730320930480957e+00
3.785709680000000077e-01 1.617987155914306641e+00
3.814017869999999921e-01 1.399217367172241211e+00
3.842326620000000026e-01 1.289602875709533691e+00
3.870635940000000108e-01 1.433188796043395996e+00
3.898945819999999896e-01 1.594123721122741699e+00
3.927256259999999943e-01 1.382086634635925293e+00
3.955567260000000251e-01 1.417706608772277832e+00
3.983878829999999982e-01 1.844822883605957031e+00
4.012190950000000256e-01 2.253439664840698242e+00
4.040503639999999952e-01 2.255941390991210938e+00
4.068816900000000181e-01 2.220213174819946289e+00
4.097130709999999842e-01 2.268880367279052734e+00
4.125445090000000037e-01 2.349397420883178711e+00
4.153760029999999936e-01 2.387288331985473633e+00
4.182075530000000096e-01 2.296684741973876953e+00
4.210391589999999962e-01 2.335378408432006836e+00
4.238708219999999804e-01 2.296793222427368164e+00
4.267025409999999908e-01 2.250677108764648438e+00
4.295343160000000271e-01 2.024232149124145508e+00
4.323661469999999785e-01 2.164266586303710938e+00
4.351980349999999831e-01 2.370252370834350586e+00
4.380299790000000137e-01 2.402621507644653320e+00
4.408619790000000149e-01 2.485884666442871094e+00
4.436940349999999866e-01 2.614153146743774414e+00
4.465261480000000116e-01 2.661768198013305664e+00
4.493583170000000071e-01 2.811624288558959961e+00
4.521905419999999731e-01 2.824979543685913086e+00
4.550228230000000207e-01 2.792694330215454102e+00
4.578551610000000105e-01 2.859859228134155273e+00
4.606875550000000263e-01 2.876528501510620117e+00
4.635200050000000127e-01 2.906773567199707031e+00
4.663525110000000251e-01 2.854812622070312500e+00
4.691850739999999798e-01 2.837667942047119141e+00
4.720176919999999887e-01 2.877485752105712891e+00
4.748503669999999954e-01 2.920233249664306641e+00
4.776830989999999999e-01 2.960917234420776367e+00
4.805158860000000032e-01 3.024345636367797852e+00
4.833487300000000042e-01 2.986786842346191406e+00
4.861816299999999758e-01 2.763187646865844727e+00
4.890145859999999733e-01 2.895442724227905273e+00
4.918475979999999970e-01 2.959292411804199219e+00
4.946806670000000183e-01 3.023875236511230469e+00
4.975137920000000102e-01 3.040214776992797852e+00
5.003469729999999727e-01 2.964625120162963867e+00
5.031802100000000166e-01 2.943998098373413086e+00
5.060135040000000028e-01 3.043633699417114258e+00
5.088468539999999596e-01 3.053738117218017578e+00
5.116802599999999979e-01 3.092311143875122070e+00
5.145137220000000067e-01 3.022899627685546875e+00
5.173472409999999577e-01 2.864319324493408203e+00
5.201808159999999903e-01 2.994197368621826172e+00
5.230144469999999934e-01 3.121628999710083008e+00
5.258481339999999671e-01 3.134994745254516602e+00
5.286818779999999940e-01 3.171508312225341797e+00
5.315156779999999914e-01 3.288943290710449219e+00
5.343495339999999594e-01 3.274871587753295898e+00
5.371834460000000089e-01 3.325464248657226562e+00
5.400174150000000006e-01 3.259563922882080078e+00
5.428514389999999912e-01 3.280785322189331055e+00
5.456855200000000350e-01 3.348519563674926758e+00
5.485196580000000210e-01 3.356672525405883789e+00
5.513538510000000059e-01 3.390342235565185547e+00
5.541881010000000440e-01 3.405858516693115234e+00
5.570224070000000527e-01 3.379616737365722656e+00
5.598567690000000319e-01 3.327373504638671875e+00
5.626911869999999816e-01 3.391830921173095703e+00
5.655256619999999845e-01 3.370372295379638672e+00
5.683601929999999580e-01 3.348483800888061523e+00
5.711947800000000131e-01 3.315494298934936523e+00
5.740294230000000386e-01 3.362328290939331055e+00
5.768641230000000064e-01 3.336910724639892578e+00
5.796988789999999447e-01 3.350904941558837891e+00
5.825336909999999646e-01 3.425505399703979492e+00
5.853685589999999550e-01 3.383692502975463867e+00
5.882034839999999987e-01 3.161867618560791016e+00
5.910384650000000129e-01 3.032445669174194336e+00
5.938735019999999976e-01 3.097409963607788086e+00
5.967085949999999528e-01 3.090786218643188477e+00
5.995437449999999613e-01 3.051913499832153320e+00
6.023789510000000513e-01 3.016295671463012695e+00
6.052142130000000009e-01 3.030601978302001953e+00
6.080495310000000320e-01 2.980648517608642578e+00
6.108849060000000053e-01 2.867649316787719727e+00
6.137203359999999774e-01 2.818613767623901367e+00
6.165558230000000028e-01 2.792368412017822266e+00
6.193913669999999705e-01 2.860911846160888672e+00
6.222269660000000480e-01 2.845449209213256836e+00
6.250626219999999567e-01 2.777030944824218750e+00
6.278983339999999469e-01 2.709959268569946289e+00
6.307341020000000187e-01 2.693929672241210938e+00
6.335699259999999500e-01 2.718099117279052734e+00
6.364058070000000455e-01 2.752444028854370117e+00
6.392417440000000006e-01 2.758259773254394531e+00
6.420777370000000372e-01 2.730962991714477539e+00
6.449137860000000444e-01 2.697867631912231445e+00
6.477498919999999938e-01 2.575056076049804688e+00
6.505860540000000247e-01 2.570053100585937500e+00
6.534222720000000262e-01 2.552992343902587891e+00
6.562585459999999982e-01 2.349869251251220703e+00
6.590948770000000234e-01 2.464478731155395508e+00
6.619312640000000192e-01 2.529428482055664062e+00
6.647677069999999855e-01 2.502528905868530273e+00
6.676042060000000333e-01 2.485835313796997070e+00
6.704407620000000234e-01 2.460250854492187500e+00
6.732773739999999840e-01 2.430025100708007812e+00
6.761140420000000262e-01 2.427360534667968750e+00
6.789507660000000389e-01 2.410869121551513672e+00
6.817875469999999938e-01 2.380384683609008789e+00
6.846243829999999475e-01 2.295563220977783203e+00
6.874612759999999545e-01 1.925162315368652344e+00
6.902982260000000148e-01 1.962229967117309570e+00
6.931352309999999628e-01 1.993785977363586426e+00
6.959722929999999641e-01 2.011097192764282227e+00
6.988094110000000470e-01 1.992784142494201660e+00
7.016465849999999893e-01 1.884001374244689941e+00
7.044838150000000132e-01 1.889033317565917969e+00
7.073211019999999793e-01 1.853577017784118652e+00
7.101584450000000270e-01 1.792728185653686523e+00
7.129958440000000452e-01 1.681908726692199707e+00
7.158332990000000340e-01 1.431242465972900391e+00
7.186708109999999650e-01 1.040993452072143555e+00
7.215083789999999775e-01 1.068747639656066895e+00
7.243460029999999605e-01 9.847486615180969238e-01
7.271836830000000251e-01 8.931263089179992676e-01
7.300214200000000320e-01 8.362078070640563965e-01
7.328592130000000093e-01 8.543118834495544434e-01
7.356970619999999572e-01 8.466003537178039551e-01
7.385349669999999866e-01 8.204934597015380859e-01
7.413729289999999583e-01 8.276868462562561035e-01
7.442109470000000115e-01 8.419638276100158691e-01
7.470490210000000353e-01 8.388825058937072754e-01
7.498871510000000296e-01 8.292266726493835449e-01
7.527253379999999661e-01 8.218308091163635254e-01
7.555635800000000124e-01 8.104969263076782227e-01
7.584018790000000010e-01 6.632482409477233887e-01
7.612402350000000428e-01 3.100780248641967773e-01
7.640786459999999725e-01 3.821784555912017822e-01
7.669171139999999554e-01 6.110719442367553711e-01
7.697556380000000198e-01 7.459348440170288086e-01
7.725942180000000548e-01 7.739182710647583008e-01
7.754328539999999492e-01 7.736076116561889648e-01
7.782715470000000080e-01 7.787498831748962402e-01
7.811102960000000373e-01 7.835031747817993164e-01
7.839491010000000371e-01 7.850892543792724609e-01
7.867879620000000074e-01 7.712169289588928223e-01
7.896268800000000310e-01 7.524165511131286621e-01
7.924658540000000251e-01 7.555776238441467285e-01
7.953048839999999897e-01 7.535939812660217285e-01
7.981439700000000359e-01 7.650829553604125977e-01
8.009831130000000243e-01 7.598053812980651855e-01
8.038223119999999833e-01 7.598298192024230957e-01
8.066615670000000238e-01 7.850674390792846680e-01
8.095008780000000348e-01 7.458014488220214844e-01
8.123402459999999881e-01 6.635906696319580078e-01
8.151796700000000229e-01 5.447427630424499512e-01
8.180191500000000282e-01 5.120593905448913574e-01
8.208586860000000041e-01 5.538669824600219727e-01
8.236982790000000332e-01 5.082575082778930664e-01
8.265379269999999501e-01 5.261501073837280273e-01
8.293776320000000313e-01 4.698674380779266357e-01
8.322173940000000547e-01 4.462383687496185303e-01
8.350572109999999659e-01 4.557810127735137939e-01
8.378970850000000414e-01 4.610881209373474121e-01
8.407370149999999764e-01 4.635570645332336426e-01
8.435770009999999930e-01 4.615283012390136719e-01
8.464170429999999801e-01 4.575874507427215576e-01
8.492571420000000204e-01 4.333414733409881592e-01
8.520972970000000313e-01 4.173365533351898193e-01
8.549375080000000127e-01 3.974461853504180908e-01
8.577777749999999646e-01 4.184163212776184082e-01
8.606180989999999698e-01 4.151522517204284668e-01
8.634584789999999455e-01 4.065383374691009521e-01
8.662989150000000027e-01 3.662126958370208740e-01
8.691394070000000305e-01 3.824008107185363770e-01
8.719799560000000005e-01 3.791389167308807373e-01
8.748205610000000521e-01 3.726144731044769287e-01
8.776612219999999631e-01 3.602035641670227051e-01
8.805019389999999557e-01 3.432201743125915527e-01
8.833427130000000016e-01 3.410135209560394287e-01
8.861835430000000180e-01 3.284882307052612305e-01
8.890244290000000049e-01 3.218122124671936035e-01
8.918653709999999624e-01 3.040081858634948730e-01
8.947063699999999731e-01 2.546364068984985352e-01
8.975474239999999826e-01 2.029251754283905029e-01
9.003885350000000454e-01 1.828370988368988037e-01
9.032297030000000504e-01 2.086379230022430420e-01
9.060709260000000542e-01 2.113480418920516968e-01
9.089122060000000003e-01 1.705163121223449707e-01
9.117535420000000279e-01 1.736651510000228882e-01
9.145949340000000261e-01 1.579535901546478271e-01
9.174363819999999947e-01 1.574730575084686279e-01
9.202778870000000166e-01 1.842292249202728271e-01
9.231194480000000091e-01 1.713755875825881958e-01
9.259610649999999721e-01 1.567995697259902954e-01
9.288027380000000166e-01 1.127156019210815430e-01
9.316444680000000034e-01 6.421158462762832642e-02
9.344862539999999607e-01 3.890905156731605530e-02
9.373280959999999995e-01 3.682613000273704529e-02
9.401699940000000089e-01 6.239045038819313049e-02
9.430119489999999605e-01 5.494874715805053711e-02
9.458539599999999936e-01 4.838349670171737671e-02
9.486960269999999973e-01 4.944156855344772339e-02
9.515381499999999715e-01 5.392698943614959717e-02
9.543803299999999989e-01 5.227298662066459656e-02
9.572225659999999969e-01 5.715287849307060242e-02
9.600648579999999654e-01 5.849416553974151611e-02
9.629072060000000155e-01 6.833960860967636108e-02
9.657496110000000078e-01 7.491696625947952271e-02
9.685920709999999989e-01 9.959626197814941406e-02
9.714345880000000433e-01 9.919349849224090576e-02
9.742771620000000299e-01 9.311714768409729004e-02
9.771197910000000153e-01 9.532831609249114990e-02
9.799624770000000540e-01 9.888631105422973633e-02
9.828052189999999522e-01 1.106183677911758423e-01
9.856480170000000429e-01 1.220172792673110962e-01
9.884908709999999932e-01 1.214886531233787537e-01
9.913337819999999967e-01 1.249276995658874512e-01
9.941767489999999707e-01 1.218444406986236572e-01
9.970197720000000263e-01 1.265004128217697144e-01
9.998628510000000524e-01 1.285108625888824463e-01
1.002705986999999910e+00 1.251743733882904053e-01
1.005549178999999960e+00 1.237973496317863464e-01
1.008392426999999980e+00 1.223585307598114014e-01
1.011235730999999971e+00 1.274202466011047363e-01
1.014079092000000015e+00 1.253932267427444458e-01
1.016922509000000030e+00 1.255646795034408569e-01
1.019765982000000015e+00 1.295544952154159546e-01
1.022609510999999971e+00 1.281466335058212280e-01
1.025453096999999980e+00 1.302501857280731201e-01
1.028296738999999960e+00 1.317259371280670166e-01
1.031140436999999910e+00 1.377475112676620483e-01
1.033984191000000052e+00 1.403765678405761719e-01
1.036828002000000026e+00 1.307311952114105225e-01
1.039671868000000110e+00 1.454715728759765625e-01
1.042515791000000025e+00 1.404775083065032959e-01
1.045359770999999993e+00 1.371373534202575684e-01
