3.615872339999999796e-01 1.228833198547363281e+00
3.644177160000000026e-01 1.426979780197143555e+00
3.672482539999999962e-01 1.549089074134826660e+00
3.700788480000000158e-01 1.563894629478454590e+00
3.729094980000000059e-01 1.411073923110961914e+00
3.757402049999999938e-01 1.510826706886291504e+00
3.785709680000000077e-01 1.623959779739379883e+00
3.814017869999999921e-01 1.422419309616088867e+00
3.842326620000000026e-01 1.295017719268798828e+00
3.870635940000000108e-01 1.445747375488281250e+00
3.898945819999999896e-01 1.612352252006530762e+00
3.927256259999999943e-01 1.424226164817810059e+00
3.955567260000000251e-01 1.471487164497375488e+00
3.983878829999999982e-01 1.827165365219116211e+00
4.012190950000000256e-01 2.260739803314208984e+00
4.040503639999999952e-01 2.273719310760498047e+00
4.068816900000000181e-01 2.229588985443115234e+00
4.097130709999999842e-01 2.282305002212524414e+00
4.125445090000000037e-01 2.368550062179565430e+00
4.153760029999999936e-01 2.392951488494873047e+00
4.182075530000000096e-01 2.336479663848876953e+00
4.210391589999999962e-01 2.358703136444091797e+00
4.238708219999999804e-01 2.326719999313354492e+00
4.267025409999999908e-01 2.271412849426269531e+00
4.295343160000000271e-01 2.064271450042724609e+00
4.323661469999999785e-01 2.189683198928833008e+00
4.351980349999999831e-01 2.413112163543701172e+00
4.380299790000000137e-01 2.431458473205566406e+00
4.408619790000000149e-01 2.523910522460937500e+00
4.436940349999999866e-01 2.669948816299438477e+00
4.465261480000000116e-01 2.696884155273437500e+00
4.493583170000000071e-01 2.845629453659057617e+00
4.521905419999999731e-01 2.874046802520751953e+00
4.550228230000000207e-01 2.847714662551879883e+00
4.578551610000000105e-01 2.927217483520507812e+00
4.606875550000000263e-01 2.933628082275390625e+00
4.635200050000000127e-01 2.955605983734130859e+00
4.663525110000000251e-01 2.888481140136718750e+00
4.691850739999999798e-01 2.888422489166259766e+00
4.720176919999999887e-01 2.941468954086303711e+00
4.748503669999999954e-01 2.982908725738525391e+00
4.776830989999999999e-01 3.009138584136962891e+00
4.805158860000000032e-01 3.087660312652587891e+00
4.833487300000000042e-01 3.046884536743164062e+00
4.861816299999999758e-01 2.826410055160522461e+00
4.890145859999999733e-01 2.941346645355224609e+00
4.918475979999999970e-01 3.026187181472778320e+00
4.946806670000000183e-01 3.073439598083496094e+00
4.975137920000000102e-01 3.096575975418090820e+00
5.003469729999999727e-01 3.017243146896362305e+00
5.031802100000000166e-01 3.013232946395874023e+00
5.060135040000000028e-01 3.087104797363281250e+00
5.088468539999999596e-01 3.111225366592407227e+00
5.116802599999999979e-01 3.143109560012817383e+00
5.145137220000000067e-01 3.070460081100463867e+00
5.173472409999999577e-01 2.919673919677734375e+00
5.201808159999999903e-01 3.049256324768066406e+00
5.230144469999999934e-01 3.185889482498168945e+00
5.258481339999999671e-01 3.197586774826049805e+00
5.286818779999999940e-01 3.235569715499877930e+00
5.315156779999999914e-01 3.338833093643188477e+00
5.343495339999999594e-01 3.345077514648437500e+00
5.371834460000000089e-01 3.382203340530395508e+00
5.400174150000000006e-01 3.319148778915405273e+00
5.428514389999999912e-01 3.347719430923461914e+00
5.456855200000000350e-01 3.413824081420898438e+00
5.485196580000000210e-01 3.411000967025756836e+00
5.513538510000000059e-01 3.456325769424438477e+00
5.541881010000000440e-01 3.482659339904785156e+00
5.570224070000000527e-01 3.445223093032836914e+00
5.598567690000000319e-01 3.398903846740722656e+00
5.626911869999999816e-01 3.456608295440673828e+00
5.655256619999999845e-01 3.445508241653442383e+00
5.683601929999999580e-01 3.417746543884277344e+00
5.711947800000000131e-01 3.383655786514282227e+00
5.740294230000000386e-01 3.419936656951904297e+00
5.768641230000000064e-01 3.394454002380371094e+00
5.796988789999999447e-01 3.429165840148925781e+00
5.825336909999999646e-01 3.498546838760375977e+00
5.853685589999999550e-01 3.460659265518188477e+00
5.882034839999999987e-01 3.232357740402221680e+00
5.910384650000000129e-01 3.099736690521240234e+00
5.938735019999999976e-01 3.166495084762573242e+00
5.967085949999999528e-01 3.165038347244262695e+00
5.995437449999999613e-01 3.126594543457031250e+00
6.023789510000000513e-01 3.096045494079589844e+00
6.052142130000000009e-01 3.114937543869018555e+00
6.080495310000000320e-01 3.076038599014282227e+00
6.108849060000000053e-01 2.970485210418701172e+00
6.137203359999999774e-01 2.904587030410766602e+00
6.165558230000000028e-01 2.869692802429199219e+00
6.193913669999999705e-01 2.954484701156616211e+00
6.222269660000000480e-01 2.940137147903442383e+00
6.250626219999999567e-01 2.853255987167358398e+00
6.278983339999999469e-01 2.795863151550292969e+00
6.307341020000000187e-01 2.778276443481445312e+00
6.335699259999999500e-01 2.817399024963378906e+00
6.364058070000000455e-01 2.842495679855346680e+00
6.392417440000000006e-01 2.854502916336059570e+00
6.420777370000000372e-01 2.824321985244750977e+00
6.449137860000000444e-01 2.785512208938598633e+00
6.477498919999999938e-01 2.653812408447265625e+00
6.505860540000000247e-01 2.653181552886962891e+00
6.534222720000000262e-01 2.648825407028198242e+00
6.562585459999999982e-01 2.437182426452636719e+00
6.590948770000000234e-01 2.559011697769165039e+00
6.619312640000000192e-01 2.627747297286987305e+00
6.647677069999999855e-01 2.600020170211791992e+00
6.676042060000000333e-01 2.584613561630249023e+00
6.704407620000000234e-01 2.560292005538940430e+00
6.732773739999999840e-01 2.532899141311645508e+00
6.761140420000000262e-01 2.524671077728271484e+00
6.789507660000000389e-01 2.505526542663574219e+00
6.817875469999999938e-01 2.482131719589233398e+00
6.846243829999999475e-01 2.390250205993652344e+00
6.874612759999999545e-01 2.016500711441040039e+00
6.902982260000000148e-01 2.036496162414550781e+00
6.931352309999999628e-01 2.082134246826171875e+00
6.959722929999999641e-01 2.111180782318115234e+00
6.988094110000000470e-01 2.090559959411621094e+00
7.016465849999999893e-01 1.981270074844360352e+00
7.044838150000000132e-01 1.990315437316894531e+00
7.073211019999999793e-01 1.959339141845703125e+00
7.101584450000000270e-01 1.901289463043212891e+00
7.129958440000000452e-01 1.794067025184631348e+00
7.158332990000000340e-01 1.526393294334411621e+00
7.186708109999999650e-01 1.115599632263183594e+00
7.215083789999999775e-01 1.153364777565002441e+00
7.243460029999999605e-01 1.063022017478942871e+00
7.271836830000000251e-01 9.706069827079772949e-01
7.300214200000000320e-01 9.125136137008666992e-01
7.328592130000000093e-01 9.317665100097656250e-01
7.356970619999999572e-01 9.294942617416381836e-01
7.385349669999999866e-01 9.117739200592041016e-01
7.413729289999999583e-01 9.170185327529907227e-01
7.442109470000000115e-01 9.259843230247497559e-01
7.470490210000000353e-01 9.277509450912475586e-01
7.498871510000000296e-01 9.109657406806945801e-01
7.527253379999999661e-01 9.002986550331115723e-01
7.555635800000000124e-01 8.949530124664306641e-01
7.584018790000000010e-01 7.312261462211608887e-01
7.612402350000000428e-01 3.435795307159423828e-01
7.640786459999999725e-01 4.198957681655883789e-01
7.669171139999999554e-01 6.704891920089721680e-01
7.697556380000000198e-01 8.254985213279724121e-01
7.725942180000000548e-01 8.546525835990905762e-01
7.754328539999999492e-01 8.573641180992126465e-01
7.782715470000000080e-01 8.597828745841979980e-01
7.811102960000000373e-01 8.678119182586669922e-01
7.839491010000000371e-01 8.661826252937316895e-01
7.867879620000000074e-01 8.546929955482482910e-01
7.896268800000000310e-01 8.278205394744873047e-01
7.924658540000000251e-01 8.290984630584716797e-01
7.953048839999999897e-01 8.393827080726623535e-01
7.981439700000000359e-01 8.482115268707275391e-01
8.009831130000000243e-01 8.432884216308593750e-01
8.038223119999999833e-01 8.459721803665161133e-01
8.066615670000000238e-01 8.648350834846496582e-01
8.095008780000000348e-01 8.274655342102050781e-01
8.123402459999999881e-01 7.359500527381896973e-01
8.151796700000000229e-01 6.079322695732116699e-01
8.180191500000000282e-01 5.685836672782897949e-01
8.208586860000000041e-01 6.091115474700927734e-01
8.236982790000000332e-01 5.617805123329162598e-01
8.265379269999999501e-01 5.797641277313232422e-01
8.293776320000000313e-01 5.202705860137939453e-01
8.322173940000000547e-01 5.018276572227478027e-01
8.350572109999999659e-01 5.051541924476623535e-01
8.378970850000000414e-01 5.183444619178771973e-01
8.407370149999999764e-01 5.218205451965332031e-01
8.435770009999999930e-01 5.194823145866394043e-01
8.464170429999999801e-01 5.080247521400451660e-01
8.492571420000000204e-01 4.842825829982757568e-01
8.520972970000000313e-01 4.685676991939544678e-01
8.549375080000000127e-01 4.388302564620971680e-01
8.577777749999999646e-01 4.685621857643127441e-01
8.606180989999999698e-01 4.638822376728057861e-01
8.634584789999999455e-01 4.533070325851440430e-01
8.662989150000000027e-01 4.165475368499755859e-01
8.691394070000000305e-01 4.286693632602691650e-01
8.719799560000000005e-01 4.236004054546356201e-01
8.748205610000000521e-01 4.151249825954437256e-01
8.776612219999999631e-01 4.026386439800262451e-01
8.805019389999999557e-01 3.903804123401641846e-01
8.833427130000000016e-01 3.852863609790802002e-01
8.861835430000000180e-01 3.680461347103118896e-01
8.890244290000000049e-01 3.579443097114562988e-01
8.918653709999999624e-01 3.410403430461883545e-01
8.947063699999999731e-01 2.858997881412506104e-01
8.975474239999999826e-01 2.280188649892807007e-01
9.003885350000000454e-01 2.076276242733001709e-01
9.032297030000000504e-01 2.359968125820159912e-01
9.060709260000000542e-01 2.375628352165222168e-01
9.089122060000000003e-01 1.927512288093566895e-01
9.117535420000000279e-01 1.917003989219665527e-01
9.145949340000000261e-01 1.771849989891052246e-01
9.174363819999999947e-01 1.787125617265701294e-01
9.202778870000000166e-01 2.037393599748611450e-01
9.231194480000000091e-01 1.911774873733520508e-01
9.259610649999999721e-01 1.739343702793121338e-01
9.288027380000000166e-01 1.282926648855209351e-01
9.316444680000000034e-01 6.708493083715438843e-02
9.344862539999999607e-01 3.937183320522308350e-02
9.373280959999999995e-01 4.350662976503372192e-02
9.401699940000000089e-01 6.555870175361633301e-02
9.430119489999999605e-01 5.636538937687873840e-02
9.458539599999999936e-01 4.926186054944992065e-02
9.486960269999999973e-01 5.517662316560745239e-02
9.515381499999999715e-01 5.556117370724678040e-02
9.543803299999999989e-01 5.446599423885345459e-02
9.572225659999999969e-01 6.203448027372360229e-02
9.600648579999999654e-01 6.331126391887664795e-02
9.629072060000000155e-01 7.364250719547271729e-02
9.657496110000000078e-01 8.150321990251541138e-02
9.685920709999999989e-01 1.095809042453765869e-01
9.714345880000000433e-01 1.177114546298980713e-01
9.742771620000000299e-01 1.051788702607154846e-01
9.771197910000000153e-01 1.072876676917076111e-01
9.799624770000000540e-01 1.151484623551368713e-01
9.828052189999999522e-01 1.232385411858558655e-01
9.856480170000000429e-01 1.355461776256561279e-01
9.884908709999999932e-01 1.393292248249053955e-01
9.913337819999999967e-01 1.433151513338088989e-01
9.941767489999999707e-01 1.429495513439178467e-01
9.970197720000000263e-01 1.414107829332351685e-01
9.998628510000000524e-01 1.404036730527877808e-01
1.002705986999999910e+00 1.397985070943832397e-01
1.005549178999999960e+00 1.359753310680389404e-01
1.008392426999999980e+00 1.442901343107223511e-01
1.011235730999999971e+00 1.419083625078201294e-01
1.014079092000000015e+00 1.488006860017776489e-01
1.016922509000000030e+00 1.472211033105850220e-01
1.019765982000000015e+00 1.415257900953292847e-01
1.022609510999999971e+00 1.417058408260345459e-01
1.025453096999999980e+00 1.440281122922897339e-01
1.028296738999999960e+00 1.479723453521728516e-01
1.031140436999999910e+00 1.506179571151733398e-01
1.033984191000000052e+00 1.489178538322448730e-01
1.036828002000000026e+00 1.503030806779861450e-01
1.039671868000000110e+00 1.527435332536697388e-01
1.042515791000000025e+00 1.484671086072921753e-01
1.045359770999999993e+00 1.580029428005218506e-01
