3.615872339999999796e-01 1.253269672393798828e+00
3.644177160000000026e-01 1.428476452827453613e+00
3.672482539999999962e-01 1.522080302238464355e+00
3.700788480000000158e-01 1.599578619003295898e+00
3.729094980000000059e-01 1.443119525909423828e+00
3.757402049999999938e-01 1.498120784759521484e+00
3.785709680000000077e-01 1.648630857467651367e+00
3.814017869999999921e-01 1.398365855216979980e+00
3.842326620000000026e-01 1.333682298660278320e+00
3.870635940000000108e-01 1.451161980628967285e+00
3.898945819999999896e-01 1.617132782936096191e+00
3.927256259999999943e-01 1.431935906410217285e+00
3.955567260000000251e-01 1.438370227813720703e+00
3.983878829999999982e-01 1.824513673782348633e+00
4.012190950000000256e-01 2.284158468246459961e+00
4.040503639999999952e-01 2.260945558547973633e+00
4.068816900000000181e-01 2.232786417007446289e+00
4.097130709999999842e-01 2.286446332931518555e+00
4.125445090000000037e-01 2.385623693466186523e+00
4.153760029999999936e-01 2.375286340713500977e+00
4.182075530000000096e-01 2.335437059402465820e+00
4.210391589999999962e-01 2.340146303176879883e+00
4.238708219999999804e-01 2.309030771255493164e+00
4.267025409999999908e-01 2.245843887329101562e+00
4.295343160000000271e-01 2.059003591537475586e+00
4.323661469999999785e-01 2.203524827957153320e+00
4.351980349999999831e-01 2.396772861480712891e+00
4.380299790000000137e-01 2.427706718444824219e+00
4.408619790000000149e-01 2.509242057800292969e+00
4.436940349999999866e-01 2.645658969879150391e+00
4.465261480000000116e-01 2.685147047042846680e+00
4.493583170000000071e-01 2.829972267150878906e+00
4.521905419999999731e-01 2.854386806488037109e+00
4.550228230000000207e-01 2.816648006439208984e+00
4.578551610000000105e-01 2.890063762664794922e+00
4.606875550000000263e-01 2.897033691406250000e+00
4.635200050000000127e-01 2.938045024871826172e+00
4.663525110000000251e-01 2.874194860458374023e+00
4.691850739999999798e-01 2.876811981201171875e+00
4.720176919999999887e-01 2.922411441802978516e+00
4.748503669999999954e-01 2.959083795547485352e+00
4.776830989999999999e-01 2.985399961471557617e+00
4.805158860000000032e-01 3.053068876266479492e+00
4.833487300000000042e-01 3.032233476638793945e+00
4.861816299999999758e-01 2.794048070907592773e+00
4.890145859999999733e-01 2.914951324462890625e+00
4.918475979999999970e-01 2.986648082733154297e+00
4.946806670000000183e-01 3.047501325607299805e+00
4.975137920000000102e-01 3.075804948806762695e+00
5.003469729999999727e-01 3.000880241394042969e+00
5.031802100000000166e-01 2.979575395584106445e+00
5.060135040000000028e-01 3.073710680007934570e+00
5.088468539999999596e-01 3.085684776306152344e+00
5.116802599999999979e-01 3.116458654403686523e+00
5.145137220000000067e-01 3.051351785659790039e+00
5.173472409999999577e-01 2.880470037460327148e+00
5.201808159999999903e-01 3.018432140350341797e+00
5.230144469999999934e-01 3.165644884109497070e+00
5.258481339999999671e-01 3.166390180587768555e+00
5.286818779999999940e-01 3.198562145233154297e+00
5.315156779999999914e-01 3.320581436157226562e+00
5.343495339999999594e-01 3.293747901916503906e+00
5.371834460000000089e-01 3.344285011291503906e+00
5.400174150000000006e-01 3.286355018615722656e+00
5.428514389999999912e-01 3.320019960403442383e+00
5.456855200000000350e-01 3.369483232498168945e+00
5.485196580000000210e-01 3.385191917419433594e+00
5.513538510000000059e-01 3.408083200454711914e+00
5.541881010000000440e-01 3.445092916488647461e+00
5.570224070000000527e-01 3.414602279663085938e+00
5.598567690000000319e-01 3.364979028701782227e+00
5.626911869999999816e-01 3.420379877090454102e+00
5.655256619999999845e-01 3.410554170608520508e+00
5.683601929999999580e-01 3.377029895782470703e+00
5.711947800000000131e-01 3.346104383468627930e+00
5.740294230000000386e-01 3.393618345260620117e+00
5.768641230000000064e-01 3.358626604080200195e+00
5.796988789999999447e-01 3.373790740966796875e+00
5.825336909999999646e-01 3.459603786468505859e+00
5.853685589999999550e-01 3.416357040405273438e+00
5.882034839999999987e-01 3.190375804901123047e+00
5.910384650000000129e-01 3.056950330734252930e+00
5.938735019999999976e-01 3.120012998580932617e+00
5.967085949999999528e-01 3.111439228057861328e+00
5.995437449999999613e-01 3.072598934173583984e+00
6.023789510000000513e-01 3.041515588760375977e+00
6.052142130000000009e-01 3.048084497451782227e+00
6.080495310000000320e-01 3.010011196136474609e+00
6.108849060000000053e-01 2.921348333358764648e+00
6.137203359999999774e-01 2.843480110168457031e+00
6.165558230000000028e-01 2.808927297592163086e+00
6.193913669999999705e-01 2.888967752456665039e+00
6.222269660000000480e-01 2.882105112075805664e+00
6.250626219999999567e-01 2.800238132476806641e+00
6.278983339999999469e-01 2.735084533691406250e+00
6.307341020000000187e-01 2.718404531478881836e+00
6.335699259999999500e-01 2.747929334640502930e+00
6.364058070000000455e-01 2.772162199020385742e+00
6.392417440000000006e-01 2.776856660842895508e+00
6.420777370000000372e-01 2.743609189987182617e+00
6.449137860000000444e-01 2.716517686843872070e+00
6.477498919999999938e-01 2.584511995315551758e+00
6.505860540000000247e-01 2.579990625381469727e+00
6.534222720000000262e-01 2.578610181808471680e+00
6.562585459999999982e-01 2.366582870483398438e+00
6.590948770000000234e-01 2.486720800399780273e+00
6.619312640000000192e-01 2.545763731002807617e+00
6.647677069999999855e-01 2.517805576324462891e+00
6.676042060000000333e-01 2.506004333496093750e+00
6.704407620000000234e-01 2.487859964370727539e+00
6.732773739999999840e-01 2.455445051193237305e+00
6.761140420000000262e-01 2.439035177230834961e+00
6.789507660000000389e-01 2.426869630813598633e+00
6.817875469999999938e-01 2.397926092147827148e+00
6.846243829999999475e-01 2.315628767013549805e+00
6.874612759999999545e-01 1.944275140762329102e+00
6.902982260000000148e-01 1.968546271324157715e+00
6.931352309999999628e-01 2.006592512130737305e+00
6.959722929999999641e-01 2.022792100906372070e+00
6.988094110000000470e-01 2.007922649383544922e+00
7.016465849999999893e-01 1.897521018981933594e+00
7.044838150000000132e-01 1.898074626922607422e+00
7.073211019999999793e-01 1.863576531410217285e+00
7.101584450000000270e-01 1.810996532440185547e+00
7.129958440000000452e-01 1.701327681541442871e+00
7.158332990000000340e-01 1.444441556930541992e+00
7.186708109999999650e-01 1.051753997802734375e+00
7.215083789999999775e-01 1.085759282112121582e+00
7.243460029999999605e-01 9.954212903976440430e-01
7.271836830000000251e-01 9.053434133529663086e-01
7.300214200000000320e-01 8.494262695312500000e-01
7.328592130000000093e-01 8.681648969650268555e-01
7.356970619999999572e-01 8.613736629486083984e-01
7.385349669999999866e-01 8.397281765937805176e-01
7.413729289999999583e-01 8.436506390571594238e-01
7.442109470000000115e-01 8.524357080459594727e-01
7.470490210000000353e-01 8.548281788825988770e-01
7.498871510000000296e-01 8.441762924194335938e-01
7.527253379999999661e-01 8.362146019935607910e-01
7.555635800000000124e-01 8.264648318290710449e-01
7.584018790000000010e-01 6.809993982315063477e-01
7.612402350000000428e-01 3.192753791809082031e-01
7.640786459999999725e-01 3.880276083946228027e-01
7.669171139999999554e-01 6.227921843528747559e-01
7.697556380000000198e-01 7.561436891555786133e-01
7.725942180000000548e-01 7.892116308212280273e-01
7.754328539999999492e-01 7.916939854621887207e-01
7.782715470000000080e-01 8.002151250839233398e-01
7.811102960000000373e-01 7.974036931991577148e-01
7.839491010000000371e-01 7.959627509117126465e-01
7.867879620000000074e-01 7.873682975769042969e-01
7.896268800000000310e-01 7.680984139442443848e-01
7.924658540000000251e-01 7.697663307189941406e-01
7.953048839999999897e-01 7.759748101234436035e-01
7.981439700000000359e-01 7.825728654861450195e-01
8.009831130000000243e-01 7.776510715484619141e-01
8.038223119999999833e-01 7.775063514709472656e-01
8.066615670000000238e-01 7.976105809211730957e-01
8.095008780000000348e-01 7.573723793029785156e-01
8.123402459999999881e-01 6.793751120567321777e-01
8.151796700000000229e-01 5.600883364677429199e-01
8.180191500000000282e-01 5.255637168884277344e-01
8.208586860000000041e-01 5.660762786865234375e-01
8.236982790000000332e-01 5.189037919044494629e-01
8.265379269999999501e-01 5.410040020942687988e-01
8.293776320000000313e-01 4.772574305534362793e-01
8.322173940000000547e-01 4.625394344329833984e-01
8.350572109999999659e-01 4.648478925228118896e-01
8.378970850000000414e-01 4.796773493289947510e-01
8.407370149999999764e-01 4.788556993007659912e-01
8.435770009999999930e-01 4.756819307804107666e-01
8.464170429999999801e-01 4.755844771862030029e-01
8.492571420000000204e-01 4.505783617496490479e-01
8.520972970000000313e-01 4.333106577396392822e-01
8.549375080000000127e-01 4.083950519561767578e-01
8.577777749999999646e-01 4.360176026821136475e-01
8.606180989999999698e-01 4.257344305515289307e-01
8.634584789999999455e-01 4.216569960117340088e-01
8.662989150000000027e-01 3.871162235736846924e-01
8.691394070000000305e-01 3.952791690826416016e-01
8.719799560000000005e-01 3.935500979423522949e-01
8.748205610000000521e-01 3.802378475666046143e-01
8.776612219999999631e-01 3.728095591068267822e-01
8.805019389999999557e-01 3.599666655063629150e-01
8.833427130000000016e-01 3.525411188602447510e-01
8.861835430000000180e-01 3.406172990798950195e-01
8.890244290000000049e-01 3.344546556472778320e-01
8.918653709999999624e-01 3.152265250682830811e-01
8.947063699999999731e-01 2.685372233390808105e-01
8.975474239999999826e-01 2.126291841268539429e-01
9.003885350000000454e-01 1.945644766092300415e-01
9.032297030000000504e-01 2.242468297481536865e-01
9.060709260000000542e-01 2.204493284225463867e-01
9.089122060000000003e-01 1.815356761217117310e-01
9.117535420000000279e-01 1.836227327585220337e-01
9.145949340000000261e-01 1.650738269090652466e-01
9.174363819999999947e-01 1.682086735963821411e-01
9.202778870000000166e-01 1.920737773180007935e-01
9.231194480000000091e-01 1.807592958211898804e-01
9.259610649999999721e-01 1.647454500198364258e-01
9.288027380000000166e-01 1.186396032571792603e-01
9.316444680000000034e-01 7.159359008073806763e-02
9.344862539999999607e-01 4.220726341009140015e-02
9.373280959999999995e-01 4.493545740842819214e-02
9.401699940000000089e-01 6.840253621339797974e-02
9.430119489999999605e-01 5.911327153444290161e-02
9.458539599999999936e-01 5.181059241294860840e-02
9.486960269999999973e-01 5.412723124027252197e-02
9.515381499999999715e-01 5.436645820736885071e-02
9.543803299999999989e-01 5.798414722084999084e-02
9.572225659999999969e-01 6.526724249124526978e-02
9.600648579999999654e-01 6.379085034132003784e-02
9.629072060000000155e-01 7.249972969293594360e-02
9.657496110000000078e-01 7.779286056756973267e-02
9.685920709999999989e-01 1.027792617678642273e-01
9.714345880000000433e-01 1.108754500746726990e-01
9.742771620000000299e-01 1.029656082391738892e-01
9.771197910000000153e-01 1.053505763411521912e-01
9.799624770000000540e-01 1.106219738721847534e-01
9.828052189999999522e-01 1.189315021038055420e-01
9.856480170000000429e-01 1.262936145067214966e-01
9.884908709999999932e-01 1.340271234512329102e-01
9.913337819999999967e-01 1.314859837293624878e-01
9.941767489999999707e-01 1.410910040140151978e-01
9.970197720000000263e-01 1.382042914628982544e-01
9.998628510000000524e-01 1.406386047601699829e-01
1.002705986999999910e+00 1.343766152858734131e-01
1.005549178999999960e+00 1.294444203376770020e-01
1.008392426999999980e+00 1.416906565427780151e-01
1.011235730999999971e+00 1.340898424386978149e-01
1.014079092000000015e+00 1.396792382001876831e-01
1.016922509000000030e+00 1.406025141477584839e-01
1.019765982000000015e+00 1.432060450315475464e-01
1.022609510999999971e+00 1.389234364032745361e-01
1.025453096999999980e+00 1.455018520355224609e-01
1.028296738999999960e+00 1.465154439210891724e-01
1.031140436999999910e+00 1.534847915172576904e-01
1.033984191000000052e+00 1.495393067598342896e-01
1.036828002000000026e+00 1.470119357109069824e-01
1.039671868000000110e+00 1.548361629247665405e-01
1.042515791000000025e+00 1.534670740365982056e-01
1.045359770999999993e+00 1.581989079713821411e-01
