3.615872339999999796e-01 1.279452204704284668e+00
3.644177160000000026e-01 1.469288468360900879e+00
3.672482539999999962e-01 1.570654153823852539e+00
3.700788480000000158e-01 1.595580339431762695e+00
3.729094980000000059e-01 1.426855325698852539e+00
3.757402049999999938e-01 1.512110352516174316e+00
3.785709680000000077e-01 1.652663707733154297e+00
3.814017869999999921e-01 1.447381377220153809e+00
3.842326620000000026e-01 1.315649032592773438e+00
3.870635940000000108e-01 1.469227433204650879e+00
3.898945819999999896e-01 1.598890781402587891e+00
3.927256259999999943e-01 1.418356895446777344e+00
3.955567260000000251e-01 1.462927818298339844e+00
3.983878829999999982e-01 1.863979816436767578e+00
4.012190950000000256e-01 2.295083999633789062e+00
4.040503639999999952e-01 2.288212537765502930e+00
4.068816900000000181e-01 2.230493307113647461e+00
4.097130709999999842e-01 2.303587913513183594e+00
4.125445090000000037e-01 2.376094579696655273e+00
4.153760029999999936e-01 2.435343265533447266e+00
4.182075530000000096e-01 2.353961944580078125e+00
4.210391589999999962e-01 2.358674049377441406e+00
4.238708219999999804e-01 2.334853410720825195e+00
4.267025409999999908e-01 2.282685279846191406e+00
4.295343160000000271e-01 2.046020984649658203e+00
4.323661469999999785e-01 2.192452430725097656e+00
4.351980349999999831e-01 2.390750169754028320e+00
4.380299790000000137e-01 2.421358108520507812e+00
4.408619790000000149e-01 2.498570442199707031e+00
4.436940349999999866e-01 2.649560689926147461e+00
4.465261480000000116e-01 2.654388427734375000e+00
4.493583170000000071e-01 2.848588943481445312e+00
4.521905419999999731e-01 2.842696428298950195e+00
4.550228230000000207e-01 2.814912796020507812e+00
4.578551610000000105e-01 2.876215457916259766e+00
4.606875550000000263e-01 2.891339540481567383e+00
4.635200050000000127e-01 2.915869951248168945e+00
4.663525110000000251e-01 2.871571779251098633e+00
4.691850739999999798e-01 2.839010953903198242e+00
4.720176919999999887e-01 2.892922401428222656e+00
4.748503669999999954e-01 2.933721780776977539e+00
4.776830989999999999e-01 2.959317445755004883e+00
4.805158860000000032e-01 3.035064220428466797e+00
4.833487300000000042e-01 3.011097192764282227e+00
4.861816299999999758e-01 2.768917083740234375e+00
4.890145859999999733e-01 2.867326974868774414e+00
4.918475979999999970e-01 2.957449197769165039e+00
4.946806670000000183e-01 3.012443780899047852e+00
4.975137920000000102e-01 3.034490108489990234e+00
5.003469729999999727e-01 2.967972517013549805e+00
5.031802100000000166e-01 2.932357311248779297e+00
5.060135040000000028e-01 3.020114421844482422e+00
5.088468539999999596e-01 3.036289215087890625e+00
5.116802599999999979e-01 3.062481164932250977e+00
5.145137220000000067e-01 2.996599197387695312e+00
5.173472409999999577e-01 2.845048666000366211e+00
5.201808159999999903e-01 2.955862760543823242e+00
5.230144469999999934e-01 3.095635652542114258e+00
5.258481339999999671e-01 3.094909667968750000e+00
5.286818779999999940e-01 3.123164176940917969e+00
5.315156779999999914e-01 3.237730979919433594e+00
5.343495339999999594e-01 3.215682983398437500e+00
5.371834460000000089e-01 3.270686388015747070e+00
5.400174150000000006e-01 3.214722871780395508e+00
5.428514389999999912e-01 3.231206655502319336e+00
5.456855200000000350e-01 3.298280477523803711e+00
5.485196580000000210e-01 3.308935880661010742e+00
5.513538510000000059e-01 3.325543642044067383e+00
5.541881010000000440e-01 3.354851007461547852e+00
5.570224070000000527e-01 3.324075937271118164e+00
5.598567690000000319e-01 3.270014762878417969e+00
5.626911869999999816e-01 3.320157051086425781e+00
5.655256619999999845e-01 3.314946174621582031e+00
5.683601929999999580e-01 3.273667097091674805e+00
5.711947800000000131e-01 3.249683618545532227e+00
5.740294230000000386e-01 3.293291091918945312e+00
5.768641230000000064e-01 3.260347843170166016e+00
5.796988789999999447e-01 3.271617889404296875e+00
5.825336909999999646e-01 3.341800212860107422e+00
5.853685589999999550e-01 3.293556451797485352e+00
5.882034839999999987e-01 3.075908422470092773e+00
5.910384650000000129e-01 2.933999061584472656e+00
5.938735019999999976e-01 2.984587430953979492e+00
5.967085949999999528e-01 2.970548152923583984e+00
5.995437449999999613e-01 2.914654493331909180e+00
6.023789510000000513e-01 2.876654863357543945e+00
6.052142130000000009e-01 2.897774457931518555e+00
6.080495310000000320e-01 2.854584455490112305e+00
6.108849060000000053e-01 2.716416597366333008e+00
6.137203359999999774e-01 2.647193908691406250e+00
6.165558230000000028e-01 2.623329639434814453e+00
6.193913669999999705e-01 2.697832822799682617e+00
6.222269660000000480e-01 2.698742151260375977e+00
6.250626219999999567e-01 2.626135826110839844e+00
6.278983339999999469e-01 2.567134380340576172e+00
6.307341020000000187e-01 2.531690597534179688e+00
6.335699259999999500e-01 2.556760311126708984e+00
6.364058070000000455e-01 2.581337928771972656e+00
6.392417440000000006e-01 2.597936630249023438e+00
6.420777370000000372e-01 2.564287662506103516e+00
6.449137860000000444e-01 2.531370162963867188e+00
6.477498919999999938e-01 2.411252498626708984e+00
6.505860540000000247e-01 2.395256280899047852e+00
6.534222720000000262e-01 2.387710332870483398e+00
6.562585459999999982e-01 2.189154624938964844e+00
6.590948770000000234e-01 2.287927389144897461e+00
6.619312640000000192e-01 2.348599433898925781e+00
6.647677069999999855e-01 2.334410429000854492e+00
6.676042060000000333e-01 2.309885263442993164e+00
6.704407620000000234e-01 2.290372371673583984e+00
6.732773739999999840e-01 2.268561124801635742e+00
6.761140420000000262e-01 2.243479013442993164e+00
6.789507660000000389e-01 2.233350992202758789e+00
6.817875469999999938e-01 2.200550556182861328e+00
6.846243829999999475e-01 2.120271444320678711e+00
6.874612759999999545e-01 1.774634957313537598e+00
6.902982260000000148e-01 1.780241608619689941e+00
6.931352309999999628e-01 1.814131379127502441e+00
6.959722929999999641e-01 1.822191834449768066e+00
6.988094110000000470e-01 1.799855947494506836e+00
7.016465849999999893e-01 1.687291979789733887e+00
7.044838150000000132e-01 1.687024831771850586e+00
7.073211019999999793e-01 1.647132039070129395e+00
7.101584450000000270e-01 1.584073901176452637e+00
7.129958440000000452e-01 1.491007208824157715e+00
7.158332990000000340e-01 1.262316346168518066e+00
7.186708109999999650e-01 9.202175736427307129e-01
7.215083789999999775e-01 9.331768155097961426e-01
7.243460029999999605e-01 8.529871702194213867e-01
7.271836830000000251e-01 7.657093405723571777e-01
7.300214200000000320e-01 7.295440435409545898e-01
7.328592130000000093e-01 7.468198537826538086e-01
7.356970619999999572e-01 7.479716539382934570e-01
7.385349669999999866e-01 7.254688739776611328e-01
7.413729289999999583e-01 7.357852458953857422e-01
7.442109470000000115e-01 7.464908361434936523e-01
7.470490210000000353e-01 7.437518835067749023e-01
7.498871510000000296e-01 7.264893651008605957e-01
7.527253379999999661e-01 7.228944897651672363e-01
7.555635800000000124e-01 7.165280580520629883e-01
7.584018790000000010e-01 5.947416424751281738e-01
7.612402350000000428e-01 2.805939316749572754e-01
7.640786459999999725e-01 3.289867639541625977e-01
7.669171139999999554e-01 5.202628970146179199e-01
7.697556380000000198e-01 6.519776582717895508e-01
7.725942180000000548e-01 6.719951629638671875e-01
7.754328539999999492e-01 6.733000874519348145e-01
7.782715470000000080e-01 6.797257661819458008e-01
7.811102960000000373e-01 6.752859950065612793e-01
7.839491010000000371e-01 6.770916581153869629e-01
7.867879620000000074e-01 6.691735386848449707e-01
7.896268800000000310e-01 6.422929763793945312e-01
7.924658540000000251e-01 6.423338055610656738e-01
7.953048839999999897e-01 6.520728468894958496e-01
7.981439700000000359e-01 6.577336192131042480e-01
8.009831130000000243e-01 6.528290510177612305e-01
8.038223119999999833e-01 6.528697013854980469e-01
8.066615670000000238e-01 6.698900461196899414e-01
8.095008780000000348e-01 6.405786275863647461e-01
8.123402459999999881e-01 5.741242766380310059e-01
8.151796700000000229e-01 4.660374522209167480e-01
8.180191500000000282e-01 4.417314529418945312e-01
8.208586860000000041e-01 4.732002019882202148e-01
8.236982790000000332e-01 4.342908263206481934e-01
8.265379269999999501e-01 4.593945145606994629e-01
8.293776320000000313e-01 4.127547144889831543e-01
8.322173940000000547e-01 4.014005064964294434e-01
8.350572109999999659e-01 4.066818356513977051e-01
8.378970850000000414e-01 4.156956076622009277e-01
8.407370149999999764e-01 4.161028563976287842e-01
8.435770009999999930e-01 4.154298603534698486e-01
8.464170429999999801e-01 4.103744029998779297e-01
8.492571420000000204e-01 3.924879133701324463e-01
8.520972970000000313e-01 3.747461736202239990e-01
8.549375080000000127e-01 3.552677631378173828e-01
8.577777749999999646e-01 3.808873593807220459e-01
8.606180989999999698e-01 3.799437880516052246e-01
8.634584789999999455e-01 3.682300746440887451e-01
8.662989150000000027e-01 3.370440602302551270e-01
8.691394070000000305e-01 3.488122820854187012e-01
8.719799560000000005e-01 3.487642407417297363e-01
8.748205610000000521e-01 3.375692665576934814e-01
8.776612219999999631e-01 3.331881463527679443e-01
8.805019389999999557e-01 3.234134614467620850e-01
8.833427130000000016e-01 3.140805065631866455e-01
8.861835430000000180e-01 3.081678748130798340e-01
8.890244290000000049e-01 3.022232353687286377e-01
8.918653709999999624e-01 2.845837473869323730e-01
8.947063699999999731e-01 2.435126453638076782e-01
8.975474239999999826e-01 1.986356973648071289e-01
9.003885350000000454e-01 1.758083552122116089e-01
9.032297030000000504e-01 1.982665061950683594e-01
9.060709260000000542e-01 2.046284973621368408e-01
9.089122060000000003e-01 1.682587713003158569e-01
9.117535420000000279e-01 1.682021915912628174e-01
9.145949340000000261e-01 1.543960124254226685e-01
9.174363819999999947e-01 1.522527784109115601e-01
9.202778870000000166e-01 1.714461892843246460e-01
9.231194480000000091e-01 1.724724471569061279e-01
9.259610649999999721e-01 1.567892134189605713e-01
9.288027380000000166e-01 1.122324615716934204e-01
9.316444680000000034e-01 6.403536349534988403e-02
9.344862539999999607e-01 3.138243407011032104e-02
9.373280959999999995e-01 3.905257582664489746e-02
9.401699940000000089e-01 5.831281840801239014e-02
9.430119489999999605e-01 5.592199787497520447e-02
9.458539599999999936e-01 4.788885638117790222e-02
9.486960269999999973e-01 5.121760442852973938e-02
9.515381499999999715e-01 5.009931325912475586e-02
9.543803299999999989e-01 5.146295204758644104e-02
9.572225659999999969e-01 5.716374889016151428e-02
9.600648579999999654e-01 5.927833542227745056e-02
9.629072060000000155e-01 7.594414055347442627e-02
9.657496110000000078e-01 8.118445426225662231e-02
9.685920709999999989e-01 1.059766411781311035e-01
9.714345880000000433e-01 1.199200600385665894e-01
9.742771620000000299e-01 1.027139797806739807e-01
9.771197910000000153e-01 1.061706766486167908e-01
9.799624770000000540e-01 1.113587617874145508e-01
9.828052189999999522e-01 1.259187459945678711e-01
9.856480170000000429e-01 1.288515478372573853e-01
9.884908709999999932e-01 1.400997638702392578e-01
9.913337819999999967e-01 1.376244574785232544e-01
9.941767489999999707e-01 1.362225413322448730e-01
9.970197720000000263e-01 1.475028246641159058e-01
9.998628510000000524e-01 1.406878679990768433e-01
1.002705986999999910e+00 1.405077725648880005e-01
1.005549178999999960e+00 1.422161608934402466e-01
1.008392426999999980e+00 1.377455592155456543e-01
1.011235730999999971e+00 1.407829225063323975e-01
1.014079092000000015e+00 1.402697265148162842e-01
1.016922509000000030e+00 1.406742334365844727e-01
1.019765982000000015e+00 1.394046843051910400e-01
1.022609510999999971e+00 1.412925422191619873e-01
1.025453096999999980e+00 1.502746343612670898e-01
1.028296738999999960e+00 1.372646838426589966e-01
1.031140436999999910e+00 1.407462507486343384e-01
1.033984191000000052e+00 1.372573971748352051e-01
1.036828002000000026e+00 1.353217661380767822e-01
1.039671868000000110e+00 1.346231102943420410e-01
1.042515791000000025e+00 1.394345313310623169e-01
1.045359770999999993e+00 1.348638981580734253e-01
