3.615872339999999796e-01 1.305296540260314941e+00
3.644177160000000026e-01 1.440095424652099609e+00
3.672482539999999962e-01 1.582977533340454102e+00
3.700788480000000158e-01 1.546634078025817871e+00
3.729094980000000059e-01 1.399601936340332031e+00
3.757402049999999938e-01 1.459943056106567383e+00
3.785709680000000077e-01 1.676748871803283691e+00
3.814017869999999921e-01 1.438292384147644043e+00
3.842326620000000026e-01 1.327007174491882324e+00
3.870635940000000108e-01 1.430592060089111328e+00
3.898945819999999896e-01 1.615633606910705566e+00
3.927256259999999943e-01 1.428179740905761719e+00
3.955567260000000251e-01 1.451364159584045410e+00
3.983878829999999982e-01 1.836687803268432617e+00
4.012190950000000256e-01 2.261516571044921875e+00
4.040503639999999952e-01 2.287925243377685547e+00
4.068816900000000181e-01 2.248566865921020508e+00
4.097130709999999842e-01 2.259499788284301758e+00
4.125445090000000037e-01 2.374832630157470703e+00
4.153760029999999936e-01 2.369329214096069336e+00
4.182075530000000096e-01 2.329717874526977539e+00
4.210391589999999962e-01 2.325802564620971680e+00
4.238708219999999804e-01 2.310200691223144531e+00
4.267025409999999908e-01 2.252212285995483398e+00
4.295343160000000271e-01 2.048442125320434570e+00
4.323661469999999785e-01 2.176727056503295898e+00
4.351980349999999831e-01 2.382481098175048828e+00
4.380299790000000137e-01 2.423070907592773438e+00
4.408619790000000149e-01 2.496618986129760742e+00
4.436940349999999866e-01 2.641325473785400391e+00
4.465261480000000116e-01 2.684422492980957031e+00
4.493583170000000071e-01 2.839588165283203125e+00
4.521905419999999731e-01 2.836826562881469727e+00
4.550228230000000207e-01 2.827712297439575195e+00
4.578551610000000105e-01 2.893832921981811523e+00
4.606875550000000263e-01 2.916208744049072266e+00
4.635200050000000127e-01 2.925040721893310547e+00
4.663525110000000251e-01 2.863667011260986328e+00
4.691850739999999798e-01 2.883137941360473633e+00
4.720176919999999887e-01 2.908050060272216797e+00
4.748503669999999954e-01 2.957845926284790039e+00
4.776830989999999999e-01 2.998953580856323242e+00
4.805158860000000032e-01 3.053764343261718750e+00
4.833487300000000042e-01 3.024962902069091797e+00
4.861816299999999758e-01 2.793192148208618164e+00
4.890145859999999733e-01 2.908597230911254883e+00
4.918475979999999970e-01 2.984320878982543945e+00
4.946806670000000183e-01 3.055163383483886719e+00
4.975137920000000102e-01 3.081476211547851562e+00
5.003469729999999727e-01 3.003038644790649414e+00
5.031802100000000166e-01 2.971747398376464844e+00
5.060135040000000028e-01 3.067359447479248047e+00
5.088468539999999596e-01 3.093331813812255859e+00
5.116802599999999979e-01 3.113955974578857422e+00
5.145137220000000067e-01 3.057897090911865234e+00
5.173472409999999577e-01 2.893199443817138672e+00
5.201808159999999903e-01 3.035002231597900391e+00
5.230144469999999934e-01 3.160522699356079102e+00
5.258481339999999671e-01 3.163551568984985352e+00
5.286818779999999940e-01 3.206448793411254883e+00
5.315156779999999914e-01 3.317431211471557617e+00
5.343495339999999594e-01 3.306511878967285156e+00
5.371834460000000089e-01 3.353575706481933594e+00
5.400174150000000006e-01 3.293505191802978516e+00
5.428514389999999912e-01 3.328386545181274414e+00
5.456855200000000350e-01 3.384054422378540039e+00
5.485196580000000210e-01 3.394113302230834961e+00
5.513538510000000059e-01 3.431085109710693359e+00
5.541881010000000440e-01 3.454071044921875000e+00
5.570224070000000527e-01 3.416881084442138672e+00
5.598567690000000319e-01 3.380962848663330078e+00
5.626911869999999816e-01 3.428083181381225586e+00
5.655256619999999845e-01 3.418095588684082031e+00
5.683601929999999580e-01 3.391361951828002930e+00
5.711947800000000131e-01 3.364190816879272461e+00
5.740294230000000386e-01 3.406429290771484375e+00
5.768641230000000064e-01 3.377176523208618164e+00
5.796988789999999447e-01 3.394901037216186523e+00
5.825336909999999646e-01 3.471977710723876953e+00
5.853685589999999550e-01 3.433250188827514648e+00
5.882034839999999987e-01 3.214748144149780273e+00
5.910384650000000129e-01 3.078329801559448242e+00
5.938735019999999976e-01 3.140833377838134766e+00
5.967085949999999528e-01 3.134649038314819336e+00
5.995437449999999613e-01 3.109258890151977539e+00
6.023789510000000513e-01 3.085324287414550781e+00
6.052142130000000009e-01 3.093229532241821289e+00
6.080495310000000320e-01 3.043862104415893555e+00
6.108849060000000053e-01 2.959208726882934570e+00
6.137203359999999774e-01 2.871546506881713867e+00
6.165558230000000028e-01 2.852433443069458008e+00
6.193913669999999705e-01 2.926713705062866211e+00
6.222269660000000480e-01 2.915460824966430664e+00
6.250626219999999567e-01 2.843152523040771484e+00
6.278983339999999469e-01 2.781496763229370117e+00
6.307341020000000187e-01 2.759082317352294922e+00
6.335699259999999500e-01 2.791186809539794922e+00
6.364058070000000455e-01 2.824986457824707031e+00
6.392417440000000006e-01 2.829479217529296875e+00
6.420777370000000372e-01 2.800150394439697266e+00
6.449137860000000444e-01 2.766680955886840820e+00
6.477498919999999938e-01 2.644686460494995117e+00
6.505860540000000247e-01 2.624765396118164062e+00
6.534222720000000262e-01 2.625684738159179688e+00
6.562585459999999982e-01 2.418249607086181641e+00
6.590948770000000234e-01 2.535163640975952148e+00
6.619312640000000192e-01 2.601619958877563477e+00
6.647677069999999855e-01 2.577578067779541016e+00
6.676042060000000333e-01 2.564103603363037109e+00
6.704407620000000234e-01 2.542370319366455078e+00
6.732773739999999840e-01 2.513399124145507812e+00
6.761140420000000262e-01 2.502277135848999023e+00
6.789507660000000389e-01 2.486271381378173828e+00
6.817875469999999938e-01 2.458208084106445312e+00
6.846243829999999475e-01 2.376123428344726562e+00
6.874612759999999545e-01 1.996171712875366211e+00
6.902982260000000148e-01 2.022970676422119141e+00
6.931352309999999628e-01 2.066090583801269531e+00
6.959722929999999641e-01 2.084108352661132812e+00
6.988094110000000470e-01 2.073162317276000977e+00
7.016465849999999893e-01 1.964317679405212402e+00
7.044838150000000132e-01 1.961589097976684570e+00
7.073211019999999793e-01 1.937487125396728516e+00
7.101584450000000270e-01 1.880897998809814453e+00
7.129958440000000452e-01 1.767239451408386230e+00
7.158332990000000340e-01 1.507629394531250000e+00
7.186708109999999650e-01 1.105648875236511230e+00
7.215083789999999775e-01 1.135065078735351562e+00
7.243460029999999605e-01 1.040449023246765137e+00
7.271836830000000251e-01 9.528698325157165527e-01
7.300214200000000320e-01 8.949607610702514648e-01
7.328592130000000093e-01 9.169377088546752930e-01
7.356970619999999572e-01 9.090892076492309570e-01
7.385349669999999866e-01 8.889565467834472656e-01
7.413729289999999583e-01 8.916698694229125977e-01
7.442109470000000115e-01 9.067300558090209961e-01
7.470490210000000353e-01 9.047967791557312012e-01
7.498871510000000296e-01 8.908067345619201660e-01
7.527253379999999661e-01 8.809025883674621582e-01
7.555635800000000124e-01 8.699206709861755371e-01
7.584018790000000010e-01 7.155327796936035156e-01
7.612402350000000428e-01 3.351895511150360107e-01
7.640786459999999725e-01 4.068045616149902344e-01
7.669171139999999554e-01 6.520396471023559570e-01
7.697556380000000198e-01 8.067224025726318359e-01
7.725942180000000548e-01 8.323213458061218262e-01
7.754328539999999492e-01 8.286298513412475586e-01
7.782715470000000080e-01 8.389897346496582031e-01
7.811102960000000373e-01 8.471347093582153320e-01
7.839491010000000371e-01 8.390651345252990723e-01
7.867879620000000074e-01 8.250658512115478516e-01
7.896268800000000310e-01 8.035848140716552734e-01
7.924658540000000251e-01 8.099428415298461914e-01
7.953048839999999897e-01 8.187683224678039551e-01
7.981439700000000359e-01 8.253297805786132812e-01
8.009831130000000243e-01 8.243452906608581543e-01
8.038223119999999833e-01 8.235176205635070801e-01
8.066615670000000238e-01 8.421546220779418945e-01
8.095008780000000348e-01 8.033681511878967285e-01
8.123402459999999881e-01 7.153908610343933105e-01
8.151796700000000229e-01 5.850644707679748535e-01
8.180191500000000282e-01 5.556744933128356934e-01
8.208586860000000041e-01 5.885121226310729980e-01
8.236982790000000332e-01 5.404807925224304199e-01
8.265379269999999501e-01 5.608235001564025879e-01
8.293776320000000313e-01 5.041063427925109863e-01
8.322173940000000547e-01 4.885322153568267822e-01
8.350572109999999659e-01 4.846168458461761475e-01
8.378970850000000414e-01 4.992940425872802734e-01
8.407370149999999764e-01 5.046580433845520020e-01
8.435770009999999930e-01 4.937977492809295654e-01
8.464170429999999801e-01 4.945285320281982422e-01
8.492571420000000204e-01 4.645936787128448486e-01
8.520972970000000313e-01 4.492976069450378418e-01
8.549375080000000127e-01 4.208606779575347900e-01
8.577777749999999646e-01 4.533311128616333008e-01
8.606180989999999698e-01 4.448713362216949463e-01
8.634584789999999455e-01 4.365451931953430176e-01
8.662989150000000027e-01 3.976908922195434570e-01
8.691394070000000305e-01 4.113673567771911621e-01
8.719799560000000005e-01 4.086566865444183350e-01
8.748205610000000521e-01 3.955454528331756592e-01
8.776612219999999631e-01 3.863837718963623047e-01
8.805019389999999557e-01 3.696642518043518066e-01
8.833427130000000016e-01 3.653840720653533936e-01
8.861835430000000180e-01 3.511550426483154297e-01
8.890244290000000049e-01 3.456510007381439209e-01
8.918653709999999624e-01 3.251153230667114258e-01
8.947063699999999731e-01 2.722197771072387695e-01
8.975474239999999826e-01 2.171081155538558960e-01
9.003885350000000454e-01 1.953762471675872803e-01
9.032297030000000504e-01 2.239176779985427856e-01
9.060709260000000542e-01 2.230464965105056763e-01
9.089122060000000003e-01 1.788467317819595337e-01
9.117535420000000279e-01 1.826466470956802368e-01
9.145949340000000261e-01 1.670740395784378052e-01
9.174363819999999947e-01 1.672474294900894165e-01
9.202778870000000166e-01 1.885368525981903076e-01
9.231194480000000091e-01 1.764991134405136108e-01
9.259610649999999721e-01 1.621285676956176758e-01
9.288027380000000166e-01 1.145644485950469971e-01
9.316444680000000034e-01 6.032143533229827881e-02
9.344862539999999607e-01 3.708022832870483398e-02
9.373280959999999995e-01 4.243579506874084473e-02
9.401699940000000089e-01 5.939830467104911804e-02
9.430119489999999605e-01 5.078867450356483459e-02
9.458539599999999936e-01 5.009920522570610046e-02
9.486960269999999973e-01 4.907842352986335754e-02
9.515381499999999715e-01 4.877318814396858215e-02
9.543803299999999989e-01 5.222000926733016968e-02
9.572225659999999969e-01 5.503825470805168152e-02
9.600648579999999654e-01 6.075522676110267639e-02
9.629072060000000155e-01 6.541933864355087280e-02
9.657496110000000078e-01 7.304450124502182007e-02
9.685920709999999989e-01 9.632185101509094238e-02
9.714345880000000433e-01 1.025789678096771240e-01
9.742771620000000299e-01 8.913167566061019897e-02
9.771197910000000153e-01 9.161375463008880615e-02
9.799624770000000540e-01 1.056220531463623047e-01
9.828052189999999522e-01 1.097942814230918884e-01
9.856480170000000429e-01 1.169221773743629456e-01
9.884908709999999932e-01 1.215659826993942261e-01
9.913337819999999967e-01 1.252640634775161743e-01
9.941767489999999707e-01 1.201769039034843445e-01
9.970197720000000263e-01 1.241421326994895935e-01
9.998628510000000524e-01 1.240438520908355713e-01
1.002705986999999910e+00 1.184085607528686523e-01
1.005549178999999960e+00 1.204785481095314026e-01
1.008392426999999980e+00 1.220851540565490723e-01
1.011235730999999971e+00 1.235939189791679382e-01
1.014079092000000015e+00 1.266554147005081177e-01
1.016922509000000030e+00 1.306649446487426758e-01
1.019765982000000015e+00 1.229972094297409058e-01
1.022609510999999971e+00 1.248306855559349060e-01
1.025453096999999980e+00 1.309734582901000977e-01
1.028296738999999960e+00 1.224692910909652710e-01
1.031140436999999910e+00 1.273793578147888184e-01
1.033984191000000052e+00 1.246388480067253113e-01
1.036828002000000026e+00 1.283695697784423828e-01
1.039671868000000110e+00 1.327621489763259888e-01
1.042515791000000025e+00 1.478312611579895020e-01
1.045359770999999993e+00 1.158416792750358582e-01
