3.615872339999999796e-01 1.323259234428405762e+00
3.644177160000000026e-01 1.440095424652099609e+00
3.672482539999999962e-01 1.588201880455017090e+00
3.700788480000000158e-01 1.581699371337890625e+00
3.729094980000000059e-01 1.431653857231140137e+00
3.757402049999999938e-01 1.497625946998596191e+00
3.785709680000000077e-01 1.696747779846191406e+00
3.814017869999999921e-01 1.433346390724182129e+00
3.842326620000000026e-01 1.319336652755737305e+00
3.870635940000000108e-01 1.440551757812500000e+00
3.898945819999999896e-01 1.619910001754760742e+00
3.927256259999999943e-01 1.437950611114501953e+00
3.955567260000000251e-01 1.454418063163757324e+00
3.983878829999999982e-01 1.844737052917480469e+00
4.012190950000000256e-01 2.291905641555786133e+00
4.040503639999999952e-01 2.297581911087036133e+00
4.068816900000000181e-01 2.259040594100952148e+00
4.097130709999999842e-01 2.297559738159179688e+00
4.125445090000000037e-01 2.393013954162597656e+00
4.153760029999999936e-01 2.400402545928955078e+00
4.182075530000000096e-01 2.350041866302490234e+00
4.210391589999999962e-01 2.374874830245971680e+00
4.238708219999999804e-01 2.332571506500244141e+00
4.267025409999999908e-01 2.290258169174194336e+00
4.295343160000000271e-01 2.066606760025024414e+00
4.323661469999999785e-01 2.206469297409057617e+00
4.351980349999999831e-01 2.420620679855346680e+00
4.380299790000000137e-01 2.448878765106201172e+00
4.408619790000000149e-01 2.539353132247924805e+00
4.436940349999999866e-01 2.680321693420410156e+00
4.465261480000000116e-01 2.712240219116210938e+00
4.493583170000000071e-01 2.870928287506103516e+00
4.521905419999999731e-01 2.882416725158691406e+00
4.550228230000000207e-01 2.853418827056884766e+00
4.578551610000000105e-01 2.930426836013793945e+00
4.606875550000000263e-01 2.945986509323120117e+00
4.635200050000000127e-01 2.969896078109741211e+00
4.663525110000000251e-01 2.912893533706665039e+00
4.691850739999999798e-01 2.905704259872436523e+00
4.720176919999999887e-01 2.951981544494628906e+00
4.748503669999999954e-01 2.997190713882446289e+00
4.776830989999999999e-01 3.024094581604003906e+00
4.805158860000000032e-01 3.102331876754760742e+00
4.833487300000000042e-01 3.056358098983764648e+00
4.861816299999999758e-01 2.827730894088745117e+00
4.890145859999999733e-01 2.948892593383789062e+00
4.918475979999999970e-01 3.017367362976074219e+00
4.946806670000000183e-01 3.082899570465087891e+00
4.975137920000000102e-01 3.110949039459228516e+00
5.003469729999999727e-01 3.035372972488403320e+00
5.031802100000000166e-01 3.016792058944702148e+00
5.060135040000000028e-01 3.111348867416381836e+00
5.088468539999999596e-01 3.117574691772460938e+00
5.116802599999999979e-01 3.159642934799194336e+00
5.145137220000000067e-01 3.091566801071166992e+00
5.173472409999999577e-01 2.926034450531005859e+00
5.201808159999999903e-01 3.064876556396484375e+00
5.230144469999999934e-01 3.198213577270507812e+00
5.258481339999999671e-01 3.211513519287109375e+00
5.286818779999999940e-01 3.246741056442260742e+00
5.315156779999999914e-01 3.355674028396606445e+00
5.343495339999999594e-01 3.349832057952880859e+00
5.371834460000000089e-01 3.389996051788330078e+00
5.400174150000000006e-01 3.335716247558593750e+00
5.428514389999999912e-01 3.353186607360839844e+00
5.456855200000000350e-01 3.419884681701660156e+00
5.485196580000000210e-01 3.435048580169677734e+00
5.513538510000000059e-01 3.464501619338989258e+00
5.541881010000000440e-01 3.494707107543945312e+00
5.570224070000000527e-01 3.457111597061157227e+00
5.598567690000000319e-01 3.404965639114379883e+00
5.626911869999999816e-01 3.468708753585815430e+00
5.655256619999999845e-01 3.458308458328247070e+00
5.683601929999999580e-01 3.422291994094848633e+00
5.711947800000000131e-01 3.390715599060058594e+00
5.740294230000000386e-01 3.444112062454223633e+00
5.768641230000000064e-01 3.423195362091064453e+00
5.796988789999999447e-01 3.429643154144287109e+00
5.825336909999999646e-01 3.507902860641479492e+00
5.853685589999999550e-01 3.470009803771972656e+00
5.882034839999999987e-01 3.249929904937744141e+00
5.910384650000000129e-01 3.115269660949707031e+00
5.938735019999999976e-01 3.171775341033935547e+00
5.967085949999999528e-01 3.163568019866943359e+00
5.995437449999999613e-01 3.143020629882812500e+00
6.023789510000000513e-01 3.114184379577636719e+00
6.052142130000000009e-01 3.128579139709472656e+00
6.080495310000000320e-01 3.088147401809692383e+00
6.108849060000000053e-01 2.977584123611450195e+00
6.137203359999999774e-01 2.899771213531494141e+00
6.165558230000000028e-01 2.888439178466796875e+00
6.193913669999999705e-01 2.964733839035034180e+00
6.222269660000000480e-01 2.944983482360839844e+00
6.250626219999999567e-01 2.871151924133300781e+00
6.278983339999999469e-01 2.805999755859375000e+00
6.307341020000000187e-01 2.789210319519042969e+00
6.335699259999999500e-01 2.817501783370971680e+00
6.364058070000000455e-01 2.849956750869750977e+00
6.392417440000000006e-01 2.864771604537963867e+00
6.420777370000000372e-01 2.829174518585205078e+00
6.449137860000000444e-01 2.794390678405761719e+00
6.477498919999999938e-01 2.666669368743896484e+00
6.505860540000000247e-01 2.662281274795532227e+00
6.534222720000000262e-01 2.658288955688476562e+00
6.562585459999999982e-01 2.447458267211914062e+00
6.590948770000000234e-01 2.562948226928710938e+00
6.619312640000000192e-01 2.642431259155273438e+00
6.647677069999999855e-01 2.610788822174072266e+00
6.676042060000000333e-01 2.596056699752807617e+00
6.704407620000000234e-01 2.573478221893310547e+00
6.732773739999999840e-01 2.544075012207031250e+00
6.761140420000000262e-01 2.528589725494384766e+00
6.789507660000000389e-01 2.516250610351562500e+00
6.817875469999999938e-01 2.484699010848999023e+00
6.846243829999999475e-01 2.400582075119018555e+00
6.874612759999999545e-01 2.021742820739746094e+00
6.902982260000000148e-01 2.041538238525390625e+00
6.931352309999999628e-01 2.097343206405639648e+00
6.959722929999999641e-01 2.108412742614746094e+00
6.988094110000000470e-01 2.094567775726318359e+00
7.016465849999999893e-01 1.987306714057922363e+00
7.044838150000000132e-01 1.993731975555419922e+00
7.073211019999999793e-01 1.964435815811157227e+00
7.101584450000000270e-01 1.901101827621459961e+00
7.129958440000000452e-01 1.795587062835693359e+00
7.158332990000000340e-01 1.533425927162170410e+00
7.186708109999999650e-01 1.120473623275756836e+00
7.215083789999999775e-01 1.154451489448547363e+00
7.243460029999999605e-01 1.061151027679443359e+00
7.271836830000000251e-01 9.704708456993103027e-01
7.300214200000000320e-01 9.143977165222167969e-01
7.328592130000000093e-01 9.369536638259887695e-01
7.356970619999999572e-01 9.280539155006408691e-01
7.385349669999999866e-01 9.162188172340393066e-01
7.413729289999999583e-01 9.171559214591979980e-01
7.442109470000000115e-01 9.344519376754760742e-01
7.470490210000000353e-01 9.278205037117004395e-01
7.498871510000000296e-01 9.181236624717712402e-01
7.527253379999999661e-01 9.025050997734069824e-01
7.555635800000000124e-01 8.991324305534362793e-01
7.584018790000000010e-01 7.380066514015197754e-01
7.612402350000000428e-01 3.451797962188720703e-01
7.640786459999999725e-01 4.224047362804412842e-01
7.669171139999999554e-01 6.787767410278320312e-01
7.697556380000000198e-01 8.310691118240356445e-01
7.725942180000000548e-01 8.568218350410461426e-01
7.754328539999999492e-01 8.557468056678771973e-01
7.782715470000000080e-01 8.657696843147277832e-01
7.811102960000000373e-01 8.679530620574951172e-01
7.839491010000000371e-01 8.682529926300048828e-01
7.867879620000000074e-01 8.584600687026977539e-01
7.896268800000000310e-01 8.332043886184692383e-01
7.924658540000000251e-01 8.341853618621826172e-01
7.953048839999999897e-01 8.428292274475097656e-01
7.981439700000000359e-01 8.457708358764648438e-01
8.009831130000000243e-01 8.459114432334899902e-01
8.038223119999999833e-01 8.437694907188415527e-01
8.066615670000000238e-01 8.650572896003723145e-01
8.095008780000000348e-01 8.306158781051635742e-01
8.123402459999999881e-01 7.442920207977294922e-01
8.151796700000000229e-01 6.057978272438049316e-01
8.180191500000000282e-01 5.704222321510314941e-01
8.208586860000000041e-01 6.096816658973693848e-01
8.236982790000000332e-01 5.628986954689025879e-01
8.265379269999999501e-01 5.861316919326782227e-01
8.293776320000000313e-01 5.295644998550415039e-01
8.322173940000000547e-01 5.070068240165710449e-01
8.350572109999999659e-01 5.121952891349792480e-01
8.378970850000000414e-01 5.205663442611694336e-01
8.407370149999999764e-01 5.317183732986450195e-01
8.435770009999999930e-01 5.209162831306457520e-01
8.464170429999999801e-01 5.154728293418884277e-01
8.492571420000000204e-01 4.882463514804840088e-01
8.520972970000000313e-01 4.735184907913208008e-01
8.549375080000000127e-01 4.448660910129547119e-01
8.577777749999999646e-01 4.763558506965637207e-01
8.606180989999999698e-01 4.683752655982971191e-01
8.634584789999999455e-01 4.581864774227142334e-01
8.662989150000000027e-01 4.215389192104339600e-01
8.691394070000000305e-01 4.329390525817871094e-01
8.719799560000000005e-01 4.279659390449523926e-01
8.748205610000000521e-01 4.153061211109161377e-01
8.776612219999999631e-01 4.100298881530761719e-01
8.805019389999999557e-01 3.959625065326690674e-01
8.833427130000000016e-01 3.871858417987823486e-01
8.861835430000000180e-01 3.737107515335083008e-01
8.890244290000000049e-01 3.668099939823150635e-01
8.918653709999999624e-01 3.431862592697143555e-01
8.947063699999999731e-01 2.932090461254119873e-01
8.975474239999999826e-01 2.322252690792083740e-01
9.003885350000000454e-01 2.115650177001953125e-01
9.032297030000000504e-01 2.420168966054916382e-01
9.060709260000000542e-01 2.447337806224822998e-01
9.089122060000000003e-01 1.946041435003280640e-01
9.117535420000000279e-01 1.961411684751510620e-01
9.145949340000000261e-01 1.798169761896133423e-01
9.174363819999999947e-01 1.828529983758926392e-01
9.202778870000000166e-01 2.078457921743392944e-01
9.231194480000000091e-01 1.942907124757766724e-01
9.259610649999999721e-01 1.807439178228378296e-01
9.288027380000000166e-01 1.271873116493225098e-01
9.316444680000000034e-01 7.283492386341094971e-02
9.344862539999999607e-01 4.167423769831657410e-02
9.373280959999999995e-01 4.809390008449554443e-02
9.401699940000000089e-01 6.716058403253555298e-02
9.430119489999999605e-01 6.008558347821235657e-02
9.458539599999999936e-01 5.430333316326141357e-02
9.486960269999999973e-01 5.920848995447158813e-02
9.515381499999999715e-01 5.859800428152084351e-02
9.543803299999999989e-01 6.518855690956115723e-02
9.572225659999999969e-01 6.629208475351333618e-02
9.600648579999999654e-01 6.626227498054504395e-02
9.629072060000000155e-01 8.065398037433624268e-02
9.657496110000000078e-01 8.935717493295669556e-02
9.685920709999999989e-01 1.128713637590408325e-01
9.714345880000000433e-01 1.188253611326217651e-01
9.742771620000000299e-01 1.061829477548599243e-01
9.771197910000000153e-01 1.105275675654411316e-01
9.799624770000000540e-01 1.204251497983932495e-01
9.828052189999999522e-01 1.270209848880767822e-01
9.856480170000000429e-01 1.335651576519012451e-01
9.884908709999999932e-01 1.434521973133087158e-01
9.913337819999999967e-01 1.517749726772308350e-01
9.941767489999999707e-01 1.460262686014175415e-01
9.970197720000000263e-01 1.521441191434860229e-01
9.998628510000000524e-01 1.473170667886734009e-01
1.002705986999999910e+00 1.468959748744964600e-01
1.005549178999999960e+00 1.464238166809082031e-01
1.008392426999999980e+00 1.477872878313064575e-01
1.011235730999999971e+00 1.522654891014099121e-01
1.014079092000000015e+00 1.465919166803359985e-01
1.016922509000000030e+00 1.513764113187789917e-01
1.019765982000000015e+00 1.551257669925689697e-01
1.022609510999999971e+00 1.469613313674926758e-01
1.025453096999999980e+00 1.516924202442169189e-01
1.028296738999999960e+00 1.563777178525924683e-01
1.031140436999999910e+00 1.613471806049346924e-01
1.033984191000000052e+00 1.543147563934326172e-01
1.036828002000000026e+00 1.577671915292739868e-01
1.039671868000000110e+00 1.612495779991149902e-01
1.042515791000000025e+00 1.634839922189712524e-01
1.045359770999999993e+00 1.538225561380386353e-01
