3.615872339999999796e-01 1.295063018798828125e+00
3.644177160000000026e-01 1.490391492843627930e+00
3.672482539999999962e-01 1.548393368721008301e+00
3.700788480000000158e-01 1.581882238388061523e+00
3.729094980000000059e-01 1.442224860191345215e+00
3.757402049999999938e-01 1.515288710594177246e+00
3.785709680000000077e-01 1.674684882164001465e+00
3.814017869999999921e-01 1.420969605445861816e+00
3.842326620000000026e-01 1.313634872436523438e+00
3.870635940000000108e-01 1.461185097694396973e+00
3.898945819999999896e-01 1.618083238601684570e+00
3.927256259999999943e-01 1.429675102233886719e+00
3.955567260000000251e-01 1.442038893699645996e+00
3.983878829999999982e-01 1.861677408218383789e+00
4.012190950000000256e-01 2.261409044265747070e+00
4.040503639999999952e-01 2.272184133529663086e+00
4.068816900000000181e-01 2.247404575347900391e+00
4.097130709999999842e-01 2.287705659866333008e+00
4.125445090000000037e-01 2.372221469879150391e+00
4.153760029999999936e-01 2.385002613067626953e+00
4.182075530000000096e-01 2.346834659576416016e+00
4.210391589999999962e-01 2.355353116989135742e+00
4.238708219999999804e-01 2.312599420547485352e+00
4.267025409999999908e-01 2.256450414657592773e+00
4.295343160000000271e-01 2.053689718246459961e+00
4.323661469999999785e-01 2.196406126022338867e+00
4.351980349999999831e-01 2.393963336944580078e+00
4.380299790000000137e-01 2.418023109436035156e+00
4.408619790000000149e-01 2.486631631851196289e+00
4.436940349999999866e-01 2.642825841903686523e+00
4.465261480000000116e-01 2.670681715011596680e+00
4.493583170000000071e-01 2.823081016540527344e+00
4.521905419999999731e-01 2.840920448303222656e+00
4.550228230000000207e-01 2.807147502899169922e+00
4.578551610000000105e-01 2.858884811401367188e+00
4.606875550000000263e-01 2.896641492843627930e+00
4.635200050000000127e-01 2.910153150558471680e+00
4.663525110000000251e-01 2.863265991210937500e+00
4.691850739999999798e-01 2.848093748092651367e+00
4.720176919999999887e-01 2.877449512481689453e+00
4.748503669999999954e-01 2.939506769180297852e+00
4.776830989999999999e-01 2.971246480941772461e+00
4.805158860000000032e-01 3.027237176895141602e+00
4.833487300000000042e-01 3.023219108581542969e+00
4.861816299999999758e-01 2.775043249130249023e+00
4.890145859999999733e-01 2.900388002395629883e+00
4.918475979999999970e-01 2.969011783599853516e+00
4.946806670000000183e-01 3.031903982162475586e+00
4.975137920000000102e-01 3.034661769866943359e+00
5.003469729999999727e-01 2.968986749649047852e+00
5.031802100000000166e-01 2.947572708129882812e+00
5.060135040000000028e-01 3.033979892730712891e+00
5.088468539999999596e-01 3.052560329437255859e+00
5.116802599999999979e-01 3.091406822204589844e+00
5.145137220000000067e-01 3.021645069122314453e+00
5.173472409999999577e-01 2.860848426818847656e+00
5.201808159999999903e-01 2.986367940902709961e+00
5.230144469999999934e-01 3.119664669036865234e+00
5.258481339999999671e-01 3.121320724487304688e+00
5.286818779999999940e-01 3.177185535430908203e+00
5.315156779999999914e-01 3.280951976776123047e+00
5.343495339999999594e-01 3.259281396865844727e+00
5.371834460000000089e-01 3.306726217269897461e+00
5.400174150000000006e-01 3.248952627182006836e+00
5.428514389999999912e-01 3.268312215805053711e+00
5.456855200000000350e-01 3.334706068038940430e+00
5.485196580000000210e-01 3.350207328796386719e+00
5.513538510000000059e-01 3.364544391632080078e+00
5.541881010000000440e-01 3.402987003326416016e+00
5.570224070000000527e-01 3.367091417312622070e+00
5.598567690000000319e-01 3.326904535293579102e+00
5.626911869999999816e-01 3.370508193969726562e+00
5.655256619999999845e-01 3.362931489944458008e+00
5.683601929999999580e-01 3.335071086883544922e+00
5.711947800000000131e-01 3.300819158554077148e+00
5.740294230000000386e-01 3.346588134765625000e+00
5.768641230000000064e-01 3.317757606506347656e+00
5.796988789999999447e-01 3.328308820724487305e+00
5.825336909999999646e-01 3.406641960144042969e+00
5.853685589999999550e-01 3.361497640609741211e+00
5.882034839999999987e-01 3.141092061996459961e+00
5.910384650000000129e-01 2.999471902847290039e+00
5.938735019999999976e-01 3.061129570007324219e+00
5.967085949999999528e-01 3.046496391296386719e+00
5.995437449999999613e-01 3.002967834472656250e+00
6.023789510000000513e-01 2.971038818359375000e+00
6.052142130000000009e-01 2.988891363143920898e+00
6.080495310000000320e-01 2.936046361923217773e+00
6.108849060000000053e-01 2.854299783706665039e+00
6.137203359999999774e-01 2.764932155609130859e+00
6.165558230000000028e-01 2.739553928375244141e+00
6.193913669999999705e-01 2.804204225540161133e+00
6.222269660000000480e-01 2.803629636764526367e+00
6.250626219999999567e-01 2.723835229873657227e+00
6.278983339999999469e-01 2.663876295089721680e+00
6.307341020000000187e-01 2.642330884933471680e+00
6.335699259999999500e-01 2.670597314834594727e+00
6.364058070000000455e-01 2.694404840469360352e+00
6.392417440000000006e-01 2.705796480178833008e+00
6.420777370000000372e-01 2.675996780395507812e+00
6.449137860000000444e-01 2.634005069732666016e+00
6.477498919999999938e-01 2.516727447509765625e+00
6.505860540000000247e-01 2.500917911529541016e+00
6.534222720000000262e-01 2.505452632904052734e+00
6.562585459999999982e-01 2.292723655700683594e+00
6.590948770000000234e-01 2.400185108184814453e+00
6.619312640000000192e-01 2.465261459350585938e+00
6.647677069999999855e-01 2.435468912124633789e+00
6.676042060000000333e-01 2.419706106185913086e+00
6.704407620000000234e-01 2.391633987426757812e+00
6.732773739999999840e-01 2.366758584976196289e+00
6.761140420000000262e-01 2.351623058319091797e+00
6.789507660000000389e-01 2.333093404769897461e+00
6.817875469999999938e-01 2.315083503723144531e+00
6.846243829999999475e-01 2.230105876922607422e+00
6.874612759999999545e-01 1.869103074073791504e+00
6.902982260000000148e-01 1.895110368728637695e+00
6.931352309999999628e-01 1.925180077552795410e+00
6.959722929999999641e-01 1.941060304641723633e+00
6.988094110000000470e-01 1.919081449508666992e+00
7.016465849999999893e-01 1.818020582199096680e+00
7.044838150000000132e-01 1.815145134925842285e+00
7.073211019999999793e-01 1.781774401664733887e+00
7.101584450000000270e-01 1.707530379295349121e+00
7.129958440000000452e-01 1.616137385368347168e+00
7.158332990000000340e-01 1.370630979537963867e+00
7.186708109999999650e-01 9.925713539123535156e-01
7.215083789999999775e-01 1.023134350776672363e+00
7.243460029999999605e-01 9.387449622154235840e-01
7.271836830000000251e-01 8.509199023246765137e-01
7.300214200000000320e-01 7.983185052871704102e-01
7.328592130000000093e-01 8.173168301582336426e-01
7.356970619999999572e-01 8.108247518539428711e-01
7.385349669999999866e-01 7.845179438591003418e-01
7.413729289999999583e-01 7.942895889282226562e-01
7.442109470000000115e-01 8.042154908180236816e-01
7.470490210000000353e-01 8.032260537147521973e-01
7.498871510000000296e-01 7.877405285835266113e-01
7.527253379999999661e-01 7.803562879562377930e-01
7.555635800000000124e-01 7.721516489982604980e-01
7.584018790000000010e-01 6.395167112350463867e-01
7.612402350000000428e-01 3.054112195968627930e-01
7.640786459999999725e-01 3.640248775482177734e-01
7.669171139999999554e-01 5.831995606422424316e-01
7.697556380000000198e-01 7.176433801651000977e-01
7.725942180000000548e-01 7.336908578872680664e-01
7.754328539999999492e-01 7.410842180252075195e-01
7.782715470000000080e-01 7.402697801589965820e-01
7.811102960000000373e-01 7.429585456848144531e-01
7.839491010000000371e-01 7.418616414070129395e-01
7.867879620000000074e-01 7.337422966957092285e-01
7.896268800000000310e-01 7.123212218284606934e-01
7.924658540000000251e-01 7.128720879554748535e-01
7.953048839999999897e-01 7.261682748794555664e-01
7.981439700000000359e-01 7.260040044784545898e-01
8.009831130000000243e-01 7.171460986137390137e-01
8.038223119999999833e-01 7.218095064163208008e-01
8.066615670000000238e-01 7.366498112678527832e-01
8.095008780000000348e-01 7.096242904663085938e-01
8.123402459999999881e-01 6.308334469795227051e-01
8.151796700000000229e-01 5.202961564064025879e-01
8.180191500000000282e-01 4.954949319362640381e-01
8.208586860000000041e-01 5.243182182312011719e-01
8.236982790000000332e-01 4.836890995502471924e-01
8.265379269999999501e-01 5.033212900161743164e-01
8.293776320000000313e-01 4.461295902729034424e-01
8.322173940000000547e-01 4.331417083740234375e-01
8.350572109999999659e-01 4.384368360042572021e-01
8.378970850000000414e-01 4.506429731845855713e-01
8.407370149999999764e-01 4.522718191146850586e-01
8.435770009999999930e-01 4.452229738235473633e-01
8.464170429999999801e-01 4.446471035480499268e-01
8.492571420000000204e-01 4.215326309204101562e-01
8.520972970000000313e-01 4.072760939598083496e-01
8.549375080000000127e-01 3.866882026195526123e-01
8.577777749999999646e-01 4.109174013137817383e-01
8.606180989999999698e-01 4.020164906978607178e-01
8.634584789999999455e-01 3.984634578227996826e-01
8.662989150000000027e-01 3.674624860286712646e-01
8.691394070000000305e-01 3.770252168178558350e-01
8.719799560000000005e-01 3.694444894790649414e-01
8.748205610000000521e-01 3.597352504730224609e-01
8.776612219999999631e-01 3.566874563694000244e-01
8.805019389999999557e-01 3.398334681987762451e-01
8.833427130000000016e-01 3.368717730045318604e-01
8.861835430000000180e-01 3.232967257499694824e-01
8.890244290000000049e-01 3.172089755535125732e-01
8.918653709999999624e-01 2.979039847850799561e-01
8.947063699999999731e-01 2.562420666217803955e-01
8.975474239999999826e-01 2.059483975172042847e-01
9.003885350000000454e-01 1.886116117238998413e-01
9.032297030000000504e-01 2.135223746299743652e-01
9.060709260000000542e-01 2.118016183376312256e-01
9.089122060000000003e-01 1.702917665243148804e-01
9.117535420000000279e-01 1.749988943338394165e-01
9.145949340000000261e-01 1.586429178714752197e-01
9.174363819999999947e-01 1.606698930263519287e-01
9.202778870000000166e-01 1.832232475280761719e-01
9.231194480000000091e-01 1.754220873117446899e-01
9.259610649999999721e-01 1.594217568635940552e-01
9.288027380000000166e-01 1.182892397046089172e-01
9.316444680000000034e-01 6.483689695596694946e-02
9.344862539999999607e-01 3.777642548084259033e-02
9.373280959999999995e-01 4.296054691076278687e-02
9.401699940000000089e-01 6.619083881378173828e-02
9.430119489999999605e-01 5.561136081814765930e-02
9.458539599999999936e-01 4.796604439616203308e-02
9.486960269999999973e-01 5.394843220710754395e-02
9.515381499999999715e-01 5.549194663763046265e-02
9.543803299999999989e-01 5.782841891050338745e-02
9.572225659999999969e-01 6.118256971240043640e-02
9.600648579999999654e-01 5.868164822459220886e-02
9.629072060000000155e-01 7.424172759056091309e-02
9.657496110000000078e-01 8.488819748163223267e-02
9.685920709999999989e-01 1.053891479969024658e-01
9.714345880000000433e-01 1.132180094718933105e-01
9.742771620000000299e-01 9.902124851942062378e-02
9.771197910000000153e-01 1.023573502898216248e-01
9.799624770000000540e-01 1.094565838575363159e-01
9.828052189999999522e-01 1.201122030615806580e-01
9.856480170000000429e-01 1.303010433912277222e-01
9.884908709999999932e-01 1.346715390682220459e-01
9.913337819999999967e-01 1.342228651046752930e-01
9.941767489999999707e-01 1.387627273797988892e-01
9.970197720000000263e-01 1.342343091964721680e-01
9.998628510000000524e-01 1.339348107576370239e-01
1.002705986999999910e+00 1.369210928678512573e-01
1.005549178999999960e+00 1.325207650661468506e-01
1.008392426999999980e+00 1.352492123842239380e-01
1.011235730999999971e+00 1.377973854541778564e-01
1.014079092000000015e+00 1.350734084844589233e-01
1.016922509000000030e+00 1.390343904495239258e-01
1.019765982000000015e+00 1.361320912837982178e-01
1.022609510999999971e+00 1.457703262567520142e-01
1.025453096999999980e+00 1.408944576978683472e-01
1.028296738999999960e+00 1.346570998430252075e-01
1.031140436999999910e+00 1.501174271106719971e-01
1.033984191000000052e+00 1.412604004144668579e-01
1.036828002000000026e+00 1.339433044195175171e-01
1.039671868000000110e+00 1.466440260410308838e-01
1.042515791000000025e+00 1.529489010572433472e-01
1.045359770999999993e+00 1.491574794054031372e-01
