3.615872339999999796e-01 1.338801860809326172e+00
3.644177160000000026e-01 1.435077548027038574e+00
3.672482539999999962e-01 1.568563103675842285e+00
3.700788480000000158e-01 1.588155984878540039e+00
3.729094980000000059e-01 1.453500032424926758e+00
3.757402049999999938e-01 1.501647591590881348e+00
3.785709680000000077e-01 1.633128166198730469e+00
3.814017869999999921e-01 1.414509654045104980e+00
3.842326620000000026e-01 1.295329093933105469e+00
3.870635940000000108e-01 1.417962908744812012e+00
3.898945819999999896e-01 1.621792912483215332e+00
3.927256259999999943e-01 1.426462888717651367e+00
3.955567260000000251e-01 1.461845278739929199e+00
3.983878829999999982e-01 1.821783542633056641e+00
4.012190950000000256e-01 2.276345252990722656e+00
4.040503639999999952e-01 2.269958019256591797e+00
4.068816900000000181e-01 2.218686580657958984e+00
4.097130709999999842e-01 2.243335962295532227e+00
4.125445090000000037e-01 2.331184625625610352e+00
4.153760029999999936e-01 2.367988586425781250e+00
4.182075530000000096e-01 2.323990345001220703e+00
4.210391589999999962e-01 2.337796211242675781e+00
4.238708219999999804e-01 2.258224725723266602e+00
4.267025409999999908e-01 2.222058057785034180e+00
4.295343160000000271e-01 2.030666589736938477e+00
4.323661469999999785e-01 2.175371408462524414e+00
4.351980349999999831e-01 2.353994131088256836e+00
4.380299790000000137e-01 2.391167640686035156e+00
4.408619790000000149e-01 2.464172840118408203e+00
4.436940349999999866e-01 2.601952075958251953e+00
4.465261480000000116e-01 2.621764659881591797e+00
4.493583170000000071e-01 2.767144918441772461e+00
4.521905419999999731e-01 2.790432214736938477e+00
4.550228230000000207e-01 2.767925262451171875e+00
4.578551610000000105e-01 2.837235212326049805e+00
4.606875550000000263e-01 2.850849151611328125e+00
4.635200050000000127e-01 2.875154972076416016e+00
4.663525110000000251e-01 2.815637350082397461e+00
4.691850739999999798e-01 2.809294462203979492e+00
4.720176919999999887e-01 2.841162204742431641e+00
4.748503669999999954e-01 2.892259120941162109e+00
4.776830989999999999e-01 2.930418252944946289e+00
4.805158860000000032e-01 2.988226890563964844e+00
4.833487300000000042e-01 2.954416513442993164e+00
4.861816299999999758e-01 2.722553014755249023e+00
4.890145859999999733e-01 2.852912902832031250e+00
4.918475979999999970e-01 2.928138017654418945e+00
4.946806670000000183e-01 2.973973512649536133e+00
4.975137920000000102e-01 2.991415023803710938e+00
5.003469729999999727e-01 2.921963691711425781e+00
5.031802100000000166e-01 2.903434276580810547e+00
5.060135040000000028e-01 2.982691287994384766e+00
5.088468539999999596e-01 3.006705284118652344e+00
5.116802599999999979e-01 3.039760589599609375e+00
5.145137220000000067e-01 2.971178293228149414e+00
5.173472409999999577e-01 2.804150342941284180e+00
5.201808159999999903e-01 2.935194969177246094e+00
5.230144469999999934e-01 3.075061559677124023e+00
5.258481339999999671e-01 3.070037364959716797e+00
5.286818779999999940e-01 3.116394042968750000e+00
5.315156779999999914e-01 3.213052272796630859e+00
5.343495339999999594e-01 3.204054355621337891e+00
5.371834460000000089e-01 3.253069400787353516e+00
5.400174150000000006e-01 3.188066005706787109e+00
5.428514389999999912e-01 3.217757463455200195e+00
5.456855200000000350e-01 3.275047063827514648e+00
5.485196580000000210e-01 3.286324977874755859e+00
5.513538510000000059e-01 3.318565368652343750e+00
5.541881010000000440e-01 3.340906620025634766e+00
5.570224070000000527e-01 3.304713964462280273e+00
5.598567690000000319e-01 3.262930154800415039e+00
5.626911869999999816e-01 3.311916828155517578e+00
5.655256619999999845e-01 3.308571100234985352e+00
5.683601929999999580e-01 3.266886472702026367e+00
5.711947800000000131e-01 3.233054161071777344e+00
5.740294230000000386e-01 3.285893678665161133e+00
5.768641230000000064e-01 3.254108905792236328e+00
5.796988789999999447e-01 3.269786834716796875e+00
5.825336909999999646e-01 3.331708908081054688e+00
5.853685589999999550e-01 3.289346218109130859e+00
5.882034839999999987e-01 3.061973571777343750e+00
5.910384650000000129e-01 2.928074836730957031e+00
5.938735019999999976e-01 2.986732959747314453e+00
5.967085949999999528e-01 2.954671382904052734e+00
5.995437449999999613e-01 2.917243719100952148e+00
6.023789510000000513e-01 2.872851848602294922e+00
6.052142130000000009e-01 2.879632711410522461e+00
6.080495310000000320e-01 2.828785181045532227e+00
6.108849060000000053e-01 2.728514909744262695e+00
6.137203359999999774e-01 2.648715496063232422e+00
6.165558230000000028e-01 2.625340700149536133e+00
6.193913669999999705e-01 2.694346666336059570e+00
6.222269660000000480e-01 2.682041168212890625e+00
6.250626219999999567e-01 2.606949806213378906e+00
6.278983339999999469e-01 2.545335054397583008e+00
6.307341020000000187e-01 2.526796102523803711e+00
6.335699259999999500e-01 2.553229808807373047e+00
6.364058070000000455e-01 2.581353425979614258e+00
6.392417440000000006e-01 2.584181785583496094e+00
6.420777370000000372e-01 2.554203748703002930e+00
6.449137860000000444e-01 2.515634536743164062e+00
6.477498919999999938e-01 2.394049167633056641e+00
6.505860540000000247e-01 2.386781454086303711e+00
6.534222720000000262e-01 2.373797893524169922e+00
6.562585459999999982e-01 2.191049814224243164e+00
6.590948770000000234e-01 2.273389577865600586e+00
6.619312640000000192e-01 2.325788021087646484e+00
6.647677069999999855e-01 2.303895473480224609e+00
6.676042060000000333e-01 2.285311460494995117e+00
6.704407620000000234e-01 2.252137422561645508e+00
6.732773739999999840e-01 2.236882925033569336e+00
6.761140420000000262e-01 2.216888666152954102e+00
6.789507660000000389e-01 2.201936960220336914e+00
6.817875469999999938e-01 2.166219472885131836e+00
6.846243829999999475e-01 2.088532209396362305e+00
6.874612759999999545e-01 1.759655237197875977e+00
6.902982260000000148e-01 1.772206187248229980e+00
6.931352309999999628e-01 1.810960173606872559e+00
6.959722929999999641e-01 1.820507049560546875e+00
6.988094110000000470e-01 1.794039487838745117e+00
7.016465849999999893e-01 1.686205863952636719e+00
7.044838150000000132e-01 1.683482050895690918e+00
7.073211019999999793e-01 1.640666127204895020e+00
7.101584450000000270e-01 1.586016416549682617e+00
7.129958440000000452e-01 1.475328564643859863e+00
7.158332990000000340e-01 1.251533269882202148e+00
7.186708109999999650e-01 8.946205973625183105e-01
7.215083789999999775e-01 9.149504899978637695e-01
7.243460029999999605e-01 8.424353599548339844e-01
7.271836830000000251e-01 7.551509737968444824e-01
7.300214200000000320e-01 7.099617123603820801e-01
7.328592130000000093e-01 7.143447995185852051e-01
7.356970619999999572e-01 7.130420804023742676e-01
7.385349669999999866e-01 6.967172026634216309e-01
7.413729289999999583e-01 6.876364946365356445e-01
7.442109470000000115e-01 6.995911598205566406e-01
7.470490210000000353e-01 7.027024030685424805e-01
7.498871510000000296e-01 6.861986517906188965e-01
7.527253379999999661e-01 6.792959570884704590e-01
7.555635800000000124e-01 6.723895072937011719e-01
7.584018790000000010e-01 5.539268851280212402e-01
7.612402350000000428e-01 2.569883763790130615e-01
7.640786459999999725e-01 3.106355667114257812e-01
7.669171139999999554e-01 5.025584697723388672e-01
7.697556380000000198e-01 6.169468760490417480e-01
7.725942180000000548e-01 6.363309621810913086e-01
7.754328539999999492e-01 6.442548632621765137e-01
7.782715470000000080e-01 6.369222998619079590e-01
7.811102960000000373e-01 6.387115120887756348e-01
7.839491010000000371e-01 6.475883722305297852e-01
7.867879620000000074e-01 6.369425058364868164e-01
7.896268800000000310e-01 6.141841411590576172e-01
7.924658540000000251e-01 6.105814576148986816e-01
7.953048839999999897e-01 6.195799112319946289e-01
7.981439700000000359e-01 6.247743368148803711e-01
8.009831130000000243e-01 6.156511306762695312e-01
8.038223119999999833e-01 6.291899681091308594e-01
8.066615670000000238e-01 6.389943361282348633e-01
8.095008780000000348e-01 6.112291216850280762e-01
8.123402459999999881e-01 5.471792221069335938e-01
8.151796700000000229e-01 4.494051337242126465e-01
8.180191500000000282e-01 4.186211824417114258e-01
8.208586860000000041e-01 4.459396600723266602e-01
8.236982790000000332e-01 4.114231467247009277e-01
8.265379269999999501e-01 4.272509813308715820e-01
8.293776320000000313e-01 3.855071067810058594e-01
8.322173940000000547e-01 3.690539300441741943e-01
8.350572109999999659e-01 3.752142190933227539e-01
8.378970850000000414e-01 3.775985836982727051e-01
8.407370149999999764e-01 3.823849260807037354e-01
8.435770009999999930e-01 3.767083585262298584e-01
8.464170429999999801e-01 3.789410889148712158e-01
8.492571420000000204e-01 3.607555329799652100e-01
8.520972970000000313e-01 3.414330184459686279e-01
8.549375080000000127e-01 3.241021931171417236e-01
8.577777749999999646e-01 3.442829251289367676e-01
8.606180989999999698e-01 3.347562253475189209e-01
8.634584789999999455e-01 3.326134085655212402e-01
8.662989150000000027e-01 3.076671361923217773e-01
8.691394070000000305e-01 3.131502568721771240e-01
8.719799560000000005e-01 3.134512007236480713e-01
8.748205610000000521e-01 3.017951846122741699e-01
8.776612219999999631e-01 2.996919453144073486e-01
8.805019389999999557e-01 2.892250716686248779e-01
8.833427130000000016e-01 2.819796502590179443e-01
8.861835430000000180e-01 2.689921557903289795e-01
8.890244290000000049e-01 2.683878242969512939e-01
8.918653709999999624e-01 2.457990348339080811e-01
8.947063699999999731e-01 2.108089178800582886e-01
8.975474239999999826e-01 1.728418618440628052e-01
9.003885350000000454e-01 1.537249982357025146e-01
9.032297030000000504e-01 1.772733479738235474e-01
9.060709260000000542e-01 1.741652339696884155e-01
9.089122060000000003e-01 1.469808518886566162e-01
9.117535420000000279e-01 1.421745717525482178e-01
9.145949340000000261e-01 1.311181783676147461e-01
9.174363819999999947e-01 1.344357132911682129e-01
9.202778870000000166e-01 1.559661477804183960e-01
9.231194480000000091e-01 1.437384188175201416e-01
9.259610649999999721e-01 1.273576915264129639e-01
9.288027380000000166e-01 9.550045430660247803e-02
9.316444680000000034e-01 5.234749615192413330e-02
9.344862539999999607e-01 3.055620752274990082e-02
9.373280959999999995e-01 3.286909312009811401e-02
9.401699940000000089e-01 5.278296396136283875e-02
9.430119489999999605e-01 4.155667498707771301e-02
9.458539599999999936e-01 3.715896978974342346e-02
9.486960269999999973e-01 4.516195133328437805e-02
9.515381499999999715e-01 4.344883933663368225e-02
9.543803299999999989e-01 4.457273706793785095e-02
9.572225659999999969e-01 4.383083060383796692e-02
9.600648579999999654e-01 4.991678893566131592e-02
9.629072060000000155e-01 5.908871814608573914e-02
9.657496110000000078e-01 6.646915525197982788e-02
9.685920709999999989e-01 8.211607486009597778e-02
9.714345880000000433e-01 9.202567487955093384e-02
9.742771620000000299e-01 8.202049136161804199e-02
9.771197910000000153e-01 7.779428362846374512e-02
9.799624770000000540e-01 8.860246092081069946e-02
9.828052189999999522e-01 1.014925613999366760e-01
9.856480170000000429e-01 1.073539853096008301e-01
9.884908709999999932e-01 1.110222041606903076e-01
9.913337819999999967e-01 1.097468882799148560e-01
9.941767489999999707e-01 1.097046956419944763e-01
9.970197720000000263e-01 1.104566976428031921e-01
9.998628510000000524e-01 1.101147383451461792e-01
1.002705986999999910e+00 1.067228540778160095e-01
1.005549178999999960e+00 1.088480055332183838e-01
1.008392426999999980e+00 1.079908534884452820e-01
1.011235730999999971e+00 1.076359450817108154e-01
1.014079092000000015e+00 1.082585453987121582e-01
1.016922509000000030e+00 1.036974266171455383e-01
1.019765982000000015e+00 1.095711588859558105e-01
1.022609510999999971e+00 1.061538979411125183e-01
1.025453096999999980e+00 1.085738912224769592e-01
1.028296738999999960e+00 1.105421707034111023e-01
1.031140436999999910e+00 1.112874969840049744e-01
1.033984191000000052e+00 1.158075332641601562e-01
1.036828002000000026e+00 1.167243644595146179e-01
1.039671868000000110e+00 1.108801811933517456e-01
1.042515791000000025e+00 1.094952672719955444e-01
1.045359770999999993e+00 1.061455011367797852e-01
