3.615872339999999796e-01 1.262267112731933594e+00
3.644177160000000026e-01 1.466554522514343262e+00
3.672482539999999962e-01 1.615916967391967773e+00
3.700788480000000158e-01 1.587912797927856445e+00
3.729094980000000059e-01 1.402099370956420898e+00
3.757402049999999938e-01 1.510365366935729980e+00
3.785709680000000077e-01 1.650423288345336914e+00
3.814017869999999921e-01 1.420550346374511719e+00
3.842326620000000026e-01 1.317252635955810547e+00
3.870635940000000108e-01 1.463283419609069824e+00
3.898945819999999896e-01 1.630817174911499023e+00
3.927256259999999943e-01 1.426615953445434570e+00
3.955567260000000251e-01 1.461150765419006348e+00
3.983878829999999982e-01 1.831296086311340332e+00
4.012190950000000256e-01 2.274232625961303711e+00
4.040503639999999952e-01 2.275463581085205078e+00
4.068816900000000181e-01 2.238448858261108398e+00
4.097130709999999842e-01 2.284131526947021484e+00
4.125445090000000037e-01 2.382072925567626953e+00
4.153760029999999936e-01 2.411601305007934570e+00
4.182075530000000096e-01 2.360095024108886719e+00
4.210391589999999962e-01 2.382883787155151367e+00
4.238708219999999804e-01 2.344626188278198242e+00
4.267025409999999908e-01 2.293787717819213867e+00
4.295343160000000271e-01 2.091720581054687500e+00
4.323661469999999785e-01 2.203583717346191406e+00
4.351980349999999831e-01 2.422217130661010742e+00
4.380299790000000137e-01 2.447332859039306641e+00
4.408619790000000149e-01 2.513844966888427734e+00
4.436940349999999866e-01 2.677835941314697266e+00
4.465261480000000116e-01 2.701824665069580078e+00
4.493583170000000071e-01 2.852348804473876953e+00
4.521905419999999731e-01 2.875436067581176758e+00
4.550228230000000207e-01 2.832603693008422852e+00
4.578551610000000105e-01 2.897912263870239258e+00
4.606875550000000263e-01 2.933203935623168945e+00
4.635200050000000127e-01 2.959166765213012695e+00
4.663525110000000251e-01 2.904721021652221680e+00
4.691850739999999798e-01 2.891968965530395508e+00
4.720176919999999887e-01 2.925177574157714844e+00
4.748503669999999954e-01 2.961621046066284180e+00
4.776830989999999999e-01 3.010851860046386719e+00
4.805158860000000032e-01 3.079241991043090820e+00
4.833487300000000042e-01 3.052037000656127930e+00
4.861816299999999758e-01 2.810266256332397461e+00
4.890145859999999733e-01 2.926402330398559570e+00
4.918475979999999970e-01 3.007951021194458008e+00
4.946806670000000183e-01 3.068409204483032227e+00
4.975137920000000102e-01 3.086396932601928711e+00
5.003469729999999727e-01 3.016438245773315430e+00
5.031802100000000166e-01 2.995050430297851562e+00
5.060135040000000028e-01 3.090320825576782227e+00
5.088468539999999596e-01 3.115010023117065430e+00
5.116802599999999979e-01 3.140889167785644531e+00
5.145137220000000067e-01 3.074098110198974609e+00
5.173472409999999577e-01 2.916759490966796875e+00
5.201808159999999903e-01 3.043391227722167969e+00
5.230144469999999934e-01 3.174701213836669922e+00
5.258481339999999671e-01 3.189982652664184570e+00
5.286818779999999940e-01 3.238264322280883789e+00
5.315156779999999914e-01 3.340202808380126953e+00
5.343495339999999594e-01 3.315494775772094727e+00
5.371834460000000089e-01 3.371176242828369141e+00
5.400174150000000006e-01 3.306110858917236328e+00
5.428514389999999912e-01 3.338633775711059570e+00
5.456855200000000350e-01 3.398126363754272461e+00
5.485196580000000210e-01 3.420607566833496094e+00
5.513538510000000059e-01 3.436812639236450195e+00
5.541881010000000440e-01 3.473194837570190430e+00
5.570224070000000527e-01 3.433680057525634766e+00
5.598567690000000319e-01 3.397027254104614258e+00
5.626911869999999816e-01 3.438358783721923828e+00
5.655256619999999845e-01 3.438044071197509766e+00
5.683601929999999580e-01 3.403533458709716797e+00
5.711947800000000131e-01 3.366177558898925781e+00
5.740294230000000386e-01 3.424428701400756836e+00
5.768641230000000064e-01 3.392157793045043945e+00
5.796988789999999447e-01 3.407575368881225586e+00
5.825336909999999646e-01 3.473093986511230469e+00
5.853685589999999550e-01 3.448587417602539062e+00
5.882034839999999987e-01 3.218030452728271484e+00
5.910384650000000129e-01 3.086992502212524414e+00
5.938735019999999976e-01 3.150161743164062500e+00
5.967085949999999528e-01 3.137445449829101562e+00
5.995437449999999613e-01 3.109121084213256836e+00
6.023789510000000513e-01 3.078991889953613281e+00
6.052142130000000009e-01 3.097674369812011719e+00
6.080495310000000320e-01 3.048465728759765625e+00
6.108849060000000053e-01 2.967547655105590820e+00
6.137203359999999774e-01 2.873698234558105469e+00
6.165558230000000028e-01 2.848806619644165039e+00
6.193913669999999705e-01 2.928149938583374023e+00
6.222269660000000480e-01 2.911629199981689453e+00
6.250626219999999567e-01 2.840668678283691406e+00
6.278983339999999469e-01 2.774110317230224609e+00
6.307341020000000187e-01 2.745145797729492188e+00
6.335699259999999500e-01 2.782108545303344727e+00
6.364058070000000455e-01 2.814368486404418945e+00
6.392417440000000006e-01 2.824684381484985352e+00
6.420777370000000372e-01 2.794714927673339844e+00
6.449137860000000444e-01 2.757255554199218750e+00
6.477498919999999938e-01 2.637634992599487305e+00
6.505860540000000247e-01 2.625599145889282227e+00
6.534222720000000262e-01 2.616288423538208008e+00
6.562585459999999982e-01 2.408431291580200195e+00
6.590948770000000234e-01 2.523875951766967773e+00
6.619312640000000192e-01 2.589400768280029297e+00
6.647677069999999855e-01 2.563520669937133789e+00
6.676042060000000333e-01 2.551444768905639648e+00
6.704407620000000234e-01 2.523735284805297852e+00
6.732773739999999840e-01 2.491549015045166016e+00
6.761140420000000262e-01 2.489144325256347656e+00
6.789507660000000389e-01 2.474267959594726562e+00
6.817875469999999938e-01 2.444355726242065430e+00
6.846243829999999475e-01 2.357196331024169922e+00
6.874612759999999545e-01 1.973754405975341797e+00
6.902982260000000148e-01 2.005233764648437500e+00
6.931352309999999628e-01 2.052407264709472656e+00
6.959722929999999641e-01 2.069243192672729492e+00
6.988094110000000470e-01 2.060312747955322266e+00
7.016465849999999893e-01 1.944642543792724609e+00
7.044838150000000132e-01 1.949397802352905273e+00
7.073211019999999793e-01 1.917048931121826172e+00
7.101584450000000270e-01 1.858963727951049805e+00
7.129958440000000452e-01 1.754312515258789062e+00
7.158332990000000340e-01 1.493024349212646484e+00
7.186708109999999650e-01 1.102283000946044922e+00
7.215083789999999775e-01 1.127791404724121094e+00
7.243460029999999605e-01 1.034892201423645020e+00
7.271836830000000251e-01 9.428526759147644043e-01
7.300214200000000320e-01 8.896688818931579590e-01
7.328592130000000093e-01 9.127856492996215820e-01
7.356970619999999572e-01 9.059647321701049805e-01
7.385349669999999866e-01 8.878662586212158203e-01
7.413729289999999583e-01 8.897527456283569336e-01
7.442109470000000115e-01 9.012817144393920898e-01
7.470490210000000353e-01 9.063236713409423828e-01
7.498871510000000296e-01 8.907957673072814941e-01
7.527253379999999661e-01 8.790716528892517090e-01
7.555635800000000124e-01 8.724209070205688477e-01
7.584018790000000010e-01 7.114810347557067871e-01
7.612402350000000428e-01 3.320813775062561035e-01
7.640786459999999725e-01 4.098742008209228516e-01
7.669171139999999554e-01 6.583386659622192383e-01
7.697556380000000198e-01 8.008460998535156250e-01
7.725942180000000548e-01 8.337783813476562500e-01
7.754328539999999492e-01 8.362640142440795898e-01
7.782715470000000080e-01 8.373742699623107910e-01
7.811102960000000373e-01 8.450711965560913086e-01
7.839491010000000371e-01 8.377574682235717773e-01
7.867879620000000074e-01 8.316311240196228027e-01
7.896268800000000310e-01 8.051114678382873535e-01
7.924658540000000251e-01 8.060448765754699707e-01
7.953048839999999897e-01 8.163175582885742188e-01
7.981439700000000359e-01 8.247466087341308594e-01
8.009831130000000243e-01 8.226321935653686523e-01
8.038223119999999833e-01 8.198637366294860840e-01
8.066615670000000238e-01 8.362368345260620117e-01
8.095008780000000348e-01 8.032086491584777832e-01
8.123402459999999881e-01 7.152211666107177734e-01
8.151796700000000229e-01 5.857424139976501465e-01
8.180191500000000282e-01 5.541201233863830566e-01
8.208586860000000041e-01 5.955164432525634766e-01
8.236982790000000332e-01 5.459849834442138672e-01
8.265379269999999501e-01 5.643111467361450195e-01
8.293776320000000313e-01 5.055085420608520508e-01
8.322173940000000547e-01 4.872526824474334717e-01
8.350572109999999659e-01 4.951944053173065186e-01
8.378970850000000414e-01 5.050610899925231934e-01
8.407370149999999764e-01 5.100893974304199219e-01
8.435770009999999930e-01 5.103366374969482422e-01
8.464170429999999801e-01 5.055686235427856445e-01
8.492571420000000204e-01 4.754724204540252686e-01
8.520972970000000313e-01 4.599884152412414551e-01
8.549375080000000127e-01 4.313749670982360840e-01
8.577777749999999646e-01 4.588797986507415771e-01
8.606180989999999698e-01 4.536724388599395752e-01
8.634584789999999455e-01 4.497325122356414795e-01
8.662989150000000027e-01 4.098347127437591553e-01
8.691394070000000305e-01 4.227657020092010498e-01
8.719799560000000005e-01 4.181333184242248535e-01
8.748205610000000521e-01 4.090081155300140381e-01
8.776612219999999631e-01 3.953873515129089355e-01
8.805019389999999557e-01 3.828366696834564209e-01
8.833427130000000016e-01 3.784859776496887207e-01
8.861835430000000180e-01 3.601418733596801758e-01
8.890244290000000049e-01 3.567247986793518066e-01
8.918653709999999624e-01 3.365145027637481689e-01
8.947063699999999731e-01 2.853659093379974365e-01
8.975474239999999826e-01 2.298440188169479370e-01
9.003885350000000454e-01 2.039329409599304199e-01
9.032297030000000504e-01 2.353625148534774780e-01
9.060709260000000542e-01 2.344888448715209961e-01
9.089122060000000003e-01 1.932625919580459595e-01
9.117535420000000279e-01 1.943719983100891113e-01
9.145949340000000261e-01 1.751354783773422241e-01
9.174363819999999947e-01 1.789904683828353882e-01
9.202778870000000166e-01 2.062738388776779175e-01
9.231194480000000091e-01 1.899377554655075073e-01
9.259610649999999721e-01 1.778772324323654175e-01
9.288027380000000166e-01 1.267475634813308716e-01
9.316444680000000034e-01 6.969982385635375977e-02
9.344862539999999607e-01 4.046909511089324951e-02
9.373280959999999995e-01 4.545513540506362915e-02
9.401699940000000089e-01 6.658396869897842407e-02
9.430119489999999605e-01 6.040636450052261353e-02
9.458539599999999936e-01 5.557309463620185852e-02
9.486960269999999973e-01 5.766003951430320740e-02
9.515381499999999715e-01 6.082325056195259094e-02
9.543803299999999989e-01 6.011751666665077209e-02
9.572225659999999969e-01 6.627478450536727905e-02
9.600648579999999654e-01 6.578038632869720459e-02
9.629072060000000155e-01 7.749742269515991211e-02
9.657496110000000078e-01 8.240692317485809326e-02
9.685920709999999989e-01 1.102231070399284363e-01
9.714345880000000433e-01 1.203860044479370117e-01
9.742771620000000299e-01 1.077739447355270386e-01
9.771197910000000153e-01 1.058112755417823792e-01
9.799624770000000540e-01 1.177807822823524475e-01
9.828052189999999522e-01 1.277210563421249390e-01
9.856480170000000429e-01 1.351308971643447876e-01
9.884908709999999932e-01 1.459235548973083496e-01
9.913337819999999967e-01 1.460169255733489990e-01
9.941767489999999707e-01 1.499270796775817871e-01
9.970197720000000263e-01 1.493041515350341797e-01
9.998628510000000524e-01 1.452144086360931396e-01
1.002705986999999910e+00 1.542803645133972168e-01
1.005549178999999960e+00 1.418014764785766602e-01
1.008392426999999980e+00 1.449399292469024658e-01
1.011235730999999971e+00 1.465112417936325073e-01
1.014079092000000015e+00 1.452228277921676636e-01
1.016922509000000030e+00 1.519130766391754150e-01
1.019765982000000015e+00 1.520868986845016479e-01
1.022609510999999971e+00 1.442902833223342896e-01
1.025453096999999980e+00 1.468528807163238525e-01
1.028296738999999960e+00 1.427747160196304321e-01
1.031140436999999910e+00 1.530690044164657593e-01
1.033984191000000052e+00 1.525809168815612793e-01
1.036828002000000026e+00 1.477308571338653564e-01
1.039671868000000110e+00 1.462164670228958130e-01
1.042515791000000025e+00 1.625784188508987427e-01
1.045359770999999993e+00 1.732131242752075195e-01
