3.615872339999999796e-01 1.392311692237854004e+00
3.644177160000000026e-01 1.535055875778198242e+00
3.672482539999999962e-01 1.559170961380004883e+00
3.700788480000000158e-01 1.597676277160644531e+00
3.729094980000000059e-01 1.408047437667846680e+00
3.757402049999999938e-01 1.514770746231079102e+00
3.785709680000000077e-01 1.646832823753356934e+00
3.814017869999999921e-01 1.429794192314147949e+00
3.842326620000000026e-01 1.323668599128723145e+00
3.870635940000000108e-01 1.434536099433898926e+00
3.898945819999999896e-01 1.603308796882629395e+00
3.927256259999999943e-01 1.412506222724914551e+00
3.955567260000000251e-01 1.464783191680908203e+00
3.983878829999999982e-01 1.831318736076354980e+00
4.012190950000000256e-01 2.268079042434692383e+00
4.040503639999999952e-01 2.270993471145629883e+00
4.068816900000000181e-01 2.234773397445678711e+00
4.097130709999999842e-01 2.287431955337524414e+00
4.125445090000000037e-01 2.365044355392456055e+00
4.153760029999999936e-01 2.389501333236694336e+00
4.182075530000000096e-01 2.328918218612670898e+00
4.210391589999999962e-01 2.321923017501831055e+00
4.238708219999999804e-01 2.288445234298706055e+00
4.267025409999999908e-01 2.229920864105224609e+00
4.295343160000000271e-01 2.044993400573730469e+00
4.323661469999999785e-01 2.171478033065795898e+00
4.351980349999999831e-01 2.372913599014282227e+00
4.380299790000000137e-01 2.394578456878662109e+00
4.408619790000000149e-01 2.476317644119262695e+00
4.436940349999999866e-01 2.620320081710815430e+00
4.465261480000000116e-01 2.670330762863159180e+00
4.493583170000000071e-01 2.810393571853637695e+00
4.521905419999999731e-01 2.809926271438598633e+00
4.550228230000000207e-01 2.798291444778442383e+00
4.578551610000000105e-01 2.858738899230957031e+00
4.606875550000000263e-01 2.879117012023925781e+00
4.635200050000000127e-01 2.903780460357666016e+00
4.663525110000000251e-01 2.843322992324829102e+00
4.691850739999999798e-01 2.834649562835693359e+00
4.720176919999999887e-01 2.870923757553100586e+00
4.748503669999999954e-01 2.932293176651000977e+00
4.776830989999999999e-01 2.957170963287353516e+00
4.805158860000000032e-01 3.010769128799438477e+00
4.833487300000000042e-01 2.986115455627441406e+00
4.861816299999999758e-01 2.744626283645629883e+00
4.890145859999999733e-01 2.874450683593750000e+00
4.918475979999999970e-01 2.950038909912109375e+00
4.946806670000000183e-01 3.016031503677368164e+00
4.975137920000000102e-01 3.021363735198974609e+00
5.003469729999999727e-01 2.940618753433227539e+00
5.031802100000000166e-01 2.927468061447143555e+00
5.060135040000000028e-01 3.012667894363403320e+00
5.088468539999999596e-01 3.037396907806396484e+00
5.116802599999999979e-01 3.073016166687011719e+00
5.145137220000000067e-01 3.007147073745727539e+00
5.173472409999999577e-01 2.842061519622802734e+00
5.201808159999999903e-01 2.967173576354980469e+00
5.230144469999999934e-01 3.098308801651000977e+00
5.258481339999999671e-01 3.099499464035034180e+00
5.286818779999999940e-01 3.141492366790771484e+00
5.315156779999999914e-01 3.246349096298217773e+00
5.343495339999999594e-01 3.238101482391357422e+00
5.371834460000000089e-01 3.289557456970214844e+00
5.400174150000000006e-01 3.224498033523559570e+00
5.428514389999999912e-01 3.239799737930297852e+00
5.456855200000000350e-01 3.298105001449584961e+00
5.485196580000000210e-01 3.304471731185913086e+00
5.513538510000000059e-01 3.329009056091308594e+00
5.541881010000000440e-01 3.370252370834350586e+00
5.570224070000000527e-01 3.333188533782958984e+00
5.598567690000000319e-01 3.292201757431030273e+00
5.626911869999999816e-01 3.343518018722534180e+00
5.655256619999999845e-01 3.336199760437011719e+00
5.683601929999999580e-01 3.286785840988159180e+00
5.711947800000000131e-01 3.265099525451660156e+00
5.740294230000000386e-01 3.302412986755371094e+00
5.768641230000000064e-01 3.283627510070800781e+00
5.796988789999999447e-01 3.291028261184692383e+00
5.825336909999999646e-01 3.359767913818359375e+00
5.853685589999999550e-01 3.313195705413818359e+00
5.882034839999999987e-01 3.094223976135253906e+00
5.910384650000000129e-01 2.959462165832519531e+00
5.938735019999999976e-01 3.007395267486572266e+00
5.967085949999999528e-01 2.990622282028198242e+00
5.995437449999999613e-01 2.950870752334594727e+00
6.023789510000000513e-01 2.906219244003295898e+00
6.052142130000000009e-01 2.914837598800659180e+00
6.080495310000000320e-01 2.880130529403686523e+00
6.108849060000000053e-01 2.760347127914428711e+00
6.137203359999999774e-01 2.685423374176025391e+00
6.165558230000000028e-01 2.665764093399047852e+00
6.193913669999999705e-01 2.745604991912841797e+00
6.222269660000000480e-01 2.729762792587280273e+00
6.250626219999999567e-01 2.659564733505249023e+00
6.278983339999999469e-01 2.598492860794067383e+00
6.307341020000000187e-01 2.566330909729003906e+00
6.335699259999999500e-01 2.606026887893676758e+00
6.364058070000000455e-01 2.617450952529907227e+00
6.392417440000000006e-01 2.634505510330200195e+00
6.420777370000000372e-01 2.593716382980346680e+00
6.449137860000000444e-01 2.557782888412475586e+00
6.477498919999999938e-01 2.436357975006103516e+00
6.505860540000000247e-01 2.429953336715698242e+00
6.534222720000000262e-01 2.418813228607177734e+00
6.562585459999999982e-01 2.223284721374511719e+00
6.590948770000000234e-01 2.327076911926269531e+00
6.619312640000000192e-01 2.383064270019531250e+00
6.647677069999999855e-01 2.363521099090576172e+00
6.676042060000000333e-01 2.338818550109863281e+00
6.704407620000000234e-01 2.318557500839233398e+00
6.732773739999999840e-01 2.290663003921508789e+00
6.761140420000000262e-01 2.279035568237304688e+00
6.789507660000000389e-01 2.257836580276489258e+00
6.817875469999999938e-01 2.232811689376831055e+00
6.846243829999999475e-01 2.149787187576293945e+00
6.874612759999999545e-01 1.799540758132934570e+00
6.902982260000000148e-01 1.817915916442871094e+00
6.931352309999999628e-01 1.851775407791137695e+00
6.959722929999999641e-01 1.862134337425231934e+00
6.988094110000000470e-01 1.832660794258117676e+00
7.016465849999999893e-01 1.729798793792724609e+00
7.044838150000000132e-01 1.727614760398864746e+00
7.073211019999999793e-01 1.694220304489135742e+00
7.101584450000000270e-01 1.620152473449707031e+00
7.129958440000000452e-01 1.523147344589233398e+00
7.158332990000000340e-01 1.286009192466735840e+00
7.186708109999999650e-01 9.368578791618347168e-01
7.215083789999999775e-01 9.478673338890075684e-01
7.243460029999999605e-01 8.759315609931945801e-01
7.271836830000000251e-01 7.885753512382507324e-01
7.300214200000000320e-01 7.389014363288879395e-01
7.328592130000000093e-01 7.559497952461242676e-01
7.356970619999999572e-01 7.447300553321838379e-01
7.385349669999999866e-01 7.325745224952697754e-01
7.413729289999999583e-01 7.310708761215209961e-01
7.442109470000000115e-01 7.373163104057312012e-01
7.470490210000000353e-01 7.332394123077392578e-01
7.498871510000000296e-01 7.278274297714233398e-01
7.527253379999999661e-01 7.169425487518310547e-01
7.555635800000000124e-01 7.100491523742675781e-01
7.584018790000000010e-01 5.764288902282714844e-01
7.612402350000000428e-01 2.716403603553771973e-01
7.640786459999999725e-01 3.299016654491424561e-01
7.669171139999999554e-01 5.348201990127563477e-01
7.697556380000000198e-01 6.442891955375671387e-01
7.725942180000000548e-01 6.717978715896606445e-01
7.754328539999999492e-01 6.759467124938964844e-01
7.782715470000000080e-01 6.740818619728088379e-01
7.811102960000000373e-01 6.710607409477233887e-01
7.839491010000000371e-01 6.728430986404418945e-01
7.867879620000000074e-01 6.664142012596130371e-01
7.896268800000000310e-01 6.482244133949279785e-01
7.924658540000000251e-01 6.483429074287414551e-01
7.953048839999999897e-01 6.519851088523864746e-01
7.981439700000000359e-01 6.538606882095336914e-01
8.009831130000000243e-01 6.577029824256896973e-01
8.038223119999999833e-01 6.577574610710144043e-01
8.066615670000000238e-01 6.640696525573730469e-01
8.095008780000000348e-01 6.412377953529357910e-01
8.123402459999999881e-01 5.719304680824279785e-01
8.151796700000000229e-01 4.668654799461364746e-01
8.180191500000000282e-01 4.459677338600158691e-01
8.208586860000000041e-01 4.719580113887786865e-01
8.236982790000000332e-01 4.386311769485473633e-01
8.265379269999999501e-01 4.489001035690307617e-01
8.293776320000000313e-01 4.064371883869171143e-01
8.322173940000000547e-01 3.905916213989257812e-01
8.350572109999999659e-01 3.937427401542663574e-01
8.378970850000000414e-01 4.023479521274566650e-01
8.407370149999999764e-01 4.055546820163726807e-01
8.435770009999999930e-01 4.009606242179870605e-01
8.464170429999999801e-01 3.994396328926086426e-01
8.492571420000000204e-01 3.718868792057037354e-01
8.520972970000000313e-01 3.652962744235992432e-01
8.549375080000000127e-01 3.465146720409393311e-01
8.577777749999999646e-01 3.680089712142944336e-01
8.606180989999999698e-01 3.606380820274353027e-01
8.634584789999999455e-01 3.529342710971832275e-01
8.662989150000000027e-01 3.258309364318847656e-01
8.691394070000000305e-01 3.323397338390350342e-01
8.719799560000000005e-01 3.291546702384948730e-01
8.748205610000000521e-01 3.246833086013793945e-01
8.776612219999999631e-01 3.109953105449676514e-01
8.805019389999999557e-01 3.005689680576324463e-01
8.833427130000000016e-01 2.994581460952758789e-01
8.861835430000000180e-01 2.845413684844970703e-01
8.890244290000000049e-01 2.857108712196350098e-01
8.918653709999999624e-01 2.660815715789794922e-01
8.947063699999999731e-01 2.249848693609237671e-01
8.975474239999999826e-01 1.820347309112548828e-01
9.003885350000000454e-01 1.615870893001556396e-01
9.032297030000000504e-01 1.863856464624404907e-01
9.060709260000000542e-01 1.890041679143905640e-01
9.089122060000000003e-01 1.520744413137435913e-01
9.117535420000000279e-01 1.493293195962905884e-01
9.145949340000000261e-01 1.372682750225067139e-01
9.174363819999999947e-01 1.420246958732604980e-01
9.202778870000000166e-01 1.647126227617263794e-01
9.231194480000000091e-01 1.532678753137588501e-01
9.259610649999999721e-01 1.410588324069976807e-01
9.288027380000000166e-01 9.930184483528137207e-02
9.316444680000000034e-01 5.573045834898948669e-02
9.344862539999999607e-01 3.156561404466629028e-02
9.373280959999999995e-01 3.455692529678344727e-02
9.401699940000000089e-01 5.272211134433746338e-02
9.430119489999999605e-01 4.782008752226829529e-02
9.458539599999999936e-01 4.168913885951042175e-02
9.486960269999999973e-01 4.749885201454162598e-02
9.515381499999999715e-01 4.812544211745262146e-02
9.543803299999999989e-01 4.682613909244537354e-02
9.572225659999999969e-01 4.956299439072608948e-02
9.600648579999999654e-01 5.035891011357307434e-02
9.629072060000000155e-01 6.273476034402847290e-02
9.657496110000000078e-01 6.921402364969253540e-02
9.685920709999999989e-01 8.994008600711822510e-02
9.714345880000000433e-01 9.655989706516265869e-02
9.742771620000000299e-01 8.685365319252014160e-02
9.771197910000000153e-01 9.156380593776702881e-02
9.799624770000000540e-01 9.741798043251037598e-02
9.828052189999999522e-01 1.078572720289230347e-01
9.856480170000000429e-01 1.133599206805229187e-01
9.884908709999999932e-01 1.189016774296760559e-01
9.913337819999999967e-01 1.155021339654922485e-01
9.941767489999999707e-01 1.189487725496292114e-01
9.970197720000000263e-01 1.202672868967056274e-01
9.998628510000000524e-01 1.195251420140266418e-01
1.002705986999999910e+00 1.104523986577987671e-01
1.005549178999999960e+00 1.128511354327201843e-01
1.008392426999999980e+00 1.096585020422935486e-01
1.011235730999999971e+00 1.116450503468513489e-01
1.014079092000000015e+00 1.138803437352180481e-01
1.016922509000000030e+00 1.202589496970176697e-01
1.019765982000000015e+00 1.154662966728210449e-01
1.022609510999999971e+00 1.168250665068626404e-01
1.025453096999999980e+00 1.137456595897674561e-01
1.028296738999999960e+00 1.126434430480003357e-01
1.031140436999999910e+00 1.155406981706619263e-01
1.033984191000000052e+00 1.201114431023597717e-01
1.036828002000000026e+00 1.174015030264854431e-01
1.039671868000000110e+00 1.166762858629226685e-01
1.042515791000000025e+00 1.216434612870216370e-01
1.045359770999999993e+00 1.281418055295944214e-01
