3.615872339999999796e-01 1.296446561813354492e+00
3.644177160000000026e-01 1.498227715492248535e+00
3.672482539999999962e-01 1.608072876930236816e+00
3.700788480000000158e-01 1.608097910881042480e+00
3.729094980000000059e-01 1.409332036972045898e+00
3.757402049999999938e-01 1.522860050201416016e+00
3.785709680000000077e-01 1.594332695007324219e+00
3.814017869999999921e-01 1.397406458854675293e+00
3.842326620000000026e-01 1.306107044219970703e+00
3.870635940000000108e-01 1.433587789535522461e+00
3.898945819999999896e-01 1.629594206809997559e+00
3.927256259999999943e-01 1.443579316139221191e+00
3.955567260000000251e-01 1.460583686828613281e+00
3.983878829999999982e-01 1.831997394561767578e+00
4.012190950000000256e-01 2.269530534744262695e+00
4.040503639999999952e-01 2.246014356613159180e+00
4.068816900000000181e-01 2.234226226806640625e+00
4.097130709999999842e-01 2.275707721710205078e+00
4.125445090000000037e-01 2.351510047912597656e+00
4.153760029999999936e-01 2.352837800979614258e+00
4.182075530000000096e-01 2.326609373092651367e+00
4.210391589999999962e-01 2.339693784713745117e+00
4.238708219999999804e-01 2.284123897552490234e+00
4.267025409999999908e-01 2.224918842315673828e+00
4.295343160000000271e-01 2.030964374542236328e+00
4.323661469999999785e-01 2.149329423904418945e+00
4.351980349999999831e-01 2.355921268463134766e+00
4.380299790000000137e-01 2.385728359222412109e+00
4.408619790000000149e-01 2.453648567199707031e+00
4.436940349999999866e-01 2.584433317184448242e+00
4.465261480000000116e-01 2.606569051742553711e+00
4.493583170000000071e-01 2.773484230041503906e+00
4.521905419999999731e-01 2.786986112594604492e+00
4.550228230000000207e-01 2.765867948532104492e+00
4.578551610000000105e-01 2.816826820373535156e+00
4.606875550000000263e-01 2.836184501647949219e+00
4.635200050000000127e-01 2.868020534515380859e+00
4.663525110000000251e-01 2.795662164688110352e+00
4.691850739999999798e-01 2.797259330749511719e+00
4.720176919999999887e-01 2.828556299209594727e+00
4.748503669999999954e-01 2.880902051925659180e+00
4.776830989999999999e-01 2.893315076828002930e+00
4.805158860000000032e-01 2.977370738983154297e+00
4.833487300000000042e-01 2.947330236434936523e+00
4.861816299999999758e-01 2.704488754272460938e+00
4.890145859999999733e-01 2.822848081588745117e+00
4.918475979999999970e-01 2.900987863540649414e+00
4.946806670000000183e-01 2.952633857727050781e+00
4.975137920000000102e-01 2.982675075531005859e+00
5.003469729999999727e-01 2.899778127670288086e+00
5.031802100000000166e-01 2.868443727493286133e+00
5.060135040000000028e-01 2.957100629806518555e+00
5.088468539999999596e-01 2.975113868713378906e+00
5.116802599999999979e-01 2.999817132949829102e+00
5.145137220000000067e-01 2.931802988052368164e+00
5.173472409999999577e-01 2.778066873550415039e+00
5.201808159999999903e-01 2.905663251876831055e+00
5.230144469999999934e-01 3.029864311218261719e+00
5.258481339999999671e-01 3.042009115219116211e+00
5.286818779999999940e-01 3.073530197143554688e+00
5.315156779999999914e-01 3.180243253707885742e+00
5.343495339999999594e-01 3.163945913314819336e+00
5.371834460000000089e-01 3.210287809371948242e+00
5.400174150000000006e-01 3.149410486221313477e+00
5.428514389999999912e-01 3.174082994461059570e+00
5.456855200000000350e-01 3.231906652450561523e+00
5.485196580000000210e-01 3.244450807571411133e+00
5.513538510000000059e-01 3.268678665161132812e+00
5.541881010000000440e-01 3.288120269775390625e+00
5.570224070000000527e-01 3.253888130187988281e+00
5.598567690000000319e-01 3.211062669754028320e+00
5.626911869999999816e-01 3.260613679885864258e+00
5.655256619999999845e-01 3.255754709243774414e+00
5.683601929999999580e-01 3.222742319107055664e+00
5.711947800000000131e-01 3.186603546142578125e+00
5.740294230000000386e-01 3.242880821228027344e+00
5.768641230000000064e-01 3.210973739624023438e+00
5.796988789999999447e-01 3.220827341079711914e+00
5.825336909999999646e-01 3.291552782058715820e+00
5.853685589999999550e-01 3.231220006942749023e+00
5.882034839999999987e-01 3.016017198562622070e+00
5.910384650000000129e-01 2.873101949691772461e+00
5.938735019999999976e-01 2.930034637451171875e+00
5.967085949999999528e-01 2.905634403228759766e+00
5.995437449999999613e-01 2.849156379699707031e+00
6.023789510000000513e-01 2.827869415283203125e+00
6.052142130000000009e-01 2.831958293914794922e+00
6.080495310000000320e-01 2.771009683609008789e+00
6.108849060000000053e-01 2.673986434936523438e+00
6.137203359999999774e-01 2.601239919662475586e+00
6.165558230000000028e-01 2.576919078826904297e+00
6.193913669999999705e-01 2.651219844818115234e+00
6.222269660000000480e-01 2.633516788482666016e+00
6.250626219999999567e-01 2.567542552947998047e+00
6.278983339999999469e-01 2.500624895095825195e+00
6.307341020000000187e-01 2.483309030532836914e+00
6.335699259999999500e-01 2.509648323059082031e+00
6.364058070000000455e-01 2.526975631713867188e+00
6.392417440000000006e-01 2.546762466430664062e+00
6.420777370000000372e-01 2.509762525558471680e+00
6.449137860000000444e-01 2.471784353256225586e+00
6.477498919999999938e-01 2.363464355468750000e+00
6.505860540000000247e-01 2.343911886215209961e+00
6.534222720000000262e-01 2.334869861602783203e+00
6.562585459999999982e-01 2.137698888778686523e+00
6.590948770000000234e-01 2.237883567810058594e+00
6.619312640000000192e-01 2.293128252029418945e+00
6.647677069999999855e-01 2.269402742385864258e+00
6.676042060000000333e-01 2.253172397613525391e+00
6.704407620000000234e-01 2.231951713562011719e+00
6.732773739999999840e-01 2.204856395721435547e+00
6.761140420000000262e-01 2.194417953491210938e+00
6.789507660000000389e-01 2.182974338531494141e+00
6.817875469999999938e-01 2.142694234848022461e+00
6.846243829999999475e-01 2.064263582229614258e+00
6.874612759999999545e-01 1.724545836448669434e+00
6.902982260000000148e-01 1.739342808723449707e+00
6.931352309999999628e-01 1.771121621131896973e+00
6.959722929999999641e-01 1.772388100624084473e+00
6.988094110000000470e-01 1.748858094215393066e+00
7.016465849999999893e-01 1.642879128456115723e+00
7.044838150000000132e-01 1.647022485733032227e+00
7.073211019999999793e-01 1.598551869392395020e+00
7.101584450000000270e-01 1.526376008987426758e+00
7.129958440000000452e-01 1.434806704521179199e+00
7.158332990000000340e-01 1.209595799446105957e+00
7.186708109999999650e-01 8.803061246871948242e-01
7.215083789999999775e-01 8.920807242393493652e-01
7.243460029999999605e-01 8.289774656295776367e-01
7.271836830000000251e-01 7.427379488945007324e-01
7.300214200000000320e-01 6.974498033523559570e-01
7.328592130000000093e-01 7.029526233673095703e-01
7.356970619999999572e-01 6.977330446243286133e-01
7.385349669999999866e-01 6.804497838020324707e-01
7.413729289999999583e-01 6.799023151397705078e-01
7.442109470000000115e-01 6.880843639373779297e-01
7.470490210000000353e-01 6.883022189140319824e-01
7.498871510000000296e-01 6.784742474555969238e-01
7.527253379999999661e-01 6.731273531913757324e-01
7.555635800000000124e-01 6.690288782119750977e-01
7.584018790000000010e-01 5.433723926544189453e-01
7.612402350000000428e-01 2.583003044128417969e-01
7.640786459999999725e-01 3.103548288345336914e-01
7.669171139999999554e-01 4.948331117630004883e-01
7.697556380000000198e-01 6.034069061279296875e-01
7.725942180000000548e-01 6.237899065017700195e-01
7.754328539999999492e-01 6.314905285835266113e-01
7.782715470000000080e-01 6.333354115486145020e-01
7.811102960000000373e-01 6.296611428260803223e-01
7.839491010000000371e-01 6.300207376480102539e-01
7.867879620000000074e-01 6.218719482421875000e-01
7.896268800000000310e-01 5.999111533164978027e-01
7.924658540000000251e-01 6.045795083045959473e-01
7.953048839999999897e-01 6.132810115814208984e-01
7.981439700000000359e-01 6.191570758819580078e-01
8.009831130000000243e-01 6.112908720970153809e-01
8.038223119999999833e-01 6.104645729064941406e-01
8.066615670000000238e-01 6.241486668586730957e-01
8.095008780000000348e-01 5.928159952163696289e-01
8.123402459999999881e-01 5.368765592575073242e-01
8.151796700000000229e-01 4.362690746784210205e-01
8.180191500000000282e-01 4.139193892478942871e-01
8.208586860000000041e-01 4.403774738311767578e-01
8.236982790000000332e-01 4.082356691360473633e-01
8.265379269999999501e-01 4.189767837524414062e-01
8.293776320000000313e-01 3.778633773326873779e-01
8.322173940000000547e-01 3.642438352108001709e-01
8.350572109999999659e-01 3.701730668544769287e-01
8.378970850000000414e-01 3.772439360618591309e-01
8.407370149999999764e-01 3.797450959682464600e-01
8.435770009999999930e-01 3.768308758735656738e-01
8.464170429999999801e-01 3.750279843807220459e-01
8.492571420000000204e-01 3.577696084976196289e-01
8.520972970000000313e-01 3.343315422534942627e-01
8.549375080000000127e-01 3.199092447757720947e-01
8.577777749999999646e-01 3.414691686630249023e-01
8.606180989999999698e-01 3.340810537338256836e-01
8.634584789999999455e-01 3.340145945549011230e-01
8.662989150000000027e-01 3.036528229713439941e-01
8.691394070000000305e-01 3.098085522651672363e-01
8.719799560000000005e-01 3.105894923210144043e-01
8.748205610000000521e-01 2.997657358646392822e-01
8.776612219999999631e-01 2.989604473114013672e-01
8.805019389999999557e-01 2.848135530948638916e-01
8.833427130000000016e-01 2.819710671901702881e-01
8.861835430000000180e-01 2.733626961708068848e-01
8.890244290000000049e-01 2.624666988849639893e-01
8.918653709999999624e-01 2.522495985031127930e-01
8.947063699999999731e-01 2.120452821254730225e-01
8.975474239999999826e-01 1.716035604476928711e-01
9.003885350000000454e-01 1.560342162847518921e-01
9.032297030000000504e-01 1.782875806093215942e-01
9.060709260000000542e-01 1.758591979742050171e-01
9.089122060000000003e-01 1.452227234840393066e-01
9.117535420000000279e-01 1.457485854625701904e-01
9.145949340000000261e-01 1.302632838487625122e-01
9.174363819999999947e-01 1.348643451929092407e-01
9.202778870000000166e-01 1.554064154624938965e-01
9.231194480000000091e-01 1.439628899097442627e-01
9.259610649999999721e-01 1.338198781013488770e-01
9.288027380000000166e-01 9.706969559192657471e-02
9.316444680000000034e-01 4.919922351837158203e-02
9.344862539999999607e-01 2.907157503068447113e-02
9.373280959999999995e-01 3.332151100039482117e-02
9.401699940000000089e-01 5.551693961024284363e-02
9.430119489999999605e-01 4.366220906376838684e-02
9.458539599999999936e-01 3.984731808304786682e-02
9.486960269999999973e-01 4.693669453263282776e-02
9.515381499999999715e-01 4.563957080245018005e-02
9.543803299999999989e-01 4.451098665595054626e-02
9.572225659999999969e-01 5.509740114212036133e-02
9.600648579999999654e-01 5.186731740832328796e-02
9.629072060000000155e-01 5.972797051072120667e-02
9.657496110000000078e-01 7.125584781169891357e-02
9.685920709999999989e-01 8.917805552482604980e-02
9.714345880000000433e-01 9.209983795881271362e-02
9.742771620000000299e-01 7.926053553819656372e-02
9.771197910000000153e-01 8.278998732566833496e-02
9.799624770000000540e-01 8.705844730138778687e-02
9.828052189999999522e-01 1.048246100544929504e-01
9.856480170000000429e-01 1.091689392924308777e-01
9.884908709999999932e-01 1.113416180014610291e-01
9.913337819999999967e-01 1.097172796726226807e-01
9.941767489999999707e-01 1.112685874104499817e-01
9.970197720000000263e-01 1.125862821936607361e-01
9.998628510000000524e-01 1.178229451179504395e-01
1.002705986999999910e+00 1.093032881617546082e-01
1.005549178999999960e+00 1.138551756739616394e-01
1.008392426999999980e+00 1.086312904953956604e-01
1.011235730999999971e+00 1.072865277528762817e-01
1.014079092000000015e+00 1.081310659646987915e-01
1.016922509000000030e+00 1.106919273734092712e-01
1.019765982000000015e+00 1.101799160242080688e-01
1.022609510999999971e+00 1.077974513173103333e-01
1.025453096999999980e+00 1.086866855621337891e-01
1.028296738999999960e+00 1.150122806429862976e-01
1.031140436999999910e+00 1.155374050140380859e-01
1.033984191000000052e+00 1.155107021331787109e-01
1.036828002000000026e+00 1.131715998053550720e-01
1.039671868000000110e+00 1.053532138466835022e-01
1.042515791000000025e+00 1.061268523335456848e-01
1.045359770999999993e+00 1.011075824499130249e-01
