3.615872339999999796e-01 1.331054925918579102e+00
3.644177160000000026e-01 1.457910060882568359e+00
3.672482539999999962e-01 1.533537864685058594e+00
3.700788480000000158e-01 1.551863431930541992e+00
3.729094980000000059e-01 1.416355848312377930e+00
3.757402049999999938e-01 1.504454970359802246e+00
3.785709680000000077e-01 1.632023930549621582e+00
3.814017869999999921e-01 1.395432591438293457e+00
3.842326620000000026e-01 1.319781422615051270e+00
3.870635940000000108e-01 1.428479671478271484e+00
3.898945819999999896e-01 1.601873755455017090e+00
3.927256259999999943e-01 1.420232415199279785e+00
3.955567260000000251e-01 1.462255954742431641e+00
3.983878829999999982e-01 1.845973134040832520e+00
4.012190950000000256e-01 2.252793550491333008e+00
4.040503639999999952e-01 2.254293918609619141e+00
4.068816900000000181e-01 2.237244129180908203e+00
4.097130709999999842e-01 2.283491373062133789e+00
4.125445090000000037e-01 2.369417667388916016e+00
4.153760029999999936e-01 2.392014980316162109e+00
4.182075530000000096e-01 2.349143743515014648e+00
4.210391589999999962e-01 2.373549699783325195e+00
4.238708219999999804e-01 2.325356960296630859e+00
4.267025409999999908e-01 2.268954038619995117e+00
4.295343160000000271e-01 2.068617343902587891e+00
4.323661469999999785e-01 2.195172786712646484e+00
4.351980349999999831e-01 2.398946046829223633e+00
4.380299790000000137e-01 2.440771818161010742e+00
4.408619790000000149e-01 2.526564359664916992e+00
4.436940349999999866e-01 2.649811983108520508e+00
4.465261480000000116e-01 2.689827680587768555e+00
4.493583170000000071e-01 2.834984540939331055e+00
4.521905419999999731e-01 2.883062839508056641e+00
4.550228230000000207e-01 2.855854272842407227e+00
4.578551610000000105e-01 2.924762725830078125e+00
4.606875550000000263e-01 2.921404838562011719e+00
4.635200050000000127e-01 2.951781988143920898e+00
4.663525110000000251e-01 2.894414424896240234e+00
4.691850739999999798e-01 2.896525621414184570e+00
4.720176919999999887e-01 2.948929786682128906e+00
4.748503669999999954e-01 2.982260942459106445e+00
4.776830989999999999e-01 3.012949466705322266e+00
4.805158860000000032e-01 3.070360660552978516e+00
4.833487300000000042e-01 3.043511867523193359e+00
4.861816299999999758e-01 2.816258192062377930e+00
4.890145859999999733e-01 2.941832065582275391e+00
4.918475979999999970e-01 3.012207031250000000e+00
4.946806670000000183e-01 3.080396175384521484e+00
4.975137920000000102e-01 3.091993808746337891e+00
5.003469729999999727e-01 3.012495994567871094e+00
5.031802100000000166e-01 3.005618810653686523e+00
5.060135040000000028e-01 3.093325614929199219e+00
5.088468539999999596e-01 3.120900630950927734e+00
5.116802599999999979e-01 3.150746583938598633e+00
5.145137220000000067e-01 3.084234237670898438e+00
5.173472409999999577e-01 2.930736064910888672e+00
5.201808159999999903e-01 3.047106981277465820e+00
5.230144469999999934e-01 3.181363582611083984e+00
5.258481339999999671e-01 3.193706750869750977e+00
5.286818779999999940e-01 3.231713533401489258e+00
5.315156779999999914e-01 3.343975543975830078e+00
5.343495339999999594e-01 3.338556528091430664e+00
5.371834460000000089e-01 3.388953924179077148e+00
5.400174150000000006e-01 3.319555997848510742e+00
5.428514389999999912e-01 3.350525617599487305e+00
5.456855200000000350e-01 3.406726121902465820e+00
5.485196580000000210e-01 3.419208288192749023e+00
5.513538510000000059e-01 3.448807954788208008e+00
5.541881010000000440e-01 3.480830192565917969e+00
5.570224070000000527e-01 3.445254325866699219e+00
5.598567690000000319e-01 3.397132158279418945e+00
5.626911869999999816e-01 3.461967468261718750e+00
5.655256619999999845e-01 3.439507246017456055e+00
5.683601929999999580e-01 3.409227609634399414e+00
5.711947800000000131e-01 3.383868455886840820e+00
5.740294230000000386e-01 3.422965288162231445e+00
5.768641230000000064e-01 3.404346942901611328e+00
5.796988789999999447e-01 3.411469936370849609e+00
5.825336909999999646e-01 3.496097564697265625e+00
5.853685589999999550e-01 3.463064193725585938e+00
5.882034839999999987e-01 3.236465454101562500e+00
5.910384650000000129e-01 3.099627971649169922e+00
5.938735019999999976e-01 3.167163372039794922e+00
5.967085949999999528e-01 3.161283969879150391e+00
5.995437449999999613e-01 3.139906406402587891e+00
6.023789510000000513e-01 3.109297037124633789e+00
6.052142130000000009e-01 3.123234033584594727e+00
6.080495310000000320e-01 3.080123901367187500e+00
6.108849060000000053e-01 2.974508523941040039e+00
6.137203359999999774e-01 2.894195318222045898e+00
6.165558230000000028e-01 2.873554706573486328e+00
6.193913669999999705e-01 2.952896595001220703e+00
6.222269660000000480e-01 2.935657978057861328e+00
6.250626219999999567e-01 2.874205827713012695e+00
6.278983339999999469e-01 2.807694673538208008e+00
6.307341020000000187e-01 2.779466152191162109e+00
6.335699259999999500e-01 2.808075666427612305e+00
6.364058070000000455e-01 2.848035097122192383e+00
6.392417440000000006e-01 2.864312887191772461e+00
6.420777370000000372e-01 2.820599079132080078e+00
6.449137860000000444e-01 2.793504476547241211e+00
6.477498919999999938e-01 2.662263154983520508e+00
6.505860540000000247e-01 2.652633428573608398e+00
6.534222720000000262e-01 2.652033329010009766e+00
6.562585459999999982e-01 2.443179607391357422e+00
6.590948770000000234e-01 2.561003446578979492e+00
6.619312640000000192e-01 2.633090257644653320e+00
6.647677069999999855e-01 2.613767623901367188e+00
6.676042060000000333e-01 2.595906257629394531e+00
6.704407620000000234e-01 2.563348293304443359e+00
6.732773739999999840e-01 2.540761709213256836e+00
6.761140420000000262e-01 2.530756950378417969e+00
6.789507660000000389e-01 2.521390438079833984e+00
6.817875469999999938e-01 2.484489679336547852e+00
6.846243829999999475e-01 2.399657487869262695e+00
6.874612759999999545e-01 2.013873338699340820e+00
6.902982260000000148e-01 2.045803546905517578e+00
6.931352309999999628e-01 2.084438800811767578e+00
6.959722929999999641e-01 2.108660697937011719e+00
6.988094110000000470e-01 2.094283342361450195e+00
7.016465849999999893e-01 1.988832235336303711e+00
7.044838150000000132e-01 1.999614596366882324e+00
7.073211019999999793e-01 1.965297460556030273e+00
7.101584450000000270e-01 1.906028032302856445e+00
7.129958440000000452e-01 1.796147584915161133e+00
7.158332990000000340e-01 1.536657333374023438e+00
7.186708109999999650e-01 1.125959038734436035e+00
7.215083789999999775e-01 1.162586092948913574e+00
7.243460029999999605e-01 1.066036820411682129e+00
7.271836830000000251e-01 9.701889753341674805e-01
7.300214200000000320e-01 9.136021733283996582e-01
7.328592130000000093e-01 9.382277727127075195e-01
7.356970619999999572e-01 9.362100958824157715e-01
7.385349669999999866e-01 9.069694876670837402e-01
7.413729289999999583e-01 9.138422608375549316e-01
7.442109470000000115e-01 9.279542565345764160e-01
7.470490210000000353e-01 9.304956197738647461e-01
7.498871510000000296e-01 9.120355844497680664e-01
7.527253379999999661e-01 9.053461551666259766e-01
7.555635800000000124e-01 8.960461616516113281e-01
7.584018790000000010e-01 7.360688447952270508e-01
7.612402350000000428e-01 3.426103889942169189e-01
7.640786459999999725e-01 4.230630993843078613e-01
7.669171139999999554e-01 6.710883975028991699e-01
7.697556380000000198e-01 8.234762549400329590e-01
7.725942180000000548e-01 8.515019416809082031e-01
7.754328539999999492e-01 8.610807061195373535e-01
7.782715470000000080e-01 8.612065911293029785e-01
7.811102960000000373e-01 8.655782341957092285e-01
7.839491010000000371e-01 8.635903596878051758e-01
7.867879620000000074e-01 8.501205444335937500e-01
7.896268800000000310e-01 8.296199440956115723e-01
7.924658540000000251e-01 8.298029303550720215e-01
7.953048839999999897e-01 8.409585952758789062e-01
7.981439700000000359e-01 8.462262749671936035e-01
8.009831130000000243e-01 8.373910784721374512e-01
8.038223119999999833e-01 8.422514200210571289e-01
8.066615670000000238e-01 8.592035770416259766e-01
8.095008780000000348e-01 8.211743831634521484e-01
8.123402459999999881e-01 7.427535057067871094e-01
8.151796700000000229e-01 6.030522584915161133e-01
8.180191500000000282e-01 5.703707933425903320e-01
8.208586860000000041e-01 6.121872067451477051e-01
8.236982790000000332e-01 5.622716546058654785e-01
8.265379269999999501e-01 5.851136445999145508e-01
8.293776320000000313e-01 5.189948081970214844e-01
8.322173940000000547e-01 5.007272362709045410e-01
8.350572109999999659e-01 5.018069744110107422e-01
8.378970850000000414e-01 5.119461417198181152e-01
8.407370149999999764e-01 5.173594355583190918e-01
8.435770009999999930e-01 5.135191082954406738e-01
8.464170429999999801e-01 5.107174515724182129e-01
8.492571420000000204e-01 4.921754002571105957e-01
8.520972970000000313e-01 4.694186151027679443e-01
8.549375080000000127e-01 4.426951110363006592e-01
8.577777749999999646e-01 4.655726552009582520e-01
8.606180989999999698e-01 4.616062343120574951e-01
8.634584789999999455e-01 4.526587724685668945e-01
8.662989150000000027e-01 4.154093265533447266e-01
8.691394070000000305e-01 4.330244362354278564e-01
8.719799560000000005e-01 4.213267266750335693e-01
8.748205610000000521e-01 4.119972884654998779e-01
8.776612219999999631e-01 4.021556377410888672e-01
8.805019389999999557e-01 3.898415565490722656e-01
8.833427130000000016e-01 3.830698728561401367e-01
8.861835430000000180e-01 3.647398948669433594e-01
8.890244290000000049e-01 3.597894012928009033e-01
8.918653709999999624e-01 3.367674350738525391e-01
8.947063699999999731e-01 2.865331172943115234e-01
8.975474239999999826e-01 2.292175441980361938e-01
9.003885350000000454e-01 2.009271979331970215e-01
9.032297030000000504e-01 2.366181910037994385e-01
9.060709260000000542e-01 2.362510859966278076e-01
9.089122060000000003e-01 1.924419850111007690e-01
9.117535420000000279e-01 1.895863413810729980e-01
9.145949340000000261e-01 1.762993037700653076e-01
9.174363819999999947e-01 1.795213967561721802e-01
9.202778870000000166e-01 2.000791728496551514e-01
9.231194480000000091e-01 1.959818154573440552e-01
9.259610649999999721e-01 1.719559729099273682e-01
9.288027380000000166e-01 1.243236511945724487e-01
9.316444680000000034e-01 7.200293242931365967e-02
9.344862539999999607e-01 3.777024522423744202e-02
9.373280959999999995e-01 4.189688712358474731e-02
9.401699940000000089e-01 6.773485988378524780e-02
9.430119489999999605e-01 5.711230635643005371e-02
9.458539599999999936e-01 5.192521214485168457e-02
9.486960269999999973e-01 5.529481917619705200e-02
9.515381499999999715e-01 5.460581928491592407e-02
9.543803299999999989e-01 5.545212700963020325e-02
9.572225659999999969e-01 6.167016550898551941e-02
9.600648579999999654e-01 6.200613453984260559e-02
9.629072060000000155e-01 7.710758596658706665e-02
9.657496110000000078e-01 8.239756524562835693e-02
9.685920709999999989e-01 1.079545691609382629e-01
9.714345880000000433e-01 1.145483031868934631e-01
9.742771620000000299e-01 1.090409159660339355e-01
9.771197910000000153e-01 1.045815572142601013e-01
9.799624770000000540e-01 1.138542816042900085e-01
9.828052189999999522e-01 1.193800419569015503e-01
9.856480170000000429e-01 1.334036737680435181e-01
9.884908709999999932e-01 1.387474387884140015e-01
9.913337819999999967e-01 1.378052979707717896e-01
9.941767489999999707e-01 1.381734013557434082e-01
9.970197720000000263e-01 1.399774700403213501e-01
9.998628510000000524e-01 1.438146233558654785e-01
1.002705986999999910e+00 1.392870694398880005e-01
1.005549178999999960e+00 1.331325024366378784e-01
1.008392426999999980e+00 1.369214653968811035e-01
1.011235730999999971e+00 1.428333073854446411e-01
1.014079092000000015e+00 1.422240585088729858e-01
1.016922509000000030e+00 1.467436701059341431e-01
1.019765982000000015e+00 1.348349153995513916e-01
1.022609510999999971e+00 1.420483142137527466e-01
1.025453096999999980e+00 1.451826542615890503e-01
1.028296738999999960e+00 1.464981436729431152e-01
1.031140436999999910e+00 1.456712782382965088e-01
1.033984191000000052e+00 1.544010788202285767e-01
1.036828002000000026e+00 1.538298875093460083e-01
1.039671868000000110e+00 1.616993099451065063e-01
1.042515791000000025e+00 1.478254050016403198e-01
1.045359770999999993e+00 1.569839119911193848e-01
