3.615872339999999796e-01 1.316168904304504395e+00
3.644177160000000026e-01 1.451830625534057617e+00
3.672482539999999962e-01 1.601586818695068359e+00
3.700788480000000158e-01 1.576154947280883789e+00
3.729094980000000059e-01 1.437773108482360840e+00
3.757402049999999938e-01 1.483353018760681152e+00
3.785709680000000077e-01 1.640689015388488770e+00
3.814017869999999921e-01 1.433227181434631348e+00
3.842326620000000026e-01 1.308126688003540039e+00
3.870635940000000108e-01 1.427790999412536621e+00
3.898945819999999896e-01 1.619930863380432129e+00
3.927256259999999943e-01 1.416553497314453125e+00
3.955567260000000251e-01 1.448858141899108887e+00
3.983878829999999982e-01 1.846914172172546387e+00
4.012190950000000256e-01 2.268877744674682617e+00
4.040503639999999952e-01 2.282572507858276367e+00
4.068816900000000181e-01 2.240293741226196289e+00
4.097130709999999842e-01 2.283763408660888672e+00
4.125445090000000037e-01 2.374268770217895508e+00
4.153760029999999936e-01 2.412607908248901367e+00
4.182075530000000096e-01 2.352646112442016602e+00
4.210391589999999962e-01 2.367060184478759766e+00
4.238708219999999804e-01 2.321014642715454102e+00
4.267025409999999908e-01 2.265845775604248047e+00
4.295343160000000271e-01 2.047474861145019531e+00
4.323661469999999785e-01 2.213150501251220703e+00
4.351980349999999831e-01 2.392836332321166992e+00
4.380299790000000137e-01 2.415665388107299805e+00
4.408619790000000149e-01 2.494971275329589844e+00
4.436940349999999866e-01 2.658192396163940430e+00
4.465261480000000116e-01 2.676528692245483398e+00
4.493583170000000071e-01 2.821491241455078125e+00
4.521905419999999731e-01 2.850703239440917969e+00
4.550228230000000207e-01 2.825795173645019531e+00
4.578551610000000105e-01 2.879557847976684570e+00
4.606875550000000263e-01 2.901979446411132812e+00
4.635200050000000127e-01 2.943293809890747070e+00
4.663525110000000251e-01 2.874628782272338867e+00
4.691850739999999798e-01 2.872552394866943359e+00
4.720176919999999887e-01 2.912816047668457031e+00
4.748503669999999954e-01 2.955658912658691406e+00
4.776830989999999999e-01 2.991070747375488281e+00
4.805158860000000032e-01 3.039173126220703125e+00
4.833487300000000042e-01 3.024531602859497070e+00
4.861816299999999758e-01 2.791305541992187500e+00
4.890145859999999733e-01 2.901412725448608398e+00
4.918475979999999970e-01 2.991093873977661133e+00
4.946806670000000183e-01 3.046391487121582031e+00
4.975137920000000102e-01 3.067162036895751953e+00
5.003469729999999727e-01 3.000144004821777344e+00
5.031802100000000166e-01 2.979646921157836914e+00
5.060135040000000028e-01 3.064389705657958984e+00
5.088468539999999596e-01 3.083677768707275391e+00
5.116802599999999979e-01 3.116447925567626953e+00
5.145137220000000067e-01 3.039033174514770508e+00
5.173472409999999577e-01 2.883410215377807617e+00
5.201808159999999903e-01 3.018021345138549805e+00
5.230144469999999934e-01 3.151758670806884766e+00
5.258481339999999671e-01 3.161474466323852539e+00
5.286818779999999940e-01 3.205678462982177734e+00
5.315156779999999914e-01 3.310487270355224609e+00
5.343495339999999594e-01 3.304854869842529297e+00
5.371834460000000089e-01 3.343529701232910156e+00
5.400174150000000006e-01 3.278544187545776367e+00
5.428514389999999912e-01 3.300235986709594727e+00
5.456855200000000350e-01 3.364786148071289062e+00
5.485196580000000210e-01 3.367736577987670898e+00
5.513538510000000059e-01 3.403992176055908203e+00
5.541881010000000440e-01 3.437446594238281250e+00
5.570224070000000527e-01 3.404034614562988281e+00
5.598567690000000319e-01 3.366849899291992188e+00
5.626911869999999816e-01 3.418710947036743164e+00
5.655256619999999845e-01 3.400314807891845703e+00
5.683601929999999580e-01 3.377016305923461914e+00
5.711947800000000131e-01 3.336595296859741211e+00
5.740294230000000386e-01 3.378658294677734375e+00
5.768641230000000064e-01 3.356998920440673828e+00
5.796988789999999447e-01 3.371318340301513672e+00
5.825336909999999646e-01 3.443890810012817383e+00
5.853685589999999550e-01 3.421693563461303711e+00
5.882034839999999987e-01 3.192114353179931641e+00
5.910384650000000129e-01 3.050990104675292969e+00
5.938735019999999976e-01 3.114345312118530273e+00
5.967085949999999528e-01 3.107748746871948242e+00
5.995437449999999613e-01 3.077953338623046875e+00
6.023789510000000513e-01 3.038746595382690430e+00
6.052142130000000009e-01 3.056415796279907227e+00
6.080495310000000320e-01 3.013551235198974609e+00
6.108849060000000053e-01 2.912629604339599609e+00
6.137203359999999774e-01 2.835930347442626953e+00
6.165558230000000028e-01 2.807841300964355469e+00
6.193913669999999705e-01 2.885040283203125000e+00
6.222269660000000480e-01 2.869148731231689453e+00
6.250626219999999567e-01 2.792265653610229492e+00
6.278983339999999469e-01 2.736266374588012695e+00
6.307341020000000187e-01 2.711583137512207031e+00
6.335699259999999500e-01 2.744760751724243164e+00
6.364058070000000455e-01 2.770204782485961914e+00
6.392417440000000006e-01 2.783536195755004883e+00
6.420777370000000372e-01 2.750670671463012695e+00
6.449137860000000444e-01 2.710789918899536133e+00
6.477498919999999938e-01 2.608540773391723633e+00
6.505860540000000247e-01 2.576210498809814453e+00
6.534222720000000262e-01 2.576238393783569336e+00
6.562585459999999982e-01 2.371748447418212891e+00
6.590948770000000234e-01 2.485440254211425781e+00
6.619312640000000192e-01 2.540413141250610352e+00
6.647677069999999855e-01 2.526128768920898438e+00
6.676042060000000333e-01 2.513568162918090820e+00
6.704407620000000234e-01 2.483245849609375000e+00
6.732773739999999840e-01 2.457100391387939453e+00
6.761140420000000262e-01 2.438498973846435547e+00
6.789507660000000389e-01 2.428947687149047852e+00
6.817875469999999938e-01 2.406656026840209961e+00
6.846243829999999475e-01 2.307149171829223633e+00
6.874612759999999545e-01 1.947517633438110352e+00
6.902982260000000148e-01 1.973861575126647949e+00
6.931352309999999628e-01 2.011470794677734375e+00
6.959722929999999641e-01 2.039273023605346680e+00
6.988094110000000470e-01 2.005639791488647461e+00
7.016465849999999893e-01 1.909942984580993652e+00
7.044838150000000132e-01 1.906332135200500488e+00
7.073211019999999793e-01 1.878355026245117188e+00
7.101584450000000270e-01 1.811346292495727539e+00
7.129958440000000452e-01 1.706801772117614746e+00
7.158332990000000340e-01 1.445064067840576172e+00
7.186708109999999650e-01 1.061971306800842285e+00
7.215083789999999775e-01 1.091913223266601562e+00
7.243460029999999605e-01 1.003067851066589355e+00
7.271836830000000251e-01 9.086499810218811035e-01
7.300214200000000320e-01 8.535279035568237305e-01
7.328592130000000093e-01 8.722664117813110352e-01
7.356970619999999572e-01 8.719911575317382812e-01
7.385349669999999866e-01 8.490414023399353027e-01
7.413729289999999583e-01 8.581210970878601074e-01
7.442109470000000115e-01 8.676275610923767090e-01
7.470490210000000353e-01 8.675895929336547852e-01
7.498871510000000296e-01 8.562634587287902832e-01
7.527253379999999661e-01 8.444252610206604004e-01
7.555635800000000124e-01 8.404315710067749023e-01
7.584018790000000010e-01 6.840373873710632324e-01
7.612402350000000428e-01 3.233145773410797119e-01
7.640786459999999725e-01 3.897110223770141602e-01
7.669171139999999554e-01 6.294694542884826660e-01
7.697556380000000198e-01 7.683985233306884766e-01
7.725942180000000548e-01 7.984106540679931641e-01
7.754328539999999492e-01 8.008733987808227539e-01
7.782715470000000080e-01 8.060042262077331543e-01
7.811102960000000373e-01 8.059092760086059570e-01
7.839491010000000371e-01 8.056371808052062988e-01
7.867879620000000074e-01 7.873741388320922852e-01
7.896268800000000310e-01 7.679847478866577148e-01
7.924658540000000251e-01 7.729972600936889648e-01
7.953048839999999897e-01 7.773596048355102539e-01
7.981439700000000359e-01 7.890731096267700195e-01
8.009831130000000243e-01 7.824710011482238770e-01
8.038223119999999833e-01 7.829129695892333984e-01
8.066615670000000238e-01 7.991642355918884277e-01
8.095008780000000348e-01 7.687012553215026855e-01
8.123402459999999881e-01 6.822784543037414551e-01
8.151796700000000229e-01 5.611357688903808594e-01
8.180191500000000282e-01 5.286346673965454102e-01
8.208586860000000041e-01 5.675541758537292480e-01
8.236982790000000332e-01 5.224183797836303711e-01
8.265379269999999501e-01 5.408176183700561523e-01
8.293776320000000313e-01 4.829071164131164551e-01
8.322173940000000547e-01 4.622842073440551758e-01
8.350572109999999659e-01 4.696585536003112793e-01
8.378970850000000414e-01 4.847466647624969482e-01
8.407370149999999764e-01 4.865776896476745605e-01
8.435770009999999930e-01 4.824725687503814697e-01
8.464170429999999801e-01 4.851995706558227539e-01
8.492571420000000204e-01 4.521363377571105957e-01
8.520972970000000313e-01 4.402896165847778320e-01
8.549375080000000127e-01 4.136769175529479980e-01
8.577777749999999646e-01 4.412750303745269775e-01
8.606180989999999698e-01 4.356248676776885986e-01
8.634584789999999455e-01 4.180671870708465576e-01
8.662989150000000027e-01 3.897540569305419922e-01
8.691394070000000305e-01 4.070145487785339355e-01
8.719799560000000005e-01 4.048206508159637451e-01
8.748205610000000521e-01 3.902321755886077881e-01
8.776612219999999631e-01 3.802565336227416992e-01
8.805019389999999557e-01 3.665424287319183350e-01
8.833427130000000016e-01 3.619036376476287842e-01
8.861835430000000180e-01 3.486730456352233887e-01
8.890244290000000049e-01 3.395940065383911133e-01
8.918653709999999624e-01 3.213822543621063232e-01
8.947063699999999731e-01 2.743624150753021240e-01
8.975474239999999826e-01 2.123639136552810669e-01
9.003885350000000454e-01 1.922612786293029785e-01
9.032297030000000504e-01 2.239129543304443359e-01
9.060709260000000542e-01 2.239173799753189087e-01
9.089122060000000003e-01 1.815913617610931396e-01
9.117535420000000279e-01 1.808403283357620239e-01
9.145949340000000261e-01 1.679360121488571167e-01
9.174363819999999947e-01 1.681104451417922974e-01
9.202778870000000166e-01 1.930442154407501221e-01
9.231194480000000091e-01 1.846150010824203491e-01
9.259610649999999721e-01 1.682603210210800171e-01
9.288027380000000166e-01 1.199876368045806885e-01
9.316444680000000034e-01 6.205216422677040100e-02
9.344862539999999607e-01 4.119693487882614136e-02
9.373280959999999995e-01 4.453144595026969910e-02
9.401699940000000089e-01 6.287739425897598267e-02
9.430119489999999605e-01 5.295800045132637024e-02
9.458539599999999936e-01 4.787820577621459961e-02
9.486960269999999973e-01 5.055375397205352783e-02
9.515381499999999715e-01 5.508777126669883728e-02
9.543803299999999989e-01 5.528454482555389404e-02
9.572225659999999969e-01 6.304761767387390137e-02
9.600648579999999654e-01 6.680120527744293213e-02
9.629072060000000155e-01 7.646244764328002930e-02
9.657496110000000078e-01 8.051192015409469604e-02
9.685920709999999989e-01 1.063296943902969360e-01
9.714345880000000433e-01 1.134448051452636719e-01
9.742771620000000299e-01 1.030111536383628845e-01
9.771197910000000153e-01 1.025341302156448364e-01
9.799624770000000540e-01 1.124243885278701782e-01
9.828052189999999522e-01 1.240233853459358215e-01
9.856480170000000429e-01 1.333561092615127563e-01
9.884908709999999932e-01 1.367802619934082031e-01
9.913337819999999967e-01 1.370279341936111450e-01
9.941767489999999707e-01 1.404839903116226196e-01
9.970197720000000263e-01 1.372392177581787109e-01
9.998628510000000524e-01 1.413284540176391602e-01
1.002705986999999910e+00 1.373745352029800415e-01
1.005549178999999960e+00 1.379674971103668213e-01
1.008392426999999980e+00 1.370515376329421997e-01
1.011235730999999971e+00 1.410939693450927734e-01
1.014079092000000015e+00 1.359468847513198853e-01
1.016922509000000030e+00 1.435225158929824829e-01
1.019765982000000015e+00 1.475150585174560547e-01
1.022609510999999971e+00 1.465234905481338501e-01
1.025453096999999980e+00 1.444409340620040894e-01
1.028296738999999960e+00 1.410235911607742310e-01
1.031140436999999910e+00 1.467708796262741089e-01
1.033984191000000052e+00 1.421859115362167358e-01
1.036828002000000026e+00 1.461239904165267944e-01
1.039671868000000110e+00 1.423510313034057617e-01
1.042515791000000025e+00 1.523466855287551880e-01
1.045359770999999993e+00 1.447007507085800171e-01
