3.615872339999999796e-01 1.371702909469604492e+00
3.644177160000000026e-01 1.487479090690612793e+00
3.672482539999999962e-01 1.602390885353088379e+00
3.700788480000000158e-01 1.593236565589904785e+00
3.729094980000000059e-01 1.386332869529724121e+00
3.757402049999999938e-01 1.530292153358459473e+00
3.785709680000000077e-01 1.642388701438903809e+00
3.814017869999999921e-01 1.460953593254089355e+00
3.842326620000000026e-01 1.324342846870422363e+00
3.870635940000000108e-01 1.449407935142517090e+00
3.898945819999999896e-01 1.626866459846496582e+00
3.927256259999999943e-01 1.434056878089904785e+00
3.955567260000000251e-01 1.468068361282348633e+00
3.983878829999999982e-01 1.852268218994140625e+00
4.012190950000000256e-01 2.287096738815307617e+00
4.040503639999999952e-01 2.295603752136230469e+00
4.068816900000000181e-01 2.235275030136108398e+00
4.097130709999999842e-01 2.301895856857299805e+00
4.125445090000000037e-01 2.394814491271972656e+00
4.153760029999999936e-01 2.404829740524291992e+00
4.182075530000000096e-01 2.343401432037353516e+00
4.210391589999999962e-01 2.354674577713012695e+00
4.238708219999999804e-01 2.345391273498535156e+00
4.267025409999999908e-01 2.284078598022460938e+00
4.295343160000000271e-01 2.069986581802368164e+00
4.323661469999999785e-01 2.186779022216796875e+00
4.351980349999999831e-01 2.401331663131713867e+00
4.380299790000000137e-01 2.410365819931030273e+00
4.408619790000000149e-01 2.514289140701293945e+00
4.436940349999999866e-01 2.648406028747558594e+00
4.465261480000000116e-01 2.682969331741333008e+00
4.493583170000000071e-01 2.839113235473632812e+00
4.521905419999999731e-01 2.837571144104003906e+00
4.550228230000000207e-01 2.819700002670288086e+00
4.578551610000000105e-01 2.863980531692504883e+00
4.606875550000000263e-01 2.895810842514038086e+00
4.635200050000000127e-01 2.918222904205322266e+00
4.663525110000000251e-01 2.860033512115478516e+00
4.691850739999999798e-01 2.853931903839111328e+00
4.720176919999999887e-01 2.900108575820922852e+00
4.748503669999999954e-01 2.945868015289306641e+00
4.776830989999999999e-01 2.965932369232177734e+00
4.805158860000000032e-01 3.029104948043823242e+00
4.833487300000000042e-01 2.998786449432373047e+00
4.861816299999999758e-01 2.773704290390014648e+00
4.890145859999999733e-01 2.886510848999023438e+00
4.918475979999999970e-01 2.959845781326293945e+00
4.946806670000000183e-01 3.019636869430541992e+00
4.975137920000000102e-01 3.034493684768676758e+00
5.003469729999999727e-01 2.957632064819335938e+00
5.031802100000000166e-01 2.935704469680786133e+00
5.060135040000000028e-01 3.025696277618408203e+00
5.088468539999999596e-01 3.042027235031127930e+00
5.116802599999999979e-01 3.069657564163208008e+00
5.145137220000000067e-01 3.003596305847167969e+00
5.173472409999999577e-01 2.839658975601196289e+00
5.201808159999999903e-01 2.967210531234741211e+00
5.230144469999999934e-01 3.094120025634765625e+00
5.258481339999999671e-01 3.097781419754028320e+00
5.286818779999999940e-01 3.140575885772705078e+00
5.315156779999999914e-01 3.247771739959716797e+00
5.343495339999999594e-01 3.236204147338867188e+00
5.371834460000000089e-01 3.262350559234619141e+00
5.400174150000000006e-01 3.211273193359375000e+00
5.428514389999999912e-01 3.231893539428710938e+00
5.456855200000000350e-01 3.304167747497558594e+00
5.485196580000000210e-01 3.307733535766601562e+00
5.513538510000000059e-01 3.336520195007324219e+00
5.541881010000000440e-01 3.367660284042358398e+00
5.570224070000000527e-01 3.320975065231323242e+00
5.598567690000000319e-01 3.286814451217651367e+00
5.626911869999999816e-01 3.342427492141723633e+00
5.655256619999999845e-01 3.323768138885498047e+00
5.683601929999999580e-01 3.299903154373168945e+00
5.711947800000000131e-01 3.258100986480712891e+00
5.740294230000000386e-01 3.310376405715942383e+00
5.768641230000000064e-01 3.273546457290649414e+00
5.796988789999999447e-01 3.307094812393188477e+00
5.825336909999999646e-01 3.363811969757080078e+00
5.853685589999999550e-01 3.329591274261474609e+00
5.882034839999999987e-01 3.113847255706787109e+00
5.910384650000000129e-01 2.974502801895141602e+00
5.938735019999999976e-01 3.035055398941040039e+00
5.967085949999999528e-01 3.025704383850097656e+00
5.995437449999999613e-01 2.999765396118164062e+00
6.023789510000000513e-01 2.960652351379394531e+00
6.052142130000000009e-01 2.983735084533691406e+00
6.080495310000000320e-01 2.942906618118286133e+00
6.108849060000000053e-01 2.832603454589843750e+00
6.137203359999999774e-01 2.757007837295532227e+00
6.165558230000000028e-01 2.735408306121826172e+00
6.193913669999999705e-01 2.811636924743652344e+00
6.222269660000000480e-01 2.797565221786499023e+00
6.250626219999999567e-01 2.723495483398437500e+00
6.278983339999999469e-01 2.663683652877807617e+00
6.307341020000000187e-01 2.636402845382690430e+00
6.335699259999999500e-01 2.663708686828613281e+00
6.364058070000000455e-01 2.705269575119018555e+00
6.392417440000000006e-01 2.703276634216308594e+00
6.420777370000000372e-01 2.671444654464721680e+00
6.449137860000000444e-01 2.640133857727050781e+00
6.477498919999999938e-01 2.517066955566406250e+00
6.505860540000000247e-01 2.512986660003662109e+00
6.534222720000000262e-01 2.496374845504760742e+00
6.562585459999999982e-01 2.299160242080688477e+00
6.590948770000000234e-01 2.414036512374877930e+00
6.619312640000000192e-01 2.479053497314453125e+00
6.647677069999999855e-01 2.466251134872436523e+00
6.676042060000000333e-01 2.438196659088134766e+00
6.704407620000000234e-01 2.422990798950195312e+00
6.732773739999999840e-01 2.391089677810668945e+00
6.761140420000000262e-01 2.385312080383300781e+00
6.789507660000000389e-01 2.373443603515625000e+00
6.817875469999999938e-01 2.347562789916992188e+00
6.846243829999999475e-01 2.253635406494140625e+00
6.874612759999999545e-01 1.886820554733276367e+00
6.902982260000000148e-01 1.907941341400146484e+00
6.931352309999999628e-01 1.938516855239868164e+00
6.959722929999999641e-01 1.961765170097351074e+00
6.988094110000000470e-01 1.940464019775390625e+00
7.016465849999999893e-01 1.835093140602111816e+00
7.044838150000000132e-01 1.838506937026977539e+00
7.073211019999999793e-01 1.805327415466308594e+00
7.101584450000000270e-01 1.737778067588806152e+00
7.129958440000000452e-01 1.638182878494262695e+00
7.158332990000000340e-01 1.392163872718811035e+00
7.186708109999999650e-01 1.015492916107177734e+00
7.215083789999999775e-01 1.043685436248779297e+00
7.243460029999999605e-01 9.551033973693847656e-01
7.271836830000000251e-01 8.679304122924804688e-01
7.300214200000000320e-01 8.099504709243774414e-01
7.328592130000000093e-01 8.297176361083984375e-01
7.356970619999999572e-01 8.217086791992187500e-01
7.385349669999999866e-01 7.988820075988769531e-01
7.413729289999999583e-01 8.052634596824645996e-01
7.442109470000000115e-01 8.129442334175109863e-01
7.470490210000000353e-01 8.081622719764709473e-01
7.498871510000000296e-01 7.964178919792175293e-01
7.527253379999999661e-01 7.919417023658752441e-01
7.555635800000000124e-01 7.780278921127319336e-01
7.584018790000000010e-01 6.412631869316101074e-01
7.612402350000000428e-01 2.928476333618164062e-01
7.640786459999999725e-01 3.649052381515502930e-01
7.669171139999999554e-01 5.851188898086547852e-01
7.697556380000000198e-01 7.174471020698547363e-01
7.725942180000000548e-01 7.443492412567138672e-01
7.754328539999999492e-01 7.354748845100402832e-01
7.782715470000000080e-01 7.497286796569824219e-01
7.811102960000000373e-01 7.514110803604125977e-01
7.839491010000000371e-01 7.542825937271118164e-01
7.867879620000000074e-01 7.382446527481079102e-01
7.896268800000000310e-01 7.139425873756408691e-01
7.924658540000000251e-01 7.144541144371032715e-01
7.953048839999999897e-01 7.276481986045837402e-01
7.981439700000000359e-01 7.345195412635803223e-01
8.009831130000000243e-01 7.251294255256652832e-01
8.038223119999999833e-01 7.315673232078552246e-01
8.066615670000000238e-01 7.448565959930419922e-01
8.095008780000000348e-01 7.118502259254455566e-01
8.123402459999999881e-01 6.358512639999389648e-01
8.151796700000000229e-01 5.235709547996520996e-01
8.180191500000000282e-01 4.955120682716369629e-01
8.208586860000000041e-01 5.321495532989501953e-01
8.236982790000000332e-01 4.913376271724700928e-01
8.265379269999999501e-01 5.015978217124938965e-01
8.293776320000000313e-01 4.502031505107879639e-01
8.322173940000000547e-01 4.356303513050079346e-01
8.350572109999999659e-01 4.358798265457153320e-01
8.378970850000000414e-01 4.449721574783325195e-01
8.407370149999999764e-01 4.473857581615447998e-01
8.435770009999999930e-01 4.435250759124755859e-01
8.464170429999999801e-01 4.392842054367065430e-01
8.492571420000000204e-01 4.155188500881195068e-01
8.520972970000000313e-01 3.991800546646118164e-01
8.549375080000000127e-01 3.765972852706909180e-01
8.577777749999999646e-01 3.943006992340087891e-01
8.606180989999999698e-01 3.912700712680816650e-01
8.634584789999999455e-01 3.835221529006958008e-01
8.662989150000000027e-01 3.501497507095336914e-01
8.691394070000000305e-01 3.623557090759277344e-01
8.719799560000000005e-01 3.567523956298828125e-01
8.748205610000000521e-01 3.488515913486480713e-01
8.776612219999999631e-01 3.420940935611724854e-01
8.805019389999999557e-01 3.246740102767944336e-01
8.833427130000000016e-01 3.208993077278137207e-01
8.861835430000000180e-01 3.115383386611938477e-01
8.890244290000000049e-01 3.061969876289367676e-01
8.918653709999999624e-01 2.862918078899383545e-01
8.947063699999999731e-01 2.407050728797912598e-01
8.975474239999999826e-01 1.960042417049407959e-01
9.003885350000000454e-01 1.740757673978805542e-01
9.032297030000000504e-01 2.021603286266326904e-01
9.060709260000000542e-01 2.007539272308349609e-01
9.089122060000000003e-01 1.625355184078216553e-01
9.117535420000000279e-01 1.612026542425155640e-01
9.145949340000000261e-01 1.473185569047927856e-01
9.174363819999999947e-01 1.481831073760986328e-01
9.202778870000000166e-01 1.735365390777587891e-01
9.231194480000000091e-01 1.617565304040908813e-01
9.259610649999999721e-01 1.473587453365325928e-01
9.288027380000000166e-01 1.017786264419555664e-01
9.316444680000000034e-01 5.850972980260848999e-02
9.344862539999999607e-01 3.426790609955787659e-02
9.373280959999999995e-01 3.856441006064414978e-02
9.401699940000000089e-01 5.599865689873695374e-02
9.430119489999999605e-01 4.888780787587165833e-02
9.458539599999999936e-01 4.326485097408294678e-02
9.486960269999999973e-01 4.645643010735511780e-02
9.515381499999999715e-01 4.570432752370834351e-02
9.543803299999999989e-01 4.950599372386932373e-02
9.572225659999999969e-01 5.210516229271888733e-02
9.600648579999999654e-01 5.325432494282722473e-02
9.629072060000000155e-01 6.287863105535507202e-02
9.657496110000000078e-01 7.197846472263336182e-02
9.685920709999999989e-01 9.362161904573440552e-02
9.714345880000000433e-01 9.550677239894866943e-02
9.742771620000000299e-01 8.778078854084014893e-02
9.771197910000000153e-01 9.131096303462982178e-02
9.799624770000000540e-01 9.446110576391220093e-02
9.828052189999999522e-01 9.953747689723968506e-02
9.856480170000000429e-01 1.092420667409896851e-01
9.884908709999999932e-01 1.124599948525428772e-01
9.913337819999999967e-01 1.125789582729339600e-01
9.941767489999999707e-01 1.117159947752952576e-01
9.970197720000000263e-01 1.192183569073677063e-01
9.998628510000000524e-01 1.133872941136360168e-01
1.002705986999999910e+00 1.127392947673797607e-01
1.005549178999999960e+00 1.127293556928634644e-01
1.008392426999999980e+00 1.180074214935302734e-01
1.011235730999999971e+00 1.157172247767448425e-01
1.014079092000000015e+00 1.152067258954048157e-01
1.016922509000000030e+00 1.190983578562736511e-01
1.019765982000000015e+00 1.133300811052322388e-01
1.022609510999999971e+00 1.225560754537582397e-01
1.025453096999999980e+00 1.271460056304931641e-01
1.028296738999999960e+00 1.273000389337539673e-01
1.031140436999999910e+00 1.162160187959671021e-01
1.033984191000000052e+00 1.146634519100189209e-01
1.036828002000000026e+00 1.271412968635559082e-01
1.039671868000000110e+00 1.267385184764862061e-01
1.042515791000000025e+00 1.177279725670814514e-01
1.045359770999999993e+00 1.308536380529403687e-01
