3.615872339999999796e-01 1.294938206672668457e+00
3.644177160000000026e-01 1.443336367607116699e+00
3.672482539999999962e-01 1.582355022430419922e+00
3.700788480000000158e-01 1.552874326705932617e+00
3.729094980000000059e-01 1.402414441108703613e+00
3.757402049999999938e-01 1.479869246482849121e+00
3.785709680000000077e-01 1.630499720573425293e+00
3.814017869999999921e-01 1.417214035987854004e+00
3.842326620000000026e-01 1.289032697677612305e+00
3.870635940000000108e-01 1.438170313835144043e+00
3.898945819999999896e-01 1.583577871322631836e+00
3.927256259999999943e-01 1.389145851135253906e+00
3.955567260000000251e-01 1.441838145256042480e+00
3.983878829999999982e-01 1.817685008049011230e+00
4.012190950000000256e-01 2.251778602600097656e+00
4.040503639999999952e-01 2.249778270721435547e+00
4.068816900000000181e-01 2.197118282318115234e+00
4.097130709999999842e-01 2.248584032058715820e+00
4.125445090000000037e-01 2.335396528244018555e+00
4.153760029999999936e-01 2.353358268737792969e+00
4.182075530000000096e-01 2.282278537750244141e+00
4.210391589999999962e-01 2.291749477386474609e+00
4.238708219999999804e-01 2.264929771423339844e+00
4.267025409999999908e-01 2.222003698348999023e+00
4.295343160000000271e-01 2.003103971481323242e+00
4.323661469999999785e-01 2.128259420394897461e+00
4.351980349999999831e-01 2.325320720672607422e+00
4.380299790000000137e-01 2.338517427444458008e+00
4.408619790000000149e-01 2.415433883666992188e+00
4.436940349999999866e-01 2.576695919036865234e+00
4.465261480000000116e-01 2.564340114593505859e+00
4.493583170000000071e-01 2.706987142562866211e+00
4.521905419999999731e-01 2.725974082946777344e+00
4.550228230000000207e-01 2.719264507293701172e+00
4.578551610000000105e-01 2.759536027908325195e+00
4.606875550000000263e-01 2.770720958709716797e+00
4.635200050000000127e-01 2.793387413024902344e+00
4.663525110000000251e-01 2.742801427841186523e+00
4.691850739999999798e-01 2.727488994598388672e+00
4.720176919999999887e-01 2.778507471084594727e+00
4.748503669999999954e-01 2.832653760910034180e+00
4.776830989999999999e-01 2.850894927978515625e+00
4.805158860000000032e-01 2.906121492385864258e+00
4.833487300000000042e-01 2.885259389877319336e+00
4.861816299999999758e-01 2.649361371994018555e+00
4.890145859999999733e-01 2.763370037078857422e+00
4.918475979999999970e-01 2.835475206375122070e+00
4.946806670000000183e-01 2.896708965301513672e+00
4.975137920000000102e-01 2.915154933929443359e+00
5.003469729999999727e-01 2.835990428924560547e+00
5.031802100000000166e-01 2.819861650466918945e+00
5.060135040000000028e-01 2.898259401321411133e+00
5.088468539999999596e-01 2.911462783813476562e+00
5.116802599999999979e-01 2.953706979751586914e+00
5.145137220000000067e-01 2.878123760223388672e+00
5.173472409999999577e-01 2.720979452133178711e+00
5.201808159999999903e-01 2.853482246398925781e+00
5.230144469999999934e-01 2.983439445495605469e+00
5.258481339999999671e-01 2.969459056854248047e+00
5.286818779999999940e-01 3.016739368438720703e+00
5.315156779999999914e-01 3.112680435180664062e+00
5.343495339999999594e-01 3.110137462615966797e+00
5.371834460000000089e-01 3.146847009658813477e+00
5.400174150000000006e-01 3.077580451965332031e+00
5.428514389999999912e-01 3.108025550842285156e+00
5.456855200000000350e-01 3.168982028961181641e+00
5.485196580000000210e-01 3.170574426651000977e+00
5.513538510000000059e-01 3.205274820327758789e+00
5.541881010000000440e-01 3.221413373947143555e+00
5.570224070000000527e-01 3.192265510559082031e+00
5.598567690000000319e-01 3.154262065887451172e+00
5.626911869999999816e-01 3.202847242355346680e+00
5.655256619999999845e-01 3.179817199707031250e+00
5.683601929999999580e-01 3.153670787811279297e+00
5.711947800000000131e-01 3.123307704925537109e+00
5.740294230000000386e-01 3.171236753463745117e+00
5.768641230000000064e-01 3.139767646789550781e+00
5.796988789999999447e-01 3.145126819610595703e+00
5.825336909999999646e-01 3.204811334609985352e+00
5.853685589999999550e-01 3.162680625915527344e+00
5.882034839999999987e-01 2.951289653778076172e+00
5.910384650000000129e-01 2.811907052993774414e+00
5.938735019999999976e-01 2.850759744644165039e+00
5.967085949999999528e-01 2.835701465606689453e+00
5.995437449999999613e-01 2.781636238098144531e+00
6.023789510000000513e-01 2.732388496398925781e+00
6.052142130000000009e-01 2.744296073913574219e+00
6.080495310000000320e-01 2.697373390197753906e+00
6.108849060000000053e-01 2.605649471282958984e+00
6.137203359999999774e-01 2.537463903427124023e+00
6.165558230000000028e-01 2.506538391113281250e+00
6.193913669999999705e-01 2.555342912673950195e+00
6.222269660000000480e-01 2.545649528503417969e+00
6.250626219999999567e-01 2.481473207473754883e+00
6.278983339999999469e-01 2.414998054504394531e+00
6.307341020000000187e-01 2.397097826004028320e+00
6.335699259999999500e-01 2.425879001617431641e+00
6.364058070000000455e-01 2.444605827331542969e+00
6.392417440000000006e-01 2.444993495941162109e+00
6.420777370000000372e-01 2.421065092086791992e+00
6.449137860000000444e-01 2.377559423446655273e+00
6.477498919999999938e-01 2.270675659179687500e+00
6.505860540000000247e-01 2.263655185699462891e+00
6.534222720000000262e-01 2.250125885009765625e+00
6.562585459999999982e-01 2.050300359725952148e+00
6.590948770000000234e-01 2.156747579574584961e+00
6.619312640000000192e-01 2.193710327148437500e+00
6.647677069999999855e-01 2.172454595565795898e+00
6.676042060000000333e-01 2.154903411865234375e+00
6.704407620000000234e-01 2.130555152893066406e+00
6.732773739999999840e-01 2.105697393417358398e+00
6.761140420000000262e-01 2.091352462768554688e+00
6.789507660000000389e-01 2.069301843643188477e+00
6.817875469999999938e-01 2.046582460403442383e+00
6.846243829999999475e-01 1.967649221420288086e+00
6.874612759999999545e-01 1.652764081954956055e+00
6.902982260000000148e-01 1.665478348731994629e+00
6.931352309999999628e-01 1.691756725311279297e+00
6.959722929999999641e-01 1.697586297988891602e+00
6.988094110000000470e-01 1.669155478477478027e+00
7.016465849999999893e-01 1.571191906929016113e+00
7.044838150000000132e-01 1.548520088195800781e+00
7.073211019999999793e-01 1.511599898338317871e+00
7.101584450000000270e-01 1.450900316238403320e+00
7.129958440000000452e-01 1.358674764633178711e+00
7.158332990000000340e-01 1.140102982521057129e+00
7.186708109999999650e-01 8.205356597900390625e-01
7.215083789999999775e-01 8.438614606857299805e-01
7.243460029999999605e-01 7.702723145484924316e-01
7.271836830000000251e-01 6.899172067642211914e-01
7.300214200000000320e-01 6.485106945037841797e-01
7.328592130000000093e-01 6.644128561019897461e-01
7.356970619999999572e-01 6.519228816032409668e-01
7.385349669999999866e-01 6.329764723777770996e-01
7.413729289999999583e-01 6.360419988632202148e-01
7.442109470000000115e-01 6.490702629089355469e-01
7.470490210000000353e-01 6.444661021232604980e-01
7.498871510000000296e-01 6.314792633056640625e-01
7.527253379999999661e-01 6.215534806251525879e-01
7.555635800000000124e-01 6.193285584449768066e-01
7.584018790000000010e-01 5.052101612091064453e-01
7.612402350000000428e-01 2.368936985731124878e-01
7.640786459999999725e-01 2.880952954292297363e-01
7.669171139999999554e-01 4.656122028827667236e-01
7.697556380000000198e-01 5.594681501388549805e-01
7.725942180000000548e-01 5.815155506134033203e-01
7.754328539999999492e-01 5.904310941696166992e-01
7.782715470000000080e-01 5.838798880577087402e-01
7.811102960000000373e-01 5.947739481925964355e-01
7.839491010000000371e-01 5.821956396102905273e-01
7.867879620000000074e-01 5.749986171722412109e-01
7.896268800000000310e-01 5.585811138153076172e-01
7.924658540000000251e-01 5.587579011917114258e-01
7.953048839999999897e-01 5.642773509025573730e-01
7.981439700000000359e-01 5.707990527153015137e-01
8.009831130000000243e-01 5.614124536514282227e-01
8.038223119999999833e-01 5.678393840789794922e-01
8.066615670000000238e-01 5.783228278160095215e-01
8.095008780000000348e-01 5.483242273330688477e-01
8.123402459999999881e-01 4.931733608245849609e-01
8.151796700000000229e-01 4.070490896701812744e-01
8.180191500000000282e-01 3.850253224372863770e-01
8.208586860000000041e-01 4.093216359615325928e-01
8.236982790000000332e-01 3.746339082717895508e-01
8.265379269999999501e-01 3.876734673976898193e-01
8.293776320000000313e-01 3.482162356376647949e-01
8.322173940000000547e-01 3.362049162387847900e-01
8.350572109999999659e-01 3.420429527759552002e-01
8.378970850000000414e-01 3.481175899505615234e-01
8.407370149999999764e-01 3.517634272575378418e-01
8.435770009999999930e-01 3.491477370262145996e-01
8.464170429999999801e-01 3.441808521747589111e-01
8.492571420000000204e-01 3.268316984176635742e-01
8.520972970000000313e-01 3.140422701835632324e-01
8.549375080000000127e-01 2.947261035442352295e-01
8.577777749999999646e-01 3.158756196498870850e-01
8.606180989999999698e-01 3.100307285785675049e-01
8.634584789999999455e-01 3.027844429016113281e-01
8.662989150000000027e-01 2.802907228469848633e-01
8.691394070000000305e-01 2.856521904468536377e-01
8.719799560000000005e-01 2.868104279041290283e-01
8.748205610000000521e-01 2.779125273227691650e-01
8.776612219999999631e-01 2.728254795074462891e-01
8.805019389999999557e-01 2.671276926994323730e-01
8.833427130000000016e-01 2.567839026451110840e-01
8.861835430000000180e-01 2.525421977043151855e-01
8.890244290000000049e-01 2.447214126586914062e-01
8.918653709999999624e-01 2.280231416225433350e-01
8.947063699999999731e-01 1.945741921663284302e-01
8.975474239999999826e-01 1.578829288482666016e-01
9.003885350000000454e-01 1.423556208610534668e-01
9.032297030000000504e-01 1.650111675262451172e-01
9.060709260000000542e-01 1.572060286998748779e-01
9.089122060000000003e-01 1.356146186590194702e-01
9.117535420000000279e-01 1.290387362241744995e-01
9.145949340000000261e-01 1.244401782751083374e-01
9.174363819999999947e-01 1.240373104810714722e-01
9.202778870000000166e-01 1.435372233390808105e-01
9.231194480000000091e-01 1.329720914363861084e-01
9.259610649999999721e-01 1.223294585943222046e-01
9.288027380000000166e-01 8.904311805963516235e-02
9.316444680000000034e-01 4.867646098136901855e-02
9.344862539999999607e-01 2.970725297927856445e-02
9.373280959999999995e-01 3.131323307752609253e-02
9.401699940000000089e-01 5.139742419123649597e-02
9.430119489999999605e-01 4.512225091457366943e-02
9.458539599999999936e-01 3.845233470201492310e-02
9.486960269999999973e-01 4.513719677925109863e-02
9.515381499999999715e-01 3.937580808997154236e-02
9.543803299999999989e-01 4.234492778778076172e-02
9.572225659999999969e-01 4.689713567495346069e-02
9.600648579999999654e-01 4.720972478389739990e-02
9.629072060000000155e-01 5.653778463602066040e-02
9.657496110000000078e-01 5.878320708870887756e-02
9.685920709999999989e-01 7.902359217405319214e-02
9.714345880000000433e-01 8.662044256925582886e-02
9.742771620000000299e-01 7.496564090251922607e-02
9.771197910000000153e-01 7.601167261600494385e-02
9.799624770000000540e-01 8.048553764820098877e-02
9.828052189999999522e-01 9.212507307529449463e-02
9.856480170000000429e-01 9.437462687492370605e-02
9.884908709999999932e-01 9.922593832015991211e-02
9.913337819999999967e-01 1.004857793450355530e-01
9.941767489999999707e-01 9.918565303087234497e-02
9.970197720000000263e-01 1.045154556632041931e-01
9.998628510000000524e-01 9.905910491943359375e-02
1.002705986999999910e+00 9.258177131414413452e-02
1.005549178999999960e+00 9.094244241714477539e-02
1.008392426999999980e+00 9.090007841587066650e-02
1.011235730999999971e+00 9.944917261600494385e-02
1.014079092000000015e+00 9.541074186563491821e-02
1.016922509000000030e+00 1.015783771872520447e-01
1.019765982000000015e+00 9.765467792749404907e-02
1.022609510999999971e+00 1.008256375789642334e-01
1.025453096999999980e+00 1.068884059786796570e-01
1.028296738999999960e+00 1.012690886855125427e-01
1.031140436999999910e+00 1.033149510622024536e-01
1.033984191000000052e+00 1.001455187797546387e-01
1.036828002000000026e+00 1.062047630548477173e-01
1.039671868000000110e+00 1.110563352704048157e-01
1.042515791000000025e+00 1.018035709857940674e-01
1.045359770999999993e+00 1.070150509476661682e-01
