3.615872339999999796e-01 1.337635874748229980e+00
3.644177160000000026e-01 1.499297976493835449e+00
3.672482539999999962e-01 1.609639883041381836e+00
3.700788480000000158e-01 1.612935185432434082e+00
3.729094980000000059e-01 1.421085834503173828e+00
3.757402049999999938e-01 1.535770773887634277e+00
3.785709680000000077e-01 1.639496445655822754e+00
3.814017869999999921e-01 1.442307829856872559e+00
3.842326620000000026e-01 1.312114834785461426e+00
3.870635940000000108e-01 1.463630557060241699e+00
3.898945819999999896e-01 1.631795287132263184e+00
3.927256259999999943e-01 1.422056913375854492e+00
3.955567260000000251e-01 1.460166931152343750e+00
3.983878829999999982e-01 1.834642171859741211e+00
4.012190950000000256e-01 2.279321670532226562e+00
4.040503639999999952e-01 2.260233879089355469e+00
4.068816900000000181e-01 2.239262819290161133e+00
4.097130709999999842e-01 2.266559123992919922e+00
4.125445090000000037e-01 2.399348258972167969e+00
4.153760029999999936e-01 2.378973960876464844e+00
4.182075530000000096e-01 2.338061809539794922e+00
4.210391589999999962e-01 2.357743740081787109e+00
4.238708219999999804e-01 2.314475059509277344e+00
4.267025409999999908e-01 2.261675357818603516e+00
4.295343160000000271e-01 2.060571432113647461e+00
4.323661469999999785e-01 2.170848608016967773e+00
4.351980349999999831e-01 2.375885963439941406e+00
4.380299790000000137e-01 2.387898921966552734e+00
4.408619790000000149e-01 2.482474803924560547e+00
4.436940349999999866e-01 2.625795841217041016e+00
4.465261480000000116e-01 2.645926713943481445e+00
4.493583170000000071e-01 2.802771329879760742e+00
4.521905419999999731e-01 2.824719429016113281e+00
4.550228230000000207e-01 2.810071945190429688e+00
4.578551610000000105e-01 2.857470035552978516e+00
4.606875550000000263e-01 2.874377489089965820e+00
4.635200050000000127e-01 2.910801887512207031e+00
4.663525110000000251e-01 2.839641809463500977e+00
4.691850739999999798e-01 2.842289924621582031e+00
4.720176919999999887e-01 2.870254278182983398e+00
4.748503669999999954e-01 2.917113542556762695e+00
4.776830989999999999e-01 2.955572366714477539e+00
4.805158860000000032e-01 3.011645793914794922e+00
4.833487300000000042e-01 3.005131006240844727e+00
4.861816299999999758e-01 2.753387451171875000e+00
4.890145859999999733e-01 2.879321575164794922e+00
4.918475979999999970e-01 2.955086231231689453e+00
4.946806670000000183e-01 3.005713462829589844e+00
4.975137920000000102e-01 3.034090995788574219e+00
5.003469729999999727e-01 2.945434808731079102e+00
5.031802100000000166e-01 2.927693843841552734e+00
5.060135040000000028e-01 3.021043539047241211e+00
5.088468539999999596e-01 3.036664247512817383e+00
5.116802599999999979e-01 3.076050996780395508e+00
5.145137220000000067e-01 3.003824234008789062e+00
5.173472409999999577e-01 2.846445083618164062e+00
5.201808159999999903e-01 2.980922222137451172e+00
5.230144469999999934e-01 3.107280969619750977e+00
5.258481339999999671e-01 3.118617773056030273e+00
5.286818779999999940e-01 3.156338691711425781e+00
5.315156779999999914e-01 3.264096975326538086e+00
5.343495339999999594e-01 3.253417015075683594e+00
5.371834460000000089e-01 3.285130262374877930e+00
5.400174150000000006e-01 3.237071990966796875e+00
5.428514389999999912e-01 3.255075454711914062e+00
5.456855200000000350e-01 3.314182996749877930e+00
5.485196580000000210e-01 3.329958438873291016e+00
5.513538510000000059e-01 3.358604192733764648e+00
5.541881010000000440e-01 3.378137111663818359e+00
5.570224070000000527e-01 3.349967718124389648e+00
5.598567690000000319e-01 3.302790641784667969e+00
5.626911869999999816e-01 3.362638711929321289e+00
5.655256619999999845e-01 3.343147754669189453e+00
5.683601929999999580e-01 3.313593864440917969e+00
5.711947800000000131e-01 3.280242443084716797e+00
5.740294230000000386e-01 3.337661981582641602e+00
5.768641230000000064e-01 3.301562070846557617e+00
5.796988789999999447e-01 3.308330297470092773e+00
5.825336909999999646e-01 3.369508743286132812e+00
5.853685589999999550e-01 3.338609457015991211e+00
5.882034839999999987e-01 3.116036415100097656e+00
5.910384650000000129e-01 2.965259552001953125e+00
5.938735019999999976e-01 3.030473470687866211e+00
5.967085949999999528e-01 3.008070707321166992e+00
5.995437449999999613e-01 2.965244770050048828e+00
6.023789510000000513e-01 2.927383184432983398e+00
6.052142130000000009e-01 2.933025598526000977e+00
6.080495310000000320e-01 2.886692762374877930e+00
6.108849060000000053e-01 2.775793313980102539e+00
6.137203359999999774e-01 2.698547840118408203e+00
6.165558230000000028e-01 2.680893421173095703e+00
6.193913669999999705e-01 2.752998828887939453e+00
6.222269660000000480e-01 2.740521907806396484e+00
6.250626219999999567e-01 2.671296834945678711e+00
6.278983339999999469e-01 2.605323791503906250e+00
6.307341020000000187e-01 2.576079607009887695e+00
6.335699259999999500e-01 2.611599206924438477e+00
6.364058070000000455e-01 2.633782625198364258e+00
6.392417440000000006e-01 2.648036241531372070e+00
6.420777370000000372e-01 2.606660127639770508e+00
6.449137860000000444e-01 2.567918777465820312e+00
6.477498919999999938e-01 2.448244094848632812e+00
6.505860540000000247e-01 2.441084384918212891e+00
6.534222720000000262e-01 2.433938503265380859e+00
6.562585459999999982e-01 2.227394342422485352e+00
6.590948770000000234e-01 2.327478885650634766e+00
6.619312640000000192e-01 2.379030466079711914e+00
6.647677069999999855e-01 2.355333328247070312e+00
6.676042060000000333e-01 2.342733860015869141e+00
6.704407620000000234e-01 2.304381847381591797e+00
6.732773739999999840e-01 2.283934354782104492e+00
6.761140420000000262e-01 2.266944408416748047e+00
6.789507660000000389e-01 2.254953861236572266e+00
6.817875469999999938e-01 2.226658105850219727e+00
6.846243829999999475e-01 2.138961315155029297e+00
6.874612759999999545e-01 1.804723143577575684e+00
6.902982260000000148e-01 1.827361702919006348e+00
6.931352309999999628e-01 1.862279295921325684e+00
6.959722929999999641e-01 1.871046900749206543e+00
6.988094110000000470e-01 1.844198346138000488e+00
7.016465849999999893e-01 1.737516641616821289e+00
7.044838150000000132e-01 1.738857269287109375e+00
7.073211019999999793e-01 1.698871254920959473e+00
7.101584450000000270e-01 1.631104350090026855e+00
7.129958440000000452e-01 1.529688954353332520e+00
7.158332990000000340e-01 1.289566755294799805e+00
7.186708109999999650e-01 9.371305704116821289e-01
7.215083789999999775e-01 9.528818726539611816e-01
7.243460029999999605e-01 8.670482039451599121e-01
7.271836830000000251e-01 7.849808931350708008e-01
7.300214200000000320e-01 7.335290312767028809e-01
7.328592130000000093e-01 7.482128143310546875e-01
7.356970619999999572e-01 7.407860755920410156e-01
7.385349669999999866e-01 7.279884815216064453e-01
7.413729289999999583e-01 7.272481918334960938e-01
7.442109470000000115e-01 7.419143319129943848e-01
7.470490210000000353e-01 7.289720773696899414e-01
7.498871510000000296e-01 7.214681506156921387e-01
7.527253379999999661e-01 7.096045613288879395e-01
7.555635800000000124e-01 6.996574401855468750e-01
7.584018790000000010e-01 5.714345574378967285e-01
7.612402350000000428e-01 2.723614871501922607e-01
7.640786459999999725e-01 3.283046782016754150e-01
7.669171139999999554e-01 5.195071697235107422e-01
7.697556380000000198e-01 6.404348611831665039e-01
7.725942180000000548e-01 6.652448773384094238e-01
7.754328539999999492e-01 6.712842583656311035e-01
7.782715470000000080e-01 6.748124361038208008e-01
7.811102960000000373e-01 6.678804755210876465e-01
7.839491010000000371e-01 6.713767051696777344e-01
7.867879620000000074e-01 6.605545878410339355e-01
7.896268800000000310e-01 6.343950629234313965e-01
7.924658540000000251e-01 6.427415609359741211e-01
7.953048839999999897e-01 6.469586491584777832e-01
7.981439700000000359e-01 6.570488810539245605e-01
8.009831130000000243e-01 6.469858288764953613e-01
8.038223119999999833e-01 6.489526629447937012e-01
8.066615670000000238e-01 6.616774797439575195e-01
8.095008780000000348e-01 6.390289068222045898e-01
8.123402459999999881e-01 5.662819743156433105e-01
8.151796700000000229e-01 4.646471142768859863e-01
8.180191500000000282e-01 4.363179802894592285e-01
8.208586860000000041e-01 4.605422317981719971e-01
8.236982790000000332e-01 4.311487078666687012e-01
8.265379269999999501e-01 4.450689852237701416e-01
8.293776320000000313e-01 3.990797996520996094e-01
8.322173940000000547e-01 3.853226602077484131e-01
8.350572109999999659e-01 3.911270499229431152e-01
8.378970850000000414e-01 3.973667919635772705e-01
8.407370149999999764e-01 3.989952206611633301e-01
8.435770009999999930e-01 3.925901651382446289e-01
8.464170429999999801e-01 3.913114070892333984e-01
8.492571420000000204e-01 3.728438019752502441e-01
8.520972970000000313e-01 3.610276281833648682e-01
8.549375080000000127e-01 3.377284407615661621e-01
8.577777749999999646e-01 3.580783903598785400e-01
8.606180989999999698e-01 3.549714088439941406e-01
8.634584789999999455e-01 3.485041260719299316e-01
8.662989150000000027e-01 3.182569742202758789e-01
8.691394070000000305e-01 3.257301151752471924e-01
8.719799560000000005e-01 3.281060755252838135e-01
8.748205610000000521e-01 3.118009865283966064e-01
8.776612219999999631e-01 3.107431232929229736e-01
8.805019389999999557e-01 2.990186810493469238e-01
8.833427130000000016e-01 2.887516021728515625e-01
8.861835430000000180e-01 2.785653769969940186e-01
8.890244290000000049e-01 2.702830731868743896e-01
8.918653709999999624e-01 2.592513263225555420e-01
8.947063699999999731e-01 2.214353233575820923e-01
8.975474239999999826e-01 1.744374930858612061e-01
9.003885350000000454e-01 1.596802920103073120e-01
9.032297030000000504e-01 1.832913607358932495e-01
9.060709260000000542e-01 1.806733906269073486e-01
9.089122060000000003e-01 1.515423655509948730e-01
9.117535420000000279e-01 1.470375359058380127e-01
9.145949340000000261e-01 1.356895714998245239e-01
9.174363819999999947e-01 1.338014602661132812e-01
9.202778870000000166e-01 1.546930819749832153e-01
9.231194480000000091e-01 1.493349820375442505e-01
9.259610649999999721e-01 1.336973607540130615e-01
9.288027380000000166e-01 9.419299662113189697e-02
9.316444680000000034e-01 5.002108961343765259e-02
9.344862539999999607e-01 3.011053055524826050e-02
9.373280959999999995e-01 3.321015089750289917e-02
9.401699940000000089e-01 5.307361856102943420e-02
9.430119489999999605e-01 4.142904654145240784e-02
9.458539599999999936e-01 4.256840050220489502e-02
9.486960269999999973e-01 4.280669987201690674e-02
9.515381499999999715e-01 4.139947518706321716e-02
9.543803299999999989e-01 4.229234904050827026e-02
9.572225659999999969e-01 4.943001270294189453e-02
9.600648579999999654e-01 5.187779664993286133e-02
9.629072060000000155e-01 5.838160216808319092e-02
9.657496110000000078e-01 6.314244866371154785e-02
9.685920709999999989e-01 8.916033804416656494e-02
9.714345880000000433e-01 8.992917835712432861e-02
9.742771620000000299e-01 7.850215584039688110e-02
9.771197910000000153e-01 8.662610501050949097e-02
9.799624770000000540e-01 8.926391601562500000e-02
9.828052189999999522e-01 9.784031659364700317e-02
9.856480170000000429e-01 1.049889847636222839e-01
9.884908709999999932e-01 1.083500087261199951e-01
9.913337819999999967e-01 1.059367135167121887e-01
9.941767489999999707e-01 1.107168272137641907e-01
9.970197720000000263e-01 1.076447665691375732e-01
9.998628510000000524e-01 1.137275025248527527e-01
1.002705986999999910e+00 1.086506396532058716e-01
1.005549178999999960e+00 1.074337363243103027e-01
1.008392426999999980e+00 1.059157699346542358e-01
1.011235730999999971e+00 1.135650277137756348e-01
1.014079092000000015e+00 1.025681346654891968e-01
1.016922509000000030e+00 1.052308455109596252e-01
1.019765982000000015e+00 1.113009899854660034e-01
1.022609510999999971e+00 1.086202636361122131e-01
1.025453096999999980e+00 1.123422756791114807e-01
1.028296738999999960e+00 1.116133406758308411e-01
1.031140436999999910e+00 1.135236769914627075e-01
1.033984191000000052e+00 1.079368591308593750e-01
1.036828002000000026e+00 1.117492914199829102e-01
1.039671868000000110e+00 1.158822625875473022e-01
1.042515791000000025e+00 1.128600463271141052e-01
1.045359770999999993e+00 1.039720401167869568e-01
