3.615872339999999796e-01 1.305649042129516602e+00
3.644177160000000026e-01 1.494533658027648926e+00
3.672482539999999962e-01 1.584103107452392578e+00
3.700788480000000158e-01 1.591927528381347656e+00
3.729094980000000059e-01 1.412253737449645996e+00
3.757402049999999938e-01 1.504883885383605957e+00
3.785709680000000077e-01 1.645355701446533203e+00
3.814017869999999921e-01 1.437082529067993164e+00
3.842326620000000026e-01 1.321150660514831543e+00
3.870635940000000108e-01 1.422074913978576660e+00
3.898945819999999896e-01 1.620161294937133789e+00
3.927256259999999943e-01 1.429050207138061523e+00
3.955567260000000251e-01 1.462187886238098145e+00
3.983878829999999982e-01 1.846020817756652832e+00
4.012190950000000256e-01 2.291647195816040039e+00
4.040503639999999952e-01 2.315458297729492188e+00
4.068816900000000181e-01 2.258905410766601562e+00
4.097130709999999842e-01 2.277460575103759766e+00
4.125445090000000037e-01 2.381682395935058594e+00
4.153760029999999936e-01 2.398885488510131836e+00
4.182075530000000096e-01 2.369306564331054688e+00
4.210391589999999962e-01 2.375414133071899414e+00
4.238708219999999804e-01 2.327457189559936523e+00
4.267025409999999908e-01 2.285307884216308594e+00
4.295343160000000271e-01 2.076831102371215820e+00
4.323661469999999785e-01 2.208427190780639648e+00
4.351980349999999831e-01 2.416456222534179688e+00
4.380299790000000137e-01 2.454194307327270508e+00
4.408619790000000149e-01 2.534366607666015625e+00
4.436940349999999866e-01 2.692035675048828125e+00
4.465261480000000116e-01 2.691239356994628906e+00
4.493583170000000071e-01 2.867706537246704102e+00
4.521905419999999731e-01 2.896797895431518555e+00
4.550228230000000207e-01 2.862341642379760742e+00
4.578551610000000105e-01 2.923317670822143555e+00
4.606875550000000263e-01 2.919357299804687500e+00
4.635200050000000127e-01 2.975812435150146484e+00
4.663525110000000251e-01 2.911444187164306641e+00
4.691850739999999798e-01 2.915290355682373047e+00
4.720176919999999887e-01 2.948799610137939453e+00
4.748503669999999954e-01 2.993337869644165039e+00
4.776830989999999999e-01 3.026775360107421875e+00
4.805158860000000032e-01 3.086635589599609375e+00
4.833487300000000042e-01 3.055916786193847656e+00
4.861816299999999758e-01 2.837548971176147461e+00
4.890145859999999733e-01 2.949767351150512695e+00
4.918475979999999970e-01 3.023454666137695312e+00
4.946806670000000183e-01 3.099730014801025391e+00
4.975137920000000102e-01 3.116198539733886719e+00
5.003469729999999727e-01 3.031672000885009766e+00
5.031802100000000166e-01 3.019929170608520508e+00
5.060135040000000028e-01 3.109154939651489258e+00
5.088468539999999596e-01 3.130609273910522461e+00
5.116802599999999979e-01 3.164856433868408203e+00
5.145137220000000067e-01 3.091734170913696289e+00
5.173472409999999577e-01 2.935436010360717773e+00
5.201808159999999903e-01 3.065811872482299805e+00
5.230144469999999934e-01 3.194077491760253906e+00
5.258481339999999671e-01 3.198228359222412109e+00
5.286818779999999940e-01 3.262587785720825195e+00
5.315156779999999914e-01 3.361531019210815430e+00
5.343495339999999594e-01 3.347102165222167969e+00
5.371834460000000089e-01 3.399320125579833984e+00
5.400174150000000006e-01 3.337897300720214844e+00
5.428514389999999912e-01 3.359573125839233398e+00
5.456855200000000350e-01 3.428786993026733398e+00
5.485196580000000210e-01 3.427852869033813477e+00
5.513538510000000059e-01 3.466719865798950195e+00
5.541881010000000440e-01 3.499985933303833008e+00
5.570224070000000527e-01 3.452618360519409180e+00
5.598567690000000319e-01 3.421102762222290039e+00
5.626911869999999816e-01 3.464830636978149414e+00
5.655256619999999845e-01 3.453924894332885742e+00
5.683601929999999580e-01 3.423731088638305664e+00
5.711947800000000131e-01 3.399503231048583984e+00
5.740294230000000386e-01 3.451749563217163086e+00
5.768641230000000064e-01 3.421413660049438477e+00
5.796988789999999447e-01 3.426706314086914062e+00
5.825336909999999646e-01 3.502991199493408203e+00
5.853685589999999550e-01 3.466439485549926758e+00
5.882034839999999987e-01 3.246025323867797852e+00
5.910384650000000129e-01 3.114342451095581055e+00
5.938735019999999976e-01 3.170474767684936523e+00
5.967085949999999528e-01 3.167625427246093750e+00
5.995437449999999613e-01 3.147399902343750000e+00
6.023789510000000513e-01 3.112129449844360352e+00
6.052142130000000009e-01 3.132666826248168945e+00
6.080495310000000320e-01 3.096526145935058594e+00
6.108849060000000053e-01 2.978204488754272461e+00
6.137203359999999774e-01 2.909274101257324219e+00
6.165558230000000028e-01 2.892683267593383789e+00
6.193913669999999705e-01 2.964274883270263672e+00
6.222269660000000480e-01 2.950308084487915039e+00
6.250626219999999567e-01 2.878499984741210938e+00
6.278983339999999469e-01 2.813958168029785156e+00
6.307341020000000187e-01 2.800525426864624023e+00
6.335699259999999500e-01 2.826705694198608398e+00
6.364058070000000455e-01 2.864583730697631836e+00
6.392417440000000006e-01 2.872501611709594727e+00
6.420777370000000372e-01 2.830935239791870117e+00
6.449137860000000444e-01 2.799053907394409180e+00
6.477498919999999938e-01 2.670395612716674805e+00
6.505860540000000247e-01 2.663952589035034180e+00
6.534222720000000262e-01 2.655643939971923828e+00
6.562585459999999982e-01 2.452831745147705078e+00
6.590948770000000234e-01 2.570805072784423828e+00
6.619312640000000192e-01 2.634613037109375000e+00
6.647677069999999855e-01 2.615266084671020508e+00
6.676042060000000333e-01 2.595489263534545898e+00
6.704407620000000234e-01 2.577053070068359375e+00
6.732773739999999840e-01 2.551616191864013672e+00
6.761140420000000262e-01 2.528990745544433594e+00
6.789507660000000389e-01 2.512684106826782227e+00
6.817875469999999938e-01 2.501962661743164062e+00
6.846243829999999475e-01 2.410873174667358398e+00
6.874612759999999545e-01 2.030329465866088867e+00
6.902982260000000148e-01 2.044400930404663086e+00
6.931352309999999628e-01 2.101384639739990234e+00
6.959722929999999641e-01 2.120392322540283203e+00
6.988094110000000470e-01 2.103430509567260742e+00
7.016465849999999893e-01 1.987907171249389648e+00
7.044838150000000132e-01 2.001906871795654297e+00
7.073211019999999793e-01 1.966379523277282715e+00
7.101584450000000270e-01 1.906315445899963379e+00
7.129958440000000452e-01 1.805783867835998535e+00
7.158332990000000340e-01 1.544824242591857910e+00
7.186708109999999650e-01 1.123315334320068359e+00
7.215083789999999775e-01 1.168531298637390137e+00
7.243460029999999605e-01 1.076868653297424316e+00
7.271836830000000251e-01 9.812574386596679688e-01
7.300214200000000320e-01 9.263551831245422363e-01
7.328592130000000093e-01 9.477032423019409180e-01
7.356970619999999572e-01 9.430963993072509766e-01
7.385349669999999866e-01 9.209926724433898926e-01
7.413729289999999583e-01 9.259667992591857910e-01
7.442109470000000115e-01 9.418811202049255371e-01
7.470490210000000353e-01 9.369437098503112793e-01
7.498871510000000296e-01 9.266746044158935547e-01
7.527253379999999661e-01 9.215945005416870117e-01
7.555635800000000124e-01 9.030046463012695312e-01
7.584018790000000010e-01 7.387155890464782715e-01
7.612402350000000428e-01 3.486628234386444092e-01
7.640786459999999725e-01 4.245967566967010498e-01
7.669171139999999554e-01 6.808769106864929199e-01
7.697556380000000198e-01 8.328319191932678223e-01
7.725942180000000548e-01 8.651383519172668457e-01
7.754328539999999492e-01 8.726767897605895996e-01
7.782715470000000080e-01 8.770049214363098145e-01
7.811102960000000373e-01 8.810713291168212891e-01
7.839491010000000371e-01 8.749484419822692871e-01
7.867879620000000074e-01 8.636822700500488281e-01
7.896268800000000310e-01 8.442682027816772461e-01
7.924658540000000251e-01 8.463701605796813965e-01
7.953048839999999897e-01 8.546426296234130859e-01
7.981439700000000359e-01 8.593457341194152832e-01
8.009831130000000243e-01 8.544967174530029297e-01
8.038223119999999833e-01 8.566685914993286133e-01
8.066615670000000238e-01 8.707488775253295898e-01
8.095008780000000348e-01 8.379229903221130371e-01
8.123402459999999881e-01 7.474313378334045410e-01
8.151796700000000229e-01 6.154989004135131836e-01
8.180191500000000282e-01 5.852437615394592285e-01
8.208586860000000041e-01 6.166018843650817871e-01
8.236982790000000332e-01 5.667054653167724609e-01
8.265379269999999501e-01 5.954682230949401855e-01
8.293776320000000313e-01 5.312922596931457520e-01
8.322173940000000547e-01 5.067589282989501953e-01
8.350572109999999659e-01 5.226654410362243652e-01
8.378970850000000414e-01 5.291150212287902832e-01
8.407370149999999764e-01 5.328968763351440430e-01
8.435770009999999930e-01 5.284132361412048340e-01
8.464170429999999801e-01 5.230611562728881836e-01
8.492571420000000204e-01 5.024440288543701172e-01
8.520972970000000313e-01 4.765665233135223389e-01
8.549375080000000127e-01 4.550627768039703369e-01
8.577777749999999646e-01 4.824303686618804932e-01
8.606180989999999698e-01 4.739705324172973633e-01
8.634584789999999455e-01 4.628236293792724609e-01
8.662989150000000027e-01 4.327034950256347656e-01
8.691394070000000305e-01 4.385993182659149170e-01
8.719799560000000005e-01 4.351368546485900879e-01
8.748205610000000521e-01 4.249807298183441162e-01
8.776612219999999631e-01 4.175308942794799805e-01
8.805019389999999557e-01 3.942517042160034180e-01
8.833427130000000016e-01 3.949271440505981445e-01
8.861835430000000180e-01 3.828372955322265625e-01
8.890244290000000049e-01 3.709991872310638428e-01
8.918653709999999624e-01 3.547471165657043457e-01
8.947063699999999731e-01 2.965260744094848633e-01
8.975474239999999826e-01 2.394531071186065674e-01
9.003885350000000454e-01 2.132769972085952759e-01
9.032297030000000504e-01 2.483373731374740601e-01
9.060709260000000542e-01 2.474410086870193481e-01
9.089122060000000003e-01 2.001119554042816162e-01
9.117535420000000279e-01 2.012074142694473267e-01
9.145949340000000261e-01 1.845821291208267212e-01
9.174363819999999947e-01 1.870305240154266357e-01
9.202778870000000166e-01 2.125711441040039062e-01
9.231194480000000091e-01 1.995126307010650635e-01
9.259610649999999721e-01 1.834210753440856934e-01
9.288027380000000166e-01 1.342964470386505127e-01
9.316444680000000034e-01 7.210624217987060547e-02
9.344862539999999607e-01 4.556734859943389893e-02
9.373280959999999995e-01 4.896915331482887268e-02
9.401699940000000089e-01 6.813786923885345459e-02
9.430119489999999605e-01 5.784808471798896790e-02
9.458539599999999936e-01 5.380721017718315125e-02
9.486960269999999973e-01 6.027913838624954224e-02
9.515381499999999715e-01 6.239913776516914368e-02
9.543803299999999989e-01 6.061893701553344727e-02
9.572225659999999969e-01 7.174351066350936890e-02
9.600648579999999654e-01 7.258976995944976807e-02
9.629072060000000155e-01 8.149455487728118896e-02
9.657496110000000078e-01 8.804021775722503662e-02
9.685920709999999989e-01 1.154680103063583374e-01
9.714345880000000433e-01 1.273913234472274780e-01
9.742771620000000299e-01 1.122152656316757202e-01
9.771197910000000153e-01 1.172897443175315857e-01
9.799624770000000540e-01 1.255066096782684326e-01
9.828052189999999522e-01 1.355352699756622314e-01
9.856480170000000429e-01 1.422194540500640869e-01
9.884908709999999932e-01 1.516749262809753418e-01
9.913337819999999967e-01 1.547911018133163452e-01
9.941767489999999707e-01 1.534130871295928955e-01
9.970197720000000263e-01 1.571272313594818115e-01
9.998628510000000524e-01 1.523266136646270752e-01
1.002705986999999910e+00 1.518298387527465820e-01
1.005549178999999960e+00 1.511714011430740356e-01
1.008392426999999980e+00 1.555245965719223022e-01
1.011235730999999971e+00 1.616314202547073364e-01
1.014079092000000015e+00 1.578239649534225464e-01
1.016922509000000030e+00 1.521343141794204712e-01
1.019765982000000015e+00 1.527028977870941162e-01
1.022609510999999971e+00 1.551197618246078491e-01
1.025453096999999980e+00 1.551206856966018677e-01
1.028296738999999960e+00 1.626690626144409180e-01
1.031140436999999910e+00 1.616748124361038208e-01
1.033984191000000052e+00 1.657323092222213745e-01
1.036828002000000026e+00 1.652022451162338257e-01
1.039671868000000110e+00 1.691825985908508301e-01
1.042515791000000025e+00 1.746357828378677368e-01
1.045359770999999993e+00 1.693027764558792114e-01
