3.615872339999999796e-01 1.309019327163696289e+00
3.644177160000000026e-01 1.496606111526489258e+00
3.672482539999999962e-01 1.582632899284362793e+00
3.700788480000000158e-01 1.566511273384094238e+00
3.729094980000000059e-01 1.408082962036132812e+00
3.757402049999999938e-01 1.504042863845825195e+00
3.785709680000000077e-01 1.639623284339904785e+00
3.814017869999999921e-01 1.403681874275207520e+00
3.842326620000000026e-01 1.326015949249267578e+00
3.870635940000000108e-01 1.408715844154357910e+00
3.898945819999999896e-01 1.637277364730834961e+00
3.927256259999999943e-01 1.404207348823547363e+00
3.955567260000000251e-01 1.448589324951171875e+00
3.983878829999999982e-01 1.844476938247680664e+00
4.012190950000000256e-01 2.273025512695312500e+00
4.040503639999999952e-01 2.258602619171142578e+00
4.068816900000000181e-01 2.204504728317260742e+00
4.097130709999999842e-01 2.282402515411376953e+00
4.125445090000000037e-01 2.376235723495483398e+00
4.153760029999999936e-01 2.373604297637939453e+00
4.182075530000000096e-01 2.303011894226074219e+00
4.210391589999999962e-01 2.343188762664794922e+00
4.238708219999999804e-01 2.307663917541503906e+00
4.267025409999999908e-01 2.251194238662719727e+00
4.295343160000000271e-01 2.059957981109619141e+00
4.323661469999999785e-01 2.186102628707885742e+00
4.351980349999999831e-01 2.390855073928833008e+00
4.380299790000000137e-01 2.430944681167602539e+00
4.408619790000000149e-01 2.494071960449218750e+00
4.436940349999999866e-01 2.647117137908935547e+00
4.465261480000000116e-01 2.675959825515747070e+00
4.493583170000000071e-01 2.827130556106567383e+00
4.521905419999999731e-01 2.848918437957763672e+00
4.550228230000000207e-01 2.815302610397338867e+00
4.578551610000000105e-01 2.870596408843994141e+00
4.606875550000000263e-01 2.911112070083618164e+00
4.635200050000000127e-01 2.926453828811645508e+00
4.663525110000000251e-01 2.858743667602539062e+00
4.691850739999999798e-01 2.863106727600097656e+00
4.720176919999999887e-01 2.913512229919433594e+00
4.748503669999999954e-01 2.956573963165283203e+00
4.776830989999999999e-01 2.978639602661132812e+00
4.805158860000000032e-01 3.043592214584350586e+00
4.833487300000000042e-01 3.025810956954956055e+00
4.861816299999999758e-01 2.772754907608032227e+00
4.890145859999999733e-01 2.889572143554687500e+00
4.918475979999999970e-01 2.983170986175537109e+00
4.946806670000000183e-01 3.050853967666625977e+00
4.975137920000000102e-01 3.058433055877685547e+00
5.003469729999999727e-01 2.991445302963256836e+00
5.031802100000000166e-01 2.970794916152954102e+00
5.060135040000000028e-01 3.059951543807983398e+00
5.088468539999999596e-01 3.079490900039672852e+00
5.116802599999999979e-01 3.122656106948852539e+00
5.145137220000000067e-01 3.042686700820922852e+00
5.173472409999999577e-01 2.882596731185913086e+00
5.201808159999999903e-01 3.019423246383666992e+00
5.230144469999999934e-01 3.150447845458984375e+00
5.258481339999999671e-01 3.158189773559570312e+00
5.286818779999999940e-01 3.200377225875854492e+00
5.315156779999999914e-01 3.298474311828613281e+00
5.343495339999999594e-01 3.295951128005981445e+00
5.371834460000000089e-01 3.337353467941284180e+00
5.400174150000000006e-01 3.279240369796752930e+00
5.428514389999999912e-01 3.303615808486938477e+00
5.456855200000000350e-01 3.373009204864501953e+00
5.485196580000000210e-01 3.379024505615234375e+00
5.513538510000000059e-01 3.417469978332519531e+00
5.541881010000000440e-01 3.443284034729003906e+00
5.570224070000000527e-01 3.406064271926879883e+00
5.598567690000000319e-01 3.351976633071899414e+00
5.626911869999999816e-01 3.426940202713012695e+00
5.655256619999999845e-01 3.407127857208251953e+00
5.683601929999999580e-01 3.362607955932617188e+00
5.711947800000000131e-01 3.338522195816040039e+00
5.740294230000000386e-01 3.390799045562744141e+00
5.768641230000000064e-01 3.364832878112792969e+00
5.796988789999999447e-01 3.364665508270263672e+00
5.825336909999999646e-01 3.445553541183471680e+00
5.853685589999999550e-01 3.416908502578735352e+00
5.882034839999999987e-01 3.186712503433227539e+00
5.910384650000000129e-01 3.052440404891967773e+00
5.938735019999999976e-01 3.111807584762573242e+00
5.967085949999999528e-01 3.102133035659790039e+00
5.995437449999999613e-01 3.062678337097167969e+00
6.023789510000000513e-01 3.039227008819580078e+00
6.052142130000000009e-01 3.053062200546264648e+00
6.080495310000000320e-01 3.003020286560058594e+00
6.108849060000000053e-01 2.911955833435058594e+00
6.137203359999999774e-01 2.840395212173461914e+00
6.165558230000000028e-01 2.807553768157958984e+00
6.193913669999999705e-01 2.883301734924316406e+00
6.222269660000000480e-01 2.875106573104858398e+00
6.250626219999999567e-01 2.797357559204101562e+00
6.278983339999999469e-01 2.730968713760375977e+00
6.307341020000000187e-01 2.712283849716186523e+00
6.335699259999999500e-01 2.748414278030395508e+00
6.364058070000000455e-01 2.775471687316894531e+00
6.392417440000000006e-01 2.779696941375732422e+00
6.420777370000000372e-01 2.748898983001708984e+00
6.449137860000000444e-01 2.718097686767578125e+00
6.477498919999999938e-01 2.592664957046508789e+00
6.505860540000000247e-01 2.575780630111694336e+00
6.534222720000000262e-01 2.577726125717163086e+00
6.562585459999999982e-01 2.365064859390258789e+00
6.590948770000000234e-01 2.483572721481323242e+00
6.619312640000000192e-01 2.547683238983154297e+00
6.647677069999999855e-01 2.527534246444702148e+00
6.676042060000000333e-01 2.508603811264038086e+00
6.704407620000000234e-01 2.481963396072387695e+00
6.732773739999999840e-01 2.449497222900390625e+00
6.761140420000000262e-01 2.442870855331420898e+00
6.789507660000000389e-01 2.431683301925659180e+00
6.817875469999999938e-01 2.398335218429565430e+00
6.846243829999999475e-01 2.311953306198120117e+00
6.874612759999999545e-01 1.942431449890136719e+00
6.902982260000000148e-01 1.976528763771057129e+00
6.931352309999999628e-01 2.013526201248168945e+00
6.959722929999999641e-01 2.027582406997680664e+00
6.988094110000000470e-01 2.004969120025634766e+00
7.016465849999999893e-01 1.905183553695678711e+00
7.044838150000000132e-01 1.900415658950805664e+00
7.073211019999999793e-01 1.876472949981689453e+00
7.101584450000000270e-01 1.818259358406066895e+00
7.129958440000000452e-01 1.711805701255798340e+00
7.158332990000000340e-01 1.455530166625976562e+00
7.186708109999999650e-01 1.064035058021545410e+00
7.215083789999999775e-01 1.100670576095581055e+00
7.243460029999999605e-01 1.009002447128295898e+00
7.271836830000000251e-01 9.184606075286865234e-01
7.300214200000000320e-01 8.646961450576782227e-01
7.328592130000000093e-01 8.843033313751220703e-01
7.356970619999999572e-01 8.833378553390502930e-01
7.385349669999999866e-01 8.619227409362792969e-01
7.413729289999999583e-01 8.666307926177978516e-01
7.442109470000000115e-01 8.750728964805603027e-01
7.470490210000000353e-01 8.813471794128417969e-01
7.498871510000000296e-01 8.616682291030883789e-01
7.527253379999999661e-01 8.625372648239135742e-01
7.555635800000000124e-01 8.429062366485595703e-01
7.584018790000000010e-01 6.977257728576660156e-01
7.612402350000000428e-01 3.257931768894195557e-01
7.640786459999999725e-01 3.959648907184600830e-01
7.669171139999999554e-01 6.424689292907714844e-01
7.697556380000000198e-01 7.847601175308227539e-01
7.725942180000000548e-01 8.067587018013000488e-01
7.754328539999999492e-01 8.122747540473937988e-01
7.782715470000000080e-01 8.065536618232727051e-01
7.811102960000000373e-01 8.179896473884582520e-01
7.839491010000000371e-01 8.213039636611938477e-01
7.867879620000000074e-01 8.078311085700988770e-01
7.896268800000000310e-01 7.873512506484985352e-01
7.924658540000000251e-01 7.853223681449890137e-01
7.953048839999999897e-01 7.888336777687072754e-01
7.981439700000000359e-01 7.988688945770263672e-01
8.009831130000000243e-01 7.986869215965270996e-01
8.038223119999999833e-01 7.994399666786193848e-01
8.066615670000000238e-01 8.128072023391723633e-01
8.095008780000000348e-01 7.809434533119201660e-01
8.123402459999999881e-01 6.952034235000610352e-01
8.151796700000000229e-01 5.695947408676147461e-01
8.180191500000000282e-01 5.444434285163879395e-01
8.208586860000000041e-01 5.798676609992980957e-01
8.236982790000000332e-01 5.298286676406860352e-01
8.265379269999999501e-01 5.548212528228759766e-01
8.293776320000000313e-01 4.888581633567810059e-01
8.322173940000000547e-01 4.762889742851257324e-01
8.350572109999999659e-01 4.861502945423126221e-01
8.378970850000000414e-01 4.943343102931976318e-01
8.407370149999999764e-01 4.995793402194976807e-01
8.435770009999999930e-01 4.964234530925750732e-01
8.464170429999999801e-01 4.920981824398040771e-01
8.492571420000000204e-01 4.671296179294586182e-01
8.520972970000000313e-01 4.478594064712524414e-01
8.549375080000000127e-01 4.255945384502410889e-01
8.577777749999999646e-01 4.499189257621765137e-01
8.606180989999999698e-01 4.465256333351135254e-01
8.634584789999999455e-01 4.354924857616424561e-01
8.662989150000000027e-01 3.999590277671813965e-01
8.691394070000000305e-01 4.112556278705596924e-01
8.719799560000000005e-01 4.099711775779724121e-01
8.748205610000000521e-01 3.971643745899200439e-01
8.776612219999999631e-01 3.868377804756164551e-01
8.805019389999999557e-01 3.765602409839630127e-01
8.833427130000000016e-01 3.689004778861999512e-01
8.861835430000000180e-01 3.565429747104644775e-01
8.890244290000000049e-01 3.456593751907348633e-01
8.918653709999999624e-01 3.335908055305480957e-01
8.947063699999999731e-01 2.804430425167083740e-01
8.975474239999999826e-01 2.239210307598114014e-01
9.003885350000000454e-01 2.019449472427368164e-01
9.032297030000000504e-01 2.339404374361038208e-01
9.060709260000000542e-01 2.332401424646377563e-01
9.089122060000000003e-01 1.889614909887313843e-01
9.117535420000000279e-01 1.889241933822631836e-01
9.145949340000000261e-01 1.704114526510238647e-01
9.174363819999999947e-01 1.734791398048400879e-01
9.202778870000000166e-01 2.022645473480224609e-01
9.231194480000000091e-01 1.926494240760803223e-01
9.259610649999999721e-01 1.738875657320022583e-01
9.288027380000000166e-01 1.267313808202743530e-01
9.316444680000000034e-01 6.866136193275451660e-02
9.344862539999999607e-01 4.188415780663490295e-02
9.373280959999999995e-01 4.491214454174041748e-02
9.401699940000000089e-01 6.832469999790191650e-02
9.430119489999999605e-01 5.964025110006332397e-02
9.458539599999999936e-01 5.212537199258804321e-02
9.486960269999999973e-01 5.561399087309837341e-02
9.515381499999999715e-01 5.810789763927459717e-02
9.543803299999999989e-01 5.739512667059898376e-02
9.572225659999999969e-01 6.378832459449768066e-02
9.600648579999999654e-01 6.761389970779418945e-02
9.629072060000000155e-01 8.021087199449539185e-02
9.657496110000000078e-01 8.564556390047073364e-02
9.685920709999999989e-01 1.120804920792579651e-01
9.714345880000000433e-01 1.199342459440231323e-01
9.742771620000000299e-01 1.065747216343879700e-01
9.771197910000000153e-01 1.085344329476356506e-01
9.799624770000000540e-01 1.139338314533233643e-01
9.828052189999999522e-01 1.256797462701797485e-01
9.856480170000000429e-01 1.347664296627044678e-01
9.884908709999999932e-01 1.411248445510864258e-01
9.913337819999999967e-01 1.448411196470260620e-01
9.941767489999999707e-01 1.420972198247909546e-01
9.970197720000000263e-01 1.437534242868423462e-01
9.998628510000000524e-01 1.411592811346054077e-01
1.002705986999999910e+00 1.453316956758499146e-01
1.005549178999999960e+00 1.428140401840209961e-01
1.008392426999999980e+00 1.393749862909317017e-01
1.011235730999999971e+00 1.402762085199356079e-01
1.014079092000000015e+00 1.422800421714782715e-01
1.016922509000000030e+00 1.430989056825637817e-01
1.019765982000000015e+00 1.469531357288360596e-01
1.022609510999999971e+00 1.470843404531478882e-01
1.025453096999999980e+00 1.439977288246154785e-01
1.028296738999999960e+00 1.504820585250854492e-01
1.031140436999999910e+00 1.544055193662643433e-01
1.033984191000000052e+00 1.539423614740371704e-01
1.036828002000000026e+00 1.507070511579513550e-01
1.039671868000000110e+00 1.564383655786514282e-01
1.042515791000000025e+00 1.499636471271514893e-01
1.045359770999999993e+00 1.683292537927627563e-01
