3.615872339999999796e-01 1.322316765785217285e+00
3.644177160000000026e-01 1.436665415763854980e+00
3.672482539999999962e-01 1.597802996635437012e+00
3.700788480000000158e-01 1.577478885650634766e+00
3.729094980000000059e-01 1.443661451339721680e+00
3.757402049999999938e-01 1.498755693435668945e+00
3.785709680000000077e-01 1.633019089698791504e+00
3.814017869999999921e-01 1.401381492614746094e+00
3.842326620000000026e-01 1.287346482276916504e+00
3.870635940000000108e-01 1.436625123023986816e+00
3.898945819999999896e-01 1.624774217605590820e+00
3.927256259999999943e-01 1.413733601570129395e+00
3.955567260000000251e-01 1.448337197303771973e+00
3.983878829999999982e-01 1.834535837173461914e+00
4.012190950000000256e-01 2.283498764038085938e+00
4.040503639999999952e-01 2.260696887969970703e+00
4.068816900000000181e-01 2.209046363830566406e+00
4.097130709999999842e-01 2.284897089004516602e+00
4.125445090000000037e-01 2.369528532028198242e+00
4.153760029999999936e-01 2.389864921569824219e+00
4.182075530000000096e-01 2.305401086807250977e+00
4.210391589999999962e-01 2.322108268737792969e+00
4.238708219999999804e-01 2.295019149780273438e+00
4.267025409999999908e-01 2.255846261978149414e+00
4.295343160000000271e-01 2.042400598526000977e+00
4.323661469999999785e-01 2.188898563385009766e+00
4.351980349999999831e-01 2.389384746551513672e+00
4.380299790000000137e-01 2.413943529129028320e+00
4.408619790000000149e-01 2.498450040817260742e+00
4.436940349999999866e-01 2.611328601837158203e+00
4.465261480000000116e-01 2.658517360687255859e+00
4.493583170000000071e-01 2.821083307266235352e+00
4.521905419999999731e-01 2.836795091629028320e+00
4.550228230000000207e-01 2.806306123733520508e+00
4.578551610000000105e-01 2.884160995483398438e+00
4.606875550000000263e-01 2.888231992721557617e+00
4.635200050000000127e-01 2.900192260742187500e+00
4.663525110000000251e-01 2.852125644683837891e+00
4.691850739999999798e-01 2.867583751678466797e+00
4.720176919999999887e-01 2.893784046173095703e+00
4.748503669999999954e-01 2.949203491210937500e+00
4.776830989999999999e-01 2.985221862792968750e+00
4.805158860000000032e-01 3.046055078506469727e+00
4.833487300000000042e-01 3.018134593963623047e+00
4.861816299999999758e-01 2.777899980545043945e+00
4.890145859999999733e-01 2.906011104583740234e+00
4.918475979999999970e-01 2.978760480880737305e+00
4.946806670000000183e-01 3.024549722671508789e+00
4.975137920000000102e-01 3.053761720657348633e+00
5.003469729999999727e-01 2.980256319046020508e+00
5.031802100000000166e-01 2.961042881011962891e+00
5.060135040000000028e-01 3.048206567764282227e+00
5.088468539999999596e-01 3.075964450836181641e+00
5.116802599999999979e-01 3.113248109817504883e+00
5.145137220000000067e-01 3.048394680023193359e+00
5.173472409999999577e-01 2.881213426589965820e+00
5.201808159999999903e-01 3.018491029739379883e+00
5.230144469999999934e-01 3.144352674484252930e+00
5.258481339999999671e-01 3.160168409347534180e+00
5.286818779999999940e-01 3.202274084091186523e+00
5.315156779999999914e-01 3.310157060623168945e+00
5.343495339999999594e-01 3.296902656555175781e+00
5.371834460000000089e-01 3.344651222229003906e+00
5.400174150000000006e-01 3.284580230712890625e+00
5.428514389999999912e-01 3.313468217849731445e+00
5.456855200000000350e-01 3.366035461425781250e+00
5.485196580000000210e-01 3.391213178634643555e+00
5.513538510000000059e-01 3.422180652618408203e+00
5.541881010000000440e-01 3.441925048828125000e+00
5.570224070000000527e-01 3.406392812728881836e+00
5.598567690000000319e-01 3.368729352951049805e+00
5.626911869999999816e-01 3.419501543045043945e+00
5.655256619999999845e-01 3.396988391876220703e+00
5.683601929999999580e-01 3.375855207443237305e+00
5.711947800000000131e-01 3.343002557754516602e+00
5.740294230000000386e-01 3.391890048980712891e+00
5.768641230000000064e-01 3.356563329696655273e+00
5.796988789999999447e-01 3.375066280364990234e+00
5.825336909999999646e-01 3.451911926269531250e+00
5.853685589999999550e-01 3.415696382522583008e+00
5.882034839999999987e-01 3.191377639770507812e+00
5.910384650000000129e-01 3.053455114364624023e+00
5.938735019999999976e-01 3.128876686096191406e+00
5.967085949999999528e-01 3.101818799972534180e+00
5.995437449999999613e-01 3.067748785018920898e+00
6.023789510000000513e-01 3.039545297622680664e+00
6.052142130000000009e-01 3.047441482543945312e+00
6.080495310000000320e-01 3.001508951187133789e+00
6.108849060000000053e-01 2.888564586639404297e+00
6.137203359999999774e-01 2.814190626144409180e+00
6.165558230000000028e-01 2.801864624023437500e+00
6.193913669999999705e-01 2.870112895965576172e+00
6.222269660000000480e-01 2.857483386993408203e+00
6.250626219999999567e-01 2.779487609863281250e+00
6.278983339999999469e-01 2.722407341003417969e+00
6.307341020000000187e-01 2.694726467132568359e+00
6.335699259999999500e-01 2.733263015747070312e+00
6.364058070000000455e-01 2.759795665740966797e+00
6.392417440000000006e-01 2.764660596847534180e+00
6.420777370000000372e-01 2.738679885864257812e+00
6.449137860000000444e-01 2.696475267410278320e+00
6.477498919999999938e-01 2.561469316482543945e+00
6.505860540000000247e-01 2.559262275695800781e+00
6.534222720000000262e-01 2.547059535980224609e+00
6.562585459999999982e-01 2.350125789642333984e+00
6.590948770000000234e-01 2.460199117660522461e+00
6.619312640000000192e-01 2.525684833526611328e+00
6.647677069999999855e-01 2.501139402389526367e+00
6.676042060000000333e-01 2.474364042282104492e+00
6.704407620000000234e-01 2.444872140884399414e+00
6.732773739999999840e-01 2.420719385147094727e+00
6.761140420000000262e-01 2.405796051025390625e+00
6.789507660000000389e-01 2.398946046829223633e+00
6.817875469999999938e-01 2.368380784988403320e+00
6.846243829999999475e-01 2.285751342773437500e+00
6.874612759999999545e-01 1.925129890441894531e+00
6.902982260000000148e-01 1.955146312713623047e+00
6.931352309999999628e-01 1.988794088363647461e+00
6.959722929999999641e-01 2.015236377716064453e+00
6.988094110000000470e-01 2.000349283218383789e+00
7.016465849999999893e-01 1.886066317558288574e+00
7.044838150000000132e-01 1.886963963508605957e+00
7.073211019999999793e-01 1.849865436553955078e+00
7.101584450000000270e-01 1.787256002426147461e+00
7.129958440000000452e-01 1.684098482131958008e+00
7.158332990000000340e-01 1.418706536293029785e+00
7.186708109999999650e-01 1.031904697418212891e+00
7.215083789999999775e-01 1.063347458839416504e+00
7.243460029999999605e-01 9.742792248725891113e-01
7.271836830000000251e-01 8.779733180999755859e-01
7.300214200000000320e-01 8.242650628089904785e-01
7.328592130000000093e-01 8.447729349136352539e-01
7.356970619999999572e-01 8.239188194274902344e-01
7.385349669999999866e-01 8.072162866592407227e-01
7.413729289999999583e-01 8.127048015594482422e-01
7.442109470000000115e-01 8.202964067459106445e-01
7.470490210000000353e-01 8.224921822547912598e-01
7.498871510000000296e-01 8.060212731361389160e-01
7.527253379999999661e-01 7.978769540786743164e-01
7.555635800000000124e-01 7.884206771850585938e-01
7.584018790000000010e-01 6.462248563766479492e-01
7.612402350000000428e-01 3.062964975833892822e-01
7.640786459999999725e-01 3.682755827903747559e-01
7.669171139999999554e-01 5.892265439033508301e-01
7.697556380000000198e-01 7.266738414764404297e-01
7.725942180000000548e-01 7.518244981765747070e-01
7.754328539999999492e-01 7.578519582748413086e-01
7.782715470000000080e-01 7.489892840385437012e-01
7.811102960000000373e-01 7.526959776878356934e-01
7.839491010000000371e-01 7.549554705619812012e-01
7.867879620000000074e-01 7.486585378646850586e-01
7.896268800000000310e-01 7.237240672111511230e-01
7.924658540000000251e-01 7.234536409378051758e-01
7.953048839999999897e-01 7.401391267776489258e-01
7.981439700000000359e-01 7.433715462684631348e-01
8.009831130000000243e-01 7.448771595954895020e-01
8.038223119999999833e-01 7.386623620986938477e-01
8.066615670000000238e-01 7.564517259597778320e-01
8.095008780000000348e-01 7.277002930641174316e-01
8.123402459999999881e-01 6.465084552764892578e-01
8.151796700000000229e-01 5.261377096176147461e-01
8.180191500000000282e-01 5.017753839492797852e-01
8.208586860000000041e-01 5.306653380393981934e-01
8.236982790000000332e-01 4.879456758499145508e-01
8.265379269999999501e-01 5.089699625968933105e-01
8.293776320000000313e-01 4.534616768360137939e-01
8.322173940000000547e-01 4.314003884792327881e-01
8.350572109999999659e-01 4.363449513912200928e-01
8.378970850000000414e-01 4.444724917411804199e-01
8.407370149999999764e-01 4.458263218402862549e-01
8.435770009999999930e-01 4.452737867832183838e-01
8.464170429999999801e-01 4.369848370552062988e-01
8.492571420000000204e-01 4.158170819282531738e-01
8.520972970000000313e-01 3.966964483261108398e-01
8.549375080000000127e-01 3.749525845050811768e-01
8.577777749999999646e-01 3.954826891422271729e-01
8.606180989999999698e-01 3.953345119953155518e-01
8.634584789999999455e-01 3.858448863029479980e-01
8.662989150000000027e-01 3.594327270984649658e-01
8.691394070000000305e-01 3.652198314666748047e-01
8.719799560000000005e-01 3.587504327297210693e-01
8.748205610000000521e-01 3.541802465915679932e-01
8.776612219999999631e-01 3.431198298931121826e-01
8.805019389999999557e-01 3.266976475715637207e-01
8.833427130000000016e-01 3.220171928405761719e-01
8.861835430000000180e-01 3.085429966449737549e-01
8.890244290000000049e-01 3.031568527221679688e-01
8.918653709999999624e-01 2.855319976806640625e-01
8.947063699999999731e-01 2.427305728197097778e-01
8.975474239999999826e-01 1.933946162462234497e-01
9.003885350000000454e-01 1.714412420988082886e-01
9.032297030000000504e-01 2.009698599576950073e-01
9.060709260000000542e-01 1.965729594230651855e-01
9.089122060000000003e-01 1.613484770059585571e-01
9.117535420000000279e-01 1.639986038208007812e-01
9.145949340000000261e-01 1.488407999277114868e-01
9.174363819999999947e-01 1.482136845588684082e-01
9.202778870000000166e-01 1.680134385824203491e-01
9.231194480000000091e-01 1.586745232343673706e-01
9.259610649999999721e-01 1.448010802268981934e-01
9.288027380000000166e-01 1.018664613366127014e-01
9.316444680000000034e-01 5.684002488851547241e-02
9.344862539999999607e-01 3.239543363451957703e-02
9.373280959999999995e-01 3.310961648821830750e-02
9.401699940000000089e-01 5.596603080630302429e-02
9.430119489999999605e-01 4.779755696654319763e-02
9.458539599999999936e-01 4.351774230599403381e-02
9.486960269999999973e-01 4.636426642537117004e-02
9.515381499999999715e-01 4.340314120054244995e-02
9.543803299999999989e-01 4.782507196068763733e-02
9.572225659999999969e-01 5.164915323257446289e-02
9.600648579999999654e-01 5.431964993476867676e-02
9.629072060000000155e-01 5.711980909109115601e-02
9.657496110000000078e-01 6.887479871511459351e-02
9.685920709999999989e-01 9.060638397932052612e-02
9.714345880000000433e-01 9.399932622909545898e-02
9.742771620000000299e-01 8.404239267110824585e-02
9.771197910000000153e-01 9.063655883073806763e-02
9.799624770000000540e-01 9.141026437282562256e-02
9.828052189999999522e-01 9.834419935941696167e-02
9.856480170000000429e-01 1.060642898082733154e-01
9.884908709999999932e-01 1.142442971467971802e-01
9.913337819999999967e-01 1.126489192247390747e-01
9.941767489999999707e-01 1.140278577804565430e-01
9.970197720000000263e-01 1.167581900954246521e-01
9.998628510000000524e-01 1.174846291542053223e-01
1.002705986999999910e+00 1.142241060733795166e-01
1.005549178999999960e+00 1.141355931758880615e-01
1.008392426999999980e+00 1.110740527510643005e-01
1.011235730999999971e+00 1.158165037631988525e-01
1.014079092000000015e+00 1.164730116724967957e-01
1.016922509000000030e+00 1.186415255069732666e-01
1.019765982000000015e+00 1.166783720254898071e-01
1.022609510999999971e+00 1.148135662078857422e-01
1.025453096999999980e+00 1.237333789467811584e-01
1.028296738999999960e+00 1.138312444090843201e-01
1.031140436999999910e+00 1.184364780783653259e-01
1.033984191000000052e+00 1.160836219787597656e-01
1.036828002000000026e+00 1.173432841897010803e-01
1.039671868000000110e+00 1.221923455595970154e-01
1.042515791000000025e+00 1.190959215164184570e-01
1.045359770999999993e+00 1.213404238224029541e-01
