3.615872339999999796e-01 1.310382723808288574e+00
3.644177160000000026e-01 1.434261441230773926e+00
3.672482539999999962e-01 1.596583724021911621e+00
3.700788480000000158e-01 1.597170710563659668e+00
3.729094980000000059e-01 1.420466423034667969e+00
3.757402049999999938e-01 1.514275312423706055e+00
3.785709680000000077e-01 1.694871783256530762e+00
3.814017869999999921e-01 1.430014491081237793e+00
3.842326620000000026e-01 1.321188211441040039e+00
3.870635940000000108e-01 1.439761281013488770e+00
3.898945819999999896e-01 1.595168471336364746e+00
3.927256259999999943e-01 1.436045646667480469e+00
3.955567260000000251e-01 1.466078519821166992e+00
3.983878829999999982e-01 1.836654543876647949e+00
4.012190950000000256e-01 2.298190832138061523e+00
4.040503639999999952e-01 2.279477596282958984e+00
4.068816900000000181e-01 2.237311601638793945e+00
4.097130709999999842e-01 2.278512716293334961e+00
4.125445090000000037e-01 2.387693166732788086e+00
4.153760029999999936e-01 2.423184633255004883e+00
4.182075530000000096e-01 2.340010166168212891e+00
4.210391589999999962e-01 2.346109628677368164e+00
4.238708219999999804e-01 2.300116539001464844e+00
4.267025409999999908e-01 2.272942543029785156e+00
4.295343160000000271e-01 2.052048683166503906e+00
4.323661469999999785e-01 2.188110828399658203e+00
4.351980349999999831e-01 2.391290664672851562e+00
4.380299790000000137e-01 2.416706085205078125e+00
4.408619790000000149e-01 2.490616559982299805e+00
4.436940349999999866e-01 2.634852170944213867e+00
4.465261480000000116e-01 2.665429353713989258e+00
4.493583170000000071e-01 2.806575298309326172e+00
4.521905419999999731e-01 2.843235731124877930e+00
4.550228230000000207e-01 2.797498226165771484e+00
4.578551610000000105e-01 2.853438615798950195e+00
4.606875550000000263e-01 2.884513616561889648e+00
4.635200050000000127e-01 2.906191825866699219e+00
4.663525110000000251e-01 2.857915163040161133e+00
4.691850739999999798e-01 2.840551853179931641e+00
4.720176919999999887e-01 2.883672237396240234e+00
4.748503669999999954e-01 2.926833868026733398e+00
4.776830989999999999e-01 2.967554807662963867e+00
4.805158860000000032e-01 3.013689517974853516e+00
4.833487300000000042e-01 2.995285987854003906e+00
4.861816299999999758e-01 2.767743825912475586e+00
4.890145859999999733e-01 2.876497268676757812e+00
4.918475979999999970e-01 2.955868005752563477e+00
4.946806670000000183e-01 3.019096851348876953e+00
4.975137920000000102e-01 3.027998924255371094e+00
5.003469729999999727e-01 2.969516277313232422e+00
5.031802100000000166e-01 2.929443120956420898e+00
5.060135040000000028e-01 3.022101640701293945e+00
5.088468539999999596e-01 3.052196025848388672e+00
5.116802599999999979e-01 3.078954458236694336e+00
5.145137220000000067e-01 2.999189615249633789e+00
5.173472409999999577e-01 2.844780206680297852e+00
5.201808159999999903e-01 2.972453117370605469e+00
5.230144469999999934e-01 3.105886220932006836e+00
5.258481339999999671e-01 3.109923124313354492e+00
5.286818779999999940e-01 3.152837038040161133e+00
5.315156779999999914e-01 3.253668308258056641e+00
5.343495339999999594e-01 3.241905450820922852e+00
5.371834460000000089e-01 3.292903423309326172e+00
5.400174150000000006e-01 3.231611013412475586e+00
5.428514389999999912e-01 3.255022287368774414e+00
5.456855200000000350e-01 3.307778358459472656e+00
5.485196580000000210e-01 3.320952653884887695e+00
5.513538510000000059e-01 3.355281829833984375e+00
5.541881010000000440e-01 3.373184919357299805e+00
5.570224070000000527e-01 3.349138259887695312e+00
5.598567690000000319e-01 3.304421424865722656e+00
5.626911869999999816e-01 3.350016355514526367e+00
5.655256619999999845e-01 3.339632987976074219e+00
5.683601929999999580e-01 3.312254190444946289e+00
5.711947800000000131e-01 3.275691986083984375e+00
5.740294230000000386e-01 3.331231832504272461e+00
5.768641230000000064e-01 3.300970077514648438e+00
5.796988789999999447e-01 3.300126552581787109e+00
5.825336909999999646e-01 3.378065824508666992e+00
5.853685589999999550e-01 3.334251642227172852e+00
5.882034839999999987e-01 3.120023727416992188e+00
5.910384650000000129e-01 2.979667663574218750e+00
5.938735019999999976e-01 3.029969692230224609e+00
5.967085949999999528e-01 3.015560865402221680e+00
5.995437449999999613e-01 2.996264219284057617e+00
6.023789510000000513e-01 2.941863536834716797e+00
6.052142130000000009e-01 2.958083868026733398e+00
6.080495310000000320e-01 2.919838428497314453e+00
6.108849060000000053e-01 2.832247257232666016e+00
6.137203359999999774e-01 2.734543323516845703e+00
6.165558230000000028e-01 2.708826303482055664e+00
6.193913669999999705e-01 2.771138191223144531e+00
6.222269660000000480e-01 2.765180826187133789e+00
6.250626219999999567e-01 2.689240217208862305e+00
6.278983339999999469e-01 2.629353523254394531e+00
6.307341020000000187e-01 2.603918790817260742e+00
6.335699259999999500e-01 2.635099172592163086e+00
6.364058070000000455e-01 2.661102771759033203e+00
6.392417440000000006e-01 2.669900178909301758e+00
6.420777370000000372e-01 2.640107154846191406e+00
6.449137860000000444e-01 2.605341196060180664e+00
6.477498919999999938e-01 2.486267805099487305e+00
6.505860540000000247e-01 2.480834245681762695e+00
6.534222720000000262e-01 2.463038682937622070e+00
6.562585459999999982e-01 2.265531301498413086e+00
6.590948770000000234e-01 2.369441032409667969e+00
6.619312640000000192e-01 2.427408695220947266e+00
6.647677069999999855e-01 2.406881093978881836e+00
6.676042060000000333e-01 2.389628648757934570e+00
6.704407620000000234e-01 2.359024524688720703e+00
6.732773739999999840e-01 2.333302736282348633e+00
6.761140420000000262e-01 2.316591024398803711e+00
6.789507660000000389e-01 2.307996273040771484e+00
6.817875469999999938e-01 2.284630775451660156e+00
6.846243829999999475e-01 2.196158885955810547e+00
6.874612759999999545e-01 1.841483116149902344e+00
6.902982260000000148e-01 1.857488870620727539e+00
6.931352309999999628e-01 1.896685481071472168e+00
6.959722929999999641e-01 1.910485625267028809e+00
6.988094110000000470e-01 1.884039402008056641e+00
7.016465849999999893e-01 1.781414270401000977e+00
7.044838150000000132e-01 1.775787472724914551e+00
7.073211019999999793e-01 1.743812084197998047e+00
7.101584450000000270e-01 1.682439446449279785e+00
7.129958440000000452e-01 1.582574844360351562e+00
7.158332990000000340e-01 1.337255954742431641e+00
7.186708109999999650e-01 9.720461368560791016e-01
7.215083789999999775e-01 1.007152318954467773e+00
7.243460029999999605e-01 9.120194911956787109e-01
7.271836830000000251e-01 8.260585665702819824e-01
7.300214200000000320e-01 7.801855802536010742e-01
7.328592130000000093e-01 7.855370640754699707e-01
7.356970619999999572e-01 7.902395725250244141e-01
7.385349669999999866e-01 7.645956873893737793e-01
7.413729289999999583e-01 7.711326479911804199e-01
7.442109470000000115e-01 7.787322998046875000e-01
7.470490210000000353e-01 7.793125510215759277e-01
7.498871510000000296e-01 7.648786902427673340e-01
7.527253379999999661e-01 7.570793032646179199e-01
7.555635800000000124e-01 7.563345432281494141e-01
7.584018790000000010e-01 6.263382434844970703e-01
7.612402350000000428e-01 2.888575196266174316e-01
7.640786459999999725e-01 3.440380692481994629e-01
7.669171139999999554e-01 5.607517361640930176e-01
7.697556380000000198e-01 6.931222081184387207e-01
7.725942180000000548e-01 7.121769189834594727e-01
7.754328539999999492e-01 7.131896615028381348e-01
7.782715470000000080e-01 7.191615104675292969e-01
7.811102960000000373e-01 7.230544090270996094e-01
7.839491010000000371e-01 7.190961837768554688e-01
7.867879620000000074e-01 7.113713026046752930e-01
7.896268800000000310e-01 6.883684396743774414e-01
7.924658540000000251e-01 6.901318430900573730e-01
7.953048839999999897e-01 6.958338618278503418e-01
7.981439700000000359e-01 7.076694965362548828e-01
8.009831130000000243e-01 6.982456445693969727e-01
8.038223119999999833e-01 7.028877735137939453e-01
8.066615670000000238e-01 7.147193551063537598e-01
8.095008780000000348e-01 6.889824271202087402e-01
8.123402459999999881e-01 6.125735640525817871e-01
8.151796700000000229e-01 5.003923773765563965e-01
8.180191500000000282e-01 4.705544114112854004e-01
8.208586860000000041e-01 5.078531503677368164e-01
8.236982790000000332e-01 4.668536484241485596e-01
8.265379269999999501e-01 4.908696711063385010e-01
8.293776320000000313e-01 4.351643025875091553e-01
8.322173940000000547e-01 4.130938649177551270e-01
8.350572109999999659e-01 4.208992421627044678e-01
8.378970850000000414e-01 4.264320433139801025e-01
8.407370149999999764e-01 4.276292026042938232e-01
8.435770009999999930e-01 4.250486791133880615e-01
8.464170429999999801e-01 4.240768253803253174e-01
8.492571420000000204e-01 4.052557945251464844e-01
8.520972970000000313e-01 3.923852145671844482e-01
8.549375080000000127e-01 3.681112229824066162e-01
8.577777749999999646e-01 3.893039524555206299e-01
8.606180989999999698e-01 3.848038911819458008e-01
8.634584789999999455e-01 3.758434653282165527e-01
8.662989150000000027e-01 3.455120325088500977e-01
8.691394070000000305e-01 3.571594655513763428e-01
8.719799560000000005e-01 3.501940667629241943e-01
8.748205610000000521e-01 3.439255356788635254e-01
8.776612219999999631e-01 3.373790085315704346e-01
8.805019389999999557e-01 3.223859667778015137e-01
8.833427130000000016e-01 3.168233036994934082e-01
8.861835430000000180e-01 3.041375279426574707e-01
8.890244290000000049e-01 2.988938689231872559e-01
8.918653709999999624e-01 2.858794927597045898e-01
8.947063699999999731e-01 2.402828931808471680e-01
8.975474239999999826e-01 1.938434541225433350e-01
9.003885350000000454e-01 1.760000586509704590e-01
9.032297030000000504e-01 1.996033936738967896e-01
9.060709260000000542e-01 2.033498585224151611e-01
9.089122060000000003e-01 1.621037572622299194e-01
9.117535420000000279e-01 1.602110266685485840e-01
9.145949340000000261e-01 1.503148972988128662e-01
9.174363819999999947e-01 1.503194272518157959e-01
9.202778870000000166e-01 1.764177680015563965e-01
9.231194480000000091e-01 1.639873534440994263e-01
9.259610649999999721e-01 1.492623090744018555e-01
9.288027380000000166e-01 1.106151640415191650e-01
9.316444680000000034e-01 5.995914340019226074e-02
9.344862539999999607e-01 3.076383657753467560e-02
9.373280959999999995e-01 3.615882620215415955e-02
9.401699940000000089e-01 6.017545610666275024e-02
9.430119489999999605e-01 4.953394457697868347e-02
9.458539599999999936e-01 4.394607245922088623e-02
9.486960269999999973e-01 5.020995065569877625e-02
9.515381499999999715e-01 4.885080829262733459e-02
9.543803299999999989e-01 5.214993283152580261e-02
9.572225659999999969e-01 5.340690165758132935e-02
9.600648579999999654e-01 5.393449589610099792e-02
9.629072060000000155e-01 6.297843903303146362e-02
9.657496110000000078e-01 7.456975430250167847e-02
9.685920709999999989e-01 9.415163844823837280e-02
9.714345880000000433e-01 1.034579575061798096e-01
9.742771620000000299e-01 9.045481681823730469e-02
9.771197910000000153e-01 9.048827737569808960e-02
9.799624770000000540e-01 1.003632918000221252e-01
9.828052189999999522e-01 1.096408069133758545e-01
9.856480170000000429e-01 1.144205108284950256e-01
9.884908709999999932e-01 1.205200329422950745e-01
9.913337819999999967e-01 1.204053163528442383e-01
9.941767489999999707e-01 1.192094758152961731e-01
9.970197720000000263e-01 1.256612092256546021e-01
9.998628510000000524e-01 1.270186156034469604e-01
1.002705986999999910e+00 1.202221661806106567e-01
1.005549178999999960e+00 1.229683607816696167e-01
1.008392426999999980e+00 1.238783970475196838e-01
1.011235730999999971e+00 1.274555474519729614e-01
1.014079092000000015e+00 1.189439743757247925e-01
1.016922509000000030e+00 1.253066509962081909e-01
1.019765982000000015e+00 1.240682676434516907e-01
1.022609510999999971e+00 1.269477307796478271e-01
1.025453096999999980e+00 1.317294239997863770e-01
1.028296738999999960e+00 1.249020844697952271e-01
1.031140436999999910e+00 1.216997578740119934e-01
1.033984191000000052e+00 1.245981305837631226e-01
1.036828002000000026e+00 1.141357943415641785e-01
1.039671868000000110e+00 1.373021900653839111e-01
1.042515791000000025e+00 1.256891787052154541e-01
1.045359770999999993e+00 1.364580690860748291e-01
