3.615872339999999796e-01 1.336167573928833008e+00
3.644177160000000026e-01 1.456865072250366211e+00
3.672482539999999962e-01 1.596170067787170410e+00
3.700788480000000158e-01 1.602877974510192871e+00
3.729094980000000059e-01 1.437651395797729492e+00
3.757402049999999938e-01 1.528014302253723145e+00
3.785709680000000077e-01 1.631262898445129395e+00
3.814017869999999921e-01 1.442307829856872559e+00
3.842326620000000026e-01 1.332096219062805176e+00
3.870635940000000108e-01 1.440269947052001953e+00
3.898945819999999896e-01 1.620775341987609863e+00
3.927256259999999943e-01 1.435623049736022949e+00
3.955567260000000251e-01 1.458616852760314941e+00
3.983878829999999982e-01 1.830261826515197754e+00
4.012190950000000256e-01 2.270848274230957031e+00
4.040503639999999952e-01 2.264288187026977539e+00
4.068816900000000181e-01 2.224141597747802734e+00
4.097130709999999842e-01 2.265308618545532227e+00
4.125445090000000037e-01 2.382109880447387695e+00
4.153760029999999936e-01 2.382609605789184570e+00
4.182075530000000096e-01 2.343330383300781250e+00
4.210391589999999962e-01 2.348627090454101562e+00
4.238708219999999804e-01 2.302348852157592773e+00
4.267025409999999908e-01 2.249078512191772461e+00
4.295343160000000271e-01 2.050694942474365234e+00
4.323661469999999785e-01 2.169338703155517578e+00
4.351980349999999831e-01 2.372409343719482422e+00
4.380299790000000137e-01 2.386005640029907227e+00
4.408619790000000149e-01 2.480594635009765625e+00
4.436940349999999866e-01 2.625339984893798828e+00
4.465261480000000116e-01 2.653447151184082031e+00
4.493583170000000071e-01 2.804505348205566406e+00
4.521905419999999731e-01 2.808958053588867188e+00
4.550228230000000207e-01 2.799157381057739258e+00
4.578551610000000105e-01 2.854194641113281250e+00
4.606875550000000263e-01 2.867209434509277344e+00
4.635200050000000127e-01 2.900209903717041016e+00
4.663525110000000251e-01 2.836205244064331055e+00
4.691850739999999798e-01 2.836679220199584961e+00
4.720176919999999887e-01 2.866977453231811523e+00
4.748503669999999954e-01 2.924705505371093750e+00
4.776830989999999999e-01 2.954157829284667969e+00
4.805158860000000032e-01 3.010964393615722656e+00
4.833487300000000042e-01 3.000679016113281250e+00
4.861816299999999758e-01 2.750707149505615234e+00
4.890145859999999733e-01 2.869209527969360352e+00
4.918475979999999970e-01 2.948340892791748047e+00
4.946806670000000183e-01 3.013032674789428711e+00
4.975137920000000102e-01 3.029740571975708008e+00
5.003469729999999727e-01 2.945130825042724609e+00
5.031802100000000166e-01 2.930408000946044922e+00
5.060135040000000028e-01 3.011286020278930664e+00
5.088468539999999596e-01 3.037248373031616211e+00
5.116802599999999979e-01 3.076050996780395508e+00
5.145137220000000067e-01 3.011149883270263672e+00
5.173472409999999577e-01 2.841668605804443359e+00
5.201808159999999903e-01 2.982039451599121094e+00
5.230144469999999934e-01 3.108369827270507812e+00
5.258481339999999671e-01 3.108988285064697266e+00
5.286818779999999940e-01 3.156338691711425781e+00
5.315156779999999914e-01 3.244284152984619141e+00
5.343495339999999594e-01 3.251077413558959961e+00
5.371834460000000089e-01 3.283579826354980469e+00
5.400174150000000006e-01 3.238107919692993164e+00
5.428514389999999912e-01 3.250490427017211914e+00
5.456855200000000350e-01 3.318005323410034180e+00
5.485196580000000210e-01 3.329459905624389648e+00
5.513538510000000059e-01 3.357865810394287109e+00
5.541881010000000440e-01 3.381870746612548828e+00
5.570224070000000527e-01 3.342673540115356445e+00
5.598567690000000319e-01 3.300367116928100586e+00
5.626911869999999816e-01 3.352553844451904297e+00
5.655256619999999845e-01 3.348623037338256836e+00
5.683601929999999580e-01 3.311226606369018555e+00
5.711947800000000131e-01 3.284414768218994141e+00
5.740294230000000386e-01 3.323463201522827148e+00
5.768641230000000064e-01 3.293189525604248047e+00
5.796988789999999447e-01 3.307408809661865234e+00
5.825336909999999646e-01 3.371791362762451172e+00
5.853685589999999550e-01 3.340424776077270508e+00
5.882034839999999987e-01 3.116937160491943359e+00
5.910384650000000129e-01 2.968167304992675781e+00
5.938735019999999976e-01 3.019952535629272461e+00
5.967085949999999528e-01 3.002406597137451172e+00
5.995437449999999613e-01 2.968382358551025391e+00
6.023789510000000513e-01 2.920916318893432617e+00
6.052142130000000009e-01 2.931438684463500977e+00
6.080495310000000320e-01 2.883184194564819336e+00
6.108849060000000053e-01 2.759708404541015625e+00
6.137203359999999774e-01 2.690396308898925781e+00
6.165558230000000028e-01 2.674771547317504883e+00
6.193913669999999705e-01 2.748652458190917969e+00
6.222269660000000480e-01 2.739522933959960938e+00
6.250626219999999567e-01 2.660794734954833984e+00
6.278983339999999469e-01 2.595317125320434570e+00
6.307341020000000187e-01 2.574688196182250977e+00
6.335699259999999500e-01 2.612186431884765625e+00
6.364058070000000455e-01 2.631828069686889648e+00
6.392417440000000006e-01 2.639210700988769531e+00
6.420777370000000372e-01 2.598720073699951172e+00
6.449137860000000444e-01 2.560415506362915039e+00
6.477498919999999938e-01 2.443842172622680664e+00
6.505860540000000247e-01 2.427126646041870117e+00
6.534222720000000262e-01 2.427927017211914062e+00
6.562585459999999982e-01 2.223452091217041016e+00
6.590948770000000234e-01 2.322424173355102539e+00
6.619312640000000192e-01 2.372652292251586914e+00
6.647677069999999855e-01 2.350312948226928711e+00
6.676042060000000333e-01 2.329108953475952148e+00
6.704407620000000234e-01 2.301048994064331055e+00
6.732773739999999840e-01 2.271954536437988281e+00
6.761140420000000262e-01 2.263310194015502930e+00
6.789507660000000389e-01 2.238318204879760742e+00
6.817875469999999938e-01 2.217602252960205078e+00
6.846243829999999475e-01 2.136427879333496094e+00
6.874612759999999545e-01 1.794266223907470703e+00
6.902982260000000148e-01 1.814144492149353027e+00
6.931352309999999628e-01 1.854779481887817383e+00
6.959722929999999641e-01 1.860156297683715820e+00
6.988094110000000470e-01 1.845434546470642090e+00
7.016465849999999893e-01 1.736635565757751465e+00
7.044838150000000132e-01 1.732901096343994141e+00
7.073211019999999793e-01 1.697147488594055176e+00
7.101584450000000270e-01 1.620302319526672363e+00
7.129958440000000452e-01 1.529862165451049805e+00
7.158332990000000340e-01 1.278461813926696777e+00
7.186708109999999650e-01 9.333344697952270508e-01
7.215083789999999775e-01 9.464704394340515137e-01
7.243460029999999605e-01 8.616713881492614746e-01
7.271836830000000251e-01 7.808861732482910156e-01
7.300214200000000320e-01 7.262474894523620605e-01
7.328592130000000093e-01 7.421788573265075684e-01
7.356970619999999572e-01 7.416424751281738281e-01
7.385349669999999866e-01 7.183136343955993652e-01
7.413729289999999583e-01 7.152162194252014160e-01
7.442109470000000115e-01 7.313179969787597656e-01
7.470490210000000353e-01 7.238660454750061035e-01
7.498871510000000296e-01 7.115920186042785645e-01
7.527253379999999661e-01 7.092637419700622559e-01
7.555635800000000124e-01 6.947062015533447266e-01
7.584018790000000010e-01 5.705794095993041992e-01
7.612402350000000428e-01 2.674094438552856445e-01
7.640786459999999725e-01 3.219713568687438965e-01
7.669171139999999554e-01 5.183042287826538086e-01
7.697556380000000198e-01 6.347718834877014160e-01
7.725942180000000548e-01 6.581641435623168945e-01
7.754328539999999492e-01 6.597518920898437500e-01
7.782715470000000080e-01 6.676098704338073730e-01
7.811102960000000373e-01 6.673612594604492188e-01
7.839491010000000371e-01 6.672536134719848633e-01
7.867879620000000074e-01 6.522544622421264648e-01
7.896268800000000310e-01 6.269254684448242188e-01
7.924658540000000251e-01 6.371570229530334473e-01
7.953048839999999897e-01 6.426455974578857422e-01
7.981439700000000359e-01 6.497541666030883789e-01
8.009831130000000243e-01 6.419230699539184570e-01
8.038223119999999833e-01 6.428006291389465332e-01
8.066615670000000238e-01 6.576375365257263184e-01
8.095008780000000348e-01 6.295825839042663574e-01
8.123402459999999881e-01 5.594487190246582031e-01
8.151796700000000229e-01 4.616753160953521729e-01
8.180191500000000282e-01 4.329779148101806641e-01
8.208586860000000041e-01 4.541458189487457275e-01
8.236982790000000332e-01 4.262031316757202148e-01
8.265379269999999501e-01 4.401355087757110596e-01
8.293776320000000313e-01 3.945007920265197754e-01
8.322173940000000547e-01 3.841021656990051270e-01
8.350572109999999659e-01 3.862618505954742432e-01
8.378970850000000414e-01 3.971923589706420898e-01
8.407370149999999764e-01 3.927337527275085449e-01
8.435770009999999930e-01 3.868449330329895020e-01
8.464170429999999801e-01 3.852566182613372803e-01
8.492571420000000204e-01 3.692306280136108398e-01
8.520972970000000313e-01 3.557434380054473877e-01
8.549375080000000127e-01 3.312467634677886963e-01
8.577777749999999646e-01 3.553410470485687256e-01
8.606180989999999698e-01 3.461438119411468506e-01
8.634584789999999455e-01 3.435788750648498535e-01
8.662989150000000027e-01 3.116442859172821045e-01
8.691394070000000305e-01 3.237183988094329834e-01
8.719799560000000005e-01 3.246453702449798584e-01
8.748205610000000521e-01 3.061257898807525635e-01
8.776612219999999631e-01 3.061321973800659180e-01
8.805019389999999557e-01 2.937727570533752441e-01
8.833427130000000016e-01 2.826604843139648438e-01
8.861835430000000180e-01 2.738411724567413330e-01
8.890244290000000049e-01 2.710966765880584717e-01
8.918653709999999624e-01 2.561669349670410156e-01
8.947063699999999731e-01 2.170871347188949585e-01
8.975474239999999826e-01 1.755670607089996338e-01
9.003885350000000454e-01 1.545756310224533081e-01
9.032297030000000504e-01 1.829714775085449219e-01
9.060709260000000542e-01 1.800360977649688721e-01
9.089122060000000003e-01 1.477259844541549683e-01
9.117535420000000279e-01 1.464051157236099243e-01
9.145949340000000261e-01 1.337895989418029785e-01
9.174363819999999947e-01 1.355641037225723267e-01
9.202778870000000166e-01 1.542171090841293335e-01
9.231194480000000091e-01 1.443890631198883057e-01
9.259610649999999721e-01 1.333775073289871216e-01
9.288027380000000166e-01 9.194649010896682739e-02
9.316444680000000034e-01 5.018245056271553040e-02
9.344862539999999607e-01 2.994864620268344879e-02
9.373280959999999995e-01 3.205930441617965698e-02
9.401699940000000089e-01 5.107712000608444214e-02
9.430119489999999605e-01 4.347492754459381104e-02
9.458539599999999936e-01 3.829446434974670410e-02
9.486960269999999973e-01 4.246287047863006592e-02
9.515381499999999715e-01 4.088198021054267883e-02
9.543803299999999989e-01 4.299429804086685181e-02
9.572225659999999969e-01 4.801266267895698547e-02
9.600648579999999654e-01 5.062124133110046387e-02
9.629072060000000155e-01 5.783598124980926514e-02
9.657496110000000078e-01 6.461946666240692139e-02
9.685920709999999989e-01 8.575294166803359985e-02
9.714345880000000433e-01 8.992917835712432861e-02
9.742771620000000299e-01 7.635408639907836914e-02
9.771197910000000153e-01 8.421982824802398682e-02
9.799624770000000540e-01 8.804668486118316650e-02
9.828052189999999522e-01 9.681041538715362549e-02
9.856480170000000429e-01 1.045664921402931213e-01
9.884908709999999932e-01 1.061830073595046997e-01
9.913337819999999967e-01 1.074946075677871704e-01
9.941767489999999707e-01 1.139260083436965942e-01
9.970197720000000263e-01 1.083608046174049377e-01
9.998628510000000524e-01 1.088148653507232666e-01
1.002705986999999910e+00 1.124853640794754028e-01
1.005549178999999960e+00 1.042426377534866333e-01
1.008392426999999980e+00 1.070336177945137024e-01
1.011235730999999971e+00 1.053906753659248352e-01
1.014079092000000015e+00 1.022601202130317688e-01
1.016922509000000030e+00 1.026245057582855225e-01
1.019765982000000015e+00 1.082376539707183838e-01
1.022609510999999971e+00 1.093419939279556274e-01
1.025453096999999980e+00 1.119588539004325867e-01
1.028296738999999960e+00 1.030590310692787170e-01
1.031140436999999910e+00 1.048245429992675781e-01
1.033984191000000052e+00 1.056206151843070984e-01
1.036828002000000026e+00 1.087560057640075684e-01
1.039671868000000110e+00 1.137656942009925842e-01
1.042515791000000025e+00 1.185600534081459045e-01
1.045359770999999993e+00 1.077075600624084473e-01
