3.615872339999999796e-01 1.403854966163635254e+00
3.644177160000000026e-01 1.407386898994445801e+00
3.672482539999999962e-01 1.564139127731323242e+00
3.700788480000000158e-01 1.560411691665649414e+00
3.729094980000000059e-01 1.412348866462707520e+00
3.757402049999999938e-01 1.483233809471130371e+00
3.785709680000000077e-01 1.660487294197082520e+00
3.814017869999999921e-01 1.426368832588195801e+00
3.842326620000000026e-01 1.303406834602355957e+00
3.870635940000000108e-01 1.427202820777893066e+00
3.898945819999999896e-01 1.592309117317199707e+00
3.927256259999999943e-01 1.412620306015014648e+00
3.955567260000000251e-01 1.449177026748657227e+00
3.983878829999999982e-01 1.827453255653381348e+00
4.012190950000000256e-01 2.273490905761718750e+00
4.040503639999999952e-01 2.249623298645019531e+00
4.068816900000000181e-01 2.215527296066284180e+00
4.097130709999999842e-01 2.256581544876098633e+00
4.125445090000000037e-01 2.333755493164062500e+00
4.153760029999999936e-01 2.359493255615234375e+00
4.182075530000000096e-01 2.305910110473632812e+00
4.210391589999999962e-01 2.317420721054077148e+00
4.238708219999999804e-01 2.253141403198242188e+00
4.267025409999999908e-01 2.223271131515502930e+00
4.295343160000000271e-01 2.016147613525390625e+00
4.323661469999999785e-01 2.142712831497192383e+00
4.351980349999999831e-01 2.333801269531250000e+00
4.380299790000000137e-01 2.370543241500854492e+00
4.408619790000000149e-01 2.442314147949218750e+00
4.436940349999999866e-01 2.587466478347778320e+00
4.465261480000000116e-01 2.609484195709228516e+00
4.493583170000000071e-01 2.734535455703735352e+00
4.521905419999999731e-01 2.768210172653198242e+00
4.550228230000000207e-01 2.742310285568237305e+00
4.578551610000000105e-01 2.797754287719726562e+00
4.606875550000000263e-01 2.825558900833129883e+00
4.635200050000000127e-01 2.839082002639770508e+00
4.663525110000000251e-01 2.782832622528076172e+00
4.691850739999999798e-01 2.794846057891845703e+00
4.720176919999999887e-01 2.822695255279541016e+00
4.748503669999999954e-01 2.872781753540039062e+00
4.776830989999999999e-01 2.885405063629150391e+00
4.805158860000000032e-01 2.946716785430908203e+00
4.833487300000000042e-01 2.927023887634277344e+00
4.861816299999999758e-01 2.698707580566406250e+00
4.890145859999999733e-01 2.806785821914672852e+00
4.918475979999999970e-01 2.872025012969970703e+00
4.946806670000000183e-01 2.933341979980468750e+00
4.975137920000000102e-01 2.953298330307006836e+00
5.003469729999999727e-01 2.886121749877929688e+00
5.031802100000000166e-01 2.865862846374511719e+00
5.060135040000000028e-01 2.946020603179931641e+00
5.088468539999999596e-01 2.964245796203613281e+00
5.116802599999999979e-01 2.984506607055664062e+00
5.145137220000000067e-01 2.923619985580444336e+00
5.173472409999999577e-01 2.764439105987548828e+00
5.201808159999999903e-01 2.883369445800781250e+00
5.230144469999999934e-01 3.013778924942016602e+00
5.258481339999999671e-01 3.019442796707153320e+00
5.286818779999999940e-01 3.055554628372192383e+00
5.315156779999999914e-01 3.155527114868164062e+00
5.343495339999999594e-01 3.148523807525634766e+00
5.371834460000000089e-01 3.190889120101928711e+00
5.400174150000000006e-01 3.130427360534667969e+00
5.428514389999999912e-01 3.153712511062622070e+00
5.456855200000000350e-01 3.206462621688842773e+00
5.485196580000000210e-01 3.223225593566894531e+00
5.513538510000000059e-01 3.243959188461303711e+00
5.541881010000000440e-01 3.266359806060791016e+00
5.570224070000000527e-01 3.237406253814697266e+00
5.598567690000000319e-01 3.191304206848144531e+00
5.626911869999999816e-01 3.245177745819091797e+00
5.655256619999999845e-01 3.239454507827758789e+00
5.683601929999999580e-01 3.207338571548461914e+00
5.711947800000000131e-01 3.169271945953369141e+00
5.740294230000000386e-01 3.217156887054443359e+00
5.768641230000000064e-01 3.188174962997436523e+00
5.796988789999999447e-01 3.194818258285522461e+00
5.825336909999999646e-01 3.264699697494506836e+00
5.853685589999999550e-01 3.214547872543334961e+00
5.882034839999999987e-01 3.005546331405639648e+00
5.910384650000000129e-01 2.876981019973754883e+00
5.938735019999999976e-01 2.910311698913574219e+00
5.967085949999999528e-01 2.886481761932373047e+00
5.995437449999999613e-01 2.848299026489257812e+00
6.023789510000000513e-01 2.800205469131469727e+00
6.052142130000000009e-01 2.821413993835449219e+00
6.080495310000000320e-01 2.780379533767700195e+00
6.108849060000000053e-01 2.668470621109008789e+00
6.137203359999999774e-01 2.586537361145019531e+00
6.165558230000000028e-01 2.575057983398437500e+00
6.193913669999999705e-01 2.626397371292114258e+00
6.222269660000000480e-01 2.619452238082885742e+00
6.250626219999999567e-01 2.547127485275268555e+00
6.278983339999999469e-01 2.480651855468750000e+00
6.307341020000000187e-01 2.467114210128784180e+00
6.335699259999999500e-01 2.494176626205444336e+00
6.364058070000000455e-01 2.516116619110107422e+00
6.392417440000000006e-01 2.522006034851074219e+00
6.420777370000000372e-01 2.497689723968505859e+00
6.449137860000000444e-01 2.453791618347167969e+00
6.477498919999999938e-01 2.347874164581298828e+00
6.505860540000000247e-01 2.329951047897338867e+00
6.534222720000000262e-01 2.322325229644775391e+00
6.562585459999999982e-01 2.131788015365600586e+00
6.590948770000000234e-01 2.223458766937255859e+00
6.619312640000000192e-01 2.277700901031494141e+00
6.647677069999999855e-01 2.253682613372802734e+00
6.676042060000000333e-01 2.245704412460327148e+00
6.704407620000000234e-01 2.208960056304931641e+00
6.732773739999999840e-01 2.193640947341918945e+00
6.761140420000000262e-01 2.177541732788085938e+00
6.789507660000000389e-01 2.157401561737060547e+00
6.817875469999999938e-01 2.127391338348388672e+00
6.846243829999999475e-01 2.051655530929565430e+00
6.874612759999999545e-01 1.717782020568847656e+00
6.902982260000000148e-01 1.734494686126708984e+00
6.931352309999999628e-01 1.757581114768981934e+00
6.959722929999999641e-01 1.762018203735351562e+00
6.988094110000000470e-01 1.738817811012268066e+00
7.016465849999999893e-01 1.636653542518615723e+00
7.044838150000000132e-01 1.631052732467651367e+00
7.073211019999999793e-01 1.586429715156555176e+00
7.101584450000000270e-01 1.525276303291320801e+00
7.129958440000000452e-01 1.435316920280456543e+00
7.158332990000000340e-01 1.209014415740966797e+00
7.186708109999999650e-01 8.777614235877990723e-01
7.215083789999999775e-01 8.946167826652526855e-01
7.243460029999999605e-01 8.128521442413330078e-01
7.271836830000000251e-01 7.367351055145263672e-01
7.300214200000000320e-01 6.872869133949279785e-01
7.328592130000000093e-01 7.045513391494750977e-01
7.356970619999999572e-01 6.990111470222473145e-01
7.385349669999999866e-01 6.704362630844116211e-01
7.413729289999999583e-01 6.809831261634826660e-01
7.442109470000000115e-01 6.880047321319580078e-01
7.470490210000000353e-01 6.834705471992492676e-01
7.498871510000000296e-01 6.689221858978271484e-01
7.527253379999999661e-01 6.719522476196289062e-01
7.555635800000000124e-01 6.587305665016174316e-01
7.584018790000000010e-01 5.404099822044372559e-01
7.612402350000000428e-01 2.563277482986450195e-01
7.640786459999999725e-01 3.111654222011566162e-01
7.669171139999999554e-01 4.933921992778778076e-01
7.697556380000000198e-01 6.034026741981506348e-01
7.725942180000000548e-01 6.257210373878479004e-01
7.754328539999999492e-01 6.226159334182739258e-01
7.782715470000000080e-01 6.185221076011657715e-01
7.811102960000000373e-01 6.197445988655090332e-01
7.839491010000000371e-01 6.281107664108276367e-01
7.867879620000000074e-01 6.146085858345031738e-01
7.896268800000000310e-01 6.005214452743530273e-01
7.924658540000000251e-01 5.994692444801330566e-01
7.953048839999999897e-01 6.011859178543090820e-01
7.981439700000000359e-01 6.109648346900939941e-01
8.009831130000000243e-01 6.059064865112304688e-01
8.038223119999999833e-01 6.044338345527648926e-01
8.066615670000000238e-01 6.131457686424255371e-01
8.095008780000000348e-01 5.884041786193847656e-01
8.123402459999999881e-01 5.322166085243225098e-01
8.151796700000000229e-01 4.375072121620178223e-01
8.180191500000000282e-01 4.095395207405090332e-01
8.208586860000000041e-01 4.394307136535644531e-01
8.236982790000000332e-01 4.005388617515563965e-01
8.265379269999999501e-01 4.155027568340301514e-01
8.293776320000000313e-01 3.763085007667541504e-01
8.322173940000000547e-01 3.575803637504577637e-01
8.350572109999999659e-01 3.723123073577880859e-01
8.378970850000000414e-01 3.760462999343872070e-01
8.407370149999999764e-01 3.748497068881988525e-01
8.435770009999999930e-01 3.715323805809020996e-01
8.464170429999999801e-01 3.724341094493865967e-01
8.492571420000000204e-01 3.570723235607147217e-01
8.520972970000000313e-01 3.372420966625213623e-01
8.549375080000000127e-01 3.197412788867950439e-01
8.577777749999999646e-01 3.378493189811706543e-01
8.606180989999999698e-01 3.361085355281829834e-01
8.634584789999999455e-01 3.300623893737792969e-01
8.662989150000000027e-01 3.035177290439605713e-01
8.691394070000000305e-01 3.110806047916412354e-01
8.719799560000000005e-01 3.073681890964508057e-01
8.748205610000000521e-01 2.981111407279968262e-01
8.776612219999999631e-01 2.909746170043945312e-01
8.805019389999999557e-01 2.831893265247344971e-01
8.833427130000000016e-01 2.792885303497314453e-01
8.861835430000000180e-01 2.675316333770751953e-01
8.890244290000000049e-01 2.632032632827758789e-01
8.918653709999999624e-01 2.492737174034118652e-01
8.947063699999999731e-01 2.091384679079055786e-01
8.975474239999999826e-01 1.702682226896286011e-01
9.003885350000000454e-01 1.530419737100601196e-01
9.032297030000000504e-01 1.784566938877105713e-01
9.060709260000000542e-01 1.729822754859924316e-01
9.089122060000000003e-01 1.422983258962631226e-01
9.117535420000000279e-01 1.427514851093292236e-01
9.145949340000000261e-01 1.315588802099227905e-01
9.174363819999999947e-01 1.359676569700241089e-01
9.202778870000000166e-01 1.525234282016754150e-01
9.231194480000000091e-01 1.432492733001708984e-01
9.259610649999999721e-01 1.322891563177108765e-01
9.288027380000000166e-01 9.524090588092803955e-02
9.316444680000000034e-01 5.277973413467407227e-02
9.344862539999999607e-01 3.173560276627540588e-02
9.373280959999999995e-01 3.293051570653915405e-02
9.401699940000000089e-01 5.130333453416824341e-02
9.430119489999999605e-01 4.551848769187927246e-02
9.458539599999999936e-01 3.687916696071624756e-02
9.486960269999999973e-01 4.156057536602020264e-02
9.515381499999999715e-01 4.614364355802536011e-02
9.543803299999999989e-01 4.534392058849334717e-02
9.572225659999999969e-01 4.891334474086761475e-02
9.600648579999999654e-01 5.516621842980384827e-02
9.629072060000000155e-01 6.243446096777915955e-02
9.657496110000000078e-01 6.607931852340698242e-02
9.685920709999999989e-01 8.478415757417678833e-02
9.714345880000000433e-01 9.030138701200485229e-02
9.742771620000000299e-01 7.604970782995223999e-02
9.771197910000000153e-01 7.910484820604324341e-02
9.799624770000000540e-01 8.783823251724243164e-02
9.828052189999999522e-01 9.919179230928421021e-02
9.856480170000000429e-01 1.011094301939010620e-01
9.884908709999999932e-01 1.107191070914268494e-01
9.913337819999999967e-01 1.117468848824501038e-01
9.941767489999999707e-01 1.091060116887092590e-01
9.970197720000000263e-01 1.110483705997467041e-01
9.998628510000000524e-01 1.124830171465873718e-01
1.002705986999999910e+00 1.086911410093307495e-01
1.005549178999999960e+00 1.066522374749183655e-01
1.008392426999999980e+00 1.073317304253578186e-01
1.011235730999999971e+00 1.072403863072395325e-01
1.014079092000000015e+00 1.095936745405197144e-01
1.016922509000000030e+00 1.122369393706321716e-01
1.019765982000000015e+00 1.103446334600448608e-01
1.022609510999999971e+00 1.101028397679328918e-01
1.025453096999999980e+00 1.054140180349349976e-01
1.028296738999999960e+00 1.168642416596412659e-01
1.031140436999999910e+00 1.088152751326560974e-01
1.033984191000000052e+00 1.106490194797515869e-01
1.036828002000000026e+00 1.076747030019760132e-01
1.039671868000000110e+00 1.056782826781272888e-01
1.042515791000000025e+00 1.049059182405471802e-01
1.045359770999999993e+00 1.064781025052070618e-01
