3.615872339999999796e-01 1.271663784980773926e+00
3.644177160000000026e-01 1.481489062309265137e+00
3.672482539999999962e-01 1.623289346694946289e+00
3.700788480000000158e-01 1.588520884513854980e+00
3.729094980000000059e-01 1.413105845451354980e+00
3.757402049999999938e-01 1.493899941444396973e+00
3.785709680000000077e-01 1.657636046409606934e+00
3.814017869999999921e-01 1.426110386848449707e+00
3.842326620000000026e-01 1.330538630485534668e+00
3.870635940000000108e-01 1.440173387527465820e+00
3.898945819999999896e-01 1.629259347915649414e+00
3.927256259999999943e-01 1.441920757293701172e+00
3.955567260000000251e-01 1.455023288726806641e+00
3.983878829999999982e-01 1.859114289283752441e+00
4.012190950000000256e-01 2.297518730163574219e+00
4.040503639999999952e-01 2.275137901306152344e+00
4.068816900000000181e-01 2.234883308410644531e+00
4.097130709999999842e-01 2.293195962905883789e+00
4.125445090000000037e-01 2.389613628387451172e+00
4.153760029999999936e-01 2.412477493286132812e+00
4.182075530000000096e-01 2.377381801605224609e+00
4.210391589999999962e-01 2.361335277557373047e+00
4.238708219999999804e-01 2.344570875167846680e+00
4.267025409999999908e-01 2.280703067779541016e+00
4.295343160000000271e-01 2.089558124542236328e+00
4.323661469999999785e-01 2.212622165679931641e+00
4.351980349999999831e-01 2.415678501129150391e+00
4.380299790000000137e-01 2.443698883056640625e+00
4.408619790000000149e-01 2.527563810348510742e+00
4.436940349999999866e-01 2.670070648193359375e+00
4.465261480000000116e-01 2.688703060150146484e+00
4.493583170000000071e-01 2.864099502563476562e+00
4.521905419999999731e-01 2.888035535812377930e+00
4.550228230000000207e-01 2.859044075012207031e+00
4.578551610000000105e-01 2.911072015762329102e+00
4.606875550000000263e-01 2.948835611343383789e+00
4.635200050000000127e-01 2.964627265930175781e+00
4.663525110000000251e-01 2.915977716445922852e+00
4.691850739999999798e-01 2.902655124664306641e+00
4.720176919999999887e-01 2.941676139831542969e+00
4.748503669999999954e-01 2.989480018615722656e+00
4.776830989999999999e-01 3.022372961044311523e+00
4.805158860000000032e-01 3.083088636398315430e+00
4.833487300000000042e-01 3.050210475921630859e+00
4.861816299999999758e-01 2.832705020904541016e+00
4.890145859999999733e-01 2.946000337600708008e+00
4.918475979999999970e-01 3.025988340377807617e+00
4.946806670000000183e-01 3.082705974578857422e+00
4.975137920000000102e-01 3.099060058593750000e+00
5.003469729999999727e-01 3.031388521194458008e+00
5.031802100000000166e-01 3.005656003952026367e+00
5.060135040000000028e-01 3.091925621032714844e+00
5.088468539999999596e-01 3.113723993301391602e+00
5.116802599999999979e-01 3.144188404083251953e+00
5.145137220000000067e-01 3.084312438964843750e+00
5.173472409999999577e-01 2.922499656677246094e+00
5.201808159999999903e-01 3.053304195404052734e+00
5.230144469999999934e-01 3.183730363845825195e+00
5.258481339999999671e-01 3.190751075744628906e+00
5.286818779999999940e-01 3.235234737396240234e+00
5.315156779999999914e-01 3.343332290649414062e+00
5.343495339999999594e-01 3.331485986709594727e+00
5.371834460000000089e-01 3.376953840255737305e+00
5.400174150000000006e-01 3.312358379364013672e+00
5.428514389999999912e-01 3.349436044692993164e+00
5.456855200000000350e-01 3.405860424041748047e+00
5.485196580000000210e-01 3.412689924240112305e+00
5.513538510000000059e-01 3.451476097106933594e+00
5.541881010000000440e-01 3.468187570571899414e+00
5.570224070000000527e-01 3.449264287948608398e+00
5.598567690000000319e-01 3.392234563827514648e+00
5.626911869999999816e-01 3.444994926452636719e+00
5.655256619999999845e-01 3.440905809402465820e+00
5.683601929999999580e-01 3.414425611495971680e+00
5.711947800000000131e-01 3.382903575897216797e+00
5.740294230000000386e-01 3.422942161560058594e+00
5.768641230000000064e-01 3.399200677871704102e+00
5.796988789999999447e-01 3.417888641357421875e+00
5.825336909999999646e-01 3.490295171737670898e+00
5.853685589999999550e-01 3.449030876159667969e+00
5.882034839999999987e-01 3.229534864425659180e+00
5.910384650000000129e-01 3.094628334045410156e+00
5.938735019999999976e-01 3.155498743057250977e+00
5.967085949999999528e-01 3.145058155059814453e+00
5.995437449999999613e-01 3.117635488510131836e+00
6.023789510000000513e-01 3.088552951812744141e+00
6.052142130000000009e-01 3.104422807693481445e+00
6.080495310000000320e-01 3.061268091201782227e+00
6.108849060000000053e-01 2.975555419921875000e+00
6.137203359999999774e-01 2.886120319366455078e+00
6.165558230000000028e-01 2.868952274322509766e+00
6.193913669999999705e-01 2.930054903030395508e+00
6.222269660000000480e-01 2.922733068466186523e+00
6.250626219999999567e-01 2.858168840408325195e+00
6.278983339999999469e-01 2.783612489700317383e+00
6.307341020000000187e-01 2.763355493545532227e+00
6.335699259999999500e-01 2.796293973922729492e+00
6.364058070000000455e-01 2.829750776290893555e+00
6.392417440000000006e-01 2.837551355361938477e+00
6.420777370000000372e-01 2.803124427795410156e+00
6.449137860000000444e-01 2.769594669342041016e+00
6.477498919999999938e-01 2.645302295684814453e+00
6.505860540000000247e-01 2.633324861526489258e+00
6.534222720000000262e-01 2.631956100463867188e+00
6.562585459999999982e-01 2.415650844573974609e+00
6.590948770000000234e-01 2.544547319412231445e+00
6.619312640000000192e-01 2.605726003646850586e+00
6.647677069999999855e-01 2.584631443023681641e+00
6.676042060000000333e-01 2.571907043457031250e+00
6.704407620000000234e-01 2.532784938812255859e+00
6.732773739999999840e-01 2.511832952499389648e+00
6.761140420000000262e-01 2.499791383743286133e+00
6.789507660000000389e-01 2.487130880355834961e+00
6.817875469999999938e-01 2.461832523345947266e+00
6.846243829999999475e-01 2.376322984695434570e+00
6.874612759999999545e-01 1.999180078506469727e+00
6.902982260000000148e-01 2.024084091186523438e+00
6.931352309999999628e-01 2.058197736740112305e+00
6.959722929999999641e-01 2.086171627044677734e+00
6.988094110000000470e-01 2.063473701477050781e+00
7.016465849999999893e-01 1.964926958084106445e+00
7.044838150000000132e-01 1.958267450332641602e+00
7.073211019999999793e-01 1.931418776512145996e+00
7.101584450000000270e-01 1.869939684867858887e+00
7.129958440000000452e-01 1.774702787399291992e+00
7.158332990000000340e-01 1.499441862106323242e+00
7.186708109999999650e-01 1.099702000617980957e+00
7.215083789999999775e-01 1.132453560829162598e+00
7.243460029999999605e-01 1.041436791419982910e+00
7.271836830000000251e-01 9.578872919082641602e-01
7.300214200000000320e-01 8.990176320075988770e-01
7.328592130000000093e-01 9.174116253852844238e-01
7.356970619999999572e-01 9.113431572914123535e-01
7.385349669999999866e-01 8.913246989250183105e-01
7.413729289999999583e-01 8.992063999176025391e-01
7.442109470000000115e-01 9.099963903427124023e-01
7.470490210000000353e-01 9.118693470954895020e-01
7.498871510000000296e-01 8.953683376312255859e-01
7.527253379999999661e-01 8.904832601547241211e-01
7.555635800000000124e-01 8.780797123908996582e-01
7.584018790000000010e-01 7.177985906600952148e-01
7.612402350000000428e-01 3.400366008281707764e-01
7.640786459999999725e-01 4.100125133991241455e-01
7.669171139999999554e-01 6.678586602210998535e-01
7.697556380000000198e-01 8.062064647674560547e-01
7.725942180000000548e-01 8.420577645301818848e-01
7.754328539999999492e-01 8.485015630722045898e-01
7.782715470000000080e-01 8.493114709854125977e-01
7.811102960000000373e-01 8.439813256263732910e-01
7.839491010000000371e-01 8.475037813186645508e-01
7.867879620000000074e-01 8.347072005271911621e-01
7.896268800000000310e-01 8.120142221450805664e-01
7.924658540000000251e-01 8.166031241416931152e-01
7.953048839999999897e-01 8.216038346290588379e-01
7.981439700000000359e-01 8.300361037254333496e-01
8.009831130000000243e-01 8.198727369308471680e-01
8.038223119999999833e-01 8.290763497352600098e-01
8.066615670000000238e-01 8.439384698867797852e-01
8.095008780000000348e-01 8.057000041007995605e-01
8.123402459999999881e-01 7.251511812210083008e-01
8.151796700000000229e-01 5.885856151580810547e-01
8.180191500000000282e-01 5.561863780021667480e-01
8.208586860000000041e-01 5.937702059745788574e-01
8.236982790000000332e-01 5.542213320732116699e-01
8.265379269999999501e-01 5.718984007835388184e-01
8.293776320000000313e-01 5.070292353630065918e-01
8.322173940000000547e-01 4.924497604370117188e-01
8.350572109999999659e-01 5.015568137168884277e-01
8.378970850000000414e-01 5.102541446685791016e-01
8.407370149999999764e-01 5.120567083358764648e-01
8.435770009999999930e-01 5.112197399139404297e-01
8.464170429999999801e-01 5.075855255126953125e-01
8.492571420000000204e-01 4.848612248897552490e-01
8.520972970000000313e-01 4.630849361419677734e-01
8.549375080000000127e-01 4.372944235801696777e-01
8.577777749999999646e-01 4.677772223949432373e-01
8.606180989999999698e-01 4.569503962993621826e-01
8.634584789999999455e-01 4.517682194709777832e-01
8.662989150000000027e-01 4.152339398860931396e-01
8.691394070000000305e-01 4.258775413036346436e-01
8.719799560000000005e-01 4.232374429702758789e-01
8.748205610000000521e-01 4.086444973945617676e-01
8.776612219999999631e-01 3.971179127693176270e-01
8.805019389999999557e-01 3.857377469539642334e-01
8.833427130000000016e-01 3.793701231479644775e-01
8.861835430000000180e-01 3.686542809009552002e-01
8.890244290000000049e-01 3.619346022605895996e-01
8.918653709999999624e-01 3.398613631725311279e-01
8.947063699999999731e-01 2.874970138072967529e-01
8.975474239999999826e-01 2.303300648927688599e-01
9.003885350000000454e-01 2.096461802721023560e-01
9.032297030000000504e-01 2.403624653816223145e-01
9.060709260000000542e-01 2.368053644895553589e-01
9.089122060000000003e-01 1.946202218532562256e-01
9.117535420000000279e-01 1.944924145936965942e-01
9.145949340000000261e-01 1.778478473424911499e-01
9.174363819999999947e-01 1.770472675561904907e-01
9.202778870000000166e-01 2.071257233619689941e-01
9.231194480000000091e-01 1.933298110961914062e-01
9.259610649999999721e-01 1.763315945863723755e-01
9.288027380000000166e-01 1.257475018501281738e-01
9.316444680000000034e-01 7.230257987976074219e-02
9.344862539999999607e-01 4.031532630324363708e-02
9.373280959999999995e-01 4.513787850737571716e-02
9.401699940000000089e-01 6.787979602813720703e-02
9.430119489999999605e-01 6.095148995518684387e-02
9.458539599999999936e-01 5.255183205008506775e-02
9.486960269999999973e-01 5.907675623893737793e-02
9.515381499999999715e-01 6.147492676973342896e-02
9.543803299999999989e-01 6.119563430547714233e-02
9.572225659999999969e-01 6.571735441684722900e-02
9.600648579999999654e-01 6.779171526432037354e-02
9.629072060000000155e-01 8.116748929023742676e-02
9.657496110000000078e-01 8.789011836051940918e-02
9.685920709999999989e-01 1.129837632179260254e-01
9.714345880000000433e-01 1.163914054632186890e-01
9.742771620000000299e-01 1.088121384382247925e-01
9.771197910000000153e-01 1.108547896146774292e-01
9.799624770000000540e-01 1.156215816736221313e-01
9.828052189999999522e-01 1.304093003273010254e-01
9.856480170000000429e-01 1.344741284847259521e-01
9.884908709999999932e-01 1.449730992317199707e-01
9.913337819999999967e-01 1.509648114442825317e-01
9.941767489999999707e-01 1.469301283359527588e-01
9.970197720000000263e-01 1.468723863363265991e-01
9.998628510000000524e-01 1.507393866777420044e-01
1.002705986999999910e+00 1.479379981756210327e-01
1.005549178999999960e+00 1.428873687982559204e-01
1.008392426999999980e+00 1.504956781864166260e-01
1.011235730999999971e+00 1.488658785820007324e-01
1.014079092000000015e+00 1.542582064867019653e-01
1.016922509000000030e+00 1.484507173299789429e-01
1.019765982000000015e+00 1.542836129665374756e-01
1.022609510999999971e+00 1.527464836835861206e-01
1.025453096999999980e+00 1.491111963987350464e-01
1.028296738999999960e+00 1.570423543453216553e-01
1.031140436999999910e+00 1.583257764577865601e-01
1.033984191000000052e+00 1.573769450187683105e-01
1.036828002000000026e+00 1.517789661884307861e-01
1.039671868000000110e+00 1.681316047906875610e-01
1.042515791000000025e+00 1.579299420118331909e-01
1.045359770999999993e+00 1.706511974334716797e-01
