3.615872339999999796e-01 1.322817087173461914e+00
3.644177160000000026e-01 1.454363226890563965e+00
3.672482539999999962e-01 1.566870331764221191e+00
3.700788480000000158e-01 1.583148360252380371e+00
3.729094980000000059e-01 1.423812866210937500e+00
3.757402049999999938e-01 1.503768086433410645e+00
3.785709680000000077e-01 1.654157400131225586e+00
3.814017869999999921e-01 1.431869864463806152e+00
3.842326620000000026e-01 1.309274792671203613e+00
3.870635940000000108e-01 1.432015895843505859e+00
3.898945819999999896e-01 1.630023241043090820e+00
3.927256259999999943e-01 1.435847759246826172e+00
3.955567260000000251e-01 1.468630313873291016e+00
3.983878829999999982e-01 1.850066900253295898e+00
4.012190950000000256e-01 2.260703325271606445e+00
4.040503639999999952e-01 2.301215171813964844e+00
4.068816900000000181e-01 2.227912902832031250e+00
4.097130709999999842e-01 2.280320167541503906e+00
4.125445090000000037e-01 2.408411264419555664e+00
4.153760029999999936e-01 2.394914150238037109e+00
4.182075530000000096e-01 2.350877523422241211e+00
4.210391589999999962e-01 2.363087892532348633e+00
4.238708219999999804e-01 2.310005903244018555e+00
4.267025409999999908e-01 2.250001907348632812e+00
4.295343160000000271e-01 2.053739786148071289e+00
4.323661469999999785e-01 2.183049917221069336e+00
4.351980349999999831e-01 2.398621559143066406e+00
4.380299790000000137e-01 2.404606103897094727e+00
4.408619790000000149e-01 2.499463081359863281e+00
4.436940349999999866e-01 2.653154373168945312e+00
4.465261480000000116e-01 2.665101528167724609e+00
4.493583170000000071e-01 2.819802761077880859e+00
4.521905419999999731e-01 2.833337068557739258e+00
4.550228230000000207e-01 2.798689126968383789e+00
4.578551610000000105e-01 2.882600307464599609e+00
4.606875550000000263e-01 2.899650335311889648e+00
4.635200050000000127e-01 2.931370258331298828e+00
4.663525110000000251e-01 2.858636617660522461e+00
4.691850739999999798e-01 2.843251228332519531e+00
4.720176919999999887e-01 2.889272451400756836e+00
4.748503669999999954e-01 2.950439214706420898e+00
4.776830989999999999e-01 2.971038818359375000e+00
4.805158860000000032e-01 3.034535646438598633e+00
4.833487300000000042e-01 3.004952669143676758e+00
4.861816299999999758e-01 2.765497684478759766e+00
4.890145859999999733e-01 2.887425899505615234e+00
4.918475979999999970e-01 2.966379404067993164e+00
4.946806670000000183e-01 3.034137725830078125e+00
4.975137920000000102e-01 3.039733648300170898e+00
5.003469729999999727e-01 2.966549873352050781e+00
5.031802100000000166e-01 2.955284357070922852e+00
5.060135040000000028e-01 3.042637348175048828e+00
5.088468539999999596e-01 3.056950807571411133e+00
5.116802599999999979e-01 3.092914104461669922e+00
5.145137220000000067e-01 3.021414995193481445e+00
5.173472409999999577e-01 2.860785007476806641e+00
5.201808159999999903e-01 2.987452745437622070e+00
5.230144469999999934e-01 3.123922586441040039e+00
5.258481339999999671e-01 3.125419139862060547e+00
5.286818779999999940e-01 3.170646905899047852e+00
5.315156779999999914e-01 3.270300388336181641e+00
5.343495339999999594e-01 3.267218351364135742e+00
5.371834460000000089e-01 3.311685800552368164e+00
5.400174150000000006e-01 3.240665912628173828e+00
5.428514389999999912e-01 3.270649433135986328e+00
5.456855200000000350e-01 3.333512544631958008e+00
5.485196580000000210e-01 3.345999479293823242e+00
5.513538510000000059e-01 3.375236749649047852e+00
5.541881010000000440e-01 3.404845952987670898e+00
5.570224070000000527e-01 3.357691764831542969e+00
5.598567690000000319e-01 3.315161228179931641e+00
5.626911869999999816e-01 3.370836019515991211e+00
5.655256619999999845e-01 3.365806102752685547e+00
5.683601929999999580e-01 3.332426071166992188e+00
5.711947800000000131e-01 3.298446416854858398e+00
5.740294230000000386e-01 3.344191551208496094e+00
5.768641230000000064e-01 3.315874338150024414e+00
5.796988789999999447e-01 3.329032421112060547e+00
5.825336909999999646e-01 3.399917125701904297e+00
5.853685589999999550e-01 3.358261346817016602e+00
5.882034839999999987e-01 3.134010791778564453e+00
5.910384650000000129e-01 2.995927095413208008e+00
5.938735019999999976e-01 3.050673007965087891e+00
5.967085949999999528e-01 3.033050537109375000e+00
5.995437449999999613e-01 2.993547439575195312e+00
6.023789510000000513e-01 2.963384151458740234e+00
6.052142130000000009e-01 2.960884094238281250e+00
6.080495310000000320e-01 2.915034770965576172e+00
6.108849060000000053e-01 2.810104370117187500e+00
6.137203359999999774e-01 2.718964338302612305e+00
6.165558230000000028e-01 2.706476926803588867e+00
6.193913669999999705e-01 2.774740695953369141e+00
6.222269660000000480e-01 2.770503282546997070e+00
6.250626219999999567e-01 2.695492982864379883e+00
6.278983339999999469e-01 2.629745960235595703e+00
6.307341020000000187e-01 2.612727403640747070e+00
6.335699259999999500e-01 2.635565042495727539e+00
6.364058070000000455e-01 2.667417526245117188e+00
6.392417440000000006e-01 2.672864675521850586e+00
6.420777370000000372e-01 2.643295049667358398e+00
6.449137860000000444e-01 2.602739334106445312e+00
6.477498919999999938e-01 2.480777025222778320e+00
6.505860540000000247e-01 2.476184844970703125e+00
6.534222720000000262e-01 2.453717470169067383e+00
6.562585459999999982e-01 2.264076232910156250e+00
6.590948770000000234e-01 2.361681699752807617e+00
6.619312640000000192e-01 2.423295259475708008e+00
6.647677069999999855e-01 2.393878221511840820e+00
6.676042060000000333e-01 2.373084783554077148e+00
6.704407620000000234e-01 2.351468086242675781e+00
6.732773739999999840e-01 2.323003053665161133e+00
6.761140420000000262e-01 2.310799121856689453e+00
6.789507660000000389e-01 2.286024808883666992e+00
6.817875469999999938e-01 2.269781351089477539e+00
6.846243829999999475e-01 2.185081958770751953e+00
6.874612759999999545e-01 1.831194639205932617e+00
6.902982260000000148e-01 1.851970672607421875e+00
6.931352309999999628e-01 1.890753865242004395e+00
6.959722929999999641e-01 1.903002381324768066e+00
6.988094110000000470e-01 1.873553276062011719e+00
7.016465849999999893e-01 1.778229713439941406e+00
7.044838150000000132e-01 1.782142400741577148e+00
7.073211019999999793e-01 1.736017465591430664e+00
7.101584450000000270e-01 1.670455574989318848e+00
7.129958440000000452e-01 1.564787983894348145e+00
7.158332990000000340e-01 1.320434808731079102e+00
7.186708109999999650e-01 9.628810286521911621e-01
7.215083789999999775e-01 9.755774140357971191e-01
7.243460029999999605e-01 8.960684537887573242e-01
7.271836830000000251e-01 8.065645694732666016e-01
7.300214200000000320e-01 7.522687911987304688e-01
7.328592130000000093e-01 7.694047689437866211e-01
7.356970619999999572e-01 7.628459930419921875e-01
7.385349669999999866e-01 7.425773739814758301e-01
7.413729289999999583e-01 7.471369504928588867e-01
7.442109470000000115e-01 7.511478066444396973e-01
7.470490210000000353e-01 7.559807300567626953e-01
7.498871510000000296e-01 7.344130277633666992e-01
7.527253379999999661e-01 7.297122478485107422e-01
7.555635800000000124e-01 7.171455621719360352e-01
7.584018790000000010e-01 5.953330397605895996e-01
7.612402350000000428e-01 2.773807048797607422e-01
7.640786459999999725e-01 3.364566266536712646e-01
7.669171139999999554e-01 5.417259335517883301e-01
7.697556380000000198e-01 6.654355525970458984e-01
7.725942180000000548e-01 6.904230117797851562e-01
7.754328539999999492e-01 6.828630566596984863e-01
7.782715470000000080e-01 6.916724443435668945e-01
7.811102960000000373e-01 6.851590275764465332e-01
7.839491010000000371e-01 6.868746876716613770e-01
7.867879620000000074e-01 6.779196858406066895e-01
7.896268800000000310e-01 6.625787019729614258e-01
7.924658540000000251e-01 6.619221568107604980e-01
7.953048839999999897e-01 6.670082211494445801e-01
7.981439700000000359e-01 6.708902120590209961e-01
8.009831130000000243e-01 6.731404066085815430e-01
8.038223119999999833e-01 6.746615171432495117e-01
8.066615670000000238e-01 6.858879327774047852e-01
8.095008780000000348e-01 6.533803939819335938e-01
8.123402459999999881e-01 5.838521122932434082e-01
8.151796700000000229e-01 4.759673178195953369e-01
8.180191500000000282e-01 4.492029547691345215e-01
8.208586860000000041e-01 4.830227196216583252e-01
8.236982790000000332e-01 4.432107508182525635e-01
8.265379269999999501e-01 4.581602811813354492e-01
8.293776320000000313e-01 4.128404259681701660e-01
8.322173940000000547e-01 3.900837600231170654e-01
8.350572109999999659e-01 4.008625149726867676e-01
8.378970850000000414e-01 4.043086171150207520e-01
8.407370149999999764e-01 4.097688496112823486e-01
8.435770009999999930e-01 4.098387658596038818e-01
8.464170429999999801e-01 3.992084562778472900e-01
8.492571420000000204e-01 3.811094462871551514e-01
8.520972970000000313e-01 3.601667881011962891e-01
8.549375080000000127e-01 3.507718741893768311e-01
8.577777749999999646e-01 3.658167719841003418e-01
8.606180989999999698e-01 3.558310866355895996e-01
8.634584789999999455e-01 3.550751507282257080e-01
8.662989150000000027e-01 3.254821598529815674e-01
8.691394070000000305e-01 3.324716687202453613e-01
8.719799560000000005e-01 3.349632620811462402e-01
8.748205610000000521e-01 3.185632824897766113e-01
8.776612219999999631e-01 3.200518488883972168e-01
8.805019389999999557e-01 3.065668344497680664e-01
8.833427130000000016e-01 2.975157797336578369e-01
8.861835430000000180e-01 2.824751138687133789e-01
8.890244290000000049e-01 2.771959900856018066e-01
8.918653709999999624e-01 2.655287086963653564e-01
8.947063699999999731e-01 2.203820198774337769e-01
8.975474239999999826e-01 1.796906143426895142e-01
9.003885350000000454e-01 1.627071797847747803e-01
9.032297030000000504e-01 1.816502064466476440e-01
9.060709260000000542e-01 1.850547045469284058e-01
9.089122060000000003e-01 1.546524763107299805e-01
9.117535420000000279e-01 1.524244397878646851e-01
9.145949340000000261e-01 1.388315111398696899e-01
9.174363819999999947e-01 1.393157988786697388e-01
9.202778870000000166e-01 1.592788100242614746e-01
9.231194480000000091e-01 1.488616913557052612e-01
9.259610649999999721e-01 1.370637863874435425e-01
9.288027380000000166e-01 9.903588145971298218e-02
9.316444680000000034e-01 5.119759589433670044e-02
9.344862539999999607e-01 3.068087249994277954e-02
9.373280959999999995e-01 3.531511873006820679e-02
9.401699940000000089e-01 5.421429872512817383e-02
9.430119489999999605e-01 4.343502596020698547e-02
9.458539599999999936e-01 4.059381410479545593e-02
9.486960269999999973e-01 4.431121796369552612e-02
9.515381499999999715e-01 4.212676361203193665e-02
9.543803299999999989e-01 4.794599860906600952e-02
9.572225659999999969e-01 4.866675287485122681e-02
9.600648579999999654e-01 4.974932223558425903e-02
9.629072060000000155e-01 6.034781783819198608e-02
9.657496110000000078e-01 6.704308092594146729e-02
9.685920709999999989e-01 8.739423006772994995e-02
9.714345880000000433e-01 9.516845643520355225e-02
9.742771620000000299e-01 8.095428347587585449e-02
9.771197910000000153e-01 8.488433063030242920e-02
9.799624770000000540e-01 9.160647541284561157e-02
9.828052189999999522e-01 1.029997244477272034e-01
9.856480170000000429e-01 1.090013757348060608e-01
9.884908709999999932e-01 1.133899092674255371e-01
9.913337819999999967e-01 1.126545965671539307e-01
9.941767489999999707e-01 1.117973998188972473e-01
9.970197720000000263e-01 1.191793903708457947e-01
9.998628510000000524e-01 1.165661215782165527e-01
1.002705986999999910e+00 1.111081168055534363e-01
1.005549178999999960e+00 1.164059862494468689e-01
1.008392426999999980e+00 1.097864285111427307e-01
1.011235730999999971e+00 1.064338758587837219e-01
1.014079092000000015e+00 1.118378788232803345e-01
1.016922509000000030e+00 1.118344292044639587e-01
1.019765982000000015e+00 1.159496307373046875e-01
1.022609510999999971e+00 1.080660000443458557e-01
1.025453096999999980e+00 1.041509062051773071e-01
1.028296738999999960e+00 1.177683621644973755e-01
1.031140436999999910e+00 1.169327646493911743e-01
1.033984191000000052e+00 1.144954264163970947e-01
1.036828002000000026e+00 1.151410192251205444e-01
1.039671868000000110e+00 1.105775982141494751e-01
1.042515791000000025e+00 1.229792758822441101e-01
1.045359770999999993e+00 1.190120428800582886e-01
