3.615872339999999796e-01 1.319721698760986328e+00
3.644177160000000026e-01 1.474318861961364746e+00
3.672482539999999962e-01 1.569495439529418945e+00
3.700788480000000158e-01 1.598627448081970215e+00
3.729094980000000059e-01 1.439550161361694336e+00
3.757402049999999938e-01 1.508773326873779297e+00
3.785709680000000077e-01 1.638417005538940430e+00
3.814017869999999921e-01 1.427789568901062012e+00
3.842326620000000026e-01 1.294881820678710938e+00
3.870635940000000108e-01 1.443900465965270996e+00
3.898945819999999896e-01 1.639992475509643555e+00
3.927256259999999943e-01 1.422482132911682129e+00
3.955567260000000251e-01 1.479505896568298340e+00
3.983878829999999982e-01 1.859699845314025879e+00
4.012190950000000256e-01 2.269283056259155273e+00
4.040503639999999952e-01 2.287491798400878906e+00
4.068816900000000181e-01 2.238445520401000977e+00
4.097130709999999842e-01 2.309667348861694336e+00
4.125445090000000037e-01 2.383876800537109375e+00
4.153760029999999936e-01 2.395053625106811523e+00
4.182075530000000096e-01 2.344364404678344727e+00
4.210391589999999962e-01 2.377961158752441406e+00
4.238708219999999804e-01 2.323373317718505859e+00
4.267025409999999908e-01 2.278507232666015625e+00
4.295343160000000271e-01 2.073693990707397461e+00
4.323661469999999785e-01 2.240722894668579102e+00
4.351980349999999831e-01 2.412614107131958008e+00
4.380299790000000137e-01 2.436026334762573242e+00
4.408619790000000149e-01 2.546409845352172852e+00
4.436940349999999866e-01 2.673115253448486328e+00
4.465261480000000116e-01 2.693939685821533203e+00
4.493583170000000071e-01 2.855420589447021484e+00
4.521905419999999731e-01 2.863577127456665039e+00
4.550228230000000207e-01 2.851430892944335938e+00
4.578551610000000105e-01 2.902877807617187500e+00
4.606875550000000263e-01 2.918977260589599609e+00
4.635200050000000127e-01 2.961016654968261719e+00
4.663525110000000251e-01 2.886001825332641602e+00
4.691850739999999798e-01 2.890443325042724609e+00
4.720176919999999887e-01 2.937103509902954102e+00
4.748503669999999954e-01 2.970444440841674805e+00
4.776830989999999999e-01 2.998466968536376953e+00
4.805158860000000032e-01 3.069808006286621094e+00
4.833487300000000042e-01 3.032581806182861328e+00
4.861816299999999758e-01 2.800108671188354492e+00
4.890145859999999733e-01 2.922757625579833984e+00
4.918475979999999970e-01 3.009846448898315430e+00
4.946806670000000183e-01 3.051686048507690430e+00
4.975137920000000102e-01 3.081333637237548828e+00
5.003469729999999727e-01 3.002421379089355469e+00
5.031802100000000166e-01 2.989702463150024414e+00
5.060135040000000028e-01 3.072658538818359375e+00
5.088468539999999596e-01 3.090943098068237305e+00
5.116802599999999979e-01 3.126391410827636719e+00
5.145137220000000067e-01 3.056735277175903320e+00
5.173472409999999577e-01 2.889096498489379883e+00
5.201808159999999903e-01 3.019726276397705078e+00
5.230144469999999934e-01 3.159420967102050781e+00
5.258481339999999671e-01 3.161800384521484375e+00
5.286818779999999940e-01 3.195794582366943359e+00
5.315156779999999914e-01 3.308972835540771484e+00
5.343495339999999594e-01 3.303941726684570312e+00
5.371834460000000089e-01 3.347117900848388672e+00
5.400174150000000006e-01 3.292600393295288086e+00
5.428514389999999912e-01 3.308483362197875977e+00
5.456855200000000350e-01 3.370964765548706055e+00
5.485196580000000210e-01 3.381803989410400391e+00
5.513538510000000059e-01 3.414274930953979492e+00
5.541881010000000440e-01 3.437051773071289062e+00
5.570224070000000527e-01 3.417940616607666016e+00
5.598567690000000319e-01 3.359031915664672852e+00
5.626911869999999816e-01 3.416194200515747070e+00
5.655256619999999845e-01 3.398319005966186523e+00
5.683601929999999580e-01 3.370177984237670898e+00
5.711947800000000131e-01 3.329415798187255859e+00
5.740294230000000386e-01 3.385388135910034180e+00
5.768641230000000064e-01 3.350517988204956055e+00
5.796988789999999447e-01 3.365711688995361328e+00
5.825336909999999646e-01 3.436315536499023438e+00
5.853685589999999550e-01 3.400668144226074219e+00
5.882034839999999987e-01 3.177841663360595703e+00
5.910384650000000129e-01 3.044131040573120117e+00
5.938735019999999976e-01 3.099045515060424805e+00
5.967085949999999528e-01 3.076786994934082031e+00
5.995437449999999613e-01 3.051091909408569336e+00
6.023789510000000513e-01 3.013314723968505859e+00
6.052142130000000009e-01 3.028012990951538086e+00
6.080495310000000320e-01 2.988733291625976562e+00
6.108849060000000053e-01 2.861190319061279297e+00
6.137203359999999774e-01 2.790152311325073242e+00
6.165558230000000028e-01 2.770917892456054688e+00
6.193913669999999705e-01 2.849030017852783203e+00
6.222269660000000480e-01 2.832236766815185547e+00
6.250626219999999567e-01 2.759537220001220703e+00
6.278983339999999469e-01 2.693583011627197266e+00
6.307341020000000187e-01 2.673700332641601562e+00
6.335699259999999500e-01 2.702400922775268555e+00
6.364058070000000455e-01 2.728083848953247070e+00
6.392417440000000006e-01 2.737653255462646484e+00
6.420777370000000372e-01 2.713004589080810547e+00
6.449137860000000444e-01 2.668528795242309570e+00
6.477498919999999938e-01 2.550665855407714844e+00
6.505860540000000247e-01 2.533569574356079102e+00
6.534222720000000262e-01 2.521245956420898438e+00
6.562585459999999982e-01 2.325339794158935547e+00
6.590948770000000234e-01 2.440356016159057617e+00
6.619312640000000192e-01 2.504965543746948242e+00
6.647677069999999855e-01 2.479056596755981445e+00
6.676042060000000333e-01 2.448077201843261719e+00
6.704407620000000234e-01 2.420905113220214844e+00
6.732773739999999840e-01 2.402197360992431641e+00
6.761140420000000262e-01 2.391371011734008789e+00
6.789507660000000389e-01 2.377149343490600586e+00
6.817875469999999938e-01 2.352992296218872070e+00
6.846243829999999475e-01 2.262068748474121094e+00
6.874612759999999545e-01 1.898912191390991211e+00
6.902982260000000148e-01 1.920464754104614258e+00
6.931352309999999628e-01 1.958761572837829590e+00
6.959722929999999641e-01 1.985813260078430176e+00
6.988094110000000470e-01 1.959184885025024414e+00
7.016465849999999893e-01 1.853174924850463867e+00
7.044838150000000132e-01 1.855970501899719238e+00
7.073211019999999793e-01 1.815129756927490234e+00
7.101584450000000270e-01 1.751403808593750000e+00
7.129958440000000452e-01 1.647637963294982910e+00
7.158332990000000340e-01 1.402186989784240723e+00
7.186708109999999650e-01 1.015193819999694824e+00
7.215083789999999775e-01 1.044878363609313965e+00
7.243460029999999605e-01 9.602295160293579102e-01
7.271836830000000251e-01 8.664679527282714844e-01
7.300214200000000320e-01 8.098975419998168945e-01
7.328592130000000093e-01 8.273378014564514160e-01
7.356970619999999572e-01 8.235273957252502441e-01
7.385349669999999866e-01 7.979922890663146973e-01
7.413729289999999583e-01 8.038653731346130371e-01
7.442109470000000115e-01 8.066029548645019531e-01
7.470490210000000353e-01 8.108847141265869141e-01
7.498871510000000296e-01 7.939243912696838379e-01
7.527253379999999661e-01 7.833907604217529297e-01
7.555635800000000124e-01 7.799848914146423340e-01
7.584018790000000010e-01 6.398195624351501465e-01
7.612402350000000428e-01 3.028804361820220947e-01
7.640786459999999725e-01 3.588810563087463379e-01
7.669171139999999554e-01 5.778011083602905273e-01
7.697556380000000198e-01 7.113202810287475586e-01
7.725942180000000548e-01 7.377623319625854492e-01
7.754328539999999492e-01 7.389928102493286133e-01
7.782715470000000080e-01 7.418355345726013184e-01
7.811102960000000373e-01 7.505959868431091309e-01
7.839491010000000371e-01 7.405062317848205566e-01
7.867879620000000074e-01 7.335400581359863281e-01
7.896268800000000310e-01 7.069841623306274414e-01
7.924658540000000251e-01 7.139562964439392090e-01
7.953048839999999897e-01 7.218255996704101562e-01
7.981439700000000359e-01 7.271568775177001953e-01
8.009831130000000243e-01 7.201551795005798340e-01
8.038223119999999833e-01 7.244877219200134277e-01
8.066615670000000238e-01 7.461125850677490234e-01
8.095008780000000348e-01 7.121602296829223633e-01
8.123402459999999881e-01 6.326929330825805664e-01
8.151796700000000229e-01 5.227820277214050293e-01
8.180191500000000282e-01 4.890620112419128418e-01
8.208586860000000041e-01 5.246182084083557129e-01
8.236982790000000332e-01 4.791201353073120117e-01
8.265379269999999501e-01 5.015472769737243652e-01
8.293776320000000313e-01 4.444348216056823730e-01
8.322173940000000547e-01 4.256470799446105957e-01
8.350572109999999659e-01 4.363265633583068848e-01
8.378970850000000414e-01 4.403136968612670898e-01
8.407370149999999764e-01 4.436143040657043457e-01
8.435770009999999930e-01 4.396694004535675049e-01
8.464170429999999801e-01 4.360506236553192139e-01
8.492571420000000204e-01 4.114014506340026855e-01
8.520972970000000313e-01 4.031055569648742676e-01
8.549375080000000127e-01 3.767192661762237549e-01
8.577777749999999646e-01 3.984296023845672607e-01
8.606180989999999698e-01 3.977200090885162354e-01
8.634584789999999455e-01 3.863179385662078857e-01
8.662989150000000027e-01 3.577099740505218506e-01
8.691394070000000305e-01 3.672315776348114014e-01
8.719799560000000005e-01 3.566759228706359863e-01
8.748205610000000521e-01 3.507651984691619873e-01
8.776612219999999631e-01 3.404780924320220947e-01
8.805019389999999557e-01 3.267240822315216064e-01
8.833427130000000016e-01 3.240924775600433350e-01
8.861835430000000180e-01 3.093106150627136230e-01
8.890244290000000049e-01 3.079845607280731201e-01
8.918653709999999624e-01 2.917031645774841309e-01
8.947063699999999731e-01 2.450045943260192871e-01
8.975474239999999826e-01 1.966194659471511841e-01
9.003885350000000454e-01 1.759631037712097168e-01
9.032297030000000504e-01 2.000590264797210693e-01
9.060709260000000542e-01 1.969973295927047729e-01
9.089122060000000003e-01 1.626698523759841919e-01
9.117535420000000279e-01 1.632525920867919922e-01
9.145949340000000261e-01 1.506106853485107422e-01
9.174363819999999947e-01 1.511164307594299316e-01
9.202778870000000166e-01 1.729517132043838501e-01
9.231194480000000091e-01 1.632324010133743286e-01
9.259610649999999721e-01 1.489354521036148071e-01
9.288027380000000166e-01 1.056253984570503235e-01
9.316444680000000034e-01 5.473122000694274902e-02
9.344862539999999607e-01 3.208434954285621643e-02
9.373280959999999995e-01 3.118873387575149536e-02
9.401699940000000089e-01 5.588827654719352722e-02
9.430119489999999605e-01 4.582756385207176208e-02
9.458539599999999936e-01 4.269987344741821289e-02
9.486960269999999973e-01 4.583701863884925842e-02
9.515381499999999715e-01 4.714420065283775330e-02
9.543803299999999989e-01 4.870324581861495972e-02
9.572225659999999969e-01 4.982398450374603271e-02
9.600648579999999654e-01 5.396466329693794250e-02
9.629072060000000155e-01 6.568852812051773071e-02
9.657496110000000078e-01 7.340972125530242920e-02
9.685920709999999989e-01 9.656979143619537354e-02
9.714345880000000433e-01 9.978501498699188232e-02
9.742771620000000299e-01 8.490566164255142212e-02
9.771197910000000153e-01 9.480412304401397705e-02
9.799624770000000540e-01 9.819146245718002319e-02
9.828052189999999522e-01 1.098304167389869690e-01
9.856480170000000429e-01 1.154934316873550415e-01
9.884908709999999932e-01 1.169908121228218079e-01
9.913337819999999967e-01 1.202654168009757996e-01
9.941767489999999707e-01 1.246674880385398865e-01
9.970197720000000263e-01 1.196155250072479248e-01
9.998628510000000524e-01 1.203919947147369385e-01
1.002705986999999910e+00 1.216752827167510986e-01
1.005549178999999960e+00 1.184240728616714478e-01
1.008392426999999980e+00 1.129733622074127197e-01
1.011235730999999971e+00 1.189670860767364502e-01
1.014079092000000015e+00 1.160972341895103455e-01
1.016922509000000030e+00 1.213381141424179077e-01
1.019765982000000015e+00 1.184662058949470520e-01
1.022609510999999971e+00 1.228322684764862061e-01
1.025453096999999980e+00 1.183267682790756226e-01
1.028296738999999960e+00 1.172987967729568481e-01
1.031140436999999910e+00 1.233529821038246155e-01
1.033984191000000052e+00 1.227460652589797974e-01
1.036828002000000026e+00 1.272675693035125732e-01
1.039671868000000110e+00 1.255562007427215576e-01
1.042515791000000025e+00 1.189977005124092102e-01
1.045359770999999993e+00 1.139789894223213196e-01
