3.615872339999999796e-01 1.336956858634948730e+00
3.644177160000000026e-01 1.454770565032958984e+00
3.672482539999999962e-01 1.581648468971252441e+00
3.700788480000000158e-01 1.589706778526306152e+00
3.729094980000000059e-01 1.424041509628295898e+00
3.757402049999999938e-01 1.483815312385559082e+00
3.785709680000000077e-01 1.641657471656799316e+00
3.814017869999999921e-01 1.414862871170043945e+00
3.842326620000000026e-01 1.291343808174133301e+00
3.870635940000000108e-01 1.425036549568176270e+00
3.898945819999999896e-01 1.606602787971496582e+00
3.927256259999999943e-01 1.423066020011901855e+00
3.955567260000000251e-01 1.474313735961914062e+00
3.983878829999999982e-01 1.827397942543029785e+00
4.012190950000000256e-01 2.265099763870239258e+00
4.040503639999999952e-01 2.250226497650146484e+00
4.068816900000000181e-01 2.234076976776123047e+00
4.097130709999999842e-01 2.261780023574829102e+00
4.125445090000000037e-01 2.374992370605468750e+00
4.153760029999999936e-01 2.369484901428222656e+00
4.182075530000000096e-01 2.334085702896118164e+00
4.210391589999999962e-01 2.346008300781250000e+00
4.238708219999999804e-01 2.308622837066650391e+00
4.267025409999999908e-01 2.261427164077758789e+00
4.295343160000000271e-01 2.044522047042846680e+00
4.323661469999999785e-01 2.181589841842651367e+00
4.351980349999999831e-01 2.371951103210449219e+00
4.380299790000000137e-01 2.410577058792114258e+00
4.408619790000000149e-01 2.473200321197509766e+00
4.436940349999999866e-01 2.631498336791992188e+00
4.465261480000000116e-01 2.659998178482055664e+00
4.493583170000000071e-01 2.815121412277221680e+00
4.521905419999999731e-01 2.837898015975952148e+00
4.550228230000000207e-01 2.803633451461791992e+00
4.578551610000000105e-01 2.876044988632202148e+00
4.606875550000000263e-01 2.883582353591918945e+00
4.635200050000000127e-01 2.931119680404663086e+00
4.663525110000000251e-01 2.857742071151733398e+00
4.691850739999999798e-01 2.855287790298461914e+00
4.720176919999999887e-01 2.908455610275268555e+00
4.748503669999999954e-01 2.948045253753662109e+00
4.776830989999999999e-01 2.987714529037475586e+00
4.805158860000000032e-01 3.031534910202026367e+00
4.833487300000000042e-01 3.021325588226318359e+00
4.861816299999999758e-01 2.788640499114990234e+00
4.890145859999999733e-01 2.914742231369018555e+00
4.918475979999999970e-01 2.980277061462402344e+00
4.946806670000000183e-01 3.042615413665771484e+00
4.975137920000000102e-01 3.061678886413574219e+00
5.003469729999999727e-01 2.985647916793823242e+00
5.031802100000000166e-01 2.962424516677856445e+00
5.060135040000000028e-01 3.051471948623657227e+00
5.088468539999999596e-01 3.077861070632934570e+00
5.116802599999999979e-01 3.104514598846435547e+00
5.145137220000000067e-01 3.046419143676757812e+00
5.173472409999999577e-01 2.878094673156738281e+00
5.201808159999999903e-01 3.020440578460693359e+00
5.230144469999999934e-01 3.151359796524047852e+00
5.258481339999999671e-01 3.160755395889282227e+00
5.286818779999999940e-01 3.193247318267822266e+00
5.315156779999999914e-01 3.294958353042602539e+00
5.343495339999999594e-01 3.298287630081176758e+00
5.371834460000000089e-01 3.336170673370361328e+00
5.400174150000000006e-01 3.275151729583740234e+00
5.428514389999999912e-01 3.306102037429809570e+00
5.456855200000000350e-01 3.368181705474853516e+00
5.485196580000000210e-01 3.374208688735961914e+00
5.513538510000000059e-01 3.409344196319580078e+00
5.541881010000000440e-01 3.440600156784057617e+00
5.570224070000000527e-01 3.405370235443115234e+00
5.598567690000000319e-01 3.352860212326049805e+00
5.626911869999999816e-01 3.406871080398559570e+00
5.655256619999999845e-01 3.402398347854614258e+00
5.683601929999999580e-01 3.368842601776123047e+00
5.711947800000000131e-01 3.334215879440307617e+00
5.740294230000000386e-01 3.377783775329589844e+00
5.768641230000000064e-01 3.352797508239746094e+00
5.796988789999999447e-01 3.382885694503784180e+00
5.825336909999999646e-01 3.448878526687622070e+00
5.853685589999999550e-01 3.413600444793701172e+00
5.882034839999999987e-01 3.190395116806030273e+00
5.910384650000000129e-01 3.043982744216918945e+00
5.938735019999999976e-01 3.109930515289306641e+00
5.967085949999999528e-01 3.102763652801513672e+00
5.995437449999999613e-01 3.066735029220581055e+00
6.023789510000000513e-01 3.037402629852294922e+00
6.052142130000000009e-01 3.052039384841918945e+00
6.080495310000000320e-01 3.007683992385864258e+00
6.108849060000000053e-01 2.929222106933593750e+00
6.137203359999999774e-01 2.840771198272705078e+00
6.165558230000000028e-01 2.809963941574096680e+00
6.193913669999999705e-01 2.874142169952392578e+00
6.222269660000000480e-01 2.867597579956054688e+00
6.250626219999999567e-01 2.793035030364990234e+00
6.278983339999999469e-01 2.731059074401855469e+00
6.307341020000000187e-01 2.708627462387084961e+00
6.335699259999999500e-01 2.736973047256469727e+00
6.364058070000000455e-01 2.773124933242797852e+00
6.392417440000000006e-01 2.781355381011962891e+00
6.420777370000000372e-01 2.750412464141845703e+00
6.449137860000000444e-01 2.705645561218261719e+00
6.477498919999999938e-01 2.587161540985107422e+00
6.505860540000000247e-01 2.572168588638305664e+00
6.534222720000000262e-01 2.574428796768188477e+00
6.562585459999999982e-01 2.363596677780151367e+00
6.590948770000000234e-01 2.482224464416503906e+00
6.619312640000000192e-01 2.546533823013305664e+00
6.647677069999999855e-01 2.519719600677490234e+00
6.676042060000000333e-01 2.505952596664428711e+00
6.704407620000000234e-01 2.476405858993530273e+00
6.732773739999999840e-01 2.448038578033447266e+00
6.761140420000000262e-01 2.439884662628173828e+00
6.789507660000000389e-01 2.419477701187133789e+00
6.817875469999999938e-01 2.398939132690429688e+00
6.846243829999999475e-01 2.310115814208984375e+00
6.874612759999999545e-01 1.938657760620117188e+00
6.902982260000000148e-01 1.963514924049377441e+00
6.931352309999999628e-01 2.007724285125732422e+00
6.959722929999999641e-01 2.020394802093505859e+00
6.988094110000000470e-01 2.003384113311767578e+00
7.016465849999999893e-01 1.894758462905883789e+00
7.044838150000000132e-01 1.904666543006896973e+00
7.073211019999999793e-01 1.858242154121398926e+00
7.101584450000000270e-01 1.799276828765869141e+00
7.129958440000000452e-01 1.693932056427001953e+00
7.158332990000000340e-01 1.442426562309265137e+00
7.186708109999999650e-01 1.051759600639343262e+00
7.215083789999999775e-01 1.084638118743896484e+00
7.243460029999999605e-01 9.955492615699768066e-01
7.271836830000000251e-01 8.971935510635375977e-01
7.300214200000000320e-01 8.505002856254577637e-01
7.328592130000000093e-01 8.671162128448486328e-01
7.356970619999999572e-01 8.554887771606445312e-01
7.385349669999999866e-01 8.411524891853332520e-01
7.413729289999999583e-01 8.403092622756958008e-01
7.442109470000000115e-01 8.506663441658020020e-01
7.470490210000000353e-01 8.529679775238037109e-01
7.498871510000000296e-01 8.337682485580444336e-01
7.527253379999999661e-01 8.255088925361633301e-01
7.555635800000000124e-01 8.196148872375488281e-01
7.584018790000000010e-01 6.769180893898010254e-01
7.612402350000000428e-01 3.173134326934814453e-01
7.640786459999999725e-01 3.861358165740966797e-01
7.669171139999999554e-01 6.185243129730224609e-01
7.697556380000000198e-01 7.558190226554870605e-01
7.725942180000000548e-01 7.852702736854553223e-01
7.754328539999999492e-01 7.905663251876831055e-01
7.782715470000000080e-01 7.880138158798217773e-01
7.811102960000000373e-01 7.928998470306396484e-01
7.839491010000000371e-01 7.909993529319763184e-01
7.867879620000000074e-01 7.807610034942626953e-01
7.896268800000000310e-01 7.581405043601989746e-01
7.924658540000000251e-01 7.591666579246520996e-01
7.953048839999999897e-01 7.699031233787536621e-01
7.981439700000000359e-01 7.777807116508483887e-01
8.009831130000000243e-01 7.714728116989135742e-01
8.038223119999999833e-01 7.743369936943054199e-01
8.066615670000000238e-01 7.926435470581054688e-01
8.095008780000000348e-01 7.574317455291748047e-01
8.123402459999999881e-01 6.752616167068481445e-01
8.151796700000000229e-01 5.518794655799865723e-01
8.180191500000000282e-01 5.221207737922668457e-01
8.208586860000000041e-01 5.586770176887512207e-01
8.236982790000000332e-01 5.142506957054138184e-01
8.265379269999999501e-01 5.338946580886840820e-01
8.293776320000000313e-01 4.757615029811859131e-01
8.322173940000000547e-01 4.574506878852844238e-01
8.350572109999999659e-01 4.677708745002746582e-01
8.378970850000000414e-01 4.752813577651977539e-01
8.407370149999999764e-01 4.754291772842407227e-01
8.435770009999999930e-01 4.715684354305267334e-01
8.464170429999999801e-01 4.676388204097747803e-01
8.492571420000000204e-01 4.441389143466949463e-01
8.520972970000000313e-01 4.271978139877319336e-01
8.549375080000000127e-01 4.034256339073181152e-01
8.577777749999999646e-01 4.249469935894012451e-01
8.606180989999999698e-01 4.216758608818054199e-01
8.634584789999999455e-01 4.183803796768188477e-01
8.662989150000000027e-01 3.812612295150756836e-01
8.691394070000000305e-01 3.868055939674377441e-01
8.719799560000000005e-01 3.896063268184661865e-01
8.748205610000000521e-01 3.735941350460052490e-01
8.776612219999999631e-01 3.678953349590301514e-01
8.805019389999999557e-01 3.552884161472320557e-01
8.833427130000000016e-01 3.482535183429718018e-01
8.861835430000000180e-01 3.344374299049377441e-01
8.890244290000000049e-01 3.331266045570373535e-01
8.918653709999999624e-01 3.116943836212158203e-01
8.947063699999999731e-01 2.609645724296569824e-01
8.975474239999999826e-01 2.101075202226638794e-01
9.003885350000000454e-01 1.895752996206283569e-01
9.032297030000000504e-01 2.194988280534744263e-01
9.060709260000000542e-01 2.188062220811843872e-01
9.089122060000000003e-01 1.756017655134201050e-01
9.117535420000000279e-01 1.759847551584243774e-01
9.145949340000000261e-01 1.640974432229995728e-01
9.174363819999999947e-01 1.613988280296325684e-01
9.202778870000000166e-01 1.886998265981674194e-01
9.231194480000000091e-01 1.768688708543777466e-01
9.259610649999999721e-01 1.623792052268981934e-01
9.288027380000000166e-01 1.165347173810005188e-01
9.316444680000000034e-01 6.482689827680587769e-02
9.344862539999999607e-01 4.281035810708999634e-02
9.373280959999999995e-01 4.184174910187721252e-02
9.401699940000000089e-01 6.451482325792312622e-02
9.430119489999999605e-01 5.478162318468093872e-02
9.458539599999999936e-01 4.704786837100982666e-02
9.486960269999999973e-01 5.346309393644332886e-02
9.515381499999999715e-01 5.614829808473587036e-02
9.543803299999999989e-01 5.451619252562522888e-02
9.572225659999999969e-01 5.800935998558998108e-02
9.600648579999999654e-01 6.506687402725219727e-02
9.629072060000000155e-01 7.279136031866073608e-02
9.657496110000000078e-01 7.632666081190109253e-02
9.685920709999999989e-01 9.888055175542831421e-02
9.714345880000000433e-01 1.097967475652694702e-01
9.742771620000000299e-01 9.848527610301971436e-02
9.771197910000000153e-01 9.945554286241531372e-02
9.799624770000000540e-01 1.033963859081268311e-01
9.828052189999999522e-01 1.207110062241554260e-01
9.856480170000000429e-01 1.253908872604370117e-01
9.884908709999999932e-01 1.304725408554077148e-01
9.913337819999999967e-01 1.282329857349395752e-01
9.941767489999999707e-01 1.290522068738937378e-01
9.970197720000000263e-01 1.369293332099914551e-01
9.998628510000000524e-01 1.331618577241897583e-01
1.002705986999999910e+00 1.273948997259140015e-01
1.005549178999999960e+00 1.250652074813842773e-01
1.008392426999999980e+00 1.287754178047180176e-01
1.011235730999999971e+00 1.288996338844299316e-01
1.014079092000000015e+00 1.357767432928085327e-01
1.016922509000000030e+00 1.338563561439514160e-01
1.019765982000000015e+00 1.329526156187057495e-01
1.022609510999999971e+00 1.329436898231506348e-01
1.025453096999999980e+00 1.377224177122116089e-01
1.028296738999999960e+00 1.396926641464233398e-01
1.031140436999999910e+00 1.378839313983917236e-01
1.033984191000000052e+00 1.336842775344848633e-01
1.036828002000000026e+00 1.398573219776153564e-01
1.039671868000000110e+00 1.410695612430572510e-01
1.042515791000000025e+00 1.433561295270919800e-01
1.045359770999999993e+00 1.398739069700241089e-01
