3.615872339999999796e-01 1.323827743530273438e+00
3.644177160000000026e-01 1.452561259269714355e+00
3.672482539999999962e-01 1.535256266593933105e+00
3.700788480000000158e-01 1.593972325325012207e+00
3.729094980000000059e-01 1.410169720649719238e+00
3.757402049999999938e-01 1.505066037178039551e+00
3.785709680000000077e-01 1.642469763755798340e+00
3.814017869999999921e-01 1.409007549285888672e+00
3.842326620000000026e-01 1.313990712165832520e+00
3.870635940000000108e-01 1.442732810974121094e+00
3.898945819999999896e-01 1.616568088531494141e+00
3.927256259999999943e-01 1.426017045974731445e+00
3.955567260000000251e-01 1.458957433700561523e+00
3.983878829999999982e-01 1.859961986541748047e+00
4.012190950000000256e-01 2.303328514099121094e+00
4.040503639999999952e-01 2.278337717056274414e+00
4.068816900000000181e-01 2.223452329635620117e+00
4.097130709999999842e-01 2.290507078170776367e+00
4.125445090000000037e-01 2.373430967330932617e+00
4.153760029999999936e-01 2.390400409698486328e+00
4.182075530000000096e-01 2.333531141281127930e+00
4.210391589999999962e-01 2.340129613876342773e+00
4.238708219999999804e-01 2.295520544052124023e+00
4.267025409999999908e-01 2.262254476547241211e+00
4.295343160000000271e-01 2.050403118133544922e+00
4.323661469999999785e-01 2.191290140151977539e+00
4.351980349999999831e-01 2.394598245620727539e+00
4.380299790000000137e-01 2.415647983551025391e+00
4.408619790000000149e-01 2.495627880096435547e+00
4.436940349999999866e-01 2.628192663192749023e+00
4.465261480000000116e-01 2.658249616622924805e+00
4.493583170000000071e-01 2.811053991317749023e+00
4.521905419999999731e-01 2.823290348052978516e+00
4.550228230000000207e-01 2.814492464065551758e+00
4.578551610000000105e-01 2.860501289367675781e+00
4.606875550000000263e-01 2.893498897552490234e+00
4.635200050000000127e-01 2.916121482849121094e+00
4.663525110000000251e-01 2.851504564285278320e+00
4.691850739999999798e-01 2.856747865676879883e+00
4.720176919999999887e-01 2.887616157531738281e+00
4.748503669999999954e-01 2.938776016235351562e+00
4.776830989999999999e-01 2.966325759887695312e+00
4.805158860000000032e-01 3.034882545471191406e+00
4.833487300000000042e-01 3.003531217575073242e+00
4.861816299999999758e-01 2.761761426925659180e+00
4.890145859999999733e-01 2.887105464935302734e+00
4.918475979999999970e-01 2.961642742156982422e+00
4.946806670000000183e-01 3.027459859848022461e+00
4.975137920000000102e-01 3.039287328720092773e+00
5.003469729999999727e-01 2.963527202606201172e+00
5.031802100000000166e-01 2.952400445938110352e+00
5.060135040000000028e-01 3.037546396255493164e+00
5.088468539999999596e-01 3.055262088775634766e+00
5.116802599999999979e-01 3.093106746673583984e+00
5.145137220000000067e-01 3.021271944046020508e+00
5.173472409999999577e-01 2.870944976806640625e+00
5.201808159999999903e-01 2.999117851257324219e+00
5.230144469999999934e-01 3.130163192749023438e+00
5.258481339999999671e-01 3.129668951034545898e+00
5.286818779999999940e-01 3.170686483383178711e+00
5.315156779999999914e-01 3.275466442108154297e+00
5.343495339999999594e-01 3.271213054656982422e+00
5.371834460000000089e-01 3.314680814743041992e+00
5.400174150000000006e-01 3.249937772750854492e+00
5.428514389999999912e-01 3.281646728515625000e+00
5.456855200000000350e-01 3.324057340621948242e+00
5.485196580000000210e-01 3.346655368804931641e+00
5.513538510000000059e-01 3.371707201004028320e+00
5.541881010000000440e-01 3.411734104156494141e+00
5.570224070000000527e-01 3.372479677200317383e+00
5.598567690000000319e-01 3.319086551666259766e+00
5.626911869999999816e-01 3.375881433486938477e+00
5.655256619999999845e-01 3.372694969177246094e+00
5.683601929999999580e-01 3.343158006668090820e+00
5.711947800000000131e-01 3.306433200836181641e+00
5.740294230000000386e-01 3.352724790573120117e+00
5.768641230000000064e-01 3.314538717269897461e+00
5.796988789999999447e-01 3.331964731216430664e+00
5.825336909999999646e-01 3.408043146133422852e+00
5.853685589999999550e-01 3.356459140777587891e+00
5.882034839999999987e-01 3.133580207824707031e+00
5.910384650000000129e-01 3.001664876937866211e+00
5.938735019999999976e-01 3.051084041595458984e+00
5.967085949999999528e-01 3.030974626541137695e+00
5.995437449999999613e-01 2.994134187698364258e+00
6.023789510000000513e-01 2.946620225906372070e+00
6.052142130000000009e-01 2.960772275924682617e+00
6.080495310000000320e-01 2.907553195953369141e+00
6.108849060000000053e-01 2.812741041183471680e+00
6.137203359999999774e-01 2.738450527191162109e+00
6.165558230000000028e-01 2.711593866348266602e+00
6.193913669999999705e-01 2.780721664428710938e+00
6.222269660000000480e-01 2.761136293411254883e+00
6.250626219999999567e-01 2.695676088333129883e+00
6.278983339999999469e-01 2.631555795669555664e+00
6.307341020000000187e-01 2.610366106033325195e+00
6.335699259999999500e-01 2.636504888534545898e+00
6.364058070000000455e-01 2.658020257949829102e+00
6.392417440000000006e-01 2.667607545852661133e+00
6.420777370000000372e-01 2.636700868606567383e+00
6.449137860000000444e-01 2.598920822143554688e+00
6.477498919999999938e-01 2.478329658508300781e+00
6.505860540000000247e-01 2.472065687179565430e+00
6.534222720000000262e-01 2.450574874877929688e+00
6.562585459999999982e-01 2.252972841262817383e+00
6.590948770000000234e-01 2.357543706893920898e+00
6.619312640000000192e-01 2.410431623458862305e+00
6.647677069999999855e-01 2.386019706726074219e+00
6.676042060000000333e-01 2.367435932159423828e+00
6.704407620000000234e-01 2.330144405364990234e+00
6.732773739999999840e-01 2.313773870468139648e+00
6.761140420000000262e-01 2.297147989273071289e+00
6.789507660000000389e-01 2.279974699020385742e+00
6.817875469999999938e-01 2.259647369384765625e+00
6.846243829999999475e-01 2.179545879364013672e+00
6.874612759999999545e-01 1.826561808586120605e+00
6.902982260000000148e-01 1.846863746643066406e+00
6.931352309999999628e-01 1.887305259704589844e+00
6.959722929999999641e-01 1.892599701881408691e+00
6.988094110000000470e-01 1.879010200500488281e+00
7.016465849999999893e-01 1.777244329452514648e+00
7.044838150000000132e-01 1.767724633216857910e+00
7.073211019999999793e-01 1.729914903640747070e+00
7.101584450000000270e-01 1.661234736442565918e+00
7.129958440000000452e-01 1.553182005882263184e+00
7.158332990000000340e-01 1.308112978935241699e+00
7.186708109999999650e-01 9.584985971450805664e-01
7.215083789999999775e-01 9.757360816001892090e-01
7.243460029999999605e-01 8.955201506614685059e-01
7.271836830000000251e-01 8.065545558929443359e-01
7.300214200000000320e-01 7.539668083190917969e-01
7.328592130000000093e-01 7.727974057197570801e-01
7.356970619999999572e-01 7.651896476745605469e-01
7.385349669999999866e-01 7.483233809471130371e-01
7.413729289999999583e-01 7.420803904533386230e-01
7.442109470000000115e-01 7.473984360694885254e-01
7.470490210000000353e-01 7.448064684867858887e-01
7.498871510000000296e-01 7.387958168983459473e-01
7.527253379999999661e-01 7.278206944465637207e-01
7.555635800000000124e-01 7.204540371894836426e-01
7.584018790000000010e-01 5.876241922378540039e-01
7.612402350000000428e-01 2.767885923385620117e-01
7.640786459999999725e-01 3.376297056674957275e-01
7.669171139999999554e-01 5.384258031845092773e-01
7.697556380000000198e-01 6.593042612075805664e-01
7.725942180000000548e-01 6.805596351623535156e-01
7.754328539999999492e-01 6.893050074577331543e-01
7.782715470000000080e-01 6.879654526710510254e-01
7.811102960000000373e-01 6.884704232215881348e-01
7.839491010000000371e-01 6.806239485740661621e-01
7.867879620000000074e-01 6.774291992187500000e-01
7.896268800000000310e-01 6.568168997764587402e-01
7.924658540000000251e-01 6.639068722724914551e-01
7.953048839999999897e-01 6.670534610748291016e-01
7.981439700000000359e-01 6.730730533599853516e-01
8.009831130000000243e-01 6.711192131042480469e-01
8.038223119999999833e-01 6.672846078872680664e-01
8.066615670000000238e-01 6.814236640930175781e-01
8.095008780000000348e-01 6.569881439208984375e-01
8.123402459999999881e-01 5.846775770187377930e-01
8.151796700000000229e-01 4.787419736385345459e-01
8.180191500000000282e-01 4.486488699913024902e-01
8.208586860000000041e-01 4.811804592609405518e-01
8.236982790000000332e-01 4.423393309116363525e-01
8.265379269999999501e-01 4.622161090373992920e-01
8.293776320000000313e-01 4.148008525371551514e-01
8.322173940000000547e-01 3.931420147418975830e-01
8.350572109999999659e-01 4.021679461002349854e-01
8.378970850000000414e-01 4.086723327636718750e-01
8.407370149999999764e-01 4.162797033786773682e-01
8.435770009999999930e-01 4.032166898250579834e-01
8.464170429999999801e-01 4.040358662605285645e-01
8.492571420000000204e-01 3.871428370475769043e-01
8.520972970000000313e-01 3.670561909675598145e-01
8.549375080000000127e-01 3.523983061313629150e-01
8.577777749999999646e-01 3.756032884120941162e-01
8.606180989999999698e-01 3.638831675052642822e-01
8.634584789999999455e-01 3.565219044685363770e-01
8.662989150000000027e-01 3.308856487274169922e-01
8.691394070000000305e-01 3.383089601993560791e-01
8.719799560000000005e-01 3.373256325721740723e-01
8.748205610000000521e-01 3.285591304302215576e-01
8.776612219999999631e-01 3.215133845806121826e-01
8.805019389999999557e-01 3.032168745994567871e-01
8.833427130000000016e-01 3.087709546089172363e-01
8.861835430000000180e-01 2.886644899845123291e-01
8.890244290000000049e-01 2.849852144718170166e-01
8.918653709999999624e-01 2.692358195781707764e-01
8.947063699999999731e-01 2.242794036865234375e-01
8.975474239999999826e-01 1.806787699460983276e-01
9.003885350000000454e-01 1.628126204013824463e-01
9.032297030000000504e-01 1.871775388717651367e-01
9.060709260000000542e-01 1.901637464761734009e-01
9.089122060000000003e-01 1.541084796190261841e-01
9.117535420000000279e-01 1.589854657649993896e-01
9.145949340000000261e-01 1.414754092693328857e-01
9.174363819999999947e-01 1.418553292751312256e-01
9.202778870000000166e-01 1.623423546552658081e-01
9.231194480000000091e-01 1.552654802799224854e-01
9.259610649999999721e-01 1.428000181913375854e-01
9.288027380000000166e-01 9.916456043720245361e-02
9.316444680000000034e-01 5.375270918011665344e-02
9.344862539999999607e-01 3.385976329445838928e-02
9.373280959999999995e-01 3.551420941948890686e-02
9.401699940000000089e-01 5.321398004889488220e-02
9.430119489999999605e-01 4.392554983496665955e-02
9.458539599999999936e-01 4.305244609713554382e-02
9.486960269999999973e-01 4.530974105000495911e-02
9.515381499999999715e-01 4.596828669309616089e-02
9.543803299999999989e-01 4.735387116670608521e-02
9.572225659999999969e-01 5.035155266523361206e-02
9.600648579999999654e-01 5.201533436775207520e-02
9.629072060000000155e-01 6.089744716882705688e-02
9.657496110000000078e-01 6.768446415662765503e-02
9.685920709999999989e-01 9.068922698497772217e-02
9.714345880000000433e-01 9.661853313446044922e-02
9.742771620000000299e-01 8.563207834959030151e-02
9.771197910000000153e-01 8.756189793348312378e-02
9.799624770000000540e-01 9.553756564855575562e-02
9.828052189999999522e-01 1.054776683449745178e-01
9.856480170000000429e-01 1.098561137914657593e-01
9.884908709999999932e-01 1.220586746931076050e-01
9.913337819999999967e-01 1.146293729543685913e-01
9.941767489999999707e-01 1.220263168215751648e-01
9.970197720000000263e-01 1.203057318925857544e-01
9.998628510000000524e-01 1.185721755027770996e-01
1.002705986999999910e+00 1.152182295918464661e-01
1.005549178999999960e+00 1.124400720000267029e-01
1.008392426999999980e+00 1.139298230409622192e-01
1.011235730999999971e+00 1.144821718335151672e-01
1.014079092000000015e+00 1.153000742197036743e-01
1.016922509000000030e+00 1.172637194395065308e-01
1.019765982000000015e+00 1.130200326442718506e-01
1.022609510999999971e+00 1.181581541895866394e-01
1.025453096999999980e+00 1.089632138609886169e-01
1.028296738999999960e+00 1.233517974615097046e-01
1.031140436999999910e+00 1.182208284735679626e-01
1.033984191000000052e+00 1.224487200379371643e-01
1.036828002000000026e+00 1.117088794708251953e-01
1.039671868000000110e+00 1.182540282607078552e-01
1.042515791000000025e+00 1.191789135336875916e-01
1.045359770999999993e+00 1.088421940803527832e-01
