3.615872339999999796e-01 1.251928925514221191e+00
3.644177160000000026e-01 1.432439208030700684e+00
3.672482539999999962e-01 1.560998082160949707e+00
3.700788480000000158e-01 1.535859823226928711e+00
3.729094980000000059e-01 1.448835015296936035e+00
3.757402049999999938e-01 1.502280712127685547e+00
3.785709680000000077e-01 1.676847577095031738e+00
3.814017869999999921e-01 1.426816821098327637e+00
3.842326620000000026e-01 1.313196301460266113e+00
3.870635940000000108e-01 1.452861189842224121e+00
3.898945819999999896e-01 1.623724102973937988e+00
3.927256259999999943e-01 1.443713068962097168e+00
3.955567260000000251e-01 1.489569783210754395e+00
3.983878829999999982e-01 1.848168730735778809e+00
4.012190950000000256e-01 2.284452915191650391e+00
4.040503639999999952e-01 2.297495603561401367e+00
4.068816900000000181e-01 2.261056661605834961e+00
4.097130709999999842e-01 2.319971561431884766e+00
4.125445090000000037e-01 2.368735313415527344e+00
4.153760029999999936e-01 2.398785114288330078e+00
4.182075530000000096e-01 2.337076187133789062e+00
4.210391589999999962e-01 2.361843109130859375e+00
4.238708219999999804e-01 2.311258077621459961e+00
4.267025409999999908e-01 2.267806053161621094e+00
4.295343160000000271e-01 2.048222780227661133e+00
4.323661469999999785e-01 2.187984943389892578e+00
4.351980349999999831e-01 2.400552272796630859e+00
4.380299790000000137e-01 2.413520574569702148e+00
4.408619790000000149e-01 2.512750148773193359e+00
4.436940349999999866e-01 2.637382745742797852e+00
4.465261480000000116e-01 2.672791957855224609e+00
4.493583170000000071e-01 2.819295644760131836e+00
4.521905419999999731e-01 2.817853212356567383e+00
4.550228230000000207e-01 2.805822849273681641e+00
4.578551610000000105e-01 2.865424871444702148e+00
4.606875550000000263e-01 2.892568349838256836e+00
4.635200050000000127e-01 2.912820100784301758e+00
4.663525110000000251e-01 2.845736503601074219e+00
4.691850739999999798e-01 2.846224784851074219e+00
4.720176919999999887e-01 2.882855892181396484e+00
4.748503669999999954e-01 2.922664403915405273e+00
4.776830989999999999e-01 2.949962615966796875e+00
4.805158860000000032e-01 3.025026082992553711e+00
4.833487300000000042e-01 2.990939617156982422e+00
4.861816299999999758e-01 2.760874986648559570e+00
4.890145859999999733e-01 2.869658708572387695e+00
4.918475979999999970e-01 2.952585935592651367e+00
4.946806670000000183e-01 3.007489204406738281e+00
4.975137920000000102e-01 3.023557901382446289e+00
5.003469729999999727e-01 2.947943925857543945e+00
5.031802100000000166e-01 2.924088001251220703e+00
5.060135040000000028e-01 3.010280609130859375e+00
5.088468539999999596e-01 3.024135351181030273e+00
5.116802599999999979e-01 3.063656330108642578e+00
5.145137220000000067e-01 2.996820211410522461e+00
5.173472409999999577e-01 2.835773229598999023e+00
5.201808159999999903e-01 2.951676130294799805e+00
5.230144469999999934e-01 3.076315879821777344e+00
5.258481339999999671e-01 3.083198547363281250e+00
5.286818779999999940e-01 3.120433092117309570e+00
5.315156779999999914e-01 3.228713512420654297e+00
5.343495339999999594e-01 3.215738534927368164e+00
5.371834460000000089e-01 3.267638444900512695e+00
5.400174150000000006e-01 3.205771923065185547e+00
5.428514389999999912e-01 3.224779129028320312e+00
5.456855200000000350e-01 3.287576913833618164e+00
5.485196580000000210e-01 3.285487174987792969e+00
5.513538510000000059e-01 3.324250698089599609e+00
5.541881010000000440e-01 3.346887111663818359e+00
5.570224070000000527e-01 3.317533731460571289e+00
5.598567690000000319e-01 3.261992931365966797e+00
5.626911869999999816e-01 3.313430786132812500e+00
5.655256619999999845e-01 3.296993494033813477e+00
5.683601929999999580e-01 3.273329973220825195e+00
5.711947800000000131e-01 3.234845638275146484e+00
5.740294230000000386e-01 3.297960519790649414e+00
5.768641230000000064e-01 3.259814023971557617e+00
5.796988789999999447e-01 3.272008657455444336e+00
5.825336909999999646e-01 3.337183713912963867e+00
5.853685589999999550e-01 3.294535875320434570e+00
5.882034839999999987e-01 3.077418088912963867e+00
5.910384650000000129e-01 2.939838886260986328e+00
5.938735019999999976e-01 2.989219188690185547e+00
5.967085949999999528e-01 2.969569921493530273e+00
5.995437449999999613e-01 2.929363965988159180e+00
6.023789510000000513e-01 2.885739088058471680e+00
6.052142130000000009e-01 2.893401622772216797e+00
6.080495310000000320e-01 2.851187705993652344e+00
6.108849060000000053e-01 2.742955207824707031e+00
6.137203359999999774e-01 2.670069456100463867e+00
6.165558230000000028e-01 2.654811620712280273e+00
6.193913669999999705e-01 2.719159364700317383e+00
6.222269660000000480e-01 2.706962823867797852e+00
6.250626219999999567e-01 2.621462583541870117e+00
6.278983339999999469e-01 2.566871166229248047e+00
6.307341020000000187e-01 2.541775465011596680e+00
6.335699259999999500e-01 2.572511911392211914e+00
6.364058070000000455e-01 2.600135803222656250e+00
6.392417440000000006e-01 2.606565713882446289e+00
6.420777370000000372e-01 2.570640802383422852e+00
6.449137860000000444e-01 2.535872936248779297e+00
6.477498919999999938e-01 2.418360233306884766e+00
6.505860540000000247e-01 2.405945301055908203e+00
6.534222720000000262e-01 2.401643753051757812e+00
6.562585459999999982e-01 2.199557304382324219e+00
6.590948770000000234e-01 2.298878669738769531e+00
6.619312640000000192e-01 2.354847431182861328e+00
6.647677069999999855e-01 2.340612649917602539e+00
6.676042060000000333e-01 2.321249008178710938e+00
6.704407620000000234e-01 2.302519798278808594e+00
6.732773739999999840e-01 2.273836374282836914e+00
6.761140420000000262e-01 2.263962268829345703e+00
6.789507660000000389e-01 2.234252452850341797e+00
6.817875469999999938e-01 2.221933841705322266e+00
6.846243829999999475e-01 2.126284360885620117e+00
6.874612759999999545e-01 1.781379580497741699e+00
6.902982260000000148e-01 1.800433874130249023e+00
6.931352309999999628e-01 1.829898357391357422e+00
6.959722929999999641e-01 1.841068744659423828e+00
6.988094110000000470e-01 1.813192009925842285e+00
7.016465849999999893e-01 1.706516265869140625e+00
7.044838150000000132e-01 1.702874064445495605e+00
7.073211019999999793e-01 1.661744236946105957e+00
7.101584450000000270e-01 1.601595520973205566e+00
7.129958440000000452e-01 1.497798562049865723e+00
7.158332990000000340e-01 1.266159653663635254e+00
7.186708109999999650e-01 9.196034073829650879e-01
7.215083789999999775e-01 9.438969492912292480e-01
7.243460029999999605e-01 8.620305061340332031e-01
7.271836830000000251e-01 7.835294008255004883e-01
7.300214200000000320e-01 7.254801392555236816e-01
7.328592130000000093e-01 7.488566637039184570e-01
7.356970619999999572e-01 7.356310486793518066e-01
7.385349669999999866e-01 7.159157395362854004e-01
7.413729289999999583e-01 7.184330224990844727e-01
7.442109470000000115e-01 7.201575040817260742e-01
7.470490210000000353e-01 7.285808920860290527e-01
7.498871510000000296e-01 7.134041190147399902e-01
7.527253379999999661e-01 7.047269940376281738e-01
7.555635800000000124e-01 7.000272274017333984e-01
7.584018790000000010e-01 5.802497863769531250e-01
7.612402350000000428e-01 2.678590118885040283e-01
7.640786459999999725e-01 3.265410363674163818e-01
7.669171139999999554e-01 5.211479663848876953e-01
7.697556380000000198e-01 6.386164426803588867e-01
7.725942180000000548e-01 6.575179100036621094e-01
7.754328539999999492e-01 6.631141901016235352e-01
7.782715470000000080e-01 6.621751785278320312e-01
7.811102960000000373e-01 6.648350954055786133e-01
7.839491010000000371e-01 6.663994789123535156e-01
7.867879620000000074e-01 6.593335270881652832e-01
7.896268800000000310e-01 6.411457657814025879e-01
7.924658540000000251e-01 6.354568600654602051e-01
7.953048839999999897e-01 6.427254676818847656e-01
7.981439700000000359e-01 6.549434661865234375e-01
8.009831130000000243e-01 6.385766863822937012e-01
8.038223119999999833e-01 6.441053152084350586e-01
8.066615670000000238e-01 6.593413352966308594e-01
8.095008780000000348e-01 6.320263743400573730e-01
8.123402459999999881e-01 5.671213269233703613e-01
8.151796700000000229e-01 4.603654444217681885e-01
8.180191500000000282e-01 4.357011318206787109e-01
8.208586860000000041e-01 4.693671464920043945e-01
8.236982790000000332e-01 4.290063977241516113e-01
8.265379269999999501e-01 4.456993639469146729e-01
8.293776320000000313e-01 3.939229846000671387e-01
8.322173940000000547e-01 3.827494382858276367e-01
8.350572109999999659e-01 3.898218274116516113e-01
8.378970850000000414e-01 3.913176059722900391e-01
8.407370149999999764e-01 3.916333317756652832e-01
8.435770009999999930e-01 3.945041596889495850e-01
8.464170429999999801e-01 3.888777792453765869e-01
8.492571420000000204e-01 3.713797330856323242e-01
8.520972970000000313e-01 3.556168377399444580e-01
8.549375080000000127e-01 3.335945904254913330e-01
8.577777749999999646e-01 3.590599298477172852e-01
8.606180989999999698e-01 3.566449582576751709e-01
8.634584789999999455e-01 3.427550196647644043e-01
8.662989150000000027e-01 3.171461224555969238e-01
8.691394070000000305e-01 3.217972517013549805e-01
8.719799560000000005e-01 3.255580663681030273e-01
8.748205610000000521e-01 3.133009076118469238e-01
8.776612219999999631e-01 3.043586313724517822e-01
8.805019389999999557e-01 2.955783605575561523e-01
8.833427130000000016e-01 2.895559072494506836e-01
8.861835430000000180e-01 2.807131409645080566e-01
8.890244290000000049e-01 2.747868597507476807e-01
8.918653709999999624e-01 2.601136565208435059e-01
8.947063699999999731e-01 2.227943390607833862e-01
8.975474239999999826e-01 1.775290369987487793e-01
9.003885350000000454e-01 1.597965061664581299e-01
9.032297030000000504e-01 1.799027770757675171e-01
9.060709260000000542e-01 1.884473711252212524e-01
9.089122060000000003e-01 1.453539729118347168e-01
9.117535420000000279e-01 1.511670798063278198e-01
9.145949340000000261e-01 1.394460052251815796e-01
9.174363819999999947e-01 1.391241848468780518e-01
9.202778870000000166e-01 1.574161052703857422e-01
9.231194480000000091e-01 1.436631977558135986e-01
9.259610649999999721e-01 1.352950632572174072e-01
9.288027380000000166e-01 9.950506687164306641e-02
9.316444680000000034e-01 5.352323874831199646e-02
9.344862539999999607e-01 2.990240044891834259e-02
9.373280959999999995e-01 3.294868394732475281e-02
9.401699940000000089e-01 4.948706552386283875e-02
9.430119489999999605e-01 4.377222061157226562e-02
9.458539599999999936e-01 4.144052043557167053e-02
9.486960269999999973e-01 4.186519980430603027e-02
9.515381499999999715e-01 4.434544593095779419e-02
9.543803299999999989e-01 4.689214378595352173e-02
9.572225659999999969e-01 5.055431276559829712e-02
9.600648579999999654e-01 5.581428483128547668e-02
9.629072060000000155e-01 6.063671037554740906e-02
9.657496110000000078e-01 6.754188239574432373e-02
9.685920709999999989e-01 8.931796997785568237e-02
9.714345880000000433e-01 9.303528815507888794e-02
9.742771620000000299e-01 8.184624463319778442e-02
9.771197910000000153e-01 8.549263328313827515e-02
9.799624770000000540e-01 8.891715854406356812e-02
9.828052189999999522e-01 9.817317128181457520e-02
9.856480170000000429e-01 1.051720082759857178e-01
9.884908709999999932e-01 1.087224856019020081e-01
9.913337819999999967e-01 1.124357059597969055e-01
9.941767489999999707e-01 1.122946515679359436e-01
9.970197720000000263e-01 1.112862899899482727e-01
9.998628510000000524e-01 1.112664341926574707e-01
1.002705986999999910e+00 1.091113686561584473e-01
1.005549178999999960e+00 1.109537333250045776e-01
1.008392426999999980e+00 1.086225584149360657e-01
1.011235730999999971e+00 1.106576025485992432e-01
1.014079092000000015e+00 1.090760231018066406e-01
1.016922509000000030e+00 1.177939623594284058e-01
1.019765982000000015e+00 1.128625571727752686e-01
1.022609510999999971e+00 1.150404736399650574e-01
1.025453096999999980e+00 1.118944734334945679e-01
1.028296738999999960e+00 1.139226555824279785e-01
1.031140436999999910e+00 1.155602484941482544e-01
1.033984191000000052e+00 1.184578686952590942e-01
1.036828002000000026e+00 1.206166818737983704e-01
1.039671868000000110e+00 1.129200980067253113e-01
1.042515791000000025e+00 1.083985418081283569e-01
1.045359770999999993e+00 1.041676178574562073e-01
