3.615872339999999796e-01 1.241368293762207031e+00
3.644177160000000026e-01 1.394829273223876953e+00
3.672482539999999962e-01 1.577208280563354492e+00
3.700788480000000158e-01 1.556726574897766113e+00
3.729094980000000059e-01 1.397021412849426270e+00
3.757402049999999938e-01 1.509510159492492676e+00
3.785709680000000077e-01 1.627804517745971680e+00
3.814017869999999921e-01 1.419954895973205566e+00
3.842326620000000026e-01 1.299140214920043945e+00
3.870635940000000108e-01 1.422752499580383301e+00
3.898945819999999896e-01 1.633306980133056641e+00
3.927256259999999943e-01 1.420810818672180176e+00
3.955567260000000251e-01 1.452760457992553711e+00
3.983878829999999982e-01 1.840039253234863281e+00
4.012190950000000256e-01 2.276491165161132812e+00
4.040503639999999952e-01 2.300029516220092773e+00
4.068816900000000181e-01 2.240425348281860352e+00
4.097130709999999842e-01 2.305750608444213867e+00
4.125445090000000037e-01 2.390065670013427734e+00
4.153760029999999936e-01 2.378901720046997070e+00
4.182075530000000096e-01 2.348527669906616211e+00
4.210391589999999962e-01 2.384860754013061523e+00
4.238708219999999804e-01 2.309293508529663086e+00
4.267025409999999908e-01 2.283158063888549805e+00
4.295343160000000271e-01 2.054794311523437500e+00
4.323661469999999785e-01 2.194146394729614258e+00
4.351980349999999831e-01 2.405865430831909180e+00
4.380299790000000137e-01 2.440147638320922852e+00
4.408619790000000149e-01 2.524640321731567383e+00
4.436940349999999866e-01 2.674747467041015625e+00
4.465261480000000116e-01 2.687281370162963867e+00
4.493583170000000071e-01 2.842880487442016602e+00
4.521905419999999731e-01 2.852336168289184570e+00
4.550228230000000207e-01 2.832856178283691406e+00
4.578551610000000105e-01 2.906251668930053711e+00
4.606875550000000263e-01 2.909416437149047852e+00
4.635200050000000127e-01 2.952966213226318359e+00
4.663525110000000251e-01 2.891177654266357422e+00
4.691850739999999798e-01 2.879420518875122070e+00
4.720176919999999887e-01 2.917403221130371094e+00
4.748503669999999954e-01 2.974510908126831055e+00
4.776830989999999999e-01 2.994414567947387695e+00
4.805158860000000032e-01 3.062010288238525391e+00
4.833487300000000042e-01 3.041250228881835938e+00
4.861816299999999758e-01 2.804489374160766602e+00
4.890145859999999733e-01 2.915945529937744141e+00
4.918475979999999970e-01 2.990157842636108398e+00
4.946806670000000183e-01 3.061939001083374023e+00
4.975137920000000102e-01 3.093807458877563477e+00
5.003469729999999727e-01 3.009668827056884766e+00
5.031802100000000166e-01 2.997412443161010742e+00
5.060135040000000028e-01 3.080594539642333984e+00
5.088468539999999596e-01 3.116642475128173828e+00
5.116802599999999979e-01 3.144150733947753906e+00
5.145137220000000067e-01 3.080384254455566406e+00
5.173472409999999577e-01 2.915739297866821289e+00
5.201808159999999903e-01 3.048007011413574219e+00
5.230144469999999934e-01 3.181551933288574219e+00
5.258481339999999671e-01 3.189559936523437500e+00
5.286818779999999940e-01 3.235671520233154297e+00
5.315156779999999914e-01 3.342286825180053711e+00
5.343495339999999594e-01 3.337975263595581055e+00
5.371834460000000089e-01 3.379155397415161133e+00
5.400174150000000006e-01 3.313671588897705078e+00
5.428514389999999912e-01 3.339478254318237305e+00
5.456855200000000350e-01 3.416938781738281250e+00
5.485196580000000210e-01 3.424807071685791016e+00
5.513538510000000059e-01 3.459404468536376953e+00
5.541881010000000440e-01 3.493405342102050781e+00
5.570224070000000527e-01 3.454258680343627930e+00
5.598567690000000319e-01 3.399489641189575195e+00
5.626911869999999816e-01 3.463499784469604492e+00
5.655256619999999845e-01 3.459933519363403320e+00
5.683601929999999580e-01 3.424301624298095703e+00
5.711947800000000131e-01 3.381545305252075195e+00
5.740294230000000386e-01 3.432490587234497070e+00
5.768641230000000064e-01 3.410034418106079102e+00
5.796988789999999447e-01 3.417646408081054688e+00
5.825336909999999646e-01 3.495205879211425781e+00
5.853685589999999550e-01 3.462491273880004883e+00
5.882034839999999987e-01 3.236724615097045898e+00
5.910384650000000129e-01 3.092528104782104492e+00
5.938735019999999976e-01 3.150217056274414062e+00
5.967085949999999528e-01 3.138522624969482422e+00
5.995437449999999613e-01 3.117538928985595703e+00
6.023789510000000513e-01 3.085304021835327148e+00
6.052142130000000009e-01 3.102153301239013672e+00
6.080495310000000320e-01 3.071249008178710938e+00
6.108849060000000053e-01 2.908615589141845703e+00
6.137203359999999774e-01 2.830121040344238281e+00
6.165558230000000028e-01 2.830667257308959961e+00
6.193913669999999705e-01 2.902475118637084961e+00
6.222269660000000480e-01 2.898519515991210938e+00
6.250626219999999567e-01 2.825366258621215820e+00
6.278983339999999469e-01 2.752551317214965820e+00
6.307341020000000187e-01 2.732812404632568359e+00
6.335699259999999500e-01 2.756116151809692383e+00
6.364058070000000455e-01 2.788579463958740234e+00
6.392417440000000006e-01 2.798982143402099609e+00
6.420777370000000372e-01 2.770262002944946289e+00
6.449137860000000444e-01 2.724307775497436523e+00
6.477498919999999938e-01 2.600499153137207031e+00
6.505860540000000247e-01 2.585748910903930664e+00
6.534222720000000262e-01 2.584438323974609375e+00
6.562585459999999982e-01 2.371607542037963867e+00
6.590948770000000234e-01 2.482295513153076172e+00
6.619312640000000192e-01 2.540099620819091797e+00
6.647677069999999855e-01 2.515974998474121094e+00
6.676042060000000333e-01 2.485996723175048828e+00
6.704407620000000234e-01 2.453531265258789062e+00
6.732773739999999840e-01 2.428457975387573242e+00
6.761140420000000262e-01 2.407808780670166016e+00
6.789507660000000389e-01 2.401032209396362305e+00
6.817875469999999938e-01 2.383864402770996094e+00
6.846243829999999475e-01 2.298131704330444336e+00
6.874612759999999545e-01 1.940270066261291504e+00
6.902982260000000148e-01 1.982256770133972168e+00
6.931352309999999628e-01 2.023984193801879883e+00
6.959722929999999641e-01 2.036494016647338867e+00
6.988094110000000470e-01 2.032630205154418945e+00
7.016465849999999893e-01 1.925666332244873047e+00
7.044838150000000132e-01 1.921329975128173828e+00
7.073211019999999793e-01 1.887320041656494141e+00
7.101584450000000270e-01 1.821931481361389160e+00
7.129958440000000452e-01 1.717149257659912109e+00
7.158332990000000340e-01 1.459488272666931152e+00
7.186708109999999650e-01 1.058448672294616699e+00
7.215083789999999775e-01 1.079569697380065918e+00
7.243460029999999605e-01 9.947033524513244629e-01
7.271836830000000251e-01 8.973359465599060059e-01
7.300214200000000320e-01 8.322029113769531250e-01
7.328592130000000093e-01 8.483906388282775879e-01
7.356970619999999572e-01 8.418543934822082520e-01
7.385349669999999866e-01 8.099537491798400879e-01
7.413729289999999583e-01 8.213481903076171875e-01
7.442109470000000115e-01 8.283978700637817383e-01
7.470490210000000353e-01 8.230614066123962402e-01
7.498871510000000296e-01 8.133168220520019531e-01
7.527253379999999661e-01 8.074073195457458496e-01
7.555635800000000124e-01 7.940353751182556152e-01
7.584018790000000010e-01 6.540058255195617676e-01
7.612402350000000428e-01 3.090296983718872070e-01
7.640786459999999725e-01 3.660475313663482666e-01
7.669171139999999554e-01 5.931710600852966309e-01
7.697556380000000198e-01 7.180061340332031250e-01
7.725942180000000548e-01 7.551707625389099121e-01
7.754328539999999492e-01 7.508257031440734863e-01
7.782715470000000080e-01 7.574036717414855957e-01
7.811102960000000373e-01 7.581720352172851562e-01
7.839491010000000371e-01 7.620230317115783691e-01
7.867879620000000074e-01 7.530820369720458984e-01
7.896268800000000310e-01 7.312853336334228516e-01
7.924658540000000251e-01 7.349683642387390137e-01
7.953048839999999897e-01 7.418081164360046387e-01
7.981439700000000359e-01 7.488791942596435547e-01
8.009831130000000243e-01 7.420880794525146484e-01
8.038223119999999833e-01 7.457862496376037598e-01
8.066615670000000238e-01 7.606763243675231934e-01
8.095008780000000348e-01 7.330860495567321777e-01
8.123402459999999881e-01 6.554808616638183594e-01
8.151796700000000229e-01 5.361728072166442871e-01
8.180191500000000282e-01 5.003161430358886719e-01
8.208586860000000041e-01 5.368051528930664062e-01
8.236982790000000332e-01 4.956959187984466553e-01
8.265379269999999501e-01 5.085174441337585449e-01
8.293776320000000313e-01 4.533769786357879639e-01
8.322173940000000547e-01 4.320342540740966797e-01
8.350572109999999659e-01 4.410753846168518066e-01
8.378970850000000414e-01 4.436739683151245117e-01
8.407370149999999764e-01 4.465637207031250000e-01
8.435770009999999930e-01 4.391037225723266602e-01
8.464170429999999801e-01 4.390902817249298096e-01
8.492571420000000204e-01 4.179939329624176025e-01
8.520972970000000313e-01 3.949033021926879883e-01
8.549375080000000127e-01 3.762174844741821289e-01
8.577777749999999646e-01 3.970143795013427734e-01
8.606180989999999698e-01 3.926106393337249756e-01
8.634584789999999455e-01 3.880392014980316162e-01
8.662989150000000027e-01 3.543835878372192383e-01
8.691394070000000305e-01 3.583091795444488525e-01
8.719799560000000005e-01 3.594598770141601562e-01
8.748205610000000521e-01 3.455613255500793457e-01
8.776612219999999631e-01 3.379714190959930420e-01
8.805019389999999557e-01 3.287680149078369141e-01
8.833427130000000016e-01 3.251882195472717285e-01
8.861835430000000180e-01 3.079348802566528320e-01
8.890244290000000049e-01 3.009814918041229248e-01
8.918653709999999624e-01 2.831679284572601318e-01
8.947063699999999731e-01 2.418288588523864746e-01
8.975474239999999826e-01 1.928201913833618164e-01
9.003885350000000454e-01 1.720871478319168091e-01
9.032297030000000504e-01 1.979919523000717163e-01
9.060709260000000542e-01 1.976151019334793091e-01
9.089122060000000003e-01 1.596843898296356201e-01
9.117535420000000279e-01 1.610801517963409424e-01
9.145949340000000261e-01 1.475333273410797119e-01
9.174363819999999947e-01 1.459900885820388794e-01
9.202778870000000166e-01 1.704170852899551392e-01
9.231194480000000091e-01 1.585608869791030884e-01
9.259610649999999721e-01 1.494038701057434082e-01
9.288027380000000166e-01 1.015702411532402039e-01
9.316444680000000034e-01 5.707446485757827759e-02
9.344862539999999607e-01 2.930068597197532654e-02
9.373280959999999995e-01 3.329895436763763428e-02
9.401699940000000089e-01 5.288798362016677856e-02
9.430119489999999605e-01 4.729574918746948242e-02
9.458539599999999936e-01 3.847432509064674377e-02
9.486960269999999973e-01 4.368659108877182007e-02
9.515381499999999715e-01 3.977276757359504700e-02
9.543803299999999989e-01 4.598684981465339661e-02
9.572225659999999969e-01 4.901071265339851379e-02
9.600648579999999654e-01 4.968713596463203430e-02
9.629072060000000155e-01 5.953957512974739075e-02
9.657496110000000078e-01 6.639607995748519897e-02
9.685920709999999989e-01 8.772037923336029053e-02
9.714345880000000433e-01 9.413000196218490601e-02
9.742771620000000299e-01 8.230783790349960327e-02
9.771197910000000153e-01 8.643440157175064087e-02
9.799624770000000540e-01 9.158068895339965820e-02
9.828052189999999522e-01 1.012776270508766174e-01
9.856480170000000429e-01 1.051099672913551331e-01
9.884908709999999932e-01 1.085425689816474915e-01
9.913337819999999967e-01 1.101851835846900940e-01
9.941767489999999707e-01 1.097176373004913330e-01
9.970197720000000263e-01 1.155627369880676270e-01
9.998628510000000524e-01 1.115151718258857727e-01
1.002705986999999910e+00 1.101352870464324951e-01
1.005549178999999960e+00 1.075912639498710632e-01
1.008392426999999980e+00 1.101415306329727173e-01
1.011235730999999971e+00 1.103772595524787903e-01
1.014079092000000015e+00 1.142886728048324585e-01
1.016922509000000030e+00 1.146630197763442993e-01
1.019765982000000015e+00 1.141747236251831055e-01
1.022609510999999971e+00 1.144023239612579346e-01
1.025453096999999980e+00 1.177146881818771362e-01
1.028296738999999960e+00 1.094505786895751953e-01
1.031140436999999910e+00 1.134674325585365295e-01
1.033984191000000052e+00 1.067577078938484192e-01
1.036828002000000026e+00 1.085686013102531433e-01
1.039671868000000110e+00 1.096394658088684082e-01
1.042515791000000025e+00 1.120210736989974976e-01
1.045359770999999993e+00 1.241365075111389160e-01
