3.615872339999999796e-01 1.303923130035400391e+00
3.644177160000000026e-01 1.451680064201354980e+00
3.672482539999999962e-01 1.552310109138488770e+00
3.700788480000000158e-01 1.581882238388061523e+00
3.729094980000000059e-01 1.435079216957092285e+00
3.757402049999999938e-01 1.497896552085876465e+00
3.785709680000000077e-01 1.678884744644165039e+00
3.814017869999999921e-01 1.418039679527282715e+00
3.842326620000000026e-01 1.311758279800415039e+00
3.870635940000000108e-01 1.460271954536437988e+00
3.898945819999999896e-01 1.624994397163391113e+00
3.927256259999999943e-01 1.407927870750427246e+00
3.955567260000000251e-01 1.460669875144958496e+00
3.983878829999999982e-01 1.846076726913452148e+00
4.012190950000000256e-01 2.269117593765258789e+00
4.040503639999999952e-01 2.269426584243774414e+00
4.068816900000000181e-01 2.236803770065307617e+00
4.097130709999999842e-01 2.295410633087158203e+00
4.125445090000000037e-01 2.366660118103027344e+00
4.153760029999999936e-01 2.395810842514038086e+00
4.182075530000000096e-01 2.333296298980712891e+00
4.210391589999999962e-01 2.362695932388305664e+00
4.238708219999999804e-01 2.316453933715820312e+00
4.267025409999999908e-01 2.265009641647338867e+00
4.295343160000000271e-01 2.047522544860839844e+00
4.323661469999999785e-01 2.204025506973266602e+00
4.351980349999999831e-01 2.385091304779052734e+00
4.380299790000000137e-01 2.409752130508422852e+00
4.408619790000000149e-01 2.489935636520385742e+00
4.436940349999999866e-01 2.636293649673461914e+00
4.465261480000000116e-01 2.657550096511840820e+00
4.493583170000000071e-01 2.816474914550781250e+00
4.521905419999999731e-01 2.848320007324218750e+00
4.550228230000000207e-01 2.797342777252197266e+00
4.578551610000000105e-01 2.847755908966064453e+00
4.606875550000000263e-01 2.886467933654785156e+00
4.635200050000000127e-01 2.905784845352172852e+00
4.663525110000000251e-01 2.857377529144287109e+00
4.691850739999999798e-01 2.843147754669189453e+00
4.720176919999999887e-01 2.868109703063964844e+00
4.748503669999999954e-01 2.927420616149902344e+00
4.776830989999999999e-01 2.954128503799438477e+00
4.805158860000000032e-01 3.016275405883789062e+00
4.833487300000000042e-01 3.012087821960449219e+00
4.861816299999999758e-01 2.760407209396362305e+00
4.890145859999999733e-01 2.876685380935668945e+00
4.918475979999999970e-01 2.967038631439208984e+00
4.946806670000000183e-01 3.017158031463623047e+00
4.975137920000000102e-01 3.032133102416992188e+00
5.003469729999999727e-01 2.954618215560913086e+00
5.031802100000000166e-01 2.937220811843872070e+00
5.060135040000000028e-01 3.024924278259277344e+00
5.088468539999999596e-01 3.047824621200561523e+00
5.116802599999999979e-01 3.072145700454711914e+00
5.145137220000000067e-01 3.006574630737304688e+00
5.173472409999999577e-01 2.844699859619140625e+00
5.201808159999999903e-01 2.976286411285400391e+00
5.230144469999999934e-01 3.113541364669799805e+00
5.258481339999999671e-01 3.118865251541137695e+00
5.286818779999999940e-01 3.155586719512939453e+00
5.315156779999999914e-01 3.265269279479980469e+00
5.343495339999999594e-01 3.253654479980468750e+00
5.371834460000000089e-01 3.304080486297607422e+00
5.400174150000000006e-01 3.236711025238037109e+00
5.428514389999999912e-01 3.267795085906982422e+00
5.456855200000000350e-01 3.312778949737548828e+00
5.485196580000000210e-01 3.337828159332275391e+00
5.513538510000000059e-01 3.358562469482421875e+00
5.541881010000000440e-01 3.396962404251098633e+00
5.570224070000000527e-01 3.353083372116088867e+00
5.598567690000000319e-01 3.306766748428344727e+00
5.626911869999999816e-01 3.358656167984008789e+00
5.655256619999999845e-01 3.357310295104980469e+00
5.683601929999999580e-01 3.327893257141113281e+00
5.711947800000000131e-01 3.278498649597167969e+00
5.740294230000000386e-01 3.341452121734619141e+00
5.768641230000000064e-01 3.303258419036865234e+00
5.796988789999999447e-01 3.317159652709960938e+00
5.825336909999999646e-01 3.391803741455078125e+00
5.853685589999999550e-01 3.350947141647338867e+00
5.882034839999999987e-01 3.130089282989501953e+00
5.910384650000000129e-01 2.997207880020141602e+00
5.938735019999999976e-01 3.048317670822143555e+00
5.967085949999999528e-01 3.034168720245361328e+00
5.995437449999999613e-01 2.989107608795166016e+00
6.023789510000000513e-01 2.954769611358642578e+00
6.052142130000000009e-01 2.972753286361694336e+00
6.080495310000000320e-01 2.917559623718261719e+00
6.108849060000000053e-01 2.822760581970214844e+00
6.137203359999999774e-01 2.755529165267944336e+00
6.165558230000000028e-01 2.724475383758544922e+00
6.193913669999999705e-01 2.794103384017944336e+00
6.222269660000000480e-01 2.787444591522216797e+00
6.250626219999999567e-01 2.701980829238891602e+00
6.278983339999999469e-01 2.634342432022094727e+00
6.307341020000000187e-01 2.621661424636840820e+00
6.335699259999999500e-01 2.648716926574707031e+00
6.364058070000000455e-01 2.676551818847656250e+00
6.392417440000000006e-01 2.683926105499267578e+00
6.420777370000000372e-01 2.653043508529663086e+00
6.449137860000000444e-01 2.619530439376831055e+00
6.477498919999999938e-01 2.502987623214721680e+00
6.505860540000000247e-01 2.480447053909301758e+00
6.534222720000000262e-01 2.476370573043823242e+00
6.562585459999999982e-01 2.274962186813354492e+00
6.590948770000000234e-01 2.386794090270996094e+00
6.619312640000000192e-01 2.444185972213745117e+00
6.647677069999999855e-01 2.421854496002197266e+00
6.676042060000000333e-01 2.400065898895263672e+00
6.704407620000000234e-01 2.367537736892700195e+00
6.732773739999999840e-01 2.349948167800903320e+00
6.761140420000000262e-01 2.334963321685791016e+00
6.789507660000000389e-01 2.317382335662841797e+00
6.817875469999999938e-01 2.293982028961181641e+00
6.846243829999999475e-01 2.212289810180664062e+00
6.874612759999999545e-01 1.851281285285949707e+00
6.902982260000000148e-01 1.878746628761291504e+00
6.931352309999999628e-01 1.914817929267883301e+00
6.959722929999999641e-01 1.927577018737792969e+00
6.988094110000000470e-01 1.906733751296997070e+00
7.016465849999999893e-01 1.798578381538391113e+00
7.044838150000000132e-01 1.800980925559997559e+00
7.073211019999999793e-01 1.765184998512268066e+00
7.101584450000000270e-01 1.701882123947143555e+00
7.129958440000000452e-01 1.607753396034240723e+00
7.158332990000000340e-01 1.362798810005187988e+00
7.186708109999999650e-01 9.927465915679931641e-01
7.215083789999999775e-01 1.021386384963989258e+00
7.243460029999999605e-01 9.368273615837097168e-01
7.271836830000000251e-01 8.493329882621765137e-01
7.300214200000000320e-01 7.988407015800476074e-01
7.328592130000000093e-01 8.214966058731079102e-01
7.356970619999999572e-01 8.217889070510864258e-01
7.385349669999999866e-01 7.985612154006958008e-01
7.413729289999999583e-01 8.024051785469055176e-01
7.442109470000000115e-01 8.107903599739074707e-01
7.470490210000000353e-01 8.183516860008239746e-01
7.498871510000000296e-01 8.014328479766845703e-01
7.527253379999999661e-01 7.945477366447448730e-01
7.555635800000000124e-01 7.879630327224731445e-01
7.584018790000000010e-01 6.543810367584228516e-01
7.612402350000000428e-01 3.078559339046478271e-01
7.640786459999999725e-01 3.720330595970153809e-01
7.669171139999999554e-01 5.932428240776062012e-01
7.697556380000000198e-01 7.205739021301269531e-01
7.725942180000000548e-01 7.483440041542053223e-01
7.754328539999999492e-01 7.528915405273437500e-01
7.782715470000000080e-01 7.476984262466430664e-01
7.811102960000000373e-01 7.545152902603149414e-01
7.839491010000000371e-01 7.533769011497497559e-01
7.867879620000000074e-01 7.495368123054504395e-01
7.896268800000000310e-01 7.193826436996459961e-01
7.924658540000000251e-01 7.221711874008178711e-01
7.953048839999999897e-01 7.348089218139648438e-01
7.981439700000000359e-01 7.409315109252929688e-01
8.009831130000000243e-01 7.320756316184997559e-01
8.038223119999999833e-01 7.329306006431579590e-01
8.066615670000000238e-01 7.509177923202514648e-01
8.095008780000000348e-01 7.164375185966491699e-01
8.123402459999999881e-01 6.471436023712158203e-01
8.151796700000000229e-01 5.323098301887512207e-01
8.180191500000000282e-01 5.055602192878723145e-01
8.208586860000000041e-01 5.375363230705261230e-01
8.236982790000000332e-01 4.921841919422149658e-01
8.265379269999999501e-01 5.156879425048828125e-01
8.293776320000000313e-01 4.608586132526397705e-01
8.322173940000000547e-01 4.448814094066619873e-01
8.350572109999999659e-01 4.530514180660247803e-01
8.378970850000000414e-01 4.647527635097503662e-01
8.407370149999999764e-01 4.620696008205413818e-01
8.435770009999999930e-01 4.639415740966796875e-01
8.464170429999999801e-01 4.588786065578460693e-01
8.492571420000000204e-01 4.397920966148376465e-01
8.520972970000000313e-01 4.225898087024688721e-01
8.549375080000000127e-01 3.956131041049957275e-01
8.577777749999999646e-01 4.244378209114074707e-01
8.606180989999999698e-01 4.158673286437988281e-01
8.634584789999999455e-01 4.110644459724426270e-01
8.662989150000000027e-01 3.801862597465515137e-01
8.691394070000000305e-01 3.922670185565948486e-01
8.719799560000000005e-01 3.822700977325439453e-01
8.748205610000000521e-01 3.749612271785736084e-01
8.776612219999999631e-01 3.675163686275482178e-01
8.805019389999999557e-01 3.561508059501647949e-01
8.833427130000000016e-01 3.491365015506744385e-01
8.861835430000000180e-01 3.404066860675811768e-01
8.890244290000000049e-01 3.328254222869873047e-01
8.918653709999999624e-01 3.138051927089691162e-01
8.947063699999999731e-01 2.691428661346435547e-01
8.975474239999999826e-01 2.144692838191986084e-01
9.003885350000000454e-01 1.963231563568115234e-01
9.032297030000000504e-01 2.274686545133590698e-01
9.060709260000000542e-01 2.230165302753448486e-01
9.089122060000000003e-01 1.860624700784683228e-01
9.117535420000000279e-01 1.850673258304595947e-01
9.145949340000000261e-01 1.659919321537017822e-01
9.174363819999999947e-01 1.725070625543594360e-01
9.202778870000000166e-01 1.958538293838500977e-01
9.231194480000000091e-01 1.873393505811691284e-01
9.259610649999999721e-01 1.705037057399749756e-01
9.288027380000000166e-01 1.279746592044830322e-01
9.316444680000000034e-01 6.967546790838241577e-02
9.344862539999999607e-01 4.431780055165290833e-02
9.373280959999999995e-01 4.594621807336807251e-02
9.401699940000000089e-01 7.378927618265151978e-02
9.430119489999999605e-01 6.390125304460525513e-02
9.458539599999999936e-01 5.267543718218803406e-02
9.486960269999999973e-01 6.519500911235809326e-02
9.515381499999999715e-01 6.026354804635047913e-02
9.543803299999999989e-01 6.550318002700805664e-02
9.572225659999999969e-01 6.974456459283828735e-02
9.600648579999999654e-01 6.758381426334381104e-02
9.629072060000000155e-01 8.226786553859710693e-02
9.657496110000000078e-01 9.092550724744796753e-02
9.685920709999999989e-01 1.116755157709121704e-01
9.714345880000000433e-01 1.226371452212333679e-01
9.742771620000000299e-01 1.093439310789108276e-01
9.771197910000000153e-01 1.167822256684303284e-01
9.799624770000000540e-01 1.213715970516204834e-01
9.828052189999999522e-01 1.317292749881744385e-01
9.856480170000000429e-01 1.447553187608718872e-01
9.884908709999999932e-01 1.486181169748306274e-01
9.913337819999999967e-01 1.460202336311340332e-01
9.941767489999999707e-01 1.508389562368392944e-01
9.970197720000000263e-01 1.510427743196487427e-01
9.998628510000000524e-01 1.531369388103485107e-01
1.002705986999999910e+00 1.507388055324554443e-01
1.005549178999999960e+00 1.480809301137924194e-01
1.008392426999999980e+00 1.552354395389556885e-01
1.011235730999999971e+00 1.480467766523361206e-01
1.014079092000000015e+00 1.468583345413208008e-01
1.016922509000000030e+00 1.558966785669326782e-01
1.019765982000000015e+00 1.479257196187973022e-01
1.022609510999999971e+00 1.529159247875213623e-01
1.025453096999999980e+00 1.590743958950042725e-01
1.028296738999999960e+00 1.588874459266662598e-01
1.031140436999999910e+00 1.645763218402862549e-01
1.033984191000000052e+00 1.620207130908966064e-01
1.036828002000000026e+00 1.508675515651702881e-01
1.039671868000000110e+00 1.601166129112243652e-01
1.042515791000000025e+00 1.714372336864471436e-01
1.045359770999999993e+00 1.728043854236602783e-01
