3.615872339999999796e-01 1.318507194519042969e+00
3.644177160000000026e-01 1.430863022804260254e+00
3.672482539999999962e-01 1.595030546188354492e+00
3.700788480000000158e-01 1.579120159149169922e+00
3.729094980000000059e-01 1.428428649902343750e+00
3.757402049999999938e-01 1.521660923957824707e+00
3.785709680000000077e-01 1.616820812225341797e+00
3.814017869999999921e-01 1.393398404121398926e+00
3.842326620000000026e-01 1.275256395339965820e+00
3.870635940000000108e-01 1.421370625495910645e+00
3.898945819999999896e-01 1.611212611198425293e+00
3.927256259999999943e-01 1.409313797950744629e+00
3.955567260000000251e-01 1.430567860603332520e+00
3.983878829999999982e-01 1.829629182815551758e+00
4.012190950000000256e-01 2.274772167205810547e+00
4.040503639999999952e-01 2.267782211303710938e+00
4.068816900000000181e-01 2.204815864562988281e+00
4.097130709999999842e-01 2.237116336822509766e+00
4.125445090000000037e-01 2.351769447326660156e+00
4.153760029999999936e-01 2.351995944976806641e+00
4.182075530000000096e-01 2.290084838867187500e+00
4.210391589999999962e-01 2.308019399642944336e+00
4.238708219999999804e-01 2.256542682647705078e+00
4.267025409999999908e-01 2.223593235015869141e+00
4.295343160000000271e-01 2.038841485977172852e+00
4.323661469999999785e-01 2.154544353485107422e+00
4.351980349999999831e-01 2.341927766799926758e+00
4.380299790000000137e-01 2.359544038772583008e+00
4.408619790000000149e-01 2.430260419845581055e+00
4.436940349999999866e-01 2.591294288635253906e+00
4.465261480000000116e-01 2.595643758773803711e+00
4.493583170000000071e-01 2.742110967636108398e+00
4.521905419999999731e-01 2.767522096633911133e+00
4.550228230000000207e-01 2.753818035125732422e+00
4.578551610000000105e-01 2.808191299438476562e+00
4.606875550000000263e-01 2.827002048492431641e+00
4.635200050000000127e-01 2.844337224960327148e+00
4.663525110000000251e-01 2.788900375366210938e+00
4.691850739999999798e-01 2.785042762756347656e+00
4.720176919999999887e-01 2.809388637542724609e+00
4.748503669999999954e-01 2.849672555923461914e+00
4.776830989999999999e-01 2.906232833862304688e+00
4.805158860000000032e-01 2.943800926208496094e+00
4.833487300000000042e-01 2.918371200561523438e+00
4.861816299999999758e-01 2.687924623489379883e+00
4.890145859999999733e-01 2.807298660278320312e+00
4.918475979999999970e-01 2.881093263626098633e+00
4.946806670000000183e-01 2.936240196228027344e+00
4.975137920000000102e-01 2.960773706436157227e+00
5.003469729999999727e-01 2.880442142486572266e+00
5.031802100000000166e-01 2.869695186614990234e+00
5.060135040000000028e-01 2.942987203598022461e+00
5.088468539999999596e-01 2.967985153198242188e+00
5.116802599999999979e-01 3.002945184707641602e+00
5.145137220000000067e-01 2.921058654785156250e+00
5.173472409999999577e-01 2.767635583877563477e+00
5.201808159999999903e-01 2.892829656600952148e+00
5.230144469999999934e-01 3.020009279251098633e+00
5.258481339999999671e-01 3.029448270797729492e+00
5.286818779999999940e-01 3.069885492324829102e+00
5.315156779999999914e-01 3.163328886032104492e+00
5.343495339999999594e-01 3.154239892959594727e+00
5.371834460000000089e-01 3.194356203079223633e+00
5.400174150000000006e-01 3.140756607055664062e+00
5.428514389999999912e-01 3.162026643753051758e+00
5.456855200000000350e-01 3.213595628738403320e+00
5.485196580000000210e-01 3.227945089340209961e+00
5.513538510000000059e-01 3.256703376770019531e+00
5.541881010000000440e-01 3.288568258285522461e+00
5.570224070000000527e-01 3.254182815551757812e+00
5.598567690000000319e-01 3.205588579177856445e+00
5.626911869999999816e-01 3.251491069793701172e+00
5.655256619999999845e-01 3.248584032058715820e+00
5.683601929999999580e-01 3.212317705154418945e+00
5.711947800000000131e-01 3.185285806655883789e+00
5.740294230000000386e-01 3.230763912200927734e+00
5.768641230000000064e-01 3.200388908386230469e+00
5.796988789999999447e-01 3.207578659057617188e+00
5.825336909999999646e-01 3.273385524749755859e+00
5.853685589999999550e-01 3.223524093627929688e+00
5.882034839999999987e-01 3.013854026794433594e+00
5.910384650000000129e-01 2.876167774200439453e+00
5.938735019999999976e-01 2.922360181808471680e+00
5.967085949999999528e-01 2.901101589202880859e+00
5.995437449999999613e-01 2.857864141464233398e+00
6.023789510000000513e-01 2.825857162475585938e+00
6.052142130000000009e-01 2.823655605316162109e+00
6.080495310000000320e-01 2.784828662872314453e+00
6.108849060000000053e-01 2.641174793243408203e+00
6.137203359999999774e-01 2.615121603012084961e+00
6.165558230000000028e-01 2.595414161682128906e+00
6.193913669999999705e-01 2.664510011672973633e+00
6.222269660000000480e-01 2.641230344772338867e+00
6.250626219999999567e-01 2.575752019882202148e+00
6.278983339999999469e-01 2.512536287307739258e+00
6.307341020000000187e-01 2.485026359558105469e+00
6.335699259999999500e-01 2.518973827362060547e+00
6.364058070000000455e-01 2.537145376205444336e+00
6.392417440000000006e-01 2.543853521347045898e+00
6.420777370000000372e-01 2.521384954452514648e+00
6.449137860000000444e-01 2.474269151687622070e+00
6.477498919999999938e-01 2.356191635131835938e+00
6.505860540000000247e-01 2.343831539154052734e+00
6.534222720000000262e-01 2.337256431579589844e+00
6.562585459999999982e-01 2.146794080734252930e+00
6.590948770000000234e-01 2.247745037078857422e+00
6.619312640000000192e-01 2.303968429565429688e+00
6.647677069999999855e-01 2.277677297592163086e+00
6.676042060000000333e-01 2.258433818817138672e+00
6.704407620000000234e-01 2.235116720199584961e+00
6.732773739999999840e-01 2.227826118469238281e+00
6.761140420000000262e-01 2.195720672607421875e+00
6.789507660000000389e-01 2.186525106430053711e+00
6.817875469999999938e-01 2.152691841125488281e+00
6.846243829999999475e-01 2.066939592361450195e+00
6.874612759999999545e-01 1.738985776901245117e+00
6.902982260000000148e-01 1.748015761375427246e+00
6.931352309999999628e-01 1.776614546775817871e+00
6.959722929999999641e-01 1.794958114624023438e+00
6.988094110000000470e-01 1.763142943382263184e+00
7.016465849999999893e-01 1.659875631332397461e+00
7.044838150000000132e-01 1.651405930519104004e+00
7.073211019999999793e-01 1.609253883361816406e+00
7.101584450000000270e-01 1.545519232749938965e+00
7.129958440000000452e-01 1.448094487190246582e+00
7.158332990000000340e-01 1.226491928100585938e+00
7.186708109999999650e-01 8.878609538078308105e-01
7.215083789999999775e-01 9.091254472732543945e-01
7.243460029999999605e-01 8.308405280113220215e-01
7.271836830000000251e-01 7.490348815917968750e-01
7.300214200000000320e-01 6.958444118499755859e-01
7.328592130000000093e-01 7.117512822151184082e-01
7.356970619999999572e-01 7.079983949661254883e-01
7.385349669999999866e-01 6.857585906982421875e-01
7.413729289999999583e-01 6.898338198661804199e-01
7.442109470000000115e-01 6.953133344650268555e-01
7.470490210000000353e-01 6.966465115547180176e-01
7.498871510000000296e-01 6.803085803985595703e-01
7.527253379999999661e-01 6.795515418052673340e-01
7.555635800000000124e-01 6.645814776420593262e-01
7.584018790000000010e-01 5.450980067253112793e-01
7.612402350000000428e-01 2.567257285118103027e-01
7.640786459999999725e-01 3.098773658275604248e-01
7.669171139999999554e-01 5.017685890197753906e-01
7.697556380000000198e-01 6.061886548995971680e-01
7.725942180000000548e-01 6.317695975303649902e-01
7.754328539999999492e-01 6.352320313453674316e-01
7.782715470000000080e-01 6.367319822311401367e-01
7.811102960000000373e-01 6.380882859230041504e-01
7.839491010000000371e-01 6.400349736213684082e-01
7.867879620000000074e-01 6.290279626846313477e-01
7.896268800000000310e-01 6.083971858024597168e-01
7.924658540000000251e-01 6.074634790420532227e-01
7.953048839999999897e-01 6.110003590583801270e-01
7.981439700000000359e-01 6.237890720367431641e-01
8.009831130000000243e-01 6.120650172233581543e-01
8.038223119999999833e-01 6.131876111030578613e-01
8.066615670000000238e-01 6.212274432182312012e-01
8.095008780000000348e-01 5.998467803001403809e-01
8.123402459999999881e-01 5.419827699661254883e-01
8.151796700000000229e-01 4.391875267028808594e-01
8.180191500000000282e-01 4.188157618045806885e-01
8.208586860000000041e-01 4.406796991825103760e-01
8.236982790000000332e-01 4.123001098632812500e-01
8.265379269999999501e-01 4.209842681884765625e-01
8.293776320000000313e-01 3.793610334396362305e-01
8.322173940000000547e-01 3.629455864429473877e-01
8.350572109999999659e-01 3.711530566215515137e-01
8.378970850000000414e-01 3.815854787826538086e-01
8.407370149999999764e-01 3.792264759540557861e-01
8.435770009999999930e-01 3.733924329280853271e-01
8.464170429999999801e-01 3.734818100929260254e-01
8.492571420000000204e-01 3.525863587856292725e-01
8.520972970000000313e-01 3.400762379169464111e-01
8.549375080000000127e-01 3.244208395481109619e-01
8.577777749999999646e-01 3.387861251831054688e-01
8.606180989999999698e-01 3.375547826290130615e-01
8.634584789999999455e-01 3.327106833457946777e-01
8.662989150000000027e-01 3.035095334053039551e-01
8.691394070000000305e-01 3.114147186279296875e-01
8.719799560000000005e-01 3.098988234996795654e-01
8.748205610000000521e-01 3.015074133872985840e-01
8.776612219999999631e-01 2.969359457492828369e-01
8.805019389999999557e-01 2.809368669986724854e-01
8.833427130000000016e-01 2.764204740524291992e-01
8.861835430000000180e-01 2.675966024398803711e-01
8.890244290000000049e-01 2.621846497058868408e-01
8.918653709999999624e-01 2.466348111629486084e-01
8.947063699999999731e-01 2.133637517690658569e-01
8.975474239999999826e-01 1.714424341917037964e-01
9.003885350000000454e-01 1.525516510009765625e-01
9.032297030000000504e-01 1.724992692470550537e-01
9.060709260000000542e-01 1.765676140785217285e-01
9.089122060000000003e-01 1.389293521642684937e-01
9.117535420000000279e-01 1.448283791542053223e-01
9.145949340000000261e-01 1.323025077581405640e-01
9.174363819999999947e-01 1.361757516860961914e-01
9.202778870000000166e-01 1.525051295757293701e-01
9.231194480000000091e-01 1.440720260143280029e-01
9.259610649999999721e-01 1.311419755220413208e-01
9.288027380000000166e-01 9.363238513469696045e-02
9.316444680000000034e-01 5.011441186070442200e-02
9.344862539999999607e-01 3.342084959149360657e-02
9.373280959999999995e-01 3.434872627258300781e-02
9.401699940000000089e-01 4.806676879525184631e-02
9.430119489999999605e-01 4.330277442932128906e-02
9.458539599999999936e-01 3.705844283103942871e-02
9.486960269999999973e-01 3.961358964443206787e-02
9.515381499999999715e-01 4.303960502147674561e-02
9.543803299999999989e-01 4.761384800076484680e-02
9.572225659999999969e-01 4.481091722846031189e-02
9.600648579999999654e-01 5.081635341048240662e-02
9.629072060000000155e-01 6.128611415624618530e-02
9.657496110000000078e-01 6.349714100360870361e-02
9.685920709999999989e-01 8.296695351600646973e-02
9.714345880000000433e-01 9.421859681606292725e-02
9.742771620000000299e-01 8.257477730512619019e-02
9.771197910000000153e-01 7.736088335514068604e-02
9.799624770000000540e-01 8.771905303001403809e-02
9.828052189999999522e-01 1.011766567826271057e-01
9.856480170000000429e-01 1.037106961011886597e-01
9.884908709999999932e-01 1.060793846845626831e-01
9.913337819999999967e-01 1.054738014936447144e-01
9.941767489999999707e-01 1.058906838297843933e-01
9.970197720000000263e-01 1.089257672429084778e-01
9.998628510000000524e-01 1.071079373359680176e-01
1.002705986999999910e+00 1.069154515862464905e-01
1.005549178999999960e+00 9.693697839975357056e-02
1.008392426999999980e+00 1.010466516017913818e-01
1.011235730999999971e+00 1.089378967881202698e-01
1.014079092000000015e+00 1.101767197251319885e-01
1.016922509000000030e+00 1.066721305251121521e-01
1.019765982000000015e+00 1.109888777136802673e-01
1.022609510999999971e+00 1.022315844893455505e-01
1.025453096999999980e+00 1.007557958364486694e-01
1.028296738999999960e+00 1.044193208217620850e-01
1.031140436999999910e+00 1.142424643039703369e-01
1.033984191000000052e+00 1.111834868788719177e-01
1.036828002000000026e+00 1.071006357669830322e-01
1.039671868000000110e+00 1.162483990192413330e-01
1.042515791000000025e+00 1.145766973495483398e-01
1.045359770999999993e+00 1.060676649212837219e-01
