3.615872339999999796e-01 1.278764724731445312e+00
3.644177160000000026e-01 1.504708290100097656e+00
3.672482539999999962e-01 1.595286488533020020e+00
3.700788480000000158e-01 1.595190048217773438e+00
3.729094980000000059e-01 1.417185783386230469e+00
3.757402049999999938e-01 1.504953145980834961e+00
3.785709680000000077e-01 1.650337100028991699e+00
3.814017869999999921e-01 1.434106588363647461e+00
3.842326620000000026e-01 1.305159091949462891e+00
3.870635940000000108e-01 1.458096146583557129e+00
3.898945819999999896e-01 1.622560262680053711e+00
3.927256259999999943e-01 1.431157350540161133e+00
3.955567260000000251e-01 1.457428932189941406e+00
3.983878829999999982e-01 1.852332592010498047e+00
4.012190950000000256e-01 2.274196863174438477e+00
4.040503639999999952e-01 2.300739765167236328e+00
4.068816900000000181e-01 2.255037069320678711e+00
4.097130709999999842e-01 2.316218137741088867e+00
4.125445090000000037e-01 2.396119832992553711e+00
4.153760029999999936e-01 2.417320251464843750e+00
4.182075530000000096e-01 2.359533786773681641e+00
4.210391589999999962e-01 2.376751661300659180e+00
4.238708219999999804e-01 2.321164846420288086e+00
4.267025409999999908e-01 2.289264440536499023e+00
4.295343160000000271e-01 2.075103998184204102e+00
4.323661469999999785e-01 2.224292039871215820e+00
4.351980349999999831e-01 2.428129673004150391e+00
4.380299790000000137e-01 2.447885513305664062e+00
4.408619790000000149e-01 2.534936904907226562e+00
4.436940349999999866e-01 2.695046901702880859e+00
4.465261480000000116e-01 2.713366746902465820e+00
4.493583170000000071e-01 2.858862638473510742e+00
4.521905419999999731e-01 2.898702144622802734e+00
4.550228230000000207e-01 2.860688686370849609e+00
4.578551610000000105e-01 2.920484066009521484e+00
4.606875550000000263e-01 2.936236858367919922e+00
4.635200050000000127e-01 2.977962017059326172e+00
4.663525110000000251e-01 2.920669794082641602e+00
4.691850739999999798e-01 2.909410715103149414e+00
4.720176919999999887e-01 2.958376884460449219e+00
4.748503669999999954e-01 3.002294301986694336e+00
4.776830989999999999e-01 3.023042678833007812e+00
4.805158860000000032e-01 3.100734233856201172e+00
4.833487300000000042e-01 3.077508211135864258e+00
4.861816299999999758e-01 2.830465793609619141e+00
4.890145859999999733e-01 2.955617666244506836e+00
4.918475979999999970e-01 3.036754369735717773e+00
4.946806670000000183e-01 3.087635278701782227e+00
4.975137920000000102e-01 3.111270666122436523e+00
5.003469729999999727e-01 3.033665180206298828e+00
5.031802100000000166e-01 3.017542362213134766e+00
5.060135040000000028e-01 3.100727081298828125e+00
5.088468539999999596e-01 3.136265039443969727e+00
5.116802599999999979e-01 3.160130977630615234e+00
5.145137220000000067e-01 3.089305639266967773e+00
5.173472409999999577e-01 2.930015802383422852e+00
5.201808159999999903e-01 3.057617664337158203e+00
5.230144469999999934e-01 3.203287601470947266e+00
5.258481339999999671e-01 3.202481985092163086e+00
5.286818779999999940e-01 3.251100301742553711e+00
5.315156779999999914e-01 3.369341135025024414e+00
5.343495339999999594e-01 3.350939273834228516e+00
5.371834460000000089e-01 3.390031099319458008e+00
5.400174150000000006e-01 3.327759027481079102e+00
5.428514389999999912e-01 3.346833229064941406e+00
5.456855200000000350e-01 3.418948173522949219e+00
5.485196580000000210e-01 3.431575775146484375e+00
5.513538510000000059e-01 3.455174446105957031e+00
5.541881010000000440e-01 3.484668493270874023e+00
5.570224070000000527e-01 3.459374904632568359e+00
5.598567690000000319e-01 3.409538030624389648e+00
5.626911869999999816e-01 3.459450721740722656e+00
5.655256619999999845e-01 3.459268093109130859e+00
5.683601929999999580e-01 3.425468206405639648e+00
5.711947800000000131e-01 3.384435653686523438e+00
5.740294230000000386e-01 3.439406633377075195e+00
5.768641230000000064e-01 3.412188053131103516e+00
5.796988789999999447e-01 3.419313192367553711e+00
5.825336909999999646e-01 3.502304792404174805e+00
5.853685589999999550e-01 3.465356826782226562e+00
5.882034839999999987e-01 3.234539031982421875e+00
5.910384650000000129e-01 3.114088535308837891e+00
5.938735019999999976e-01 3.176156282424926758e+00
5.967085949999999528e-01 3.167143821716308594e+00
5.995437449999999613e-01 3.127348661422729492e+00
6.023789510000000513e-01 3.096095800399780273e+00
6.052142130000000009e-01 3.110646724700927734e+00
6.080495310000000320e-01 3.071264982223510742e+00
6.108849060000000053e-01 2.967160463333129883e+00
6.137203359999999774e-01 2.896295309066772461e+00
6.165558230000000028e-01 2.870876789093017578e+00
6.193913669999999705e-01 2.942628145217895508e+00
6.222269660000000480e-01 2.937672138214111328e+00
6.250626219999999567e-01 2.857087612152099609e+00
6.278983339999999469e-01 2.797009229660034180e+00
6.307341020000000187e-01 2.775059223175048828e+00
6.335699259999999500e-01 2.804096221923828125e+00
6.364058070000000455e-01 2.837954044342041016e+00
6.392417440000000006e-01 2.852089166641235352e+00
6.420777370000000372e-01 2.812554597854614258e+00
6.449137860000000444e-01 2.782797574996948242e+00
6.477498919999999938e-01 2.653058767318725586e+00
6.505860540000000247e-01 2.643228292465209961e+00
6.534222720000000262e-01 2.636073350906372070e+00
6.562585459999999982e-01 2.427608966827392578e+00
6.590948770000000234e-01 2.543084859848022461e+00
6.619312640000000192e-01 2.610756158828735352e+00
6.647677069999999855e-01 2.594381570816040039e+00
6.676042060000000333e-01 2.568688869476318359e+00
6.704407620000000234e-01 2.539585351943969727e+00
6.732773739999999840e-01 2.524410963058471680e+00
6.761140420000000262e-01 2.502773046493530273e+00
6.789507660000000389e-01 2.487417459487915039e+00
6.817875469999999938e-01 2.462892770767211914e+00
6.846243829999999475e-01 2.373142957687377930e+00
6.874612759999999545e-01 1.993198871612548828e+00
6.902982260000000148e-01 2.023164987564086914e+00
6.931352309999999628e-01 2.066393613815307617e+00
6.959722929999999641e-01 2.090558528900146484e+00
6.988094110000000470e-01 2.075469732284545898e+00
7.016465849999999893e-01 1.969378709793090820e+00
7.044838150000000132e-01 1.969620227813720703e+00
7.073211019999999793e-01 1.938334107398986816e+00
7.101584450000000270e-01 1.879771828651428223e+00
7.129958440000000452e-01 1.776548862457275391e+00
7.158332990000000340e-01 1.503489017486572266e+00
7.186708109999999650e-01 1.105646252632141113e+00
7.215083789999999775e-01 1.138630747795104980e+00
7.243460029999999605e-01 1.053913116455078125e+00
7.271836830000000251e-01 9.543425440788269043e-01
7.300214200000000320e-01 9.022771716117858887e-01
7.328592130000000093e-01 9.217445254325866699e-01
7.356970619999999572e-01 9.228562712669372559e-01
7.385349669999999866e-01 9.047651290893554688e-01
7.413729289999999583e-01 9.073960185050964355e-01
7.442109470000000115e-01 9.197813272476196289e-01
7.470490210000000353e-01 9.225123524665832520e-01
7.498871510000000296e-01 9.039593935012817383e-01
7.527253379999999661e-01 8.986931443214416504e-01
7.555635800000000124e-01 8.894482254981994629e-01
7.584018790000000010e-01 7.283523678779602051e-01
7.612402350000000428e-01 3.433226644992828369e-01
7.640786459999999725e-01 4.163013100624084473e-01
7.669171139999999554e-01 6.762689352035522461e-01
7.697556380000000198e-01 8.225202560424804688e-01
7.725942180000000548e-01 8.482026457786560059e-01
7.754328539999999492e-01 8.543482422828674316e-01
7.782715470000000080e-01 8.552390933036804199e-01
7.811102960000000373e-01 8.594059944152832031e-01
7.839491010000000371e-01 8.576831817626953125e-01
7.867879620000000074e-01 8.497539162635803223e-01
7.896268800000000310e-01 8.208650350570678711e-01
7.924658540000000251e-01 8.192727565765380859e-01
7.953048839999999897e-01 8.264490365982055664e-01
7.981439700000000359e-01 8.379922509193420410e-01
8.009831130000000243e-01 8.302322626113891602e-01
8.038223119999999833e-01 8.359166979789733887e-01
8.066615670000000238e-01 8.513897061347961426e-01
8.095008780000000348e-01 8.125011920928955078e-01
8.123402459999999881e-01 7.259378433227539062e-01
8.151796700000000229e-01 5.950323343276977539e-01
8.180191500000000282e-01 5.659102201461791992e-01
8.208586860000000041e-01 6.004770994186401367e-01
8.236982790000000332e-01 5.591410994529724121e-01
8.265379269999999501e-01 5.806162357330322266e-01
8.293776320000000313e-01 5.142864584922790527e-01
8.322173940000000547e-01 4.965501427650451660e-01
8.350572109999999659e-01 5.059578418731689453e-01
8.378970850000000414e-01 5.150425434112548828e-01
8.407370149999999764e-01 5.207381248474121094e-01
8.435770009999999930e-01 5.180988311767578125e-01
8.464170429999999801e-01 5.131471753120422363e-01
8.492571420000000204e-01 4.924088418483734131e-01
8.520972970000000313e-01 4.700881838798522949e-01
8.549375080000000127e-01 4.462763965129852295e-01
8.577777749999999646e-01 4.741956591606140137e-01
8.606180989999999698e-01 4.656710922718048096e-01
8.634584789999999455e-01 4.575523138046264648e-01
8.662989150000000027e-01 4.196808934211730957e-01
8.691394070000000305e-01 4.346180558204650879e-01
8.719799560000000005e-01 4.335191547870635986e-01
8.748205610000000521e-01 4.177156090736389160e-01
8.776612219999999631e-01 4.067010879516601562e-01
8.805019389999999557e-01 3.995461165904998779e-01
8.833427130000000016e-01 3.859200179576873779e-01
8.861835430000000180e-01 3.770346045494079590e-01
8.890244290000000049e-01 3.690053820610046387e-01
8.918653709999999624e-01 3.486287891864776611e-01
8.947063699999999731e-01 2.965721189975738525e-01
8.975474239999999826e-01 2.369435280561447144e-01
9.003885350000000454e-01 2.126748114824295044e-01
9.032297030000000504e-01 2.416675835847854614e-01
9.060709260000000542e-01 2.396181076765060425e-01
9.089122060000000003e-01 1.991626620292663574e-01
9.117535420000000279e-01 1.974006444215774536e-01
9.145949340000000261e-01 1.849229335784912109e-01
9.174363819999999947e-01 1.855351179838180542e-01
9.202778870000000166e-01 2.111153304576873779e-01
9.231194480000000091e-01 2.006159871816635132e-01
9.259610649999999721e-01 1.814094334840774536e-01
9.288027380000000166e-01 1.309720575809478760e-01
9.316444680000000034e-01 7.003460824489593506e-02
9.344862539999999607e-01 4.261403158307075500e-02
9.373280959999999995e-01 4.660009220242500305e-02
9.401699940000000089e-01 6.950677931308746338e-02
9.430119489999999605e-01 6.101846322417259216e-02
9.458539599999999936e-01 5.647822469472885132e-02
9.486960269999999973e-01 6.147107854485511780e-02
9.515381499999999715e-01 6.501239538192749023e-02
9.543803299999999989e-01 6.248038634657859802e-02
9.572225659999999969e-01 7.014727592468261719e-02
9.600648579999999654e-01 7.149595767259597778e-02
9.629072060000000155e-01 8.199311047792434692e-02
9.657496110000000078e-01 9.245491772890090942e-02
9.685920709999999989e-01 1.132302805781364441e-01
9.714345880000000433e-01 1.226022839546203613e-01
9.742771620000000299e-01 1.115678846836090088e-01
9.771197910000000153e-01 1.158269941806793213e-01
9.799624770000000540e-01 1.257600635290145874e-01
9.828052189999999522e-01 1.346868723630905151e-01
9.856480170000000429e-01 1.455398201942443848e-01
9.884908709999999932e-01 1.466724574565887451e-01
9.913337819999999967e-01 1.534953117370605469e-01
9.941767489999999707e-01 1.582261025905609131e-01
9.970197720000000263e-01 1.610176861286163330e-01
9.998628510000000524e-01 1.561813801527023315e-01
1.002705986999999910e+00 1.471297144889831543e-01
1.005549178999999960e+00 1.531587839126586914e-01
1.008392426999999980e+00 1.526957601308822632e-01
1.011235730999999971e+00 1.549899131059646606e-01
1.014079092000000015e+00 1.556674093008041382e-01
1.016922509000000030e+00 1.531088054180145264e-01
1.019765982000000015e+00 1.589407622814178467e-01
1.022609510999999971e+00 1.579421609640121460e-01
1.025453096999999980e+00 1.628032475709915161e-01
1.028296738999999960e+00 1.517867743968963623e-01
1.031140436999999910e+00 1.599552184343338013e-01
1.033984191000000052e+00 1.615424901247024536e-01
1.036828002000000026e+00 1.722803115844726562e-01
1.039671868000000110e+00 1.636898666620254517e-01
1.042515791000000025e+00 1.669368296861648560e-01
1.045359770999999993e+00 1.657157391309738159e-01
