3.615872339999999796e-01 1.294201254844665527e+00
3.644177160000000026e-01 1.470461487770080566e+00
3.672482539999999962e-01 1.593835711479187012e+00
3.700788480000000158e-01 1.572268724441528320e+00
3.729094980000000059e-01 1.450153589248657227e+00
3.757402049999999938e-01 1.485679864883422852e+00
3.785709680000000077e-01 1.661301970481872559e+00
3.814017869999999921e-01 1.425967335700988770e+00
3.842326620000000026e-01 1.308894634246826172e+00
3.870635940000000108e-01 1.390072464942932129e+00
3.898945819999999896e-01 1.608700394630432129e+00
3.927256259999999943e-01 1.400949478149414062e+00
3.955567260000000251e-01 1.474817037582397461e+00
3.983878829999999982e-01 1.833395957946777344e+00
4.012190950000000256e-01 2.291486263275146484e+00
4.040503639999999952e-01 2.274951219558715820e+00
4.068816900000000181e-01 2.216873168945312500e+00
4.097130709999999842e-01 2.270222902297973633e+00
4.125445090000000037e-01 2.350548744201660156e+00
4.153760029999999936e-01 2.358632802963256836e+00
4.182075530000000096e-01 2.331024408340454102e+00
4.210391589999999962e-01 2.353691101074218750e+00
4.238708219999999804e-01 2.282873153686523438e+00
4.267025409999999908e-01 2.223869085311889648e+00
4.295343160000000271e-01 2.038525581359863281e+00
4.323661469999999785e-01 2.167420148849487305e+00
4.351980349999999831e-01 2.360467195510864258e+00
4.380299790000000137e-01 2.389802455902099609e+00
4.408619790000000149e-01 2.455264329910278320e+00
4.436940349999999866e-01 2.613200664520263672e+00
4.465261480000000116e-01 2.640415430068969727e+00
4.493583170000000071e-01 2.787649393081665039e+00
4.521905419999999731e-01 2.813152313232421875e+00
4.550228230000000207e-01 2.774432897567749023e+00
4.578551610000000105e-01 2.835882186889648438e+00
4.606875550000000263e-01 2.860258340835571289e+00
4.635200050000000127e-01 2.876284599304199219e+00
4.663525110000000251e-01 2.813795328140258789e+00
4.691850739999999798e-01 2.807710886001586914e+00
4.720176919999999887e-01 2.844634056091308594e+00
4.748503669999999954e-01 2.892202854156494141e+00
4.776830989999999999e-01 2.924086332321166992e+00
4.805158860000000032e-01 2.985527276992797852e+00
4.833487300000000042e-01 2.969688653945922852e+00
4.861816299999999758e-01 2.732355594635009766e+00
4.890145859999999733e-01 2.847402811050415039e+00
4.918475979999999970e-01 2.919959306716918945e+00
4.946806670000000183e-01 2.980163097381591797e+00
4.975137920000000102e-01 2.990595340728759766e+00
5.003469729999999727e-01 2.921691417694091797e+00
5.031802100000000166e-01 2.901343584060668945e+00
5.060135040000000028e-01 2.993359804153442383e+00
5.088468539999999596e-01 2.994835138320922852e+00
5.116802599999999979e-01 3.042915821075439453e+00
5.145137220000000067e-01 2.962514400482177734e+00
5.173472409999999577e-01 2.805510997772216797e+00
5.201808159999999903e-01 2.937837839126586914e+00
5.230144469999999934e-01 3.067927837371826172e+00
5.258481339999999671e-01 3.069646835327148438e+00
5.286818779999999940e-01 3.107557058334350586e+00
5.315156779999999914e-01 3.225061416625976562e+00
5.343495339999999594e-01 3.194691419601440430e+00
5.371834460000000089e-01 3.250457763671875000e+00
5.400174150000000006e-01 3.186110019683837891e+00
5.428514389999999912e-01 3.211168766021728516e+00
5.456855200000000350e-01 3.274119853973388672e+00
5.485196580000000210e-01 3.273911714553833008e+00
5.513538510000000059e-01 3.310033321380615234e+00
5.541881010000000440e-01 3.335835695266723633e+00
5.570224070000000527e-01 3.296272516250610352e+00
5.598567690000000319e-01 3.257381677627563477e+00
5.626911869999999816e-01 3.305158853530883789e+00
5.655256619999999845e-01 3.295581102371215820e+00
5.683601929999999580e-01 3.266159534454345703e+00
5.711947800000000131e-01 3.221251249313354492e+00
5.740294230000000386e-01 3.286809682846069336e+00
5.768641230000000064e-01 3.253764152526855469e+00
5.796988789999999447e-01 3.262161970138549805e+00
5.825336909999999646e-01 3.332455635070800781e+00
5.853685589999999550e-01 3.287049531936645508e+00
5.882034839999999987e-01 3.069156169891357422e+00
5.910384650000000129e-01 2.925552129745483398e+00
5.938735019999999976e-01 2.987906694412231445e+00
5.967085949999999528e-01 2.967082023620605469e+00
5.995437449999999613e-01 2.931887626647949219e+00
6.023789510000000513e-01 2.888070821762084961e+00
6.052142130000000009e-01 2.895519971847534180e+00
6.080495310000000320e-01 2.856745481491088867e+00
6.108849060000000053e-01 2.743062019348144531e+00
6.137203359999999774e-01 2.674417495727539062e+00
6.165558230000000028e-01 2.653491973876953125e+00
6.193913669999999705e-01 2.715445518493652344e+00
6.222269660000000480e-01 2.701815605163574219e+00
6.250626219999999567e-01 2.636334896087646484e+00
6.278983339999999469e-01 2.568856477737426758e+00
6.307341020000000187e-01 2.542142152786254883e+00
6.335699259999999500e-01 2.574809551239013672e+00
6.364058070000000455e-01 2.609189987182617188e+00
6.392417440000000006e-01 2.613644123077392578e+00
6.420777370000000372e-01 2.579002141952514648e+00
6.449137860000000444e-01 2.545449733734130859e+00
6.477498919999999938e-01 2.428690195083618164e+00
6.505860540000000247e-01 2.421066045761108398e+00
6.534222720000000262e-01 2.404498100280761719e+00
6.562585459999999982e-01 2.200876951217651367e+00
6.590948770000000234e-01 2.306703329086303711e+00
6.619312640000000192e-01 2.357076168060302734e+00
6.647677069999999855e-01 2.340200424194335938e+00
6.676042060000000333e-01 2.316590547561645508e+00
6.704407620000000234e-01 2.305176019668579102e+00
6.732773739999999840e-01 2.276502609252929688e+00
6.761140420000000262e-01 2.248989105224609375e+00
6.789507660000000389e-01 2.242750883102416992e+00
6.817875469999999938e-01 2.208539247512817383e+00
6.846243829999999475e-01 2.130631685256958008e+00
6.874612759999999545e-01 1.781240582466125488e+00
6.902982260000000148e-01 1.811086177825927734e+00
6.931352309999999628e-01 1.845791459083557129e+00
6.959722929999999641e-01 1.857992053031921387e+00
6.988094110000000470e-01 1.837966322898864746e+00
7.016465849999999893e-01 1.727874636650085449e+00
7.044838150000000132e-01 1.723213553428649902e+00
7.073211019999999793e-01 1.682117104530334473e+00
7.101584450000000270e-01 1.623001337051391602e+00
7.129958440000000452e-01 1.521844983100891113e+00
7.158332990000000340e-01 1.288958311080932617e+00
7.186708109999999650e-01 9.360380172729492188e-01
7.215083789999999775e-01 9.587742090225219727e-01
7.243460029999999605e-01 8.762834072113037109e-01
7.271836830000000251e-01 7.898121476173400879e-01
7.300214200000000320e-01 7.402364611625671387e-01
7.328592130000000093e-01 7.562842965126037598e-01
7.356970619999999572e-01 7.499547004699707031e-01
7.385349669999999866e-01 7.306457757949829102e-01
7.413729289999999583e-01 7.262347936630249023e-01
7.442109470000000115e-01 7.433217167854309082e-01
7.470490210000000353e-01 7.393590211868286133e-01
7.498871510000000296e-01 7.219478487968444824e-01
7.527253379999999661e-01 7.167726159095764160e-01
7.555635800000000124e-01 7.120211124420166016e-01
7.584018790000000010e-01 5.927520990371704102e-01
7.612402350000000428e-01 2.756705880165100098e-01
7.640786459999999725e-01 3.303154110908508301e-01
7.669171139999999554e-01 5.320410132408142090e-01
7.697556380000000198e-01 6.514597535133361816e-01
7.725942180000000548e-01 6.767101287841796875e-01
7.754328539999999492e-01 6.803144812583923340e-01
7.782715470000000080e-01 6.787410378456115723e-01
7.811102960000000373e-01 6.779335737228393555e-01
7.839491010000000371e-01 6.747389435768127441e-01
7.867879620000000074e-01 6.687627434730529785e-01
7.896268800000000310e-01 6.491415500640869141e-01
7.924658540000000251e-01 6.500460505485534668e-01
7.953048839999999897e-01 6.576772332191467285e-01
7.981439700000000359e-01 6.626524329185485840e-01
8.009831130000000243e-01 6.574598550796508789e-01
8.038223119999999833e-01 6.560212969779968262e-01
8.066615670000000238e-01 6.702818274497985840e-01
8.095008780000000348e-01 6.490156054496765137e-01
8.123402459999999881e-01 5.814883708953857422e-01
8.151796700000000229e-01 4.786134362220764160e-01
8.180191500000000282e-01 4.496073424816131592e-01
8.208586860000000041e-01 4.779938161373138428e-01
8.236982790000000332e-01 4.349810481071472168e-01
8.265379269999999501e-01 4.597128331661224365e-01
8.293776320000000313e-01 4.043622314929962158e-01
8.322173940000000547e-01 3.913761079311370850e-01
8.350572109999999659e-01 3.966317772865295410e-01
8.378970850000000414e-01 4.015168845653533936e-01
8.407370149999999764e-01 4.092501401901245117e-01
8.435770009999999930e-01 4.059196710586547852e-01
8.464170429999999801e-01 3.958599865436553955e-01
8.492571420000000204e-01 3.820188939571380615e-01
8.520972970000000313e-01 3.667312562465667725e-01
8.549375080000000127e-01 3.442795872688293457e-01
8.577777749999999646e-01 3.675694465637207031e-01
8.606180989999999698e-01 3.649775683879852295e-01
8.634584789999999455e-01 3.556239008903503418e-01
8.662989150000000027e-01 3.285129368305206299e-01
8.691394070000000305e-01 3.366651535034179688e-01
8.719799560000000005e-01 3.330899775028228760e-01
8.748205610000000521e-01 3.241001367568969727e-01
8.776612219999999631e-01 3.152663111686706543e-01
8.805019389999999557e-01 3.045187890529632568e-01
8.833427130000000016e-01 2.988095283508300781e-01
8.861835430000000180e-01 2.900001108646392822e-01
8.890244290000000049e-01 2.849452197551727295e-01
8.918653709999999624e-01 2.671778798103332520e-01
8.947063699999999731e-01 2.267167270183563232e-01
8.975474239999999826e-01 1.845601946115493774e-01
9.003885350000000454e-01 1.608163565397262573e-01
9.032297030000000504e-01 1.864175796508789062e-01
9.060709260000000542e-01 1.912623643875122070e-01
9.089122060000000003e-01 1.571897268295288086e-01
9.117535420000000279e-01 1.541518270969390869e-01
9.145949340000000261e-01 1.436379402875900269e-01
9.174363819999999947e-01 1.451355367898941040e-01
9.202778870000000166e-01 1.637025922536849976e-01
9.231194480000000091e-01 1.535258144140243530e-01
9.259610649999999721e-01 1.450764834880828857e-01
9.288027380000000166e-01 1.013113707304000854e-01
9.316444680000000034e-01 5.589603260159492493e-02
9.344862539999999607e-01 3.464127331972122192e-02
9.373280959999999995e-01 3.549837321043014526e-02
9.401699940000000089e-01 5.444796383380889893e-02
9.430119489999999605e-01 4.924974590539932251e-02
9.458539599999999936e-01 4.737382754683494568e-02
9.486960269999999973e-01 4.940117523074150085e-02
9.515381499999999715e-01 4.910385981202125549e-02
9.543803299999999989e-01 5.377414822578430176e-02
9.572225659999999969e-01 5.385364592075347900e-02
9.600648579999999654e-01 5.574798211455345154e-02
9.629072060000000155e-01 6.535433232784271240e-02
9.657496110000000078e-01 6.989231705665588379e-02
9.685920709999999989e-01 8.754497766494750977e-02
9.714345880000000433e-01 1.006586477160453796e-01
9.742771620000000299e-01 8.516132831573486328e-02
9.771197910000000153e-01 9.010785818099975586e-02
9.799624770000000540e-01 9.482679516077041626e-02
9.828052189999999522e-01 1.034949794411659241e-01
9.856480170000000429e-01 1.102884933352470398e-01
9.884908709999999932e-01 1.148219257593154907e-01
9.913337819999999967e-01 1.163036972284317017e-01
9.941767489999999707e-01 1.157275363802909851e-01
9.970197720000000263e-01 1.162971258163452148e-01
9.998628510000000524e-01 1.197023615241050720e-01
1.002705986999999910e+00 1.171767190098762512e-01
1.005549178999999960e+00 1.121333166956901550e-01
1.008392426999999980e+00 1.182998120784759521e-01
1.011235730999999971e+00 1.189035847783088684e-01
1.014079092000000015e+00 1.180411130189895630e-01
1.016922509000000030e+00 1.232225224375724792e-01
1.019765982000000015e+00 1.174420490860939026e-01
1.022609510999999971e+00 1.155391186475753784e-01
1.025453096999999980e+00 1.226080432534217834e-01
1.028296738999999960e+00 1.213286444544792175e-01
1.031140436999999910e+00 1.208511516451835632e-01
1.033984191000000052e+00 1.204443722963333130e-01
1.036828002000000026e+00 1.295345425605773926e-01
1.039671868000000110e+00 1.378200501203536987e-01
1.042515791000000025e+00 1.190109923481941223e-01
1.045359770999999993e+00 1.146203428506851196e-01
