3.615872339999999796e-01 1.322077035903930664e+00
3.644177160000000026e-01 1.479062438011169434e+00
3.672482539999999962e-01 1.578726291656494141e+00
3.700788480000000158e-01 1.600090146064758301e+00
3.729094980000000059e-01 1.405951857566833496e+00
3.757402049999999938e-01 1.495130181312561035e+00
3.785709680000000077e-01 1.641368508338928223e+00
3.814017869999999921e-01 1.398705363273620605e+00
3.842326620000000026e-01 1.289128780364990234e+00
3.870635940000000108e-01 1.404659271240234375e+00
3.898945819999999896e-01 1.593179702758789062e+00
3.927256259999999943e-01 1.414943575859069824e+00
3.955567260000000251e-01 1.430903315544128418e+00
3.983878829999999982e-01 1.798948049545288086e+00
4.012190950000000256e-01 2.235274791717529297e+00
4.040503639999999952e-01 2.248884439468383789e+00
4.068816900000000181e-01 2.208935976028442383e+00
4.097130709999999842e-01 2.281392812728881836e+00
4.125445090000000037e-01 2.340171337127685547e+00
4.153760029999999936e-01 2.361051321029663086e+00
4.182075530000000096e-01 2.318443536758422852e+00
4.210391589999999962e-01 2.316203832626342773e+00
4.238708219999999804e-01 2.276484489440917969e+00
4.267025409999999908e-01 2.223011493682861328e+00
4.295343160000000271e-01 2.033827781677246094e+00
4.323661469999999785e-01 2.152244091033935547e+00
4.351980349999999831e-01 2.344281435012817383e+00
4.380299790000000137e-01 2.381492614746093750e+00
4.408619790000000149e-01 2.457604885101318359e+00
4.436940349999999866e-01 2.607686758041381836e+00
4.465261480000000116e-01 2.638930797576904297e+00
4.493583170000000071e-01 2.772329092025756836e+00
4.521905419999999731e-01 2.804225921630859375e+00
4.550228230000000207e-01 2.783239126205444336e+00
4.578551610000000105e-01 2.828181982040405273e+00
4.606875550000000263e-01 2.846505403518676758e+00
4.635200050000000127e-01 2.873711824417114258e+00
4.663525110000000251e-01 2.825609922409057617e+00
4.691850739999999798e-01 2.810068368911743164e+00
4.720176919999999887e-01 2.851872682571411133e+00
4.748503669999999954e-01 2.904848337173461914e+00
4.776830989999999999e-01 2.924574136734008789e+00
4.805158860000000032e-01 2.980962753295898438e+00
4.833487300000000042e-01 2.956880331039428711e+00
4.861816299999999758e-01 2.730159044265747070e+00
4.890145859999999733e-01 2.843360185623168945e+00
4.918475979999999970e-01 2.919305324554443359e+00
4.946806670000000183e-01 2.987885236740112305e+00
4.975137920000000102e-01 2.996819734573364258e+00
5.003469729999999727e-01 2.910175800323486328e+00
5.031802100000000166e-01 2.920739650726318359e+00
5.060135040000000028e-01 2.988278388977050781e+00
5.088468539999999596e-01 3.013698101043701172e+00
5.116802599999999979e-01 3.037734746932983398e+00
5.145137220000000067e-01 2.984142065048217773e+00
5.173472409999999577e-01 2.819643020629882812e+00
5.201808159999999903e-01 2.943568706512451172e+00
5.230144469999999934e-01 3.088022470474243164e+00
5.258481339999999671e-01 3.071583271026611328e+00
5.286818779999999940e-01 3.115959644317626953e+00
5.315156779999999914e-01 3.223847389221191406e+00
5.343495339999999594e-01 3.209069490432739258e+00
5.371834460000000089e-01 3.263085842132568359e+00
5.400174150000000006e-01 3.184391498565673828e+00
5.428514389999999912e-01 3.219651460647583008e+00
5.456855200000000350e-01 3.269987821578979492e+00
5.485196580000000210e-01 3.283891916275024414e+00
5.513538510000000059e-01 3.310847282409667969e+00
5.541881010000000440e-01 3.345959901809692383e+00
5.570224070000000527e-01 3.302460670471191406e+00
5.598567690000000319e-01 3.262809514999389648e+00
5.626911869999999816e-01 3.310242652893066406e+00
5.655256619999999845e-01 3.299629688262939453e+00
5.683601929999999580e-01 3.268908977508544922e+00
5.711947800000000131e-01 3.243021011352539062e+00
5.740294230000000386e-01 3.290416240692138672e+00
5.768641230000000064e-01 3.250813245773315430e+00
5.796988789999999447e-01 3.266262531280517578e+00
5.825336909999999646e-01 3.335575580596923828e+00
5.853685589999999550e-01 3.293111801147460938e+00
5.882034839999999987e-01 3.073444128036499023e+00
5.910384650000000129e-01 2.932174444198608398e+00
5.938735019999999976e-01 2.987081766128540039e+00
5.967085949999999528e-01 2.960844039916992188e+00
5.995437449999999613e-01 2.920608758926391602e+00
6.023789510000000513e-01 2.884681224822998047e+00
6.052142130000000009e-01 2.886513471603393555e+00
6.080495310000000320e-01 2.845581293106079102e+00
6.108849060000000053e-01 2.746794939041137695e+00
6.137203359999999774e-01 2.675591230392456055e+00
6.165558230000000028e-01 2.650338888168334961e+00
6.193913669999999705e-01 2.714586496353149414e+00
6.222269660000000480e-01 2.704320430755615234e+00
6.250626219999999567e-01 2.635717391967773438e+00
6.278983339999999469e-01 2.567089557647705078e+00
6.307341020000000187e-01 2.547300100326538086e+00
6.335699259999999500e-01 2.574142456054687500e+00
6.364058070000000455e-01 2.595271110534667969e+00
6.392417440000000006e-01 2.599922895431518555e+00
6.420777370000000372e-01 2.565348625183105469e+00
6.449137860000000444e-01 2.532791614532470703e+00
6.477498919999999938e-01 2.419295787811279297e+00
6.505860540000000247e-01 2.414912939071655273e+00
6.534222720000000262e-01 2.387290477752685547e+00
6.562585459999999982e-01 2.198426246643066406e+00
6.590948770000000234e-01 2.297625541687011719e+00
6.619312640000000192e-01 2.355274438858032227e+00
6.647677069999999855e-01 2.338238954544067383e+00
6.676042060000000333e-01 2.315723180770874023e+00
6.704407620000000234e-01 2.292456388473510742e+00
6.732773739999999840e-01 2.260255813598632812e+00
6.761140420000000262e-01 2.252766132354736328e+00
6.789507660000000389e-01 2.234556198120117188e+00
6.817875469999999938e-01 2.206460237503051758e+00
6.846243829999999475e-01 2.117374420166015625e+00
6.874612759999999545e-01 1.787278175354003906e+00
6.902982260000000148e-01 1.797524333000183105e+00
6.931352309999999628e-01 1.832324147224426270e+00
6.959722929999999641e-01 1.839632272720336914e+00
6.988094110000000470e-01 1.814933538436889648e+00
7.016465849999999893e-01 1.712312221527099609e+00
7.044838150000000132e-01 1.703654289245605469e+00
7.073211019999999793e-01 1.660594105720520020e+00
7.101584450000000270e-01 1.600476503372192383e+00
7.129958440000000452e-01 1.498458981513977051e+00
7.158332990000000340e-01 1.264760375022888184e+00
7.186708109999999650e-01 9.247653484344482422e-01
7.215083789999999775e-01 9.370662569999694824e-01
7.243460029999999605e-01 8.573261499404907227e-01
7.271836830000000251e-01 7.686991095542907715e-01
7.300214200000000320e-01 7.277641892433166504e-01
7.328592130000000093e-01 7.354795932769775391e-01
7.356970619999999572e-01 7.301195263862609863e-01
7.385349669999999866e-01 7.193769216537475586e-01
7.413729289999999583e-01 7.081666588783264160e-01
7.442109470000000115e-01 7.182305455207824707e-01
7.470490210000000353e-01 7.200791239738464355e-01
7.498871510000000296e-01 7.018925547599792480e-01
7.527253379999999661e-01 6.983209848403930664e-01
7.555635800000000124e-01 6.889371871948242188e-01
7.584018790000000010e-01 5.617815852165222168e-01
7.612402350000000428e-01 2.686193585395812988e-01
7.640786459999999725e-01 3.241269290447235107e-01
7.669171139999999554e-01 5.136511921882629395e-01
7.697556380000000198e-01 6.251564621925354004e-01
7.725942180000000548e-01 6.588957309722900391e-01
7.754328539999999492e-01 6.521975994110107422e-01
7.782715470000000080e-01 6.558813452720642090e-01
7.811102960000000373e-01 6.533096432685852051e-01
7.839491010000000371e-01 6.598604321479797363e-01
7.867879620000000074e-01 6.530642509460449219e-01
7.896268800000000310e-01 6.266181468963623047e-01
7.924658540000000251e-01 6.273280382156372070e-01
7.953048839999999897e-01 6.332432627677917480e-01
7.981439700000000359e-01 6.376560330390930176e-01
8.009831130000000243e-01 6.345822215080261230e-01
8.038223119999999833e-01 6.387849450111389160e-01
8.066615670000000238e-01 6.468921303749084473e-01
8.095008780000000348e-01 6.241427063941955566e-01
8.123402459999999881e-01 5.524212718009948730e-01
8.151796700000000229e-01 4.580638408660888672e-01
8.180191500000000282e-01 4.300419092178344727e-01
8.208586860000000041e-01 4.552513360977172852e-01
8.236982790000000332e-01 4.261800944805145264e-01
8.265379269999999501e-01 4.356274902820587158e-01
8.293776320000000313e-01 3.900837004184722900e-01
8.322173940000000547e-01 3.754606246948242188e-01
8.350572109999999659e-01 3.851329684257507324e-01
8.378970850000000414e-01 3.956836462020874023e-01
8.407370149999999764e-01 3.894685506820678711e-01
8.435770009999999930e-01 3.921251595020294189e-01
8.464170429999999801e-01 3.845369219779968262e-01
8.492571420000000204e-01 3.710411787033081055e-01
8.520972970000000313e-01 3.495852947235107422e-01
8.549375080000000127e-01 3.314047157764434814e-01
8.577777749999999646e-01 3.517121970653533936e-01
8.606180989999999698e-01 3.474138379096984863e-01
8.634584789999999455e-01 3.399754464626312256e-01
8.662989150000000027e-01 3.145504295825958252e-01
8.691394070000000305e-01 3.181529343128204346e-01
8.719799560000000005e-01 3.145297765731811523e-01
8.748205610000000521e-01 3.083251118659973145e-01
8.776612219999999631e-01 3.043039143085479736e-01
8.805019389999999557e-01 2.904767394065856934e-01
8.833427130000000016e-01 2.845481038093566895e-01
8.861835430000000180e-01 2.740069627761840820e-01
8.890244290000000049e-01 2.694344818592071533e-01
8.918653709999999624e-01 2.539257407188415527e-01
8.947063699999999731e-01 2.176006436347961426e-01
8.975474239999999826e-01 1.754224896430969238e-01
9.003885350000000454e-01 1.556452512741088867e-01
9.032297030000000504e-01 1.820375174283981323e-01
9.060709260000000542e-01 1.788180023431777954e-01
9.089122060000000003e-01 1.485243141651153564e-01
9.117535420000000279e-01 1.433539837598800659e-01
9.145949340000000261e-01 1.355222016572952271e-01
9.174363819999999947e-01 1.387505531311035156e-01
9.202778870000000166e-01 1.551813781261444092e-01
9.231194480000000091e-01 1.468247771263122559e-01
9.259610649999999721e-01 1.292828917503356934e-01
9.288027380000000166e-01 9.360022842884063721e-02
9.316444680000000034e-01 4.892843961715698242e-02
9.344862539999999607e-01 3.113976866006851196e-02
9.373280959999999995e-01 3.262706473469734192e-02
9.401699940000000089e-01 4.740975797176361084e-02
9.430119489999999605e-01 4.219318553805351257e-02
9.458539599999999936e-01 3.619487583637237549e-02
9.486960269999999973e-01 3.878478333353996277e-02
9.515381499999999715e-01 4.183935746550559998e-02
9.543803299999999989e-01 4.309301078319549561e-02
9.572225659999999969e-01 4.522148519754409790e-02
9.600648579999999654e-01 4.415995627641677856e-02
9.629072060000000155e-01 6.125301122665405273e-02
9.657496110000000078e-01 6.573423743247985840e-02
9.685920709999999989e-01 8.842441439628601074e-02
9.714345880000000433e-01 9.185102581977844238e-02
9.742771620000000299e-01 7.847157865762710571e-02
9.771197910000000153e-01 8.320524543523788452e-02
9.799624770000000540e-01 8.472077548503875732e-02
9.828052189999999522e-01 9.772749245166778564e-02
9.856480170000000429e-01 1.029991656541824341e-01
9.884908709999999932e-01 1.058107241988182068e-01
9.913337819999999967e-01 1.078823134303092957e-01
9.941767489999999707e-01 1.119349077343940735e-01
9.970197720000000263e-01 1.095518693327903748e-01
9.998628510000000524e-01 1.106227785348892212e-01
1.002705986999999910e+00 1.093009635806083679e-01
1.005549178999999960e+00 1.079060882329940796e-01
1.008392426999999980e+00 1.082765236496925354e-01
1.011235730999999971e+00 1.090400069952011108e-01
1.014079092000000015e+00 1.071881130337715149e-01
1.016922509000000030e+00 1.070267781615257263e-01
1.019765982000000015e+00 1.062405779957771301e-01
1.022609510999999971e+00 1.067546159029006958e-01
1.025453096999999980e+00 1.060441657900810242e-01
1.028296738999999960e+00 1.006394699215888977e-01
1.031140436999999910e+00 1.132756993174552917e-01
1.033984191000000052e+00 1.115175336599349976e-01
1.036828002000000026e+00 1.034742146730422974e-01
1.039671868000000110e+00 1.077265217900276184e-01
1.042515791000000025e+00 1.263771802186965942e-01
1.045359770999999993e+00 1.107523664832115173e-01
