3.615872339999999796e-01 1.317619681358337402e+00
3.644177160000000026e-01 1.452021121978759766e+00
3.672482539999999962e-01 1.608707666397094727e+00
3.700788480000000158e-01 1.577991247177124023e+00
3.729094980000000059e-01 1.430655002593994141e+00
3.757402049999999938e-01 1.489775896072387695e+00
3.785709680000000077e-01 1.645708680152893066e+00
3.814017869999999921e-01 1.447588801383972168e+00
3.842326620000000026e-01 1.314300894737243652e+00
3.870635940000000108e-01 1.456943988800048828e+00
3.898945819999999896e-01 1.634038209915161133e+00
3.927256259999999943e-01 1.446896672248840332e+00
3.955567260000000251e-01 1.477629065513610840e+00
3.983878829999999982e-01 1.854736804962158203e+00
4.012190950000000256e-01 2.317945003509521484e+00
4.040503639999999952e-01 2.308596134185791016e+00
4.068816900000000181e-01 2.263637065887451172e+00
4.097130709999999842e-01 2.315935134887695312e+00
4.125445090000000037e-01 2.417947530746459961e+00
4.153760029999999936e-01 2.414450168609619141e+00
4.182075530000000096e-01 2.378091812133789062e+00
4.210391589999999962e-01 2.399584293365478516e+00
4.238708219999999804e-01 2.338380813598632812e+00
4.267025409999999908e-01 2.302559852600097656e+00
4.295343160000000271e-01 2.099205732345581055e+00
4.323661469999999785e-01 2.231496095657348633e+00
4.351980349999999831e-01 2.431818485260009766e+00
4.380299790000000137e-01 2.461757898330688477e+00
4.408619790000000149e-01 2.541874647140502930e+00
4.436940349999999866e-01 2.681791305541992188e+00
4.465261480000000116e-01 2.728030443191528320e+00
4.493583170000000071e-01 2.878291368484497070e+00
4.521905419999999731e-01 2.915404558181762695e+00
4.550228230000000207e-01 2.865465641021728516e+00
4.578551610000000105e-01 2.951836585998535156e+00
4.606875550000000263e-01 2.972508907318115234e+00
4.635200050000000127e-01 2.977878332138061523e+00
4.663525110000000251e-01 2.930130004882812500e+00
4.691850739999999798e-01 2.919853210449218750e+00
4.720176919999999887e-01 2.963014602661132812e+00
4.748503669999999954e-01 3.022085189819335938e+00
4.776830989999999999e-01 3.048825025558471680e+00
4.805158860000000032e-01 3.107714414596557617e+00
4.833487300000000042e-01 3.090210437774658203e+00
4.861816299999999758e-01 2.836377382278442383e+00
4.890145859999999733e-01 2.967692852020263672e+00
4.918475979999999970e-01 3.040921926498413086e+00
4.946806670000000183e-01 3.111839056015014648e+00
4.975137920000000102e-01 3.130177497863769531e+00
5.003469729999999727e-01 3.052450180053710938e+00
5.031802100000000166e-01 3.038062572479248047e+00
5.060135040000000028e-01 3.125129699707031250e+00
5.088468539999999596e-01 3.142138481140136719e+00
5.116802599999999979e-01 3.170641660690307617e+00
5.145137220000000067e-01 3.105239391326904297e+00
5.173472409999999577e-01 2.951180696487426758e+00
5.201808159999999903e-01 3.085165500640869141e+00
5.230144469999999934e-01 3.223327398300170898e+00
5.258481339999999671e-01 3.219727993011474609e+00
5.286818779999999940e-01 3.259862422943115234e+00
5.315156779999999914e-01 3.366353273391723633e+00
5.343495339999999594e-01 3.361292839050292969e+00
5.371834460000000089e-01 3.408613920211791992e+00
5.400174150000000006e-01 3.354121685028076172e+00
5.428514389999999912e-01 3.363780975341796875e+00
5.456855200000000350e-01 3.433178424835205078e+00
5.485196580000000210e-01 3.443777799606323242e+00
5.513538510000000059e-01 3.475818157196044922e+00
5.541881010000000440e-01 3.507574558258056641e+00
5.570224070000000527e-01 3.478396177291870117e+00
5.598567690000000319e-01 3.427011489868164062e+00
5.626911869999999816e-01 3.474704742431640625e+00
5.655256619999999845e-01 3.472499608993530273e+00
5.683601929999999580e-01 3.438911914825439453e+00
5.711947800000000131e-01 3.402420282363891602e+00
5.740294230000000386e-01 3.459722757339477539e+00
5.768641230000000064e-01 3.423133611679077148e+00
5.796988789999999447e-01 3.439566850662231445e+00
5.825336909999999646e-01 3.509732007980346680e+00
5.853685589999999550e-01 3.482546806335449219e+00
5.882034839999999987e-01 3.258429527282714844e+00
5.910384650000000129e-01 3.119156360626220703e+00
5.938735019999999976e-01 3.183238267898559570e+00
5.967085949999999528e-01 3.181936264038085938e+00
5.995437449999999613e-01 3.153751611709594727e+00
6.023789510000000513e-01 3.119195222854614258e+00
6.052142130000000009e-01 3.137155532836914062e+00
6.080495310000000320e-01 3.078149318695068359e+00
6.108849060000000053e-01 2.967037439346313477e+00
6.137203359999999774e-01 2.903722763061523438e+00
6.165558230000000028e-01 2.879654645919799805e+00
6.193913669999999705e-01 2.963014841079711914e+00
6.222269660000000480e-01 2.944671869277954102e+00
6.250626219999999567e-01 2.872634887695312500e+00
6.278983339999999469e-01 2.808294534683227539e+00
6.307341020000000187e-01 2.782122135162353516e+00
6.335699259999999500e-01 2.822758436203002930e+00
6.364058070000000455e-01 2.848031044006347656e+00
6.392417440000000006e-01 2.848774671554565430e+00
6.420777370000000372e-01 2.824624061584472656e+00
6.449137860000000444e-01 2.791269540786743164e+00
6.477498919999999938e-01 2.654780149459838867e+00
6.505860540000000247e-01 2.651697158813476562e+00
6.534222720000000262e-01 2.644873857498168945e+00
6.562585459999999982e-01 2.433801889419555664e+00
6.590948770000000234e-01 2.558954000473022461e+00
6.619312640000000192e-01 2.621079444885253906e+00
6.647677069999999855e-01 2.597364902496337891e+00
6.676042060000000333e-01 2.581902980804443359e+00
6.704407620000000234e-01 2.551238536834716797e+00
6.732773739999999840e-01 2.528497695922851562e+00
6.761140420000000262e-01 2.509748458862304688e+00
6.789507660000000389e-01 2.499936580657958984e+00
6.817875469999999938e-01 2.480937242507934570e+00
6.846243829999999475e-01 2.396861553192138672e+00
6.874612759999999545e-01 2.005047321319580078e+00
6.902982260000000148e-01 2.037123680114746094e+00
6.931352309999999628e-01 2.081320762634277344e+00
6.959722929999999641e-01 2.097989082336425781e+00
6.988094110000000470e-01 2.083106040954589844e+00
7.016465849999999893e-01 1.976368069648742676e+00
7.044838150000000132e-01 1.981702923774719238e+00
7.073211019999999793e-01 1.955951809883117676e+00
7.101584450000000270e-01 1.890314817428588867e+00
7.129958440000000452e-01 1.784813761711120605e+00
7.158332990000000340e-01 1.517318964004516602e+00
7.186708109999999650e-01 1.122794747352600098e+00
7.215083789999999775e-01 1.153005957603454590e+00
7.243460029999999605e-01 1.063965320587158203e+00
7.271836830000000251e-01 9.663850069046020508e-01
7.300214200000000320e-01 9.148294329643249512e-01
7.328592130000000093e-01 9.365171194076538086e-01
7.356970619999999572e-01 9.422155618667602539e-01
7.385349669999999866e-01 9.139900803565979004e-01
7.413729289999999583e-01 9.208120703697204590e-01
7.442109470000000115e-01 9.387947320938110352e-01
7.470490210000000353e-01 9.376547336578369141e-01
7.498871510000000296e-01 9.231536984443664551e-01
7.527253379999999661e-01 9.192475676536560059e-01
7.555635800000000124e-01 9.061353802680969238e-01
7.584018790000000010e-01 7.431625723838806152e-01
7.612402350000000428e-01 3.509816527366638184e-01
7.640786459999999725e-01 4.261551201343536377e-01
7.669171139999999554e-01 6.839328408241271973e-01
7.697556380000000198e-01 8.351820707321166992e-01
7.725942180000000548e-01 8.638315796852111816e-01
7.754328539999999492e-01 8.633260130882263184e-01
7.782715470000000080e-01 8.666692376136779785e-01
7.811102960000000373e-01 8.748383522033691406e-01
7.839491010000000371e-01 8.713842034339904785e-01
7.867879620000000074e-01 8.568770289421081543e-01
7.896268800000000310e-01 8.327803611755371094e-01
7.924658540000000251e-01 8.400577902793884277e-01
7.953048839999999897e-01 8.450282216072082520e-01
7.981439700000000359e-01 8.543773293495178223e-01
8.009831130000000243e-01 8.459244370460510254e-01
8.038223119999999833e-01 8.482131361961364746e-01
8.066615670000000238e-01 8.662980198860168457e-01
8.095008780000000348e-01 8.269633650779724121e-01
8.123402459999999881e-01 7.440211176872253418e-01
8.151796700000000229e-01 6.098142266273498535e-01
8.180191500000000282e-01 5.759899616241455078e-01
8.208586860000000041e-01 6.170044541358947754e-01
8.236982790000000332e-01 5.635867714881896973e-01
8.265379269999999501e-01 5.938380360603332520e-01
8.293776320000000313e-01 5.259303450584411621e-01
8.322173940000000547e-01 5.163571238517761230e-01
8.350572109999999659e-01 5.261245965957641602e-01
8.378970850000000414e-01 5.356066823005676270e-01
8.407370149999999764e-01 5.342605113983154297e-01
8.435770009999999930e-01 5.314504504203796387e-01
8.464170429999999801e-01 5.284323692321777344e-01
8.492571420000000204e-01 5.000170469284057617e-01
8.520972970000000313e-01 4.842343926429748535e-01
8.549375080000000127e-01 4.571745097637176514e-01
8.577777749999999646e-01 4.864651560783386230e-01
8.606180989999999698e-01 4.760484397411346436e-01
8.634584789999999455e-01 4.692039191722869873e-01
8.662989150000000027e-01 4.323225319385528564e-01
8.691394070000000305e-01 4.469826817512512207e-01
8.719799560000000005e-01 4.460378289222717285e-01
8.748205610000000521e-01 4.277040958404541016e-01
8.776612219999999631e-01 4.211459159851074219e-01
8.805019389999999557e-01 4.103285968303680420e-01
8.833427130000000016e-01 3.967109322547912598e-01
8.861835430000000180e-01 3.846850991249084473e-01
8.890244290000000049e-01 3.825768530368804932e-01
8.918653709999999624e-01 3.567747175693511963e-01
8.947063699999999731e-01 3.029746413230895996e-01
8.975474239999999826e-01 2.440910935401916504e-01
9.003885350000000454e-01 2.176397144794464111e-01
9.032297030000000504e-01 2.527831792831420898e-01
9.060709260000000542e-01 2.520666122436523438e-01
9.089122060000000003e-01 2.019310742616653442e-01
9.117535420000000279e-01 2.049084603786468506e-01
9.145949340000000261e-01 1.890079975128173828e-01
9.174363819999999947e-01 1.912889778614044189e-01
9.202778870000000166e-01 2.191382646560668945e-01
9.231194480000000091e-01 2.069876492023468018e-01
9.259610649999999721e-01 1.878545731306076050e-01
9.288027380000000166e-01 1.334022432565689087e-01
9.316444680000000034e-01 7.242897897958755493e-02
9.344862539999999607e-01 4.461418092250823975e-02
9.373280959999999995e-01 4.705289006233215332e-02
9.401699940000000089e-01 7.214603573083877563e-02
9.430119489999999605e-01 6.310585141181945801e-02
9.458539599999999936e-01 5.931448563933372498e-02
9.486960269999999973e-01 5.879432708024978638e-02
9.515381499999999715e-01 6.165699288249015808e-02
9.543803299999999989e-01 6.328795105218887329e-02
9.572225659999999969e-01 6.937544792890548706e-02
9.600648579999999654e-01 7.559026777744293213e-02
9.629072060000000155e-01 8.519765734672546387e-02
9.657496110000000078e-01 9.252753108739852905e-02
9.685920709999999989e-01 1.273226886987686157e-01
9.714345880000000433e-01 1.356976479291915894e-01
9.742771620000000299e-01 1.189037859439849854e-01
9.771197910000000153e-01 1.229254230856895447e-01
9.799624770000000540e-01 1.294940114021301270e-01
9.828052189999999522e-01 1.428243815898895264e-01
9.856480170000000429e-01 1.533467769622802734e-01
9.884908709999999932e-01 1.657999902963638306e-01
9.913337819999999967e-01 1.618133932352066040e-01
9.941767489999999707e-01 1.603179723024368286e-01
9.970197720000000263e-01 1.646820306777954102e-01
9.998628510000000524e-01 1.639046818017959595e-01
1.002705986999999910e+00 1.620686352252960205e-01
1.005549178999999960e+00 1.588963866233825684e-01
1.008392426999999980e+00 1.633244901895523071e-01
1.011235730999999971e+00 1.640019267797470093e-01
1.014079092000000015e+00 1.575959324836730957e-01
1.016922509000000030e+00 1.572165638208389282e-01
1.019765982000000015e+00 1.608913987874984741e-01
1.022609510999999971e+00 1.635775417089462280e-01
1.025453096999999980e+00 1.627246290445327759e-01
1.028296738999999960e+00 1.603123098611831665e-01
1.031140436999999910e+00 1.706108450889587402e-01
1.033984191000000052e+00 1.646536290645599365e-01
1.036828002000000026e+00 1.682908833026885986e-01
1.039671868000000110e+00 1.554657667875289917e-01
1.042515791000000025e+00 1.655280292034149170e-01
1.045359770999999993e+00 1.819111555814743042e-01
