3.615872339999999796e-01 1.279998183250427246e+00
3.644177160000000026e-01 1.486768841743469238e+00
3.672482539999999962e-01 1.608551263809204102e+00
3.700788480000000158e-01 1.565566539764404297e+00
3.729094980000000059e-01 1.444880008697509766e+00
3.757402049999999938e-01 1.495074987411499023e+00
3.785709680000000077e-01 1.662985444068908691e+00
3.814017869999999921e-01 1.437095999717712402e+00
3.842326620000000026e-01 1.317177414894104004e+00
3.870635940000000108e-01 1.449076175689697266e+00
3.898945819999999896e-01 1.607808589935302734e+00
3.927256259999999943e-01 1.425242066383361816e+00
3.955567260000000251e-01 1.488111972808837891e+00
3.983878829999999982e-01 1.821386814117431641e+00
4.012190950000000256e-01 2.272171258926391602e+00
4.040503639999999952e-01 2.268585443496704102e+00
4.068816900000000181e-01 2.223372936248779297e+00
4.097130709999999842e-01 2.272961616516113281e+00
4.125445090000000037e-01 2.356206893920898438e+00
4.153760029999999936e-01 2.378837347030639648e+00
4.182075530000000096e-01 2.335291147232055664e+00
4.210391589999999962e-01 2.353986024856567383e+00
4.238708219999999804e-01 2.310680866241455078e+00
4.267025409999999908e-01 2.243375301361083984e+00
4.295343160000000271e-01 2.042854785919189453e+00
4.323661469999999785e-01 2.167850255966186523e+00
4.351980349999999831e-01 2.385142564773559570e+00
4.380299790000000137e-01 2.401609182357788086e+00
4.408619790000000149e-01 2.471518754959106445e+00
4.436940349999999866e-01 2.610696554183959961e+00
4.465261480000000116e-01 2.638928413391113281e+00
4.493583170000000071e-01 2.812978506088256836e+00
4.521905419999999731e-01 2.803630590438842773e+00
4.550228230000000207e-01 2.784301757812500000e+00
4.578551610000000105e-01 2.841652870178222656e+00
4.606875550000000263e-01 2.863855123519897461e+00
4.635200050000000127e-01 2.894273281097412109e+00
4.663525110000000251e-01 2.819053888320922852e+00
4.691850739999999798e-01 2.821652412414550781e+00
4.720176919999999887e-01 2.859832048416137695e+00
4.748503669999999954e-01 2.900593519210815430e+00
4.776830989999999999e-01 2.931913614273071289e+00
4.805158860000000032e-01 2.978770256042480469e+00
4.833487300000000042e-01 2.962026119232177734e+00
4.861816299999999758e-01 2.731978416442871094e+00
4.890145859999999733e-01 2.844429492950439453e+00
4.918475979999999970e-01 2.928073644638061523e+00
4.946806670000000183e-01 2.981855154037475586e+00
4.975137920000000102e-01 3.007043361663818359e+00
5.003469729999999727e-01 2.932971477508544922e+00
5.031802100000000166e-01 2.899691104888916016e+00
5.060135040000000028e-01 3.002186775207519531e+00
5.088468539999999596e-01 3.001906156539916992e+00
5.116802599999999979e-01 3.042670965194702148e+00
5.145137220000000067e-01 2.970418930053710938e+00
5.173472409999999577e-01 2.816505193710327148e+00
5.201808159999999903e-01 2.947040081024169922e+00
5.230144469999999934e-01 3.070592641830444336e+00
5.258481339999999671e-01 3.076709985733032227e+00
5.286818779999999940e-01 3.123622417449951172e+00
5.315156779999999914e-01 3.220290660858154297e+00
5.343495339999999594e-01 3.212371349334716797e+00
5.371834460000000089e-01 3.242321491241455078e+00
5.400174150000000006e-01 3.195125341415405273e+00
5.428514389999999912e-01 3.210074901580810547e+00
5.456855200000000350e-01 3.270552396774291992e+00
5.485196580000000210e-01 3.286521434783935547e+00
5.513538510000000059e-01 3.316653490066528320e+00
5.541881010000000440e-01 3.336178064346313477e+00
5.570224070000000527e-01 3.294609308242797852e+00
5.598567690000000319e-01 3.257407903671264648e+00
5.626911869999999816e-01 3.299650430679321289e+00
5.655256619999999845e-01 3.299474477767944336e+00
5.683601929999999580e-01 3.273293972015380859e+00
5.711947800000000131e-01 3.236665964126586914e+00
5.740294230000000386e-01 3.281555414199829102e+00
5.768641230000000064e-01 3.247712612152099609e+00
5.796988789999999447e-01 3.258035898208618164e+00
5.825336909999999646e-01 3.335186958312988281e+00
5.853685589999999550e-01 3.296949625015258789e+00
5.882034839999999987e-01 3.070043325424194336e+00
5.910384650000000129e-01 2.938990354537963867e+00
5.938735019999999976e-01 2.989668607711791992e+00
5.967085949999999528e-01 2.984483957290649414e+00
5.995437449999999613e-01 2.939494609832763672e+00
6.023789510000000513e-01 2.899332761764526367e+00
6.052142130000000009e-01 2.903496026992797852e+00
6.080495310000000320e-01 2.875519275665283203e+00
6.108849060000000053e-01 2.777375459671020508e+00
6.137203359999999774e-01 2.695544958114624023e+00
6.165558230000000028e-01 2.661138772964477539e+00
6.193913669999999705e-01 2.738784074783325195e+00
6.222269660000000480e-01 2.715550422668457031e+00
6.250626219999999567e-01 2.651720523834228516e+00
6.278983339999999469e-01 2.584167003631591797e+00
6.307341020000000187e-01 2.566955566406250000e+00
6.335699259999999500e-01 2.596505403518676758e+00
6.364058070000000455e-01 2.629099845886230469e+00
6.392417440000000006e-01 2.629173755645751953e+00
6.420777370000000372e-01 2.592511653900146484e+00
6.449137860000000444e-01 2.554666042327880859e+00
6.477498919999999938e-01 2.435678720474243164e+00
6.505860540000000247e-01 2.430803060531616211e+00
6.534222720000000262e-01 2.417958259582519531e+00
6.562585459999999982e-01 2.217416048049926758e+00
6.590948770000000234e-01 2.322678565979003906e+00
6.619312640000000192e-01 2.379321813583374023e+00
6.647677069999999855e-01 2.365363597869873047e+00
6.676042060000000333e-01 2.339705944061279297e+00
6.704407620000000234e-01 2.323650598526000977e+00
6.732773739999999840e-01 2.289837360382080078e+00
6.761140420000000262e-01 2.273452043533325195e+00
6.789507660000000389e-01 2.258084297180175781e+00
6.817875469999999938e-01 2.240904808044433594e+00
6.846243829999999475e-01 2.151388168334960938e+00
6.874612759999999545e-01 1.800087809562683105e+00
6.902982260000000148e-01 1.825568199157714844e+00
6.931352309999999628e-01 1.857692837715148926e+00
6.959722929999999641e-01 1.867224931716918945e+00
6.988094110000000470e-01 1.841623663902282715e+00
7.016465849999999893e-01 1.742502093315124512e+00
7.044838150000000132e-01 1.738148212432861328e+00
7.073211019999999793e-01 1.710512161254882812e+00
7.101584450000000270e-01 1.636160969734191895e+00
7.129958440000000452e-01 1.533943176269531250e+00
7.158332990000000340e-01 1.296578288078308105e+00
7.186708109999999650e-01 9.394017457962036133e-01
7.215083789999999775e-01 9.653646349906921387e-01
7.243460029999999605e-01 8.881608843803405762e-01
7.271836830000000251e-01 8.020482063293457031e-01
7.300214200000000320e-01 7.516577243804931641e-01
7.328592130000000093e-01 7.709192633628845215e-01
7.356970619999999572e-01 7.583128809928894043e-01
7.385349669999999866e-01 7.418519854545593262e-01
7.413729289999999583e-01 7.411605119705200195e-01
7.442109470000000115e-01 7.552013993263244629e-01
7.470490210000000353e-01 7.584937810897827148e-01
7.498871510000000296e-01 7.395096421241760254e-01
7.527253379999999661e-01 7.332653403282165527e-01
7.555635800000000124e-01 7.209817171096801758e-01
7.584018790000000010e-01 6.018175482749938965e-01
7.612402350000000428e-01 2.783785164356231689e-01
7.640786459999999725e-01 3.394087255001068115e-01
7.669171139999999554e-01 5.428044199943542480e-01
7.697556380000000198e-01 6.640735864639282227e-01
7.725942180000000548e-01 6.871423721313476562e-01
7.754328539999999492e-01 6.884908080101013184e-01
7.782715470000000080e-01 6.940222382545471191e-01
7.811102960000000373e-01 6.946074366569519043e-01
7.839491010000000371e-01 6.976615190505981445e-01
7.867879620000000074e-01 6.839617490768432617e-01
7.896268800000000310e-01 6.636623144149780273e-01
7.924658540000000251e-01 6.604635715484619141e-01
7.953048839999999897e-01 6.716701984405517578e-01
7.981439700000000359e-01 6.787854433059692383e-01
8.009831130000000243e-01 6.757551431655883789e-01
8.038223119999999833e-01 6.706045866012573242e-01
8.066615670000000238e-01 6.866086721420288086e-01
8.095008780000000348e-01 6.579627394676208496e-01
8.123402459999999881e-01 5.893315076828002930e-01
8.151796700000000229e-01 4.804239869117736816e-01
8.180191500000000282e-01 4.595392942428588867e-01
8.208586860000000041e-01 4.914251267910003662e-01
8.236982790000000332e-01 4.462669789791107178e-01
8.265379269999999501e-01 4.683251976966857910e-01
8.293776320000000313e-01 4.106315374374389648e-01
8.322173940000000547e-01 4.010316133499145508e-01
8.350572109999999659e-01 4.063847661018371582e-01
8.378970850000000414e-01 4.186112880706787109e-01
8.407370149999999764e-01 4.170852601528167725e-01
8.435770009999999930e-01 4.109301567077636719e-01
8.464170429999999801e-01 4.102281033992767334e-01
8.492571420000000204e-01 3.870427012443542480e-01
8.520972970000000313e-01 3.734562695026397705e-01
8.549375080000000127e-01 3.540167212486267090e-01
8.577777749999999646e-01 3.777803182601928711e-01
8.606180989999999698e-01 3.677450716495513916e-01
8.634584789999999455e-01 3.639082610607147217e-01
8.662989150000000027e-01 3.327153325080871582e-01
8.691394070000000305e-01 3.396963775157928467e-01
8.719799560000000005e-01 3.402665555477142334e-01
8.748205610000000521e-01 3.304383754730224609e-01
8.776612219999999631e-01 3.237699270248413086e-01
8.805019389999999557e-01 3.105064928531646729e-01
8.833427130000000016e-01 3.087744414806365967e-01
8.861835430000000180e-01 2.934933602809906006e-01
8.890244290000000049e-01 2.930152416229248047e-01
8.918653709999999624e-01 2.736320197582244873e-01
8.947063699999999731e-01 2.328775823116302490e-01
8.975474239999999826e-01 1.874156892299652100e-01
9.003885350000000454e-01 1.689901798963546753e-01
9.032297030000000504e-01 1.930109858512878418e-01
9.060709260000000542e-01 1.919334381818771362e-01
9.089122060000000003e-01 1.587972342967987061e-01
9.117535420000000279e-01 1.585922986268997192e-01
9.145949340000000261e-01 1.439216881990432739e-01
9.174363819999999947e-01 1.453387737274169922e-01
9.202778870000000166e-01 1.672130376100540161e-01
9.231194480000000091e-01 1.605289280414581299e-01
9.259610649999999721e-01 1.454116106033325195e-01
9.288027380000000166e-01 1.040992066264152527e-01
9.316444680000000034e-01 6.250593066215515137e-02
9.344862539999999607e-01 3.298669308423995972e-02
9.373280959999999995e-01 3.710432723164558411e-02
9.401699940000000089e-01 5.474503710865974426e-02
9.430119489999999605e-01 5.027331039309501648e-02
9.458539599999999936e-01 4.241187125444412231e-02
9.486960269999999973e-01 4.801721125841140747e-02
9.515381499999999715e-01 4.854929074645042419e-02
9.543803299999999989e-01 4.999446123838424683e-02
9.572225659999999969e-01 5.369817465543746948e-02
9.600648579999999654e-01 5.785692855715751648e-02
9.629072060000000155e-01 6.825694441795349121e-02
9.657496110000000078e-01 7.584393024444580078e-02
9.685920709999999989e-01 9.591276943683624268e-02
9.714345880000000433e-01 9.940413385629653931e-02
9.742771620000000299e-01 9.059545397758483887e-02
9.771197910000000153e-01 9.586957097053527832e-02
9.799624770000000540e-01 9.779930114746093750e-02
9.828052189999999522e-01 1.030179262161254883e-01
9.856480170000000429e-01 1.160213649272918701e-01
9.884908709999999932e-01 1.142135486006736755e-01
9.913337819999999967e-01 1.172704920172691345e-01
9.941767489999999707e-01 1.181480512022972107e-01
9.970197720000000263e-01 1.209753528237342834e-01
9.998628510000000524e-01 1.208252683281898499e-01
1.002705986999999910e+00 1.221016049385070801e-01
1.005549178999999960e+00 1.082140505313873291e-01
1.008392426999999980e+00 1.183280572295188904e-01
1.011235730999999971e+00 1.119020506739616394e-01
1.014079092000000015e+00 1.130668446421623230e-01
1.016922509000000030e+00 1.197689399123191833e-01
1.019765982000000015e+00 1.185578480362892151e-01
1.022609510999999971e+00 1.192961037158966064e-01
1.025453096999999980e+00 1.226126775145530701e-01
1.028296738999999960e+00 1.184779405593872070e-01
1.031140436999999910e+00 1.304013282060623169e-01
1.033984191000000052e+00 1.316757351160049438e-01
1.036828002000000026e+00 1.246508732438087463e-01
1.039671868000000110e+00 1.307129412889480591e-01
1.042515791000000025e+00 1.341210603713989258e-01
1.045359770999999993e+00 1.252073943614959717e-01
