3.615872339999999796e-01 1.276262402534484863e+00
3.644177160000000026e-01 1.482941031455993652e+00
3.672482539999999962e-01 1.582270026206970215e+00
3.700788480000000158e-01 1.566275358200073242e+00
3.729094980000000059e-01 1.440770626068115234e+00
3.757402049999999938e-01 1.549870967864990234e+00
3.785709680000000077e-01 1.670718908309936523e+00
3.814017869999999921e-01 1.450782299041748047e+00
3.842326620000000026e-01 1.331171393394470215e+00
3.870635940000000108e-01 1.460021734237670898e+00
3.898945819999999896e-01 1.629986286163330078e+00
3.927256259999999943e-01 1.438555479049682617e+00
3.955567260000000251e-01 1.453813910484313965e+00
3.983878829999999982e-01 1.853489160537719727e+00
4.012190950000000256e-01 2.281857013702392578e+00
4.040503639999999952e-01 2.287329196929931641e+00
4.068816900000000181e-01 2.224215745925903320e+00
4.097130709999999842e-01 2.284439802169799805e+00
4.125445090000000037e-01 2.371788501739501953e+00
4.153760029999999936e-01 2.403578758239746094e+00
4.182075530000000096e-01 2.331024169921875000e+00
4.210391589999999962e-01 2.338800907135009766e+00
4.238708219999999804e-01 2.321215867996215820e+00
4.267025409999999908e-01 2.237031459808349609e+00
4.295343160000000271e-01 2.070873975753784180e+00
4.323661469999999785e-01 2.182992219924926758e+00
4.351980349999999831e-01 2.409456253051757812e+00
4.380299790000000137e-01 2.434518098831176758e+00
4.408619790000000149e-01 2.516133069992065430e+00
4.436940349999999866e-01 2.648198843002319336e+00
4.465261480000000116e-01 2.686578989028930664e+00
4.493583170000000071e-01 2.827461719512939453e+00
4.521905419999999731e-01 2.844174146652221680e+00
4.550228230000000207e-01 2.810031890869140625e+00
4.578551610000000105e-01 2.882108449935913086e+00
4.606875550000000263e-01 2.908200979232788086e+00
4.635200050000000127e-01 2.936399221420288086e+00
4.663525110000000251e-01 2.853605270385742188e+00
4.691850739999999798e-01 2.865503072738647461e+00
4.720176919999999887e-01 2.903852224349975586e+00
4.748503669999999954e-01 2.954156160354614258e+00
4.776830989999999999e-01 2.985154151916503906e+00
4.805158860000000032e-01 3.039104461669921875e+00
4.833487300000000042e-01 3.002835035324096680e+00
4.861816299999999758e-01 2.777579069137573242e+00
4.890145859999999733e-01 2.901285886764526367e+00
4.918475979999999970e-01 2.972030639648437500e+00
4.946806670000000183e-01 3.033934593200683594e+00
4.975137920000000102e-01 3.054934978485107422e+00
5.003469729999999727e-01 2.978974103927612305e+00
5.031802100000000166e-01 2.935159921646118164e+00
5.060135040000000028e-01 3.040398359298706055e+00
5.088468539999999596e-01 3.072224378585815430e+00
5.116802599999999979e-01 3.092422246932983398e+00
5.145137220000000067e-01 3.032246828079223633e+00
5.173472409999999577e-01 2.874079227447509766e+00
5.201808159999999903e-01 3.004229545593261719e+00
5.230144469999999934e-01 3.126915216445922852e+00
5.258481339999999671e-01 3.136178493499755859e+00
5.286818779999999940e-01 3.182283639907836914e+00
5.315156779999999914e-01 3.277352333068847656e+00
5.343495339999999594e-01 3.273899078369140625e+00
5.371834460000000089e-01 3.310977458953857422e+00
5.400174150000000006e-01 3.248199939727783203e+00
5.428514389999999912e-01 3.265150785446166992e+00
5.456855200000000350e-01 3.334805488586425781e+00
5.485196580000000210e-01 3.348444700241088867e+00
5.513538510000000059e-01 3.376774311065673828e+00
5.541881010000000440e-01 3.391440153121948242e+00
5.570224070000000527e-01 3.366827964782714844e+00
5.598567690000000319e-01 3.319389581680297852e+00
5.626911869999999816e-01 3.370146036148071289e+00
5.655256619999999845e-01 3.358339548110961914e+00
5.683601929999999580e-01 3.332731723785400391e+00
5.711947800000000131e-01 3.294251203536987305e+00
5.740294230000000386e-01 3.340137243270874023e+00
5.768641230000000064e-01 3.302606344223022461e+00
5.796988789999999447e-01 3.335068941116333008e+00
5.825336909999999646e-01 3.402323722839355469e+00
5.853685589999999550e-01 3.352216243743896484e+00
5.882034839999999987e-01 3.137244701385498047e+00
5.910384650000000129e-01 2.995855569839477539e+00
5.938735019999999976e-01 3.057307004928588867e+00
5.967085949999999528e-01 3.044138908386230469e+00
5.995437449999999613e-01 3.003443241119384766e+00
6.023789510000000513e-01 2.976813793182373047e+00
6.052142130000000009e-01 2.977285146713256836e+00
6.080495310000000320e-01 2.945227622985839844e+00
6.108849060000000053e-01 2.831137418746948242e+00
6.137203359999999774e-01 2.761127471923828125e+00
6.165558230000000028e-01 2.737393379211425781e+00
6.193913669999999705e-01 2.806285142898559570e+00
6.222269660000000480e-01 2.787522554397583008e+00
6.250626219999999567e-01 2.718259811401367188e+00
6.278983339999999469e-01 2.652141809463500977e+00
6.307341020000000187e-01 2.631582021713256836e+00
6.335699259999999500e-01 2.664743900299072266e+00
6.364058070000000455e-01 2.692944049835205078e+00
6.392417440000000006e-01 2.698323726654052734e+00
6.420777370000000372e-01 2.662632226943969727e+00
6.449137860000000444e-01 2.637439489364624023e+00
6.477498919999999938e-01 2.512761116027832031e+00
6.505860540000000247e-01 2.496719598770141602e+00
6.534222720000000262e-01 2.490456819534301758e+00
6.562585459999999982e-01 2.289713144302368164e+00
6.590948770000000234e-01 2.394063472747802734e+00
6.619312640000000192e-01 2.455529928207397461e+00
6.647677069999999855e-01 2.432920217514038086e+00
6.676042060000000333e-01 2.413201093673706055e+00
6.704407620000000234e-01 2.386983394622802734e+00
6.732773739999999840e-01 2.353211879730224609e+00
6.761140420000000262e-01 2.353466033935546875e+00
6.789507660000000389e-01 2.325649023056030273e+00
6.817875469999999938e-01 2.304618835449218750e+00
6.846243829999999475e-01 2.224477052688598633e+00
6.874612759999999545e-01 1.867655515670776367e+00
6.902982260000000148e-01 1.890210032463073730e+00
6.931352309999999628e-01 1.924695134162902832e+00
6.959722929999999641e-01 1.938308119773864746e+00
6.988094110000000470e-01 1.917263507843017578e+00
7.016465849999999893e-01 1.812791347503662109e+00
7.044838150000000132e-01 1.820720314979553223e+00
7.073211019999999793e-01 1.779915213584899902e+00
7.101584450000000270e-01 1.710728645324707031e+00
7.129958440000000452e-01 1.621920585632324219e+00
7.158332990000000340e-01 1.368467211723327637e+00
7.186708109999999650e-01 9.956994652748107910e-01
7.215083789999999775e-01 1.017023086547851562e+00
7.243460029999999605e-01 9.366985559463500977e-01
7.271836830000000251e-01 8.391710519790649414e-01
7.300214200000000320e-01 7.881414294242858887e-01
7.328592130000000093e-01 7.996730208396911621e-01
7.356970619999999572e-01 7.995353341102600098e-01
7.385349669999999866e-01 7.813431024551391602e-01
7.413729289999999583e-01 7.719514369964599609e-01
7.442109470000000115e-01 7.775021195411682129e-01
7.470490210000000353e-01 7.787820100784301758e-01
7.498871510000000296e-01 7.684659957885742188e-01
7.527253379999999661e-01 7.585357427597045898e-01
7.555635800000000124e-01 7.553060650825500488e-01
7.584018790000000010e-01 6.150264739990234375e-01
7.612402350000000428e-01 2.925735414028167725e-01
7.640786459999999725e-01 3.534875810146331787e-01
7.669171139999999554e-01 5.632889270782470703e-01
7.697556380000000198e-01 6.887044906616210938e-01
7.725942180000000548e-01 7.127773165702819824e-01
7.754328539999999492e-01 7.121160030364990234e-01
7.782715470000000080e-01 7.147936224937438965e-01
7.811102960000000373e-01 7.233713865280151367e-01
7.839491010000000371e-01 7.247666120529174805e-01
7.867879620000000074e-01 7.113449573516845703e-01
7.896268800000000310e-01 6.858701109886169434e-01
7.924658540000000251e-01 6.920890808105468750e-01
7.953048839999999897e-01 7.012758851051330566e-01
7.981439700000000359e-01 7.070915102958679199e-01
8.009831130000000243e-01 6.991299390792846680e-01
8.038223119999999833e-01 7.004539966583251953e-01
8.066615670000000238e-01 7.179532051086425781e-01
8.095008780000000348e-01 6.940032243728637695e-01
8.123402459999999881e-01 6.136873960494995117e-01
8.151796700000000229e-01 4.990806281566619873e-01
8.180191500000000282e-01 4.738317728042602539e-01
8.208586860000000041e-01 5.050305724143981934e-01
8.236982790000000332e-01 4.709619581699371338e-01
8.265379269999999501e-01 4.852361083030700684e-01
8.293776320000000313e-01 4.282537996768951416e-01
8.322173940000000547e-01 4.122399687767028809e-01
8.350572109999999659e-01 4.169060587882995605e-01
8.378970850000000414e-01 4.267690479755401611e-01
8.407370149999999764e-01 4.248167276382446289e-01
8.435770009999999930e-01 4.249221682548522949e-01
8.464170429999999801e-01 4.145985841751098633e-01
8.492571420000000204e-01 4.060474336147308350e-01
8.520972970000000313e-01 3.824041783809661865e-01
8.549375080000000127e-01 3.621905744075775146e-01
8.577777749999999646e-01 3.819117844104766846e-01
8.606180989999999698e-01 3.783663213253021240e-01
8.634584789999999455e-01 3.713742792606353760e-01
8.662989150000000027e-01 3.418019711971282959e-01
8.691394070000000305e-01 3.520825207233428955e-01
8.719799560000000005e-01 3.473525345325469971e-01
8.748205610000000521e-01 3.340862393379211426e-01
8.776612219999999631e-01 3.310351967811584473e-01
8.805019389999999557e-01 3.170538544654846191e-01
8.833427130000000016e-01 3.116964697837829590e-01
8.861835430000000180e-01 3.013497292995452881e-01
8.890244290000000049e-01 2.957295179367065430e-01
8.918653709999999624e-01 2.805544435977935791e-01
8.947063699999999731e-01 2.362647056579589844e-01
8.975474239999999826e-01 1.856982707977294922e-01
9.003885350000000454e-01 1.674739867448806763e-01
9.032297030000000504e-01 1.883153319358825684e-01
9.060709260000000542e-01 1.918199658393859863e-01
9.089122060000000003e-01 1.560677438974380493e-01
9.117535420000000279e-01 1.560522019863128662e-01
9.145949340000000261e-01 1.419031471014022827e-01
9.174363819999999947e-01 1.454323381185531616e-01
9.202778870000000166e-01 1.676302850246429443e-01
9.231194480000000091e-01 1.565175503492355347e-01
9.259610649999999721e-01 1.381126642227172852e-01
9.288027380000000166e-01 1.033175215125083923e-01
9.316444680000000034e-01 5.086759477853775024e-02
9.344862539999999607e-01 3.184053674340248108e-02
9.373280959999999995e-01 3.469013422727584839e-02
9.401699940000000089e-01 5.251912772655487061e-02
9.430119489999999605e-01 4.441416263580322266e-02
9.458539599999999936e-01 3.903343901038169861e-02
9.486960269999999973e-01 4.083244502544403076e-02
9.515381499999999715e-01 4.937399551272392273e-02
9.543803299999999989e-01 4.635216295719146729e-02
9.572225659999999969e-01 4.779377952218055725e-02
9.600648579999999654e-01 5.233163386583328247e-02
9.629072060000000155e-01 5.961155518889427185e-02
9.657496110000000078e-01 6.655636429786682129e-02
9.685920709999999989e-01 8.723592013120651245e-02
9.714345880000000433e-01 9.356494247913360596e-02
9.742771620000000299e-01 8.546666800975799561e-02
9.771197910000000153e-01 8.993107825517654419e-02
9.799624770000000540e-01 9.206491708755493164e-02
9.828052189999999522e-01 9.956818073987960815e-02
9.856480170000000429e-01 1.038889661431312561e-01
9.884908709999999932e-01 1.151223927736282349e-01
9.913337819999999967e-01 1.135548651218414307e-01
9.941767489999999707e-01 1.153710559010505676e-01
9.970197720000000263e-01 1.163197085261344910e-01
9.998628510000000524e-01 1.141243129968643188e-01
1.002705986999999910e+00 1.114787459373474121e-01
1.005549178999999960e+00 1.070598810911178589e-01
1.008392426999999980e+00 1.072506457567214966e-01
1.011235730999999971e+00 1.111274734139442444e-01
1.014079092000000015e+00 1.104028746485710144e-01
1.016922509000000030e+00 1.146873831748962402e-01
1.019765982000000015e+00 1.115362122654914856e-01
1.022609510999999971e+00 1.111893728375434875e-01
1.025453096999999980e+00 1.165441051125526428e-01
1.028296738999999960e+00 1.077841222286224365e-01
1.031140436999999910e+00 1.112316548824310303e-01
1.033984191000000052e+00 1.222509518265724182e-01
1.036828002000000026e+00 1.151103451848030090e-01
1.039671868000000110e+00 1.016531810164451599e-01
1.042515791000000025e+00 1.108969822525978088e-01
1.045359770999999993e+00 1.100151538848876953e-01
