3.615872339999999796e-01 1.302942037582397461e+00
3.644177160000000026e-01 1.422638773918151855e+00
3.672482539999999962e-01 1.611209511756896973e+00
3.700788480000000158e-01 1.550976872444152832e+00
3.729094980000000059e-01 1.412224411964416504e+00
3.757402049999999938e-01 1.499498248100280762e+00
3.785709680000000077e-01 1.653201580047607422e+00
3.814017869999999921e-01 1.423822879791259766e+00
3.842326620000000026e-01 1.315355777740478516e+00
3.870635940000000108e-01 1.448565006256103516e+00
3.898945819999999896e-01 1.620344042778015137e+00
3.927256259999999943e-01 1.427822589874267578e+00
3.955567260000000251e-01 1.483897447586059570e+00
3.983878829999999982e-01 1.845894694328308105e+00
4.012190950000000256e-01 2.252767324447631836e+00
4.040503639999999952e-01 2.306673049926757812e+00
4.068816900000000181e-01 2.260098457336425781e+00
4.097130709999999842e-01 2.317181110382080078e+00
4.125445090000000037e-01 2.391271352767944336e+00
4.153760029999999936e-01 2.399758577346801758e+00
4.182075530000000096e-01 2.365768194198608398e+00
4.210391589999999962e-01 2.383264303207397461e+00
4.238708219999999804e-01 2.321611404418945312e+00
4.267025409999999908e-01 2.300109863281250000e+00
4.295343160000000271e-01 2.083817720413208008e+00
4.323661469999999785e-01 2.225983142852783203e+00
4.351980349999999831e-01 2.420521736145019531e+00
4.380299790000000137e-01 2.432954788208007812e+00
4.408619790000000149e-01 2.544863939285278320e+00
4.436940349999999866e-01 2.700470447540283203e+00
4.465261480000000116e-01 2.699542045593261719e+00
4.493583170000000071e-01 2.868807315826416016e+00
4.521905419999999731e-01 2.877766370773315430e+00
4.550228230000000207e-01 2.860013008117675781e+00
4.578551610000000105e-01 2.931643962860107422e+00
4.606875550000000263e-01 2.934458971023559570e+00
4.635200050000000127e-01 2.980976343154907227e+00
4.663525110000000251e-01 2.922589540481567383e+00
4.691850739999999798e-01 2.904679775238037109e+00
4.720176919999999887e-01 2.946664094924926758e+00
4.748503669999999954e-01 2.997256994247436523e+00
4.776830989999999999e-01 3.032611846923828125e+00
4.805158860000000032e-01 3.088053941726684570e+00
4.833487300000000042e-01 3.065790414810180664e+00
4.861816299999999758e-01 2.826363801956176758e+00
4.890145859999999733e-01 2.951218366622924805e+00
4.918475979999999970e-01 3.034909725189208984e+00
4.946806670000000183e-01 3.092540740966796875e+00
4.975137920000000102e-01 3.105341434478759766e+00
5.003469729999999727e-01 3.032066822052001953e+00
5.031802100000000166e-01 3.018917322158813477e+00
5.060135040000000028e-01 3.105703592300415039e+00
5.088468539999999596e-01 3.121724843978881836e+00
5.116802599999999979e-01 3.160024404525756836e+00
5.145137220000000067e-01 3.085068464279174805e+00
5.173472409999999577e-01 2.932466506958007812e+00
5.201808159999999903e-01 3.063523054122924805e+00
5.230144469999999934e-01 3.197117805480957031e+00
5.258481339999999671e-01 3.197094440460205078e+00
5.286818779999999940e-01 3.253792762756347656e+00
5.315156779999999914e-01 3.355300903320312500e+00
5.343495339999999594e-01 3.338505744934082031e+00
5.371834460000000089e-01 3.386379480361938477e+00
5.400174150000000006e-01 3.325475931167602539e+00
5.428514389999999912e-01 3.359922885894775391e+00
5.456855200000000350e-01 3.417806386947631836e+00
5.485196580000000210e-01 3.427829980850219727e+00
5.513538510000000059e-01 3.460635900497436523e+00
5.541881010000000440e-01 3.496159315109252930e+00
5.570224070000000527e-01 3.447314739227294922e+00
5.598567690000000319e-01 3.403890371322631836e+00
5.626911869999999816e-01 3.458136320114135742e+00
5.655256619999999845e-01 3.442425489425659180e+00
5.683601929999999580e-01 3.420036792755126953e+00
5.711947800000000131e-01 3.386394023895263672e+00
5.740294230000000386e-01 3.436316251754760742e+00
5.768641230000000064e-01 3.400382995605468750e+00
5.796988789999999447e-01 3.418926239013671875e+00
5.825336909999999646e-01 3.498784542083740234e+00
5.853685589999999550e-01 3.463003158569335938e+00
5.882034839999999987e-01 3.231132507324218750e+00
5.910384650000000129e-01 3.103963851928710938e+00
5.938735019999999976e-01 3.157644987106323242e+00
5.967085949999999528e-01 3.157905101776123047e+00
5.995437449999999613e-01 3.117632389068603516e+00
6.023789510000000513e-01 3.086404561996459961e+00
6.052142130000000009e-01 3.104551315307617188e+00
6.080495310000000320e-01 3.058596849441528320e+00
6.108849060000000053e-01 2.964041233062744141e+00
6.137203359999999774e-01 2.883301496505737305e+00
6.165558230000000028e-01 2.865711927413940430e+00
6.193913669999999705e-01 2.942470788955688477e+00
6.222269660000000480e-01 2.930155515670776367e+00
6.250626219999999567e-01 2.849013090133666992e+00
6.278983339999999469e-01 2.790067195892333984e+00
6.307341020000000187e-01 2.765133619308471680e+00
6.335699259999999500e-01 2.802459478378295898e+00
6.364058070000000455e-01 2.828454732894897461e+00
6.392417440000000006e-01 2.841860771179199219e+00
6.420777370000000372e-01 2.808980226516723633e+00
6.449137860000000444e-01 2.765739202499389648e+00
6.477498919999999938e-01 2.645635128021240234e+00
6.505860540000000247e-01 2.641319990158081055e+00
6.534222720000000262e-01 2.635610818862915039e+00
6.562585459999999982e-01 2.414663314819335938e+00
6.590948770000000234e-01 2.540992259979248047e+00
6.619312640000000192e-01 2.604078531265258789e+00
6.647677069999999855e-01 2.586782217025756836e+00
6.676042060000000333e-01 2.570290565490722656e+00
6.704407620000000234e-01 2.533709764480590820e+00
6.732773739999999840e-01 2.506452322006225586e+00
6.761140420000000262e-01 2.505150079727172852e+00
6.789507660000000389e-01 2.493943929672241211e+00
6.817875469999999938e-01 2.471011638641357422e+00
6.846243829999999475e-01 2.373919010162353516e+00
6.874612759999999545e-01 1.994847774505615234e+00
6.902982260000000148e-01 2.018552780151367188e+00
6.931352309999999628e-01 2.068030834197998047e+00
6.959722929999999641e-01 2.084499359130859375e+00
6.988094110000000470e-01 2.069823026657104492e+00
7.016465849999999893e-01 1.963346242904663086e+00
7.044838150000000132e-01 1.963822364807128906e+00
7.073211019999999793e-01 1.931906104087829590e+00
7.101584450000000270e-01 1.872544288635253906e+00
7.129958440000000452e-01 1.764801025390625000e+00
7.158332990000000340e-01 1.501906633377075195e+00
7.186708109999999650e-01 1.104064226150512695e+00
7.215083789999999775e-01 1.136780142784118652e+00
7.243460029999999605e-01 1.048182725906372070e+00
7.271836830000000251e-01 9.495193958282470703e-01
7.300214200000000320e-01 8.939771652221679688e-01
7.328592130000000093e-01 9.168696403503417969e-01
7.356970619999999572e-01 9.162382483482360840e-01
7.385349669999999866e-01 8.926097154617309570e-01
7.413729289999999583e-01 8.932720422744750977e-01
7.442109470000000115e-01 9.044319987297058105e-01
7.470490210000000353e-01 9.077603816986083984e-01
7.498871510000000296e-01 8.922497034072875977e-01
7.527253379999999661e-01 8.836052417755126953e-01
7.555635800000000124e-01 8.786613345146179199e-01
7.584018790000000010e-01 7.165681123733520508e-01
7.612402350000000428e-01 3.402684628963470459e-01
7.640786459999999725e-01 4.137815535068511963e-01
7.669171139999999554e-01 6.589838266372680664e-01
7.697556380000000198e-01 8.053064942359924316e-01
7.725942180000000548e-01 8.333477973937988281e-01
7.754328539999999492e-01 8.401201367378234863e-01
7.782715470000000080e-01 8.412693738937377930e-01
7.811102960000000373e-01 8.434539437294006348e-01
7.839491010000000371e-01 8.403391242027282715e-01
7.867879620000000074e-01 8.361326456069946289e-01
7.896268800000000310e-01 8.059304952621459961e-01
7.924658540000000251e-01 8.095141053199768066e-01
7.953048839999999897e-01 8.229615688323974609e-01
7.981439700000000359e-01 8.307675123214721680e-01
8.009831130000000243e-01 8.178096413612365723e-01
8.038223119999999833e-01 8.264594674110412598e-01
8.066615670000000238e-01 8.396069407463073730e-01
8.095008780000000348e-01 8.034989833831787109e-01
8.123402459999999881e-01 7.236158847808837891e-01
8.151796700000000229e-01 5.886652469635009766e-01
8.180191500000000282e-01 5.578194856643676758e-01
8.208586860000000041e-01 5.961156487464904785e-01
8.236982790000000332e-01 5.543155670166015625e-01
8.265379269999999501e-01 5.746546387672424316e-01
8.293776320000000313e-01 5.107080340385437012e-01
8.322173940000000547e-01 4.997844398021697998e-01
8.350572109999999659e-01 4.998039305210113525e-01
8.378970850000000414e-01 5.142624378204345703e-01
8.407370149999999764e-01 5.096484422683715820e-01
8.435770009999999930e-01 5.121836662292480469e-01
8.464170429999999801e-01 5.095801949501037598e-01
8.492571420000000204e-01 4.852486252784729004e-01
8.520972970000000313e-01 4.631502628326416016e-01
8.549375080000000127e-01 4.361130595207214355e-01
8.577777749999999646e-01 4.664397835731506348e-01
8.606180989999999698e-01 4.603420197963714600e-01
8.634584789999999455e-01 4.515789747238159180e-01
8.662989150000000027e-01 4.188289046287536621e-01
8.691394070000000305e-01 4.308078587055206299e-01
8.719799560000000005e-01 4.273839592933654785e-01
8.748205610000000521e-01 4.117823541164398193e-01
8.776612219999999631e-01 4.045776724815368652e-01
8.805019389999999557e-01 3.914634883403778076e-01
8.833427130000000016e-01 3.801406323909759521e-01
8.861835430000000180e-01 3.674927651882171631e-01
8.890244290000000049e-01 3.619290888309478760e-01
8.918653709999999624e-01 3.426354527473449707e-01
8.947063699999999731e-01 2.848882377147674561e-01
8.975474239999999826e-01 2.362329512834548950e-01
9.003885350000000454e-01 2.092892378568649292e-01
9.032297030000000504e-01 2.459375113248825073e-01
9.060709260000000542e-01 2.420917600393295288e-01
9.089122060000000003e-01 1.992004662752151489e-01
9.117535420000000279e-01 1.946664154529571533e-01
9.145949340000000261e-01 1.812803149223327637e-01
9.174363819999999947e-01 1.802624762058258057e-01
9.202778870000000166e-01 2.108661234378814697e-01
9.231194480000000091e-01 1.979121863842010498e-01
9.259610649999999721e-01 1.830053776502609253e-01
9.288027380000000166e-01 1.303190886974334717e-01
9.316444680000000034e-01 6.900814920663833618e-02
9.344862539999999607e-01 4.257785901427268982e-02
9.373280959999999995e-01 4.622658342123031616e-02
9.401699940000000089e-01 7.333014905452728271e-02
9.430119489999999605e-01 5.990429222583770752e-02
9.458539599999999936e-01 5.271621048450469971e-02
9.486960269999999973e-01 6.081030517816543579e-02
9.515381499999999715e-01 6.059630960226058960e-02
9.543803299999999989e-01 6.175406649708747864e-02
9.572225659999999969e-01 6.623357534408569336e-02
9.600648579999999654e-01 6.994013488292694092e-02
9.629072060000000155e-01 8.171812444925308228e-02
9.657496110000000078e-01 8.787214756011962891e-02
9.685920709999999989e-01 1.172340586781501770e-01
9.714345880000000433e-01 1.263481229543685913e-01
9.742771620000000299e-01 1.079433113336563110e-01
9.771197910000000153e-01 1.116057932376861572e-01
9.799624770000000540e-01 1.211373805999755859e-01
9.828052189999999522e-01 1.370719224214553833e-01
9.856480170000000429e-01 1.455048024654388428e-01
9.884908709999999932e-01 1.482186019420623779e-01
9.913337819999999967e-01 1.557449698448181152e-01
9.941767489999999707e-01 1.566933244466781616e-01
9.970197720000000263e-01 1.547744870185852051e-01
9.998628510000000524e-01 1.599048823118209839e-01
1.002705986999999910e+00 1.541832089424133301e-01
1.005549178999999960e+00 1.510805934667587280e-01
1.008392426999999980e+00 1.487875431776046753e-01
1.011235730999999971e+00 1.559672951698303223e-01
1.014079092000000015e+00 1.523667722940444946e-01
1.016922509000000030e+00 1.570045799016952515e-01
1.019765982000000015e+00 1.505976021289825439e-01
1.022609510999999971e+00 1.585779786109924316e-01
1.025453096999999980e+00 1.580793708562850952e-01
1.028296738999999960e+00 1.527895331382751465e-01
1.031140436999999910e+00 1.557532697916030884e-01
1.033984191000000052e+00 1.581046879291534424e-01
1.036828002000000026e+00 1.657514721155166626e-01
1.039671868000000110e+00 1.627138555049896240e-01
1.042515791000000025e+00 1.595262587070465088e-01
1.045359770999999993e+00 1.740023046731948853e-01
