3.615872339999999796e-01 1.274528861045837402e+00
3.644177160000000026e-01 1.457930684089660645e+00
3.672482539999999962e-01 1.572288155555725098e+00
3.700788480000000158e-01 1.572562336921691895e+00
3.729094980000000059e-01 1.421265244483947754e+00
3.757402049999999938e-01 1.495719909667968750e+00
3.785709680000000077e-01 1.657281517982482910e+00
3.814017869999999921e-01 1.408650398254394531e+00
3.842326620000000026e-01 1.294054388999938965e+00
3.870635940000000108e-01 1.396644830703735352e+00
3.898945819999999896e-01 1.587487459182739258e+00
3.927256259999999943e-01 1.397909402847290039e+00
3.955567260000000251e-01 1.440024852752685547e+00
3.983878829999999982e-01 1.798018932342529297e+00
4.012190950000000256e-01 2.281746864318847656e+00
4.040503639999999952e-01 2.230433940887451172e+00
4.068816900000000181e-01 2.187395811080932617e+00
4.097130709999999842e-01 2.236041307449340820e+00
4.125445090000000037e-01 2.308274984359741211e+00
4.153760029999999936e-01 2.320336103439331055e+00
4.182075530000000096e-01 2.269372224807739258e+00
4.210391589999999962e-01 2.280987262725830078e+00
4.238708219999999804e-01 2.249889135360717773e+00
4.267025409999999908e-01 2.208997488021850586e+00
4.295343160000000271e-01 2.000303030014038086e+00
4.323661469999999785e-01 2.108690977096557617e+00
4.351980349999999831e-01 2.317619323730468750e+00
4.380299790000000137e-01 2.317569494247436523e+00
4.408619790000000149e-01 2.404251575469970703e+00
4.436940349999999866e-01 2.545340299606323242e+00
4.465261480000000116e-01 2.571293830871582031e+00
4.493583170000000071e-01 2.720315456390380859e+00
4.521905419999999731e-01 2.715001821517944336e+00
4.550228230000000207e-01 2.708041429519653320e+00
4.578551610000000105e-01 2.748487472534179688e+00
4.606875550000000263e-01 2.762586355209350586e+00
4.635200050000000127e-01 2.800751209259033203e+00
4.663525110000000251e-01 2.738756656646728516e+00
4.691850739999999798e-01 2.718760251998901367e+00
4.720176919999999887e-01 2.763618230819702148e+00
4.748503669999999954e-01 2.808885335922241211e+00
4.776830989999999999e-01 2.837799072265625000e+00
4.805158860000000032e-01 2.886067867279052734e+00
4.833487300000000042e-01 2.871960878372192383e+00
4.861816299999999758e-01 2.638291120529174805e+00
4.890145859999999733e-01 2.749119043350219727e+00
4.918475979999999970e-01 2.824629068374633789e+00
4.946806670000000183e-01 2.881103277206420898e+00
4.975137920000000102e-01 2.897418975830078125e+00
5.003469729999999727e-01 2.821598768234252930e+00
5.031802100000000166e-01 2.804378032684326172e+00
5.060135040000000028e-01 2.880037784576416016e+00
5.088468539999999596e-01 2.898335456848144531e+00
5.116802599999999979e-01 2.928858757019042969e+00
5.145137220000000067e-01 2.861070394515991211e+00
5.173472409999999577e-01 2.711196899414062500e+00
5.201808159999999903e-01 2.838268756866455078e+00
5.230144469999999934e-01 2.946674108505249023e+00
5.258481339999999671e-01 2.959302425384521484e+00
5.286818779999999940e-01 3.006871461868286133e+00
5.315156779999999914e-01 3.096938848495483398e+00
5.343495339999999594e-01 3.080169916152954102e+00
5.371834460000000089e-01 3.122558116912841797e+00
5.400174150000000006e-01 3.067493200302124023e+00
5.428514389999999912e-01 3.080344438552856445e+00
5.456855200000000350e-01 3.143695116043090820e+00
5.485196580000000210e-01 3.146715641021728516e+00
5.513538510000000059e-01 3.173630952835083008e+00
5.541881010000000440e-01 3.204832077026367188e+00
5.570224070000000527e-01 3.169058799743652344e+00
5.598567690000000319e-01 3.120250225067138672e+00
5.626911869999999816e-01 3.174011468887329102e+00
5.655256619999999845e-01 3.160188913345336914e+00
5.683601929999999580e-01 3.136334419250488281e+00
5.711947800000000131e-01 3.102872848510742188e+00
5.740294230000000386e-01 3.148695945739746094e+00
5.768641230000000064e-01 3.115218400955200195e+00
5.796988789999999447e-01 3.119316339492797852e+00
5.825336909999999646e-01 3.188831090927124023e+00
5.853685589999999550e-01 3.139982938766479492e+00
5.882034839999999987e-01 2.928255319595336914e+00
5.910384650000000129e-01 2.796268939971923828e+00
5.938735019999999976e-01 2.835829734802246094e+00
5.967085949999999528e-01 2.811894416809082031e+00
5.995437449999999613e-01 2.760528564453125000e+00
6.023789510000000513e-01 2.708027362823486328e+00
6.052142130000000009e-01 2.717090129852294922e+00
6.080495310000000320e-01 2.681869983673095703e+00
6.108849060000000053e-01 2.573446273803710938e+00
6.137203359999999774e-01 2.498402118682861328e+00
6.165558230000000028e-01 2.480330944061279297e+00
6.193913669999999705e-01 2.546553850173950195e+00
6.222269660000000480e-01 2.521574735641479492e+00
6.250626219999999567e-01 2.455156087875366211e+00
6.278983339999999469e-01 2.399516582489013672e+00
6.307341020000000187e-01 2.375006198883056641e+00
6.335699259999999500e-01 2.397637605667114258e+00
6.364058070000000455e-01 2.421630382537841797e+00
6.392417440000000006e-01 2.418414831161499023e+00
6.420777370000000372e-01 2.393080234527587891e+00
6.449137860000000444e-01 2.354003190994262695e+00
6.477498919999999938e-01 2.249508380889892578e+00
6.505860540000000247e-01 2.230809926986694336e+00
6.534222720000000262e-01 2.223857164382934570e+00
6.562585459999999982e-01 2.038122653961181641e+00
6.590948770000000234e-01 2.125061511993408203e+00
6.619312640000000192e-01 2.173210382461547852e+00
6.647677069999999855e-01 2.145328760147094727e+00
6.676042060000000333e-01 2.129720926284790039e+00
6.704407620000000234e-01 2.101479291915893555e+00
6.732773739999999840e-01 2.078588247299194336e+00
6.761140420000000262e-01 2.059660196304321289e+00
6.789507660000000389e-01 2.044549226760864258e+00
6.817875469999999938e-01 2.021301746368408203e+00
6.846243829999999475e-01 1.946574687957763672e+00
6.874612759999999545e-01 1.625948429107666016e+00
6.902982260000000148e-01 1.645088434219360352e+00
6.931352309999999628e-01 1.672202348709106445e+00
6.959722929999999641e-01 1.676332712173461914e+00
6.988094110000000470e-01 1.651735782623291016e+00
7.016465849999999893e-01 1.556999802589416504e+00
7.044838150000000132e-01 1.544316172599792480e+00
7.073211019999999793e-01 1.504145622253417969e+00
7.101584450000000270e-01 1.441687822341918945e+00
7.129958440000000452e-01 1.340775847434997559e+00
7.158332990000000340e-01 1.134491920471191406e+00
7.186708109999999650e-01 8.206634521484375000e-01
7.215083789999999775e-01 8.292943239212036133e-01
7.243460029999999605e-01 7.641277909278869629e-01
7.271836830000000251e-01 6.869286894798278809e-01
7.300214200000000320e-01 6.462118029594421387e-01
7.328592130000000093e-01 6.565109491348266602e-01
7.356970619999999572e-01 6.520086526870727539e-01
7.385349669999999866e-01 6.374133825302124023e-01
7.413729289999999583e-01 6.343982219696044922e-01
7.442109470000000115e-01 6.427524685859680176e-01
7.470490210000000353e-01 6.390954852104187012e-01
7.498871510000000296e-01 6.312873363494873047e-01
7.527253379999999661e-01 6.293954849243164062e-01
7.555635800000000124e-01 6.136668324470520020e-01
7.584018790000000010e-01 5.068342685699462891e-01
7.612402350000000428e-01 2.396357953548431396e-01
7.640786459999999725e-01 2.887260913848876953e-01
7.669171139999999554e-01 4.632093608379364014e-01
7.697556380000000198e-01 5.616097450256347656e-01
7.725942180000000548e-01 5.800350904464721680e-01
7.754328539999999492e-01 5.820185542106628418e-01
7.782715470000000080e-01 5.843157768249511719e-01
7.811102960000000373e-01 5.892317891120910645e-01
7.839491010000000371e-01 5.897256135940551758e-01
7.867879620000000074e-01 5.747877359390258789e-01
7.896268800000000310e-01 5.606864690780639648e-01
7.924658540000000251e-01 5.575920939445495605e-01
7.953048839999999897e-01 5.613193511962890625e-01
7.981439700000000359e-01 5.692309737205505371e-01
8.009831130000000243e-01 5.651105046272277832e-01
8.038223119999999833e-01 5.662778019905090332e-01
8.066615670000000238e-01 5.720188021659851074e-01
8.095008780000000348e-01 5.531054139137268066e-01
8.123402459999999881e-01 4.915864765644073486e-01
8.151796700000000229e-01 4.005962014198303223e-01
8.180191500000000282e-01 3.830062150955200195e-01
8.208586860000000041e-01 4.072028100490570068e-01
8.236982790000000332e-01 3.743475079536437988e-01
8.265379269999999501e-01 3.914119899272918701e-01
8.293776320000000313e-01 3.487768769264221191e-01
8.322173940000000547e-01 3.373918831348419189e-01
8.350572109999999659e-01 3.460622429847717285e-01
8.378970850000000414e-01 3.498903810977935791e-01
8.407370149999999764e-01 3.524156510829925537e-01
8.435770009999999930e-01 3.468656539916992188e-01
8.464170429999999801e-01 3.485987484455108643e-01
8.492571420000000204e-01 3.304984569549560547e-01
8.520972970000000313e-01 3.180683255195617676e-01
8.549375080000000127e-01 2.996538877487182617e-01
8.577777749999999646e-01 3.181011974811553955e-01
8.606180989999999698e-01 3.161419034004211426e-01
8.634584789999999455e-01 3.055879771709442139e-01
8.662989150000000027e-01 2.817749977111816406e-01
8.691394070000000305e-01 2.868292033672332764e-01
8.719799560000000005e-01 2.853394150733947754e-01
8.748205610000000521e-01 2.757392823696136475e-01
8.776612219999999631e-01 2.737140059471130371e-01
8.805019389999999557e-01 2.643316686153411865e-01
8.833427130000000016e-01 2.615050077438354492e-01
8.861835430000000180e-01 2.481094002723693848e-01
8.890244290000000049e-01 2.486428618431091309e-01
8.918653709999999624e-01 2.335755228996276855e-01
8.947063699999999731e-01 1.978387683629989624e-01
8.975474239999999826e-01 1.557632237672805786e-01
9.003885350000000454e-01 1.436655521392822266e-01
9.032297030000000504e-01 1.698031574487686157e-01
9.060709260000000542e-01 1.669369637966156006e-01
9.089122060000000003e-01 1.353319883346557617e-01
9.117535420000000279e-01 1.333108693361282349e-01
9.145949340000000261e-01 1.233368888497352600e-01
9.174363819999999947e-01 1.256898492574691772e-01
9.202778870000000166e-01 1.461330503225326538e-01
9.231194480000000091e-01 1.373174786567687988e-01
9.259610649999999721e-01 1.244016438722610474e-01
9.288027380000000166e-01 8.925239741802215576e-02
9.316444680000000034e-01 4.778504744172096252e-02
9.344862539999999607e-01 2.670440822839736938e-02
9.373280959999999995e-01 3.309660404920578003e-02
9.401699940000000089e-01 4.886246472597122192e-02
9.430119489999999605e-01 4.066213220357894897e-02
9.458539599999999936e-01 3.452371805906295776e-02
9.486960269999999973e-01 3.654226288199424744e-02
9.515381499999999715e-01 4.201247915625572205e-02
9.543803299999999989e-01 4.119386523962020874e-02
9.572225659999999969e-01 4.414338245987892151e-02
9.600648579999999654e-01 5.119993910193443298e-02
9.629072060000000155e-01 5.697869881987571716e-02
9.657496110000000078e-01 6.383535265922546387e-02
9.685920709999999989e-01 8.388850837945938110e-02
9.714345880000000433e-01 9.138248115777969360e-02
9.742771620000000299e-01 7.994453608989715576e-02
9.771197910000000153e-01 7.892215996980667114e-02
9.799624770000000540e-01 8.679010719060897827e-02
9.828052189999999522e-01 8.995576947927474976e-02
9.856480170000000429e-01 9.923868626356124878e-02
9.884908709999999932e-01 1.023429408669471741e-01
9.913337819999999967e-01 1.032447218894958496e-01
9.941767489999999707e-01 1.060357987880706787e-01
9.970197720000000263e-01 1.041209995746612549e-01
9.998628510000000524e-01 1.019734293222427368e-01
1.002705986999999910e+00 1.006696149706840515e-01
1.005549178999999960e+00 9.536038339138031006e-02
1.008392426999999980e+00 9.793335199356079102e-02
1.011235730999999971e+00 9.944368898868560791e-02
1.014079092000000015e+00 1.039062067866325378e-01
1.016922509000000030e+00 1.056634485721588135e-01
1.019765982000000015e+00 1.013405472040176392e-01
1.022609510999999971e+00 9.800368547439575195e-02
1.025453096999999980e+00 9.875333309173583984e-02
1.028296738999999960e+00 9.875801205635070801e-02
1.031140436999999910e+00 1.011599823832511902e-01
1.033984191000000052e+00 9.802215546369552612e-02
1.036828002000000026e+00 9.830903261899948120e-02
1.039671868000000110e+00 1.029618605971336365e-01
1.042515791000000025e+00 1.105694398283958435e-01
1.045359770999999993e+00 9.972631186246871948e-02
