3.615872339999999796e-01 1.280368924140930176e+00
3.644177160000000026e-01 1.511811494827270508e+00
3.672482539999999962e-01 1.570913314819335938e+00
3.700788480000000158e-01 1.574461221694946289e+00
3.729094980000000059e-01 1.399188280105590820e+00
3.757402049999999938e-01 1.489550232887268066e+00
3.785709680000000077e-01 1.656667590141296387e+00
3.814017869999999921e-01 1.423368096351623535e+00
3.842326620000000026e-01 1.302384257316589355e+00
3.870635940000000108e-01 1.414828658103942871e+00
3.898945819999999896e-01 1.593374609947204590e+00
3.927256259999999943e-01 1.429869174957275391e+00
3.955567260000000251e-01 1.450078725814819336e+00
3.983878829999999982e-01 1.838709950447082520e+00
4.012190950000000256e-01 2.282497406005859375e+00
4.040503639999999952e-01 2.280102491378784180e+00
4.068816900000000181e-01 2.227440595626831055e+00
4.097130709999999842e-01 2.265440702438354492e+00
4.125445090000000037e-01 2.362221956253051758e+00
4.153760029999999936e-01 2.391713857650756836e+00
4.182075530000000096e-01 2.352214574813842773e+00
4.210391589999999962e-01 2.348518133163452148e+00
4.238708219999999804e-01 2.303355455398559570e+00
4.267025409999999908e-01 2.257581233978271484e+00
4.295343160000000271e-01 2.069945335388183594e+00
4.323661469999999785e-01 2.205370426177978516e+00
4.351980349999999831e-01 2.394664049148559570e+00
4.380299790000000137e-01 2.424794197082519531e+00
4.408619790000000149e-01 2.503843307495117188e+00
4.436940349999999866e-01 2.667545795440673828e+00
4.465261480000000116e-01 2.663112640380859375e+00
4.493583170000000071e-01 2.862790584564208984e+00
4.521905419999999731e-01 2.855702400207519531e+00
4.550228230000000207e-01 2.831306695938110352e+00
4.578551610000000105e-01 2.896008491516113281e+00
4.606875550000000263e-01 2.900898218154907227e+00
4.635200050000000127e-01 2.956499338150024414e+00
4.663525110000000251e-01 2.873749256134033203e+00
4.691850739999999798e-01 2.882736682891845703e+00
4.720176919999999887e-01 2.928832054138183594e+00
4.748503669999999954e-01 2.971550703048706055e+00
4.776830989999999999e-01 3.009573698043823242e+00
4.805158860000000032e-01 3.065985679626464844e+00
4.833487300000000042e-01 3.043166637420654297e+00
4.861816299999999758e-01 2.803296327590942383e+00
4.890145859999999733e-01 2.938477039337158203e+00
4.918475979999999970e-01 3.005874633789062500e+00
4.946806670000000183e-01 3.074224233627319336e+00
4.975137920000000102e-01 3.092540740966796875e+00
5.003469729999999727e-01 3.004734992980957031e+00
5.031802100000000166e-01 2.994656562805175781e+00
5.060135040000000028e-01 3.081836938858032227e+00
5.088468539999999596e-01 3.110062122344970703e+00
5.116802599999999979e-01 3.141824245452880859e+00
5.145137220000000067e-01 3.068535327911376953e+00
5.173472409999999577e-01 2.907334804534912109e+00
5.201808159999999903e-01 3.040550470352172852e+00
5.230144469999999934e-01 3.186562538146972656e+00
5.258481339999999671e-01 3.183090209960937500e+00
5.286818779999999940e-01 3.229202508926391602e+00
5.315156779999999914e-01 3.328524827957153320e+00
5.343495339999999594e-01 3.335685968399047852e+00
5.371834460000000089e-01 3.375288248062133789e+00
5.400174150000000006e-01 3.310930252075195312e+00
5.428514389999999912e-01 3.338836669921875000e+00
5.456855200000000350e-01 3.404734849929809570e+00
5.485196580000000210e-01 3.411845684051513672e+00
5.513538510000000059e-01 3.436969041824340820e+00
5.541881010000000440e-01 3.478822231292724609e+00
5.570224070000000527e-01 3.440114259719848633e+00
5.598567690000000319e-01 3.394165039062500000e+00
5.626911869999999816e-01 3.452665567398071289e+00
5.655256619999999845e-01 3.435318231582641602e+00
5.683601929999999580e-01 3.407522916793823242e+00
5.711947800000000131e-01 3.377406835556030273e+00
5.740294230000000386e-01 3.429659128189086914e+00
5.768641230000000064e-01 3.390781879425048828e+00
5.796988789999999447e-01 3.414248228073120117e+00
5.825336909999999646e-01 3.488767147064208984e+00
5.853685589999999550e-01 3.456333398818969727e+00
5.882034839999999987e-01 3.232060909271240234e+00
5.910384650000000129e-01 3.090966939926147461e+00
5.938735019999999976e-01 3.157291889190673828e+00
5.967085949999999528e-01 3.152676582336425781e+00
5.995437449999999613e-01 3.129332304000854492e+00
6.023789510000000513e-01 3.100688457489013672e+00
6.052142130000000009e-01 3.115950822830200195e+00
6.080495310000000320e-01 3.067739009857177734e+00
6.108849060000000053e-01 2.965788841247558594e+00
6.137203359999999774e-01 2.895550966262817383e+00
6.165558230000000028e-01 2.875036954879760742e+00
6.193913669999999705e-01 2.944599151611328125e+00
6.222269660000000480e-01 2.935573816299438477e+00
6.250626219999999567e-01 2.864772081375122070e+00
6.278983339999999469e-01 2.795376300811767578e+00
6.307341020000000187e-01 2.780932903289794922e+00
6.335699259999999500e-01 2.804532289505004883e+00
6.364058070000000455e-01 2.837402105331420898e+00
6.392417440000000006e-01 2.853626728057861328e+00
6.420777370000000372e-01 2.816638469696044922e+00
6.449137860000000444e-01 2.792655467987060547e+00
6.477498919999999938e-01 2.663601636886596680e+00
6.505860540000000247e-01 2.647873640060424805e+00
6.534222720000000262e-01 2.643052577972412109e+00
6.562585459999999982e-01 2.435638904571533203e+00
6.590948770000000234e-01 2.559732913970947266e+00
6.619312640000000192e-01 2.626919507980346680e+00
6.647677069999999855e-01 2.604489803314208984e+00
6.676042060000000333e-01 2.576512575149536133e+00
6.704407620000000234e-01 2.559442520141601562e+00
6.732773739999999840e-01 2.535145998001098633e+00
6.761140420000000262e-01 2.511492967605590820e+00
6.789507660000000389e-01 2.509040594100952148e+00
6.817875469999999938e-01 2.482224702835083008e+00
6.846243829999999475e-01 2.391392469406127930e+00
6.874612759999999545e-01 2.011263608932495117e+00
6.902982260000000148e-01 2.037039756774902344e+00
6.931352309999999628e-01 2.092816352844238281e+00
6.959722929999999641e-01 2.109044790267944336e+00
6.988094110000000470e-01 2.091902494430541992e+00
7.016465849999999893e-01 1.978883504867553711e+00
7.044838150000000132e-01 1.992665886878967285e+00
7.073211019999999793e-01 1.960159659385681152e+00
7.101584450000000270e-01 1.894056797027587891e+00
7.129958440000000452e-01 1.795633077621459961e+00
7.158332990000000340e-01 1.534539341926574707e+00
7.186708109999999650e-01 1.118571877479553223e+00
7.215083789999999775e-01 1.154670357704162598e+00
7.243460029999999605e-01 1.072137832641601562e+00
7.271836830000000251e-01 9.760296344757080078e-01
7.300214200000000320e-01 9.109505414962768555e-01
7.328592130000000093e-01 9.358526468276977539e-01
7.356970619999999572e-01 9.311890602111816406e-01
7.385349669999999866e-01 9.044594168663024902e-01
7.413729289999999583e-01 9.140976667404174805e-01
7.442109470000000115e-01 9.245025515556335449e-01
7.470490210000000353e-01 9.246019721031188965e-01
7.498871510000000296e-01 9.083315134048461914e-01
7.527253379999999661e-01 9.016127586364746094e-01
7.555635800000000124e-01 8.895060420036315918e-01
7.584018790000000010e-01 7.345292568206787109e-01
7.612402350000000428e-01 3.458874225616455078e-01
7.640786459999999725e-01 4.155516922473907471e-01
7.669171139999999554e-01 6.709991097450256348e-01
7.697556380000000198e-01 8.150527477264404297e-01
7.725942180000000548e-01 8.515141010284423828e-01
7.754328539999999492e-01 8.570093512535095215e-01
7.782715470000000080e-01 8.594366908073425293e-01
7.811102960000000373e-01 8.706279397010803223e-01
7.839491010000000371e-01 8.620610237121582031e-01
7.867879620000000074e-01 8.498550057411193848e-01
7.896268800000000310e-01 8.250448703765869141e-01
7.924658540000000251e-01 8.292293548583984375e-01
7.953048839999999897e-01 8.392707109451293945e-01
7.981439700000000359e-01 8.477944731712341309e-01
8.009831130000000243e-01 8.405493497848510742e-01
8.038223119999999833e-01 8.414583206176757812e-01
8.066615670000000238e-01 8.646218180656433105e-01
8.095008780000000348e-01 8.242592811584472656e-01
8.123402459999999881e-01 7.398583889007568359e-01
8.151796700000000229e-01 6.046546101570129395e-01
8.180191500000000282e-01 5.725364089012145996e-01
8.208586860000000041e-01 6.111946105957031250e-01
8.236982790000000332e-01 5.574762821197509766e-01
8.265379269999999501e-01 5.830004811286926270e-01
8.293776320000000313e-01 5.230183601379394531e-01
8.322173940000000547e-01 4.986620247364044189e-01
8.350572109999999659e-01 5.065186023712158203e-01
8.378970850000000414e-01 5.176584720611572266e-01
8.407370149999999764e-01 5.180212855339050293e-01
8.435770009999999930e-01 5.101981759071350098e-01
8.464170429999999801e-01 5.100668668746948242e-01
8.492571420000000204e-01 4.879175722599029541e-01
8.520972970000000313e-01 4.691444337368011475e-01
8.549375080000000127e-01 4.415781795978546143e-01
8.577777749999999646e-01 4.674713015556335449e-01
8.606180989999999698e-01 4.594994485378265381e-01
8.634584789999999455e-01 4.498584270477294922e-01
8.662989150000000027e-01 4.117934405803680420e-01
8.691394070000000305e-01 4.260535538196563721e-01
8.719799560000000005e-01 4.201836884021759033e-01
8.748205610000000521e-01 4.109467864036560059e-01
8.776612219999999631e-01 4.030985534191131592e-01
8.805019389999999557e-01 3.838243782520294189e-01
8.833427130000000016e-01 3.803487420082092285e-01
8.861835430000000180e-01 3.730585575103759766e-01
8.890244290000000049e-01 3.598400950431823730e-01
8.918653709999999624e-01 3.379321396350860596e-01
8.947063699999999731e-01 2.850340902805328369e-01
8.975474239999999826e-01 2.296565622091293335e-01
9.003885350000000454e-01 2.045652270317077637e-01
9.032297030000000504e-01 2.368535697460174561e-01
9.060709260000000542e-01 2.357109487056732178e-01
9.089122060000000003e-01 1.932445913553237915e-01
9.117535420000000279e-01 1.937728673219680786e-01
9.145949340000000261e-01 1.759568005800247192e-01
9.174363819999999947e-01 1.775365918874740601e-01
9.202778870000000166e-01 2.018717825412750244e-01
9.231194480000000091e-01 1.936352699995040894e-01
9.259610649999999721e-01 1.767280399799346924e-01
9.288027380000000166e-01 1.255695968866348267e-01
9.316444680000000034e-01 6.675903499126434326e-02
9.344862539999999607e-01 4.032218456268310547e-02
9.373280959999999995e-01 4.613760486245155334e-02
9.401699940000000089e-01 6.417034566402435303e-02
9.430119489999999605e-01 5.732536315917968750e-02
9.458539599999999936e-01 4.773220419883728027e-02
9.486960269999999973e-01 5.483116954565048218e-02
9.515381499999999715e-01 5.640600249171257019e-02
9.543803299999999989e-01 5.832810699939727783e-02
9.572225659999999969e-01 6.607489287853240967e-02
9.600648579999999654e-01 6.708785891532897949e-02
9.629072060000000155e-01 7.233988493680953979e-02
9.657496110000000078e-01 8.013681322336196899e-02
9.685920709999999989e-01 1.072202920913696289e-01
9.714345880000000433e-01 1.179409250617027283e-01
9.742771620000000299e-01 1.037023812532424927e-01
9.771197910000000153e-01 1.070819348096847534e-01
9.799624770000000540e-01 1.123698428273200989e-01
9.828052189999999522e-01 1.222515627741813660e-01
9.856480170000000429e-01 1.309692710638046265e-01
9.884908709999999932e-01 1.386369764804840088e-01
9.913337819999999967e-01 1.427468359470367432e-01
9.941767489999999707e-01 1.445228755474090576e-01
9.970197720000000263e-01 1.388892531394958496e-01
9.998628510000000524e-01 1.393319219350814819e-01
1.002705986999999910e+00 1.433393508195877075e-01
1.005549178999999960e+00 1.388518363237380981e-01
1.008392426999999980e+00 1.401873975992202759e-01
1.011235730999999971e+00 1.368516832590103149e-01
1.014079092000000015e+00 1.373927295207977295e-01
1.016922509000000030e+00 1.443723589181900024e-01
1.019765982000000015e+00 1.408807337284088135e-01
1.022609510999999971e+00 1.428086608648300171e-01
1.025453096999999980e+00 1.418246179819107056e-01
1.028296738999999960e+00 1.425328403711318970e-01
1.031140436999999910e+00 1.475975811481475830e-01
1.033984191000000052e+00 1.442738473415374756e-01
1.036828002000000026e+00 1.523422002792358398e-01
1.039671868000000110e+00 1.611006259918212891e-01
1.042515791000000025e+00 1.495209336280822754e-01
1.045359770999999993e+00 1.591951549053192139e-01
