3.615872339999999796e-01 1.294993519783020020e+00
3.644177160000000026e-01 1.435873150825500488e+00
3.672482539999999962e-01 1.582190632820129395e+00
3.700788480000000158e-01 1.552593588829040527e+00
3.729094980000000059e-01 1.425436735153198242e+00
3.757402049999999938e-01 1.519642233848571777e+00
3.785709680000000077e-01 1.640873312950134277e+00
3.814017869999999921e-01 1.414958834648132324e+00
3.842326620000000026e-01 1.315951704978942871e+00
3.870635940000000108e-01 1.421032309532165527e+00
3.898945819999999896e-01 1.626120567321777344e+00
3.927256259999999943e-01 1.421210408210754395e+00
3.955567260000000251e-01 1.460995912551879883e+00
3.983878829999999982e-01 1.826451420783996582e+00
4.012190950000000256e-01 2.268530607223510742e+00
4.040503639999999952e-01 2.288838386535644531e+00
4.068816900000000181e-01 2.222627401351928711e+00
4.097130709999999842e-01 2.313065290451049805e+00
4.125445090000000037e-01 2.355138540267944336e+00
4.153760029999999936e-01 2.368815898895263672e+00
4.182075530000000096e-01 2.330349683761596680e+00
4.210391589999999962e-01 2.312793254852294922e+00
4.238708219999999804e-01 2.290573358535766602e+00
4.267025409999999908e-01 2.253447532653808594e+00
4.295343160000000271e-01 2.060635089874267578e+00
4.323661469999999785e-01 2.181352138519287109e+00
4.351980349999999831e-01 2.367449283599853516e+00
4.380299790000000137e-01 2.395570278167724609e+00
4.408619790000000149e-01 2.471508026123046875e+00
4.436940349999999866e-01 2.620813608169555664e+00
4.465261480000000116e-01 2.644721746444702148e+00
4.493583170000000071e-01 2.786215782165527344e+00
4.521905419999999731e-01 2.830217123031616211e+00
4.550228230000000207e-01 2.792823791503906250e+00
4.578551610000000105e-01 2.845187664031982422e+00
4.606875550000000263e-01 2.867345333099365234e+00
4.635200050000000127e-01 2.897700071334838867e+00
4.663525110000000251e-01 2.832027912139892578e+00
4.691850739999999798e-01 2.818887710571289062e+00
4.720176919999999887e-01 2.857748746871948242e+00
4.748503669999999954e-01 2.914824962615966797e+00
4.776830989999999999e-01 2.936770915985107422e+00
4.805158860000000032e-01 3.018142938613891602e+00
4.833487300000000042e-01 2.990177392959594727e+00
4.861816299999999758e-01 2.752931118011474609e+00
4.890145859999999733e-01 2.873410940170288086e+00
4.918475979999999970e-01 2.938334941864013672e+00
4.946806670000000183e-01 3.004422664642333984e+00
4.975137920000000102e-01 3.022485971450805664e+00
5.003469729999999727e-01 2.944282770156860352e+00
5.031802100000000166e-01 2.928785324096679688e+00
5.060135040000000028e-01 3.020476579666137695e+00
5.088468539999999596e-01 3.027280569076538086e+00
5.116802599999999979e-01 3.067927598953247070e+00
5.145137220000000067e-01 3.001405715942382812e+00
5.173472409999999577e-01 2.847624301910400391e+00
5.201808159999999903e-01 2.972705841064453125e+00
5.230144469999999934e-01 3.115624189376831055e+00
5.258481339999999671e-01 3.107302904129028320e+00
5.286818779999999940e-01 3.146328210830688477e+00
5.315156779999999914e-01 3.240531921386718750e+00
5.343495339999999594e-01 3.252558708190917969e+00
5.371834460000000089e-01 3.291834115982055664e+00
5.400174150000000006e-01 3.227632761001586914e+00
5.428514389999999912e-01 3.243904113769531250e+00
5.456855200000000350e-01 3.309614896774291992e+00
5.485196580000000210e-01 3.320134878158569336e+00
5.513538510000000059e-01 3.364340305328369141e+00
5.541881010000000440e-01 3.387502193450927734e+00
5.570224070000000527e-01 3.339467525482177734e+00
5.598567690000000319e-01 3.310270547866821289e+00
5.626911869999999816e-01 3.346140861511230469e+00
5.655256619999999845e-01 3.339902877807617188e+00
5.683601929999999580e-01 3.308781385421752930e+00
5.711947800000000131e-01 3.276637077331542969e+00
5.740294230000000386e-01 3.335085630416870117e+00
5.768641230000000064e-01 3.296032428741455078e+00
5.796988789999999447e-01 3.303993940353393555e+00
5.825336909999999646e-01 3.375991821289062500e+00
5.853685589999999550e-01 3.347186326980590820e+00
5.882034839999999987e-01 3.118267774581909180e+00
5.910384650000000129e-01 2.980128288269042969e+00
5.938735019999999976e-01 3.031524658203125000e+00
5.967085949999999528e-01 3.012646675109863281e+00
5.995437449999999613e-01 2.978878498077392578e+00
6.023789510000000513e-01 2.937127351760864258e+00
6.052142130000000009e-01 2.946511983871459961e+00
6.080495310000000320e-01 2.887630939483642578e+00
6.108849060000000053e-01 2.792346477508544922e+00
6.137203359999999774e-01 2.705413818359375000e+00
6.165558230000000028e-01 2.685301542282104492e+00
6.193913669999999705e-01 2.761057615280151367e+00
6.222269660000000480e-01 2.748160123825073242e+00
6.250626219999999567e-01 2.675992488861083984e+00
6.278983339999999469e-01 2.607227087020874023e+00
6.307341020000000187e-01 2.586223363876342773e+00
6.335699259999999500e-01 2.614830493927001953e+00
6.364058070000000455e-01 2.646413326263427734e+00
6.392417440000000006e-01 2.649560928344726562e+00
6.420777370000000372e-01 2.620632648468017578e+00
6.449137860000000444e-01 2.581213474273681641e+00
6.477498919999999938e-01 2.457194566726684570e+00
6.505860540000000247e-01 2.447062492370605469e+00
6.534222720000000262e-01 2.440200328826904297e+00
6.562585459999999982e-01 2.240410804748535156e+00
6.590948770000000234e-01 2.338095426559448242e+00
6.619312640000000192e-01 2.400464773178100586e+00
6.647677069999999855e-01 2.369556427001953125e+00
6.676042060000000333e-01 2.356470823287963867e+00
6.704407620000000234e-01 2.321155309677124023e+00
6.732773739999999840e-01 2.292695045471191406e+00
6.761140420000000262e-01 2.277156829833984375e+00
6.789507660000000389e-01 2.266539573669433594e+00
6.817875469999999938e-01 2.241432428359985352e+00
6.846243829999999475e-01 2.154806852340698242e+00
6.874612759999999545e-01 1.813556075096130371e+00
6.902982260000000148e-01 1.835350990295410156e+00
6.931352309999999628e-01 1.871727466583251953e+00
6.959722929999999641e-01 1.882237076759338379e+00
6.988094110000000470e-01 1.862932562828063965e+00
7.016465849999999893e-01 1.759490847587585449e+00
7.044838150000000132e-01 1.738572120666503906e+00
7.073211019999999793e-01 1.714219570159912109e+00
7.101584450000000270e-01 1.638457894325256348e+00
7.129958440000000452e-01 1.535788416862487793e+00
7.158332990000000340e-01 1.307660937309265137e+00
7.186708109999999650e-01 9.461722970008850098e-01
7.215083789999999775e-01 9.669494032859802246e-01
7.243460029999999605e-01 8.755736947059631348e-01
7.271836830000000251e-01 7.942717075347900391e-01
7.300214200000000320e-01 7.410018444061279297e-01
7.328592130000000093e-01 7.528263330459594727e-01
7.356970619999999572e-01 7.442623376846313477e-01
7.385349669999999866e-01 7.250777482986450195e-01
7.413729289999999583e-01 7.321529984474182129e-01
7.442109470000000115e-01 7.352573275566101074e-01
7.470490210000000353e-01 7.340085506439208984e-01
7.498871510000000296e-01 7.233934998512268066e-01
7.527253379999999661e-01 7.076103687286376953e-01
7.555635800000000124e-01 7.025800943374633789e-01
7.584018790000000010e-01 5.738824605941772461e-01
7.612402350000000428e-01 2.678913772106170654e-01
7.640786459999999725e-01 3.264421820640563965e-01
7.669171139999999554e-01 5.221269130706787109e-01
7.697556380000000198e-01 6.381623148918151855e-01
7.725942180000000548e-01 6.635943055152893066e-01
7.754328539999999492e-01 6.664558649063110352e-01
7.782715470000000080e-01 6.702679395675659180e-01
7.811102960000000373e-01 6.710944175720214844e-01
7.839491010000000371e-01 6.735239028930664062e-01
7.867879620000000074e-01 6.605734825134277344e-01
7.896268800000000310e-01 6.364932656288146973e-01
7.924658540000000251e-01 6.434107422828674316e-01
7.953048839999999897e-01 6.506707668304443359e-01
7.981439700000000359e-01 6.545762419700622559e-01
8.009831130000000243e-01 6.518577933311462402e-01
8.038223119999999833e-01 6.574212312698364258e-01
8.066615670000000238e-01 6.613022685050964355e-01
8.095008780000000348e-01 6.356669664382934570e-01
8.123402459999999881e-01 5.724716186523437500e-01
8.151796700000000229e-01 4.657366871833801270e-01
8.180191500000000282e-01 4.424937367439270020e-01
8.208586860000000041e-01 4.694324731826782227e-01
8.236982790000000332e-01 4.333200752735137939e-01
8.265379269999999501e-01 4.443033039569854736e-01
8.293776320000000313e-01 3.972991108894348145e-01
8.322173940000000547e-01 3.856778442859649658e-01
8.350572109999999659e-01 3.871569335460662842e-01
8.378970850000000414e-01 3.936355412006378174e-01
8.407370149999999764e-01 4.004419744014739990e-01
8.435770009999999930e-01 3.937548696994781494e-01
8.464170429999999801e-01 3.912317454814910889e-01
8.492571420000000204e-01 3.668928444385528564e-01
8.520972970000000313e-01 3.561874032020568848e-01
8.549375080000000127e-01 3.353857696056365967e-01
8.577777749999999646e-01 3.564134538173675537e-01
8.606180989999999698e-01 3.541376888751983643e-01
8.634584789999999455e-01 3.448412418365478516e-01
8.662989150000000027e-01 3.145423829555511475e-01
8.691394070000000305e-01 3.209663927555084229e-01
8.719799560000000005e-01 3.260444402694702148e-01
8.748205610000000521e-01 3.140792250633239746e-01
8.776612219999999631e-01 3.100555241107940674e-01
8.805019389999999557e-01 2.966068089008331299e-01
8.833427130000000016e-01 2.899565100669860840e-01
8.861835430000000180e-01 2.774113118648529053e-01
8.890244290000000049e-01 2.769102752208709717e-01
8.918653709999999624e-01 2.592235207557678223e-01
8.947063699999999731e-01 2.162406593561172485e-01
8.975474239999999826e-01 1.732278317213058472e-01
9.003885350000000454e-01 1.568053662776947021e-01
9.032297030000000504e-01 1.808629333972930908e-01
9.060709260000000542e-01 1.804576665163040161e-01
9.089122060000000003e-01 1.435618102550506592e-01
9.117535420000000279e-01 1.425867825746536255e-01
9.145949340000000261e-01 1.339294612407684326e-01
9.174363819999999947e-01 1.345722377300262451e-01
9.202778870000000166e-01 1.543026268482208252e-01
9.231194480000000091e-01 1.459701061248779297e-01
9.259610649999999721e-01 1.339931041002273560e-01
9.288027380000000166e-01 9.481114149093627930e-02
9.316444680000000034e-01 5.101697891950607300e-02
9.344862539999999607e-01 3.196666017174720764e-02
9.373280959999999995e-01 3.380025178194046021e-02
9.401699940000000089e-01 5.074971541762351990e-02
9.430119489999999605e-01 4.034397006034851074e-02
9.458539599999999936e-01 3.570822998881340027e-02
9.486960269999999973e-01 4.340985044836997986e-02
9.515381499999999715e-01 4.379528015851974487e-02
9.543803299999999989e-01 4.608495533466339111e-02
9.572225659999999969e-01 4.579916223883628845e-02
9.600648579999999654e-01 4.768298566341400146e-02
9.629072060000000155e-01 5.812242627143859863e-02
9.657496110000000078e-01 6.338698416948318481e-02
9.685920709999999989e-01 8.346135169267654419e-02
9.714345880000000433e-01 8.854931592941284180e-02
9.742771620000000299e-01 7.641467452049255371e-02
9.771197910000000153e-01 8.214074373245239258e-02
9.799624770000000540e-01 8.715339004993438721e-02
9.828052189999999522e-01 9.625597298145294189e-02
9.856480170000000429e-01 1.032373681664466858e-01
9.884908709999999932e-01 1.099545657634735107e-01
9.913337819999999967e-01 1.081715375185012817e-01
9.941767489999999707e-01 1.088451147079467773e-01
9.970197720000000263e-01 1.082448586821556091e-01
9.998628510000000524e-01 1.109865829348564148e-01
1.002705986999999910e+00 1.098445504903793335e-01
1.005549178999999960e+00 1.023279801011085510e-01
1.008392426999999980e+00 1.068270504474639893e-01
1.011235730999999971e+00 1.057675555348396301e-01
1.014079092000000015e+00 1.023486778140068054e-01
1.016922509000000030e+00 1.110346019268035889e-01
1.019765982000000015e+00 1.061029285192489624e-01
1.022609510999999971e+00 1.088933572173118591e-01
1.025453096999999980e+00 1.078427508473396301e-01
1.028296738999999960e+00 1.113358139991760254e-01
1.031140436999999910e+00 1.068217232823371887e-01
1.033984191000000052e+00 1.040211096405982971e-01
1.036828002000000026e+00 1.101223453879356384e-01
1.039671868000000110e+00 1.062848791480064392e-01
1.042515791000000025e+00 1.020459085702896118e-01
1.045359770999999993e+00 1.118250861763954163e-01
