3.615872339999999796e-01 1.289775729179382324e+00
3.644177160000000026e-01 1.485595345497131348e+00
3.672482539999999962e-01 1.532447457313537598e+00
3.700788480000000158e-01 1.627773046493530273e+00
3.729094980000000059e-01 1.422646045684814453e+00
3.757402049999999938e-01 1.489105939865112305e+00
3.785709680000000077e-01 1.639531493186950684e+00
3.814017869999999921e-01 1.426452040672302246e+00
3.842326620000000026e-01 1.277370214462280273e+00
3.870635940000000108e-01 1.447980165481567383e+00
3.898945819999999896e-01 1.606943488121032715e+00
3.927256259999999943e-01 1.425846457481384277e+00
3.955567260000000251e-01 1.453730344772338867e+00
3.983878829999999982e-01 1.840191721916198730e+00
4.012190950000000256e-01 2.273655176162719727e+00
4.040503639999999952e-01 2.267438173294067383e+00
4.068816900000000181e-01 2.234504938125610352e+00
4.097130709999999842e-01 2.304057121276855469e+00
4.125445090000000037e-01 2.390515327453613281e+00
4.153760029999999936e-01 2.408263683319091797e+00
4.182075530000000096e-01 2.339036941528320312e+00
4.210391589999999962e-01 2.368915319442749023e+00
4.238708219999999804e-01 2.324351310729980469e+00
4.267025409999999908e-01 2.260951280593872070e+00
4.295343160000000271e-01 2.057177543640136719e+00
4.323661469999999785e-01 2.176034450531005859e+00
4.351980349999999831e-01 2.414884805679321289e+00
4.380299790000000137e-01 2.454554557800292969e+00
4.408619790000000149e-01 2.524221181869506836e+00
4.436940349999999866e-01 2.652869939804077148e+00
4.465261480000000116e-01 2.693384408950805664e+00
4.493583170000000071e-01 2.857468605041503906e+00
4.521905419999999731e-01 2.869030952453613281e+00
4.550228230000000207e-01 2.852056741714477539e+00
4.578551610000000105e-01 2.899319410324096680e+00
4.606875550000000263e-01 2.923417091369628906e+00
4.635200050000000127e-01 2.960115432739257812e+00
4.663525110000000251e-01 2.890828371047973633e+00
4.691850739999999798e-01 2.894967317581176758e+00
4.720176919999999887e-01 2.919998645782470703e+00
4.748503669999999954e-01 2.976768732070922852e+00
4.776830989999999999e-01 3.018902063369750977e+00
4.805158860000000032e-01 3.078270673751831055e+00
4.833487300000000042e-01 3.049388408660888672e+00
4.861816299999999758e-01 2.815500974655151367e+00
4.890145859999999733e-01 2.936006307601928711e+00
4.918475979999999970e-01 3.012457609176635742e+00
4.946806670000000183e-01 3.072414398193359375e+00
4.975137920000000102e-01 3.097089290618896484e+00
5.003469729999999727e-01 3.018508434295654297e+00
5.031802100000000166e-01 2.993361711502075195e+00
5.060135040000000028e-01 3.088356494903564453e+00
5.088468539999999596e-01 3.106897115707397461e+00
5.116802599999999979e-01 3.136712551116943359e+00
5.145137220000000067e-01 3.079511880874633789e+00
5.173472409999999577e-01 2.910030364990234375e+00
5.201808159999999903e-01 3.046240806579589844e+00
5.230144469999999934e-01 3.178255796432495117e+00
5.258481339999999671e-01 3.181618452072143555e+00
5.286818779999999940e-01 3.227806806564331055e+00
5.315156779999999914e-01 3.333215475082397461e+00
5.343495339999999594e-01 3.334185123443603516e+00
5.371834460000000089e-01 3.380200386047363281e+00
5.400174150000000006e-01 3.312311410903930664e+00
5.428514389999999912e-01 3.337219953536987305e+00
5.456855200000000350e-01 3.401842832565307617e+00
5.485196580000000210e-01 3.411141157150268555e+00
5.513538510000000059e-01 3.434537410736083984e+00
5.541881010000000440e-01 3.473610639572143555e+00
5.570224070000000527e-01 3.442269086837768555e+00
5.598567690000000319e-01 3.389405012130737305e+00
5.626911869999999816e-01 3.441045045852661133e+00
5.655256619999999845e-01 3.432561397552490234e+00
5.683601929999999580e-01 3.408629179000854492e+00
5.711947800000000131e-01 3.370679378509521484e+00
5.740294230000000386e-01 3.416465282440185547e+00
5.768641230000000064e-01 3.394083738327026367e+00
5.796988789999999447e-01 3.416428804397583008e+00
5.825336909999999646e-01 3.489941596984863281e+00
5.853685589999999550e-01 3.448733091354370117e+00
5.882034839999999987e-01 3.230060815811157227e+00
5.910384650000000129e-01 3.098148584365844727e+00
5.938735019999999976e-01 3.157585382461547852e+00
5.967085949999999528e-01 3.159180879592895508e+00
5.995437449999999613e-01 3.133092164993286133e+00
6.023789510000000513e-01 3.103165388107299805e+00
6.052142130000000009e-01 3.107732534408569336e+00
6.080495310000000320e-01 3.078973770141601562e+00
6.108849060000000053e-01 2.970092058181762695e+00
6.137203359999999774e-01 2.900869846343994141e+00
6.165558230000000028e-01 2.873695135116577148e+00
6.193913669999999705e-01 2.953739881515502930e+00
6.222269660000000480e-01 2.936111688613891602e+00
6.250626219999999567e-01 2.858253479003906250e+00
6.278983339999999469e-01 2.794793605804443359e+00
6.307341020000000187e-01 2.775255441665649414e+00
6.335699259999999500e-01 2.813718557357788086e+00
6.364058070000000455e-01 2.837448120117187500e+00
6.392417440000000006e-01 2.851950407028198242e+00
6.420777370000000372e-01 2.820559263229370117e+00
6.449137860000000444e-01 2.785332679748535156e+00
6.477498919999999938e-01 2.651676416397094727e+00
6.505860540000000247e-01 2.652189970016479492e+00
6.534222720000000262e-01 2.647230386734008789e+00
6.562585459999999982e-01 2.432397842407226562e+00
6.590948770000000234e-01 2.550190210342407227e+00
6.619312640000000192e-01 2.620320558547973633e+00
6.647677069999999855e-01 2.599373340606689453e+00
6.676042060000000333e-01 2.584007024765014648e+00
6.704407620000000234e-01 2.561265707015991211e+00
6.732773739999999840e-01 2.538157701492309570e+00
6.761140420000000262e-01 2.522971153259277344e+00
6.789507660000000389e-01 2.502617359161376953e+00
6.817875469999999938e-01 2.489643096923828125e+00
6.846243829999999475e-01 2.394947052001953125e+00
6.874612759999999545e-01 2.013345479965209961e+00
6.902982260000000148e-01 2.042732000350952148e+00
6.931352309999999628e-01 2.086530685424804688e+00
6.959722929999999641e-01 2.104797363281250000e+00
6.988094110000000470e-01 2.093226432800292969e+00
7.016465849999999893e-01 1.979904651641845703e+00
7.044838150000000132e-01 1.989744663238525391e+00
7.073211019999999793e-01 1.961295485496520996e+00
7.101584450000000270e-01 1.897910118103027344e+00
7.129958440000000452e-01 1.794282913208007812e+00
7.158332990000000340e-01 1.531520843505859375e+00
7.186708109999999650e-01 1.115996122360229492e+00
7.215083789999999775e-01 1.150536417961120605e+00
7.243460029999999605e-01 1.062046289443969727e+00
7.271836830000000251e-01 9.673593044281005859e-01
7.300214200000000320e-01 9.077885746955871582e-01
7.328592130000000093e-01 9.304554462432861328e-01
7.356970619999999572e-01 9.316361546516418457e-01
7.385349669999999866e-01 9.061190485954284668e-01
7.413729289999999583e-01 9.070648550987243652e-01
7.442109470000000115e-01 9.226448535919189453e-01
7.470490210000000353e-01 9.168651700019836426e-01
7.498871510000000296e-01 9.066127538681030273e-01
7.527253379999999661e-01 9.013291001319885254e-01
7.555635800000000124e-01 8.856045603752136230e-01
7.584018790000000010e-01 7.268350124359130859e-01
7.612402350000000428e-01 3.425114452838897705e-01
7.640786459999999725e-01 4.100484848022460938e-01
7.669171139999999554e-01 6.701717376708984375e-01
7.697556380000000198e-01 8.189665079116821289e-01
7.725942180000000548e-01 8.450076580047607422e-01
7.754328539999999492e-01 8.482658267021179199e-01
7.782715470000000080e-01 8.584344387054443359e-01
7.811102960000000373e-01 8.579722046852111816e-01
7.839491010000000371e-01 8.582246899604797363e-01
7.867879620000000074e-01 8.494192361831665039e-01
7.896268800000000310e-01 8.232174515724182129e-01
7.924658540000000251e-01 8.223883509635925293e-01
7.953048839999999897e-01 8.340135812759399414e-01
7.981439700000000359e-01 8.418027162551879883e-01
8.009831130000000243e-01 8.323910832405090332e-01
8.038223119999999833e-01 8.417871594429016113e-01
8.066615670000000238e-01 8.556592464447021484e-01
8.095008780000000348e-01 8.189604282379150391e-01
8.123402459999999881e-01 7.285127043724060059e-01
8.151796700000000229e-01 5.995720624923706055e-01
8.180191500000000282e-01 5.689736604690551758e-01
8.208586860000000041e-01 6.040545105934143066e-01
8.236982790000000332e-01 5.585813522338867188e-01
8.265379269999999501e-01 5.790711641311645508e-01
8.293776320000000313e-01 5.169997215270996094e-01
8.322173940000000547e-01 4.936177730560302734e-01
8.350572109999999659e-01 5.047422051429748535e-01
8.378970850000000414e-01 5.118026137351989746e-01
8.407370149999999764e-01 5.156325697898864746e-01
8.435770009999999930e-01 5.064997673034667969e-01
8.464170429999999801e-01 5.074250698089599609e-01
8.492571420000000204e-01 4.862798750400543213e-01
8.520972970000000313e-01 4.606943726539611816e-01
8.549375080000000127e-01 4.386457502841949463e-01
8.577777749999999646e-01 4.657622873783111572e-01
8.606180989999999698e-01 4.554183781147003174e-01
8.634584789999999455e-01 4.498863220214843750e-01
8.662989150000000027e-01 4.105247259140014648e-01
8.691394070000000305e-01 4.246883988380432129e-01
8.719799560000000005e-01 4.170358180999755859e-01
8.748205610000000521e-01 4.114826917648315430e-01
8.776612219999999631e-01 3.967900872230529785e-01
8.805019389999999557e-01 3.820537328720092773e-01
8.833427130000000016e-01 3.767199218273162842e-01
8.861835430000000180e-01 3.604576587677001953e-01
8.890244290000000049e-01 3.542306423187255859e-01
8.918653709999999624e-01 3.326325416564941406e-01
8.947063699999999731e-01 2.858109474182128906e-01
8.975474239999999826e-01 2.286985814571380615e-01
9.003885350000000454e-01 2.050807625055313110e-01
9.032297030000000504e-01 2.328817695379257202e-01
9.060709260000000542e-01 2.369183897972106934e-01
9.089122060000000003e-01 1.885645240545272827e-01
9.117535420000000279e-01 1.904287189245223999e-01
9.145949340000000261e-01 1.730328053236007690e-01
9.174363819999999947e-01 1.741258054971694946e-01
9.202778870000000166e-01 2.030747830867767334e-01
9.231194480000000091e-01 1.907399445772171021e-01
9.259610649999999721e-01 1.718422025442123413e-01
9.288027380000000166e-01 1.234382987022399902e-01
9.316444680000000034e-01 6.633789092302322388e-02
9.344862539999999607e-01 3.686171397566795349e-02
9.373280959999999995e-01 4.307996481657028198e-02
9.401699940000000089e-01 6.913987547159194946e-02
9.430119489999999605e-01 5.584170669317245483e-02
9.458539599999999936e-01 5.001151934266090393e-02
9.486960269999999973e-01 5.933623760938644409e-02
9.515381499999999715e-01 5.698826536536216736e-02
9.543803299999999989e-01 5.607035011053085327e-02
9.572225659999999969e-01 6.113022193312644958e-02
9.600648579999999654e-01 6.434345990419387817e-02
9.629072060000000155e-01 7.661186903715133667e-02
9.657496110000000078e-01 8.254997432231903076e-02
9.685920709999999989e-01 1.075684428215026855e-01
9.714345880000000433e-01 1.129837930202484131e-01
9.742771620000000299e-01 9.749377518892288208e-02
9.771197910000000153e-01 1.043441742658615112e-01
9.799624770000000540e-01 1.131114810705184937e-01
9.828052189999999522e-01 1.205917298793792725e-01
9.856480170000000429e-01 1.290763467550277710e-01
9.884908709999999932e-01 1.383516490459442139e-01
9.913337819999999967e-01 1.392818391323089600e-01
9.941767489999999707e-01 1.421592384576797485e-01
9.970197720000000263e-01 1.387396603822708130e-01
9.998628510000000524e-01 1.399994939565658569e-01
1.002705986999999910e+00 1.382664740085601807e-01
1.005549178999999960e+00 1.338749825954437256e-01
1.008392426999999980e+00 1.389627009630203247e-01
1.011235730999999971e+00 1.356605142354965210e-01
1.014079092000000015e+00 1.401316970586776733e-01
1.016922509000000030e+00 1.456328034400939941e-01
1.019765982000000015e+00 1.471913009881973267e-01
1.022609510999999971e+00 1.426195353269577026e-01
1.025453096999999980e+00 1.458160132169723511e-01
1.028296738999999960e+00 1.496084779500961304e-01
1.031140436999999910e+00 1.432873457670211792e-01
1.033984191000000052e+00 1.407844275236129761e-01
1.036828002000000026e+00 1.440985351800918579e-01
1.039671868000000110e+00 1.500818431377410889e-01
1.042515791000000025e+00 1.427848786115646362e-01
1.045359770999999993e+00 1.600471585988998413e-01
