3.615872339999999796e-01 1.341296553611755371e+00
3.644177160000000026e-01 1.435208916664123535e+00
3.672482539999999962e-01 1.574614405632019043e+00
3.700788480000000158e-01 1.602100610733032227e+00
3.729094980000000059e-01 1.450854778289794922e+00
3.757402049999999938e-01 1.516949415206909180e+00
3.785709680000000077e-01 1.639746546745300293e+00
3.814017869999999921e-01 1.425916075706481934e+00
3.842326620000000026e-01 1.328263521194458008e+00
3.870635940000000108e-01 1.446389913558959961e+00
3.898945819999999896e-01 1.657976508140563965e+00
3.927256259999999943e-01 1.433373570442199707e+00
3.955567260000000251e-01 1.477075099945068359e+00
3.983878829999999982e-01 1.873709917068481445e+00
4.012190950000000256e-01 2.270693778991699219e+00
4.040503639999999952e-01 2.295025348663330078e+00
4.068816900000000181e-01 2.254459381103515625e+00
4.097130709999999842e-01 2.294978618621826172e+00
4.125445090000000037e-01 2.404602527618408203e+00
4.153760029999999936e-01 2.399101018905639648e+00
4.182075530000000096e-01 2.349713325500488281e+00
4.210391589999999962e-01 2.375957965850830078e+00
4.238708219999999804e-01 2.323530435562133789e+00
4.267025409999999908e-01 2.266680479049682617e+00
4.295343160000000271e-01 2.053213357925415039e+00
4.323661469999999785e-01 2.193057060241699219e+00
4.351980349999999831e-01 2.393713474273681641e+00
4.380299790000000137e-01 2.420303821563720703e+00
4.408619790000000149e-01 2.501337528228759766e+00
4.436940349999999866e-01 2.661871194839477539e+00
4.465261480000000116e-01 2.679463863372802734e+00
4.493583170000000071e-01 2.841287851333618164e+00
4.521905419999999731e-01 2.836314201354980469e+00
4.550228230000000207e-01 2.814501047134399414e+00
4.578551610000000105e-01 2.875213384628295898e+00
4.606875550000000263e-01 2.907327651977539062e+00
4.635200050000000127e-01 2.930577993392944336e+00
4.663525110000000251e-01 2.879320859909057617e+00
4.691850739999999798e-01 2.864121913909912109e+00
4.720176919999999887e-01 2.901735782623291016e+00
4.748503669999999954e-01 2.963964939117431641e+00
4.776830989999999999e-01 2.968198776245117188e+00
4.805158860000000032e-01 3.047050476074218750e+00
4.833487300000000042e-01 3.017525672912597656e+00
4.861816299999999758e-01 2.793948650360107422e+00
4.890145859999999733e-01 2.892380952835083008e+00
4.918475979999999970e-01 2.989479064941406250e+00
4.946806670000000183e-01 3.034456253051757812e+00
4.975137920000000102e-01 3.059031724929809570e+00
5.003469729999999727e-01 2.979981422424316406e+00
5.031802100000000166e-01 2.963732481002807617e+00
5.060135040000000028e-01 3.064114809036254883e+00
5.088468539999999596e-01 3.075229406356811523e+00
5.116802599999999979e-01 3.097243309020996094e+00
5.145137220000000067e-01 3.020849704742431641e+00
5.173472409999999577e-01 2.868075847625732422e+00
5.201808159999999903e-01 2.997976779937744141e+00
5.230144469999999934e-01 3.137492895126342773e+00
5.258481339999999671e-01 3.147991180419921875e+00
5.286818779999999940e-01 3.193164110183715820e+00
5.315156779999999914e-01 3.293702840805053711e+00
5.343495339999999594e-01 3.293247699737548828e+00
5.371834460000000089e-01 3.329887390136718750e+00
5.400174150000000006e-01 3.273174047470092773e+00
5.428514389999999912e-01 3.290940046310424805e+00
5.456855200000000350e-01 3.347821712493896484e+00
5.485196580000000210e-01 3.357999563217163086e+00
5.513538510000000059e-01 3.399667978286743164e+00
5.541881010000000440e-01 3.417635440826416016e+00
5.570224070000000527e-01 3.376299858093261719e+00
5.598567690000000319e-01 3.344266891479492188e+00
5.626911869999999816e-01 3.389157056808471680e+00
5.655256619999999845e-01 3.385039091110229492e+00
5.683601929999999580e-01 3.341443538665771484e+00
5.711947800000000131e-01 3.315143108367919922e+00
5.740294230000000386e-01 3.360090732574462891e+00
5.768641230000000064e-01 3.331938028335571289e+00
5.796988789999999447e-01 3.348229885101318359e+00
5.825336909999999646e-01 3.411434650421142578e+00
5.853685589999999550e-01 3.378107070922851562e+00
5.882034839999999987e-01 3.144673585891723633e+00
5.910384650000000129e-01 3.020331144332885742e+00
5.938735019999999976e-01 3.069109439849853516e+00
5.967085949999999528e-01 3.056038141250610352e+00
5.995437449999999613e-01 3.010792732238769531e+00
6.023789510000000513e-01 2.982093095779418945e+00
6.052142130000000009e-01 2.988408327102661133e+00
6.080495310000000320e-01 2.949926853179931641e+00
6.108849060000000053e-01 2.818655014038085938e+00
6.137203359999999774e-01 2.737037420272827148e+00
6.165558230000000028e-01 2.728988409042358398e+00
6.193913669999999705e-01 2.804659128189086914e+00
6.222269660000000480e-01 2.799811124801635742e+00
6.250626219999999567e-01 2.729480504989624023e+00
6.278983339999999469e-01 2.653017997741699219e+00
6.307341020000000187e-01 2.643174409866333008e+00
6.335699259999999500e-01 2.662122011184692383e+00
6.364058070000000455e-01 2.698715686798095703e+00
6.392417440000000006e-01 2.697536706924438477e+00
6.420777370000000372e-01 2.667461156845092773e+00
6.449137860000000444e-01 2.630825042724609375e+00
6.477498919999999938e-01 2.503324270248413086e+00
6.505860540000000247e-01 2.489202260971069336e+00
6.534222720000000262e-01 2.481630802154541016e+00
6.562585459999999982e-01 2.285928487777709961e+00
6.590948770000000234e-01 2.391782283782958984e+00
6.619312640000000192e-01 2.447201490402221680e+00
6.647677069999999855e-01 2.423147201538085938e+00
6.676042060000000333e-01 2.397621870040893555e+00
6.704407620000000234e-01 2.373500347137451172e+00
6.732773739999999840e-01 2.350644826889038086e+00
6.761140420000000262e-01 2.338087797164916992e+00
6.789507660000000389e-01 2.319268941879272461e+00
6.817875469999999938e-01 2.293205738067626953e+00
6.846243829999999475e-01 2.213854312896728516e+00
6.874612759999999545e-01 1.850172638893127441e+00
6.902982260000000148e-01 1.875486612319946289e+00
6.931352309999999628e-01 1.912861704826354980e+00
6.959722929999999641e-01 1.922541499137878418e+00
6.988094110000000470e-01 1.905254602432250977e+00
7.016465849999999893e-01 1.806536436080932617e+00
7.044838150000000132e-01 1.795390009880065918e+00
7.073211019999999793e-01 1.761351823806762695e+00
7.101584450000000270e-01 1.693820953369140625e+00
7.129958440000000452e-01 1.587617516517639160e+00
7.158332990000000340e-01 1.339941859245300293e+00
7.186708109999999650e-01 9.725253582000732422e-01
7.215083789999999775e-01 9.960902333259582520e-01
7.243460029999999605e-01 9.104713797569274902e-01
7.271836830000000251e-01 8.235828876495361328e-01
7.300214200000000320e-01 7.681423425674438477e-01
7.328592130000000093e-01 7.824368476867675781e-01
7.356970619999999572e-01 7.716984748840332031e-01
7.385349669999999866e-01 7.522720098495483398e-01
7.413729289999999583e-01 7.567112445831298828e-01
7.442109470000000115e-01 7.687594890594482422e-01
7.470490210000000353e-01 7.619212865829467773e-01
7.498871510000000296e-01 7.452461123466491699e-01
7.527253379999999661e-01 7.477424144744873047e-01
7.555635800000000124e-01 7.290663123130798340e-01
7.584018790000000010e-01 6.026976704597473145e-01
7.612402350000000428e-01 2.828598320484161377e-01
7.640786459999999725e-01 3.422575891017913818e-01
7.669171139999999554e-01 5.519956350326538086e-01
7.697556380000000198e-01 6.707316637039184570e-01
7.725942180000000548e-01 6.942412853240966797e-01
7.754328539999999492e-01 6.929435133934020996e-01
7.782715470000000080e-01 7.023320794105529785e-01
7.811102960000000373e-01 6.998434662818908691e-01
7.839491010000000371e-01 6.964411735534667969e-01
7.867879620000000074e-01 6.870333552360534668e-01
7.896268800000000310e-01 6.761611104011535645e-01
7.924658540000000251e-01 6.688441634178161621e-01
7.953048839999999897e-01 6.774356365203857422e-01
7.981439700000000359e-01 6.825578808784484863e-01
8.009831130000000243e-01 6.807798743247985840e-01
8.038223119999999833e-01 6.848173141479492188e-01
8.066615670000000238e-01 6.976349949836730957e-01
8.095008780000000348e-01 6.635839343070983887e-01
8.123402459999999881e-01 5.917705297470092773e-01
8.151796700000000229e-01 4.880860447883605957e-01
8.180191500000000282e-01 4.557361900806427002e-01
8.208586860000000041e-01 4.897191226482391357e-01
8.236982790000000332e-01 4.518907368183135986e-01
8.265379269999999501e-01 4.624090790748596191e-01
8.293776320000000313e-01 4.189656674861907959e-01
8.322173940000000547e-01 3.988496959209442139e-01
8.350572109999999659e-01 4.057789146900177002e-01
8.378970850000000414e-01 4.113339781761169434e-01
8.407370149999999764e-01 4.165808558464050293e-01
8.435770009999999930e-01 4.077583849430084229e-01
8.464170429999999801e-01 4.021668434143066406e-01
8.492571420000000204e-01 3.885414898395538330e-01
8.520972970000000313e-01 3.680976927280426025e-01
8.549375080000000127e-01 3.536764681339263916e-01
8.577777749999999646e-01 3.735091686248779297e-01
8.606180989999999698e-01 3.597563207149505615e-01
8.634584789999999455e-01 3.606762588024139404e-01
8.662989150000000027e-01 3.287014067173004150e-01
8.691394070000000305e-01 3.364934921264648438e-01
8.719799560000000005e-01 3.399602472782135010e-01
8.748205610000000521e-01 3.229019939899444580e-01
8.776612219999999631e-01 3.225367069244384766e-01
8.805019389999999557e-01 3.050818443298339844e-01
8.833427130000000016e-01 2.997981011867523193e-01
8.861835430000000180e-01 2.878884077072143555e-01
8.890244290000000049e-01 2.832219600677490234e-01
8.918653709999999624e-01 2.692800462245941162e-01
8.947063699999999731e-01 2.237650752067565918e-01
8.975474239999999826e-01 1.829253733158111572e-01
9.003885350000000454e-01 1.660735309123992920e-01
9.032297030000000504e-01 1.875822991132736206e-01
9.060709260000000542e-01 1.894947588443756104e-01
9.089122060000000003e-01 1.559279561042785645e-01
9.117535420000000279e-01 1.498787254095077515e-01
9.145949340000000261e-01 1.381968557834625244e-01
9.174363819999999947e-01 1.396324187517166138e-01
9.202778870000000166e-01 1.603993773460388184e-01
9.231194480000000091e-01 1.499833613634109497e-01
9.259610649999999721e-01 1.385048776865005493e-01
9.288027380000000166e-01 9.662819653749465942e-02
9.316444680000000034e-01 5.006704851984977722e-02
9.344862539999999607e-01 3.182324767112731934e-02
9.373280959999999995e-01 3.498812764883041382e-02
9.401699940000000089e-01 4.985029995441436768e-02
9.430119489999999605e-01 4.292402416467666626e-02
9.458539599999999936e-01 4.145022481679916382e-02
9.486960269999999973e-01 4.396638646721839905e-02
9.515381499999999715e-01 4.247491806745529175e-02
9.543803299999999989e-01 4.619614407420158386e-02
9.572225659999999969e-01 4.582490026950836182e-02
9.600648579999999654e-01 5.371484905481338501e-02
9.629072060000000155e-01 6.308261305093765259e-02
9.657496110000000078e-01 6.944406777620315552e-02
9.685920709999999989e-01 9.116122126579284668e-02
9.714345880000000433e-01 9.093874692916870117e-02
9.742771620000000299e-01 8.115125447511672974e-02
9.771197910000000153e-01 8.011331409215927124e-02
9.799624770000000540e-01 8.814578503370285034e-02
9.828052189999999522e-01 9.969712793827056885e-02
9.856480170000000429e-01 1.062229126691818237e-01
9.884908709999999932e-01 1.142621338367462158e-01
9.913337819999999967e-01 1.153209730982780457e-01
9.941767489999999707e-01 1.145521625876426697e-01
9.970197720000000263e-01 1.129820644855499268e-01
9.998628510000000524e-01 1.153416857123374939e-01
1.002705986999999910e+00 1.098339408636093140e-01
1.005549178999999960e+00 1.110416576266288757e-01
1.008392426999999980e+00 1.095070689916610718e-01
1.011235730999999971e+00 1.093578860163688660e-01
1.014079092000000015e+00 1.096930354833602905e-01
1.016922509000000030e+00 1.131386235356330872e-01
1.019765982000000015e+00 1.169667392969131470e-01
1.022609510999999971e+00 1.084310859441757202e-01
1.025453096999999980e+00 1.064568310976028442e-01
1.028296738999999960e+00 1.177683621644973755e-01
1.031140436999999910e+00 1.108243390917778015e-01
1.033984191000000052e+00 1.219121292233467102e-01
1.036828002000000026e+00 1.121503412723541260e-01
1.039671868000000110e+00 1.202397197484970093e-01
1.042515791000000025e+00 1.102172732353210449e-01
1.045359770999999993e+00 1.159127727150917053e-01
