3.615872339999999796e-01 1.266670227050781250e+00
3.644177160000000026e-01 1.439412832260131836e+00
3.672482539999999962e-01 1.607603669166564941e+00
3.700788480000000158e-01 1.550014019012451172e+00
3.729094980000000059e-01 1.419124841690063477e+00
3.757402049999999938e-01 1.519833087921142578e+00
3.785709680000000077e-01 1.621709108352661133e+00
3.814017869999999921e-01 1.404579758644104004e+00
3.842326620000000026e-01 1.278481721878051758e+00
3.870635940000000108e-01 1.421133995056152344e+00
3.898945819999999896e-01 1.606605648994445801e+00
3.927256259999999943e-01 1.441844582557678223e+00
3.955567260000000251e-01 1.465669870376586914e+00
3.983878829999999982e-01 1.825731635093688965e+00
4.012190950000000256e-01 2.289010524749755859e+00
4.040503639999999952e-01 2.283750295639038086e+00
4.068816900000000181e-01 2.208814859390258789e+00
4.097130709999999842e-01 2.282145500183105469e+00
4.125445090000000037e-01 2.370513439178466797e+00
4.153760029999999936e-01 2.377034664154052734e+00
4.182075530000000096e-01 2.354590654373168945e+00
4.210391589999999962e-01 2.370240211486816406e+00
4.238708219999999804e-01 2.324862480163574219e+00
4.267025409999999908e-01 2.271681308746337891e+00
4.295343160000000271e-01 2.061000108718872070e+00
4.323661469999999785e-01 2.196922540664672852e+00
4.351980349999999831e-01 2.404061317443847656e+00
4.380299790000000137e-01 2.437899112701416016e+00
4.408619790000000149e-01 2.520635604858398438e+00
4.436940349999999866e-01 2.669630527496337891e+00
4.465261480000000116e-01 2.685168504714965820e+00
4.493583170000000071e-01 2.851621150970458984e+00
4.521905419999999731e-01 2.876835346221923828e+00
4.550228230000000207e-01 2.869644165039062500e+00
4.578551610000000105e-01 2.921773910522460938e+00
4.606875550000000263e-01 2.931504487991333008e+00
4.635200050000000127e-01 2.966566324234008789e+00
4.663525110000000251e-01 2.911039829254150391e+00
4.691850739999999798e-01 2.905575752258300781e+00
4.720176919999999887e-01 2.939270496368408203e+00
4.748503669999999954e-01 2.992442607879638672e+00
4.776830989999999999e-01 3.026919126510620117e+00
4.805158860000000032e-01 3.080676794052124023e+00
4.833487300000000042e-01 3.063468933105468750e+00
4.861816299999999758e-01 2.827861070632934570e+00
4.890145859999999733e-01 2.946877002716064453e+00
4.918475979999999970e-01 3.019869804382324219e+00
4.946806670000000183e-01 3.083870649337768555e+00
4.975137920000000102e-01 3.099187374114990234e+00
5.003469729999999727e-01 3.030248641967773438e+00
5.031802100000000166e-01 3.013027191162109375e+00
5.060135040000000028e-01 3.102404594421386719e+00
5.088468539999999596e-01 3.120740413665771484e+00
5.116802599999999979e-01 3.149507045745849609e+00
5.145137220000000067e-01 3.084255218505859375e+00
5.173472409999999577e-01 2.925198793411254883e+00
5.201808159999999903e-01 3.067707538604736328e+00
5.230144469999999934e-01 3.195036172866821289e+00
5.258481339999999671e-01 3.189830780029296875e+00
5.286818779999999940e-01 3.243586063385009766e+00
5.315156779999999914e-01 3.360080718994140625e+00
5.343495339999999594e-01 3.351800918579101562e+00
5.371834460000000089e-01 3.386126279830932617e+00
5.400174150000000006e-01 3.329079866409301758e+00
5.428514389999999912e-01 3.349145889282226562e+00
5.456855200000000350e-01 3.414868593215942383e+00
5.485196580000000210e-01 3.426758289337158203e+00
5.513538510000000059e-01 3.453337192535400391e+00
5.541881010000000440e-01 3.483347415924072266e+00
5.570224070000000527e-01 3.458120346069335938e+00
5.598567690000000319e-01 3.407880306243896484e+00
5.626911869999999816e-01 3.464473962783813477e+00
5.655256619999999845e-01 3.454839944839477539e+00
5.683601929999999580e-01 3.425315141677856445e+00
5.711947800000000131e-01 3.382116317749023438e+00
5.740294230000000386e-01 3.438134431838989258e+00
5.768641230000000064e-01 3.405809879302978516e+00
5.796988789999999447e-01 3.429707765579223633e+00
5.825336909999999646e-01 3.509619951248168945e+00
5.853685589999999550e-01 3.470659732818603516e+00
5.882034839999999987e-01 3.250899076461791992e+00
5.910384650000000129e-01 3.112573623657226562e+00
5.938735019999999976e-01 3.167102336883544922e+00
5.967085949999999528e-01 3.168821334838867188e+00
5.995437449999999613e-01 3.141691684722900391e+00
6.023789510000000513e-01 3.120290040969848633e+00
6.052142130000000009e-01 3.135078430175781250e+00
6.080495310000000320e-01 3.082159757614135742e+00
6.108849060000000053e-01 2.979952335357666016e+00
6.137203359999999774e-01 2.913983345031738281e+00
6.165558230000000028e-01 2.900984525680541992e+00
6.193913669999999705e-01 2.963285207748413086e+00
6.222269660000000480e-01 2.958117723464965820e+00
6.250626219999999567e-01 2.886666536331176758e+00
6.278983339999999469e-01 2.817540884017944336e+00
6.307341020000000187e-01 2.800104379653930664e+00
6.335699259999999500e-01 2.833167791366577148e+00
6.364058070000000455e-01 2.867013454437255859e+00
6.392417440000000006e-01 2.874091148376464844e+00
6.420777370000000372e-01 2.840614557266235352e+00
6.449137860000000444e-01 2.801416873931884766e+00
6.477498919999999938e-01 2.676644563674926758e+00
6.505860540000000247e-01 2.666827678680419922e+00
6.534222720000000262e-01 2.666850328445434570e+00
6.562585459999999982e-01 2.459105014801025391e+00
6.590948770000000234e-01 2.577818870544433594e+00
6.619312640000000192e-01 2.645130157470703125e+00
6.647677069999999855e-01 2.627260208129882812e+00
6.676042060000000333e-01 2.616322994232177734e+00
6.704407620000000234e-01 2.584465742111206055e+00
6.732773739999999840e-01 2.565850257873535156e+00
6.761140420000000262e-01 2.547812223434448242e+00
6.789507660000000389e-01 2.533458471298217773e+00
6.817875469999999938e-01 2.504377365112304688e+00
6.846243829999999475e-01 2.409744024276733398e+00
6.874612759999999545e-01 2.030594825744628906e+00
6.902982260000000148e-01 2.061738252639770508e+00
6.931352309999999628e-01 2.100699424743652344e+00
6.959722929999999641e-01 2.128098011016845703e+00
6.988094110000000470e-01 2.111657619476318359e+00
7.016465849999999893e-01 2.005345344543457031e+00
7.044838150000000132e-01 2.017632246017456055e+00
7.073211019999999793e-01 1.986234307289123535e+00
7.101584450000000270e-01 1.917501449584960938e+00
7.129958440000000452e-01 1.818679571151733398e+00
7.158332990000000340e-01 1.545092701911926270e+00
7.186708109999999650e-01 1.136680006980895996e+00
7.215083789999999775e-01 1.173328638076782227e+00
7.243460029999999605e-01 1.087058544158935547e+00
7.271836830000000251e-01 9.870873689651489258e-01
7.300214200000000320e-01 9.352642297744750977e-01
7.328592130000000093e-01 9.533534646034240723e-01
7.356970619999999572e-01 9.476306438446044922e-01
7.385349669999999866e-01 9.271475672721862793e-01
7.413729289999999583e-01 9.347060918807983398e-01
7.442109470000000115e-01 9.419252872467041016e-01
7.470490210000000353e-01 9.448862671852111816e-01
7.498871510000000296e-01 9.302384853363037109e-01
7.527253379999999661e-01 9.229007959365844727e-01
7.555635800000000124e-01 9.119822382926940918e-01
7.584018790000000010e-01 7.462168931961059570e-01
7.612402350000000428e-01 3.540935814380645752e-01
7.640786459999999725e-01 4.277440607547760010e-01
7.669171139999999554e-01 6.875829696655273438e-01
7.697556380000000198e-01 8.402470350265502930e-01
7.725942180000000548e-01 8.692351579666137695e-01
7.754328539999999492e-01 8.753269314765930176e-01
7.782715470000000080e-01 8.800582885742187500e-01
7.811102960000000373e-01 8.807325959205627441e-01
7.839491010000000371e-01 8.760362267494201660e-01
7.867879620000000074e-01 8.715323209762573242e-01
7.896268800000000310e-01 8.437671065330505371e-01
7.924658540000000251e-01 8.538790941238403320e-01
7.953048839999999897e-01 8.575249910354614258e-01
7.981439700000000359e-01 8.648838400840759277e-01
8.009831130000000243e-01 8.649873733520507812e-01
8.038223119999999833e-01 8.614119291305541992e-01
8.066615670000000238e-01 8.801882863044738770e-01
8.095008780000000348e-01 8.456137180328369141e-01
8.123402459999999881e-01 7.557400465011596680e-01
8.151796700000000229e-01 6.143205165863037109e-01
8.180191500000000282e-01 5.816355347633361816e-01
8.208586860000000041e-01 6.232559084892272949e-01
8.236982790000000332e-01 5.728983879089355469e-01
8.265379269999999501e-01 5.993859767913818359e-01
8.293776320000000313e-01 5.311297774314880371e-01
8.322173940000000547e-01 5.102328062057495117e-01
8.350572109999999659e-01 5.217617750167846680e-01
8.378970850000000414e-01 5.297761559486389160e-01
8.407370149999999764e-01 5.306185483932495117e-01
8.435770009999999930e-01 5.303065776824951172e-01
8.464170429999999801e-01 5.219766497611999512e-01
8.492571420000000204e-01 4.974903762340545654e-01
8.520972970000000313e-01 4.753392338752746582e-01
8.549375080000000127e-01 4.521538913249969482e-01
8.577777749999999646e-01 4.770707786083221436e-01
8.606180989999999698e-01 4.749843478202819824e-01
8.634584789999999455e-01 4.671496450901031494e-01
8.662989150000000027e-01 4.280520379543304443e-01
8.691394070000000305e-01 4.375891983509063721e-01
8.719799560000000005e-01 4.336864054203033447e-01
8.748205610000000521e-01 4.258743524551391602e-01
8.776612219999999631e-01 4.071766138076782227e-01
8.805019389999999557e-01 3.991987407207489014e-01
8.833427130000000016e-01 3.931746780872344971e-01
8.861835430000000180e-01 3.746587336063385010e-01
8.890244290000000049e-01 3.696532845497131348e-01
8.918653709999999624e-01 3.474338948726654053e-01
8.947063699999999731e-01 2.931267321109771729e-01
8.975474239999999826e-01 2.350713014602661133e-01
9.003885350000000454e-01 2.098339349031448364e-01
9.032297030000000504e-01 2.441565096378326416e-01
9.060709260000000542e-01 2.432118058204650879e-01
9.089122060000000003e-01 1.963430643081665039e-01
9.117535420000000279e-01 1.979359835386276245e-01
9.145949340000000261e-01 1.801359206438064575e-01
9.174363819999999947e-01 1.844797581434249878e-01
9.202778870000000166e-01 2.068292051553726196e-01
9.231194480000000091e-01 1.961296498775482178e-01
9.259610649999999721e-01 1.790448576211929321e-01
9.288027380000000166e-01 1.266592592000961304e-01
9.316444680000000034e-01 6.709603220224380493e-02
9.344862539999999607e-01 3.797367960214614868e-02
9.373280959999999995e-01 4.314231500029563904e-02
9.401699940000000089e-01 6.437072157859802246e-02
9.430119489999999605e-01 5.855076760053634644e-02
9.458539599999999936e-01 5.036251991987228394e-02
9.486960269999999973e-01 6.088178232312202454e-02
9.515381499999999715e-01 5.558454245328903198e-02
9.543803299999999989e-01 5.788815394043922424e-02
9.572225659999999969e-01 6.194426119327545166e-02
9.600648579999999654e-01 6.332176178693771362e-02
9.629072060000000155e-01 7.729269564151763916e-02
9.657496110000000078e-01 8.153197914361953735e-02
9.685920709999999989e-01 1.060751974582672119e-01
9.714345880000000433e-01 1.216994673013687134e-01
9.742771620000000299e-01 1.043028607964515686e-01
9.771197910000000153e-01 1.100221574306488037e-01
9.799624770000000540e-01 1.169362068176269531e-01
9.828052189999999522e-01 1.292707473039627075e-01
9.856480170000000429e-01 1.323023140430450439e-01
9.884908709999999932e-01 1.388575732707977295e-01
9.913337819999999967e-01 1.401495337486267090e-01
9.941767489999999707e-01 1.391675472259521484e-01
9.970197720000000263e-01 1.474187523126602173e-01
9.998628510000000524e-01 1.413531303405761719e-01
1.002705986999999910e+00 1.382341980934143066e-01
1.005549178999999960e+00 1.418953388929367065e-01
1.008392426999999980e+00 1.399440914392471313e-01
1.011235730999999971e+00 1.387111097574234009e-01
1.014079092000000015e+00 1.444498747587203979e-01
1.016922509000000030e+00 1.464793086051940918e-01
1.019765982000000015e+00 1.452473998069763184e-01
1.022609510999999971e+00 1.430147737264633179e-01
1.025453096999999980e+00 1.446902453899383545e-01
1.028296738999999960e+00 1.460700482130050659e-01
1.031140436999999910e+00 1.467016339302062988e-01
1.033984191000000052e+00 1.438388228416442871e-01
1.036828002000000026e+00 1.528358310461044312e-01
1.039671868000000110e+00 1.525298804044723511e-01
1.042515791000000025e+00 1.430099606513977051e-01
1.045359770999999993e+00 1.531795561313629150e-01
