3.615872339999999796e-01 1.345864295959472656e+00
3.644177160000000026e-01 1.495821356773376465e+00
3.672482539999999962e-01 1.631136536598205566e+00
3.700788480000000158e-01 1.540489435195922852e+00
3.729094980000000059e-01 1.437696456909179688e+00
3.757402049999999938e-01 1.510317802429199219e+00
3.785709680000000077e-01 1.693738698959350586e+00
3.814017869999999921e-01 1.436373829841613770e+00
3.842326620000000026e-01 1.312496066093444824e+00
3.870635940000000108e-01 1.458400726318359375e+00
3.898945819999999896e-01 1.635494589805603027e+00
3.927256259999999943e-01 1.430006742477416992e+00
3.955567260000000251e-01 1.449328660964965820e+00
3.983878829999999982e-01 1.865750193595886230e+00
4.012190950000000256e-01 2.307081222534179688e+00
4.040503639999999952e-01 2.316855430603027344e+00
4.068816900000000181e-01 2.252481222152709961e+00
4.097130709999999842e-01 2.311064720153808594e+00
4.125445090000000037e-01 2.400757312774658203e+00
4.153760029999999936e-01 2.425248861312866211e+00
4.182075530000000096e-01 2.356808185577392578e+00
4.210391589999999962e-01 2.376291275024414062e+00
4.238708219999999804e-01 2.342288732528686523e+00
4.267025409999999908e-01 2.295979976654052734e+00
4.295343160000000271e-01 2.095682859420776367e+00
4.323661469999999785e-01 2.201715230941772461e+00
4.351980349999999831e-01 2.390116691589355469e+00
4.380299790000000137e-01 2.440896749496459961e+00
4.408619790000000149e-01 2.499842405319213867e+00
4.436940349999999866e-01 2.647160768508911133e+00
4.465261480000000116e-01 2.668420791625976562e+00
4.493583170000000071e-01 2.821060180664062500e+00
4.521905419999999731e-01 2.851885557174682617e+00
4.550228230000000207e-01 2.799530982971191406e+00
4.578551610000000105e-01 2.872409343719482422e+00
4.606875550000000263e-01 2.899941444396972656e+00
4.635200050000000127e-01 2.916635751724243164e+00
4.663525110000000251e-01 2.865544319152832031e+00
4.691850739999999798e-01 2.856468439102172852e+00
4.720176919999999887e-01 2.895598411560058594e+00
4.748503669999999954e-01 2.936771154403686523e+00
4.776830989999999999e-01 2.951153039932250977e+00
4.805158860000000032e-01 3.025540828704833984e+00
4.833487300000000042e-01 3.000927925109863281e+00
4.861816299999999758e-01 2.762582302093505859e+00
4.890145859999999733e-01 2.881142377853393555e+00
4.918475979999999970e-01 2.954657793045043945e+00
4.946806670000000183e-01 3.022093534469604492e+00
4.975137920000000102e-01 3.030077695846557617e+00
5.003469729999999727e-01 2.950573444366455078e+00
5.031802100000000166e-01 2.938540935516357422e+00
5.060135040000000028e-01 3.020296335220336914e+00
5.088468539999999596e-01 3.031540155410766602e+00
5.116802599999999979e-01 3.073434591293334961e+00
5.145137220000000067e-01 2.994274377822875977e+00
5.173472409999999577e-01 2.834292650222778320e+00
5.201808159999999903e-01 2.954775094985961914e+00
5.230144469999999934e-01 3.088551282882690430e+00
5.258481339999999671e-01 3.102748632431030273e+00
5.286818779999999940e-01 3.132314920425415039e+00
5.315156779999999914e-01 3.233911037445068359e+00
5.343495339999999594e-01 3.232214927673339844e+00
5.371834460000000089e-01 3.260904550552368164e+00
5.400174150000000006e-01 3.208642244338989258e+00
5.428514389999999912e-01 3.229472875595092773e+00
5.456855200000000350e-01 3.282581090927124023e+00
5.485196580000000210e-01 3.299029111862182617e+00
5.513538510000000059e-01 3.336006879806518555e+00
5.541881010000000440e-01 3.349282979965209961e+00
5.570224070000000527e-01 3.324530363082885742e+00
5.598567690000000319e-01 3.272391557693481445e+00
5.626911869999999816e-01 3.321207523345947266e+00
5.655256619999999845e-01 3.300312757492065430e+00
5.683601929999999580e-01 3.277862548828125000e+00
5.711947800000000131e-01 3.240292072296142578e+00
5.740294230000000386e-01 3.284922361373901367e+00
5.768641230000000064e-01 3.262368440628051758e+00
5.796988789999999447e-01 3.261816501617431641e+00
5.825336909999999646e-01 3.343396425247192383e+00
5.853685589999999550e-01 3.287757158279418945e+00
5.882034839999999987e-01 3.084140300750732422e+00
5.910384650000000129e-01 2.934868812561035156e+00
5.938735019999999976e-01 2.980850219726562500e+00
5.967085949999999528e-01 2.969518184661865234e+00
5.995437449999999613e-01 2.924699068069458008e+00
6.023789510000000513e-01 2.879929780960083008e+00
6.052142130000000009e-01 2.887156248092651367e+00
6.080495310000000320e-01 2.842776060104370117e+00
6.108849060000000053e-01 2.746482849121093750e+00
6.137203359999999774e-01 2.667534112930297852e+00
6.165558230000000028e-01 2.640514373779296875e+00
6.193913669999999705e-01 2.709591865539550781e+00
6.222269660000000480e-01 2.704947948455810547e+00
6.250626219999999567e-01 2.620328903198242188e+00
6.278983339999999469e-01 2.574933052062988281e+00
6.307341020000000187e-01 2.552165746688842773e+00
6.335699259999999500e-01 2.568019628524780273e+00
6.364058070000000455e-01 2.597146034240722656e+00
6.392417440000000006e-01 2.603901863098144531e+00
6.420777370000000372e-01 2.570324659347534180e+00
6.449137860000000444e-01 2.532458543777465820e+00
6.477498919999999938e-01 2.426581621170043945e+00
6.505860540000000247e-01 2.399060964584350586e+00
6.534222720000000262e-01 2.398321151733398438e+00
6.562585459999999982e-01 2.195963144302368164e+00
6.590948770000000234e-01 2.299120187759399414e+00
6.619312640000000192e-01 2.357866048812866211e+00
6.647677069999999855e-01 2.333207845687866211e+00
6.676042060000000333e-01 2.324190378189086914e+00
6.704407620000000234e-01 2.290725946426391602e+00
6.732773739999999840e-01 2.272688388824462891e+00
6.761140420000000262e-01 2.255434274673461914e+00
6.789507660000000389e-01 2.242244720458984375e+00
6.817875469999999938e-01 2.206651926040649414e+00
6.846243829999999475e-01 2.129763603210449219e+00
6.874612759999999545e-01 1.774090766906738281e+00
6.902982260000000148e-01 1.796582698822021484e+00
6.931352309999999628e-01 1.825652122497558594e+00
6.959722929999999641e-01 1.828583359718322754e+00
6.988094110000000470e-01 1.807883381843566895e+00
7.016465849999999893e-01 1.701299071311950684e+00
7.044838150000000132e-01 1.701507568359375000e+00
7.073211019999999793e-01 1.652447104454040527e+00
7.101584450000000270e-01 1.595170021057128906e+00
7.129958440000000452e-01 1.493853449821472168e+00
7.158332990000000340e-01 1.267802238464355469e+00
7.186708109999999650e-01 9.120151996612548828e-01
7.215083789999999775e-01 9.343833327293395996e-01
7.243460029999999605e-01 8.599454164505004883e-01
7.271836830000000251e-01 7.739521265029907227e-01
7.300214200000000320e-01 7.211911082267761230e-01
7.328592130000000093e-01 7.410181760787963867e-01
7.356970619999999572e-01 7.377102971076965332e-01
7.385349669999999866e-01 7.181425094604492188e-01
7.413729289999999583e-01 7.168889641761779785e-01
7.442109470000000115e-01 7.282792329788208008e-01
7.470490210000000353e-01 7.203311920166015625e-01
7.498871510000000296e-01 7.132216691970825195e-01
7.527253379999999661e-01 6.991963386535644531e-01
7.555635800000000124e-01 6.974723935127258301e-01
7.584018790000000010e-01 5.762900710105895996e-01
7.612402350000000428e-01 2.636860311031341553e-01
7.640786459999999725e-01 3.291576802730560303e-01
7.669171139999999554e-01 5.212323069572448730e-01
7.697556380000000198e-01 6.390462517738342285e-01
7.725942180000000548e-01 6.556739807128906250e-01
7.754328539999999492e-01 6.660931110382080078e-01
7.782715470000000080e-01 6.627366542816162109e-01
7.811102960000000373e-01 6.627474427223205566e-01
7.839491010000000371e-01 6.683179140090942383e-01
7.867879620000000074e-01 6.551136970520019531e-01
7.896268800000000310e-01 6.345391869544982910e-01
7.924658540000000251e-01 6.284109950065612793e-01
7.953048839999999897e-01 6.364048123359680176e-01
7.981439700000000359e-01 6.406707763671875000e-01
8.009831130000000243e-01 6.353715062141418457e-01
8.038223119999999833e-01 6.350572109222412109e-01
8.066615670000000238e-01 6.514279246330261230e-01
8.095008780000000348e-01 6.279203891754150391e-01
8.123402459999999881e-01 5.620610117912292480e-01
8.151796700000000229e-01 4.584478735923767090e-01
8.180191500000000282e-01 4.347530901432037354e-01
8.208586860000000041e-01 4.670192003250122070e-01
8.236982790000000332e-01 4.254800975322723389e-01
8.265379269999999501e-01 4.434557557106018066e-01
8.293776320000000313e-01 3.959185779094696045e-01
8.322173940000000547e-01 3.792195916175842285e-01
8.350572109999999659e-01 3.920964300632476807e-01
8.378970850000000414e-01 3.932119011878967285e-01
8.407370149999999764e-01 4.002575576305389404e-01
8.435770009999999930e-01 3.965416848659515381e-01
8.464170429999999801e-01 3.931484222412109375e-01
8.492571420000000204e-01 3.708605766296386719e-01
8.520972970000000313e-01 3.548020124435424805e-01
8.549375080000000127e-01 3.367861211299896240e-01
8.577777749999999646e-01 3.590585589408874512e-01
8.606180989999999698e-01 3.503473997116088867e-01
8.634584789999999455e-01 3.498257100582122803e-01
8.662989150000000027e-01 3.175063431262969971e-01
8.691394070000000305e-01 3.278159201145172119e-01
8.719799560000000005e-01 3.215243220329284668e-01
8.748205610000000521e-01 3.180296719074249268e-01
8.776612219999999631e-01 3.047390282154083252e-01
8.805019389999999557e-01 2.949713766574859619e-01
8.833427130000000016e-01 2.926704585552215576e-01
8.861835430000000180e-01 2.813982367515563965e-01
8.890244290000000049e-01 2.751463949680328369e-01
8.918653709999999624e-01 2.620036900043487549e-01
8.947063699999999731e-01 2.199316322803497314e-01
8.975474239999999826e-01 1.781540364027023315e-01
9.003885350000000454e-01 1.557119637727737427e-01
9.032297030000000504e-01 1.868482977151870728e-01
9.060709260000000542e-01 1.833209991455078125e-01
9.089122060000000003e-01 1.536529511213302612e-01
9.117535420000000279e-01 1.513027697801589966e-01
9.145949340000000261e-01 1.384603530168533325e-01
9.174363819999999947e-01 1.347547322511672974e-01
9.202778870000000166e-01 1.592485904693603516e-01
9.231194480000000091e-01 1.510391533374786377e-01
9.259610649999999721e-01 1.427737176418304443e-01
9.288027380000000166e-01 9.825674444437026978e-02
9.316444680000000034e-01 5.499518662691116333e-02
9.344862539999999607e-01 3.173627704381942749e-02
9.373280959999999995e-01 3.063845261931419373e-02
9.401699940000000089e-01 5.284459888935089111e-02
9.430119489999999605e-01 4.132532328367233276e-02
9.458539599999999936e-01 4.455032199621200562e-02
9.486960269999999973e-01 4.361079260706901550e-02
9.515381499999999715e-01 4.308724030852317810e-02
9.543803299999999989e-01 4.359060153365135193e-02
9.572225659999999969e-01 5.270814895629882812e-02
9.600648579999999654e-01 5.596138909459114075e-02
9.629072060000000155e-01 6.473943591117858887e-02
9.657496110000000078e-01 6.900481879711151123e-02
9.685920709999999989e-01 9.377272427082061768e-02
9.714345880000000433e-01 9.852728992700576782e-02
9.742771620000000299e-01 8.159864693880081177e-02
9.771197910000000153e-01 8.703236281871795654e-02
9.799624770000000540e-01 9.706323593854904175e-02
9.828052189999999522e-01 1.011446863412857056e-01
9.856480170000000429e-01 1.088509261608123779e-01
9.884908709999999932e-01 1.140952780842781067e-01
9.913337819999999967e-01 1.134367883205413818e-01
9.941767489999999707e-01 1.155837029218673706e-01
9.970197720000000263e-01 1.168708205223083496e-01
9.998628510000000524e-01 1.183265298604965210e-01
1.002705986999999910e+00 1.097671315073966980e-01
1.005549178999999960e+00 1.148022040724754333e-01
1.008392426999999980e+00 1.054741889238357544e-01
1.011235730999999971e+00 1.192310154438018799e-01
1.014079092000000015e+00 1.175664812326431274e-01
1.016922509000000030e+00 1.144483909010887146e-01
1.019765982000000015e+00 1.183428540825843811e-01
1.022609510999999971e+00 1.145267933607101440e-01
1.025453096999999980e+00 1.218070983886718750e-01
1.028296738999999960e+00 1.269481182098388672e-01
1.031140436999999910e+00 1.194112226366996765e-01
1.033984191000000052e+00 1.184059083461761475e-01
1.036828002000000026e+00 1.258335709571838379e-01
1.039671868000000110e+00 1.134376376867294312e-01
1.042515791000000025e+00 1.181723028421401978e-01
1.045359770999999993e+00 9.998851269483566284e-02
