3.615872339999999796e-01 1.282529592514038086e+00
3.644177160000000026e-01 1.425021052360534668e+00
3.672482539999999962e-01 1.548302054405212402e+00
3.700788480000000158e-01 1.557170629501342773e+00
3.729094980000000059e-01 1.417466044425964355e+00
3.757402049999999938e-01 1.475880384445190430e+00
3.785709680000000077e-01 1.661978602409362793e+00
3.814017869999999921e-01 1.410544276237487793e+00
3.842326620000000026e-01 1.283192515373229980e+00
3.870635940000000108e-01 1.421140909194946289e+00
3.898945819999999896e-01 1.588995099067687988e+00
3.927256259999999943e-01 1.405471205711364746e+00
3.955567260000000251e-01 1.436828017234802246e+00
3.983878829999999982e-01 1.805599331855773926e+00
4.012190950000000256e-01 2.250547885894775391e+00
4.040503639999999952e-01 2.249804496765136719e+00
4.068816900000000181e-01 2.194695949554443359e+00
4.097130709999999842e-01 2.265263080596923828e+00
4.125445090000000037e-01 2.358369350433349609e+00
4.153760029999999936e-01 2.368721485137939453e+00
4.182075530000000096e-01 2.318870306015014648e+00
4.210391589999999962e-01 2.323739528656005859e+00
4.238708219999999804e-01 2.289596557617187500e+00
4.267025409999999908e-01 2.251041412353515625e+00
4.295343160000000271e-01 2.027031660079956055e+00
4.323661469999999785e-01 2.157743215560913086e+00
4.351980349999999831e-01 2.360616922378540039e+00
4.380299790000000137e-01 2.397977113723754883e+00
4.408619790000000149e-01 2.448143959045410156e+00
4.436940349999999866e-01 2.612625598907470703e+00
4.465261480000000116e-01 2.651751756668090820e+00
4.493583170000000071e-01 2.800196647644042969e+00
4.521905419999999731e-01 2.829351663589477539e+00
4.550228230000000207e-01 2.771832466125488281e+00
4.578551610000000105e-01 2.846512317657470703e+00
4.606875550000000263e-01 2.866357803344726562e+00
4.635200050000000127e-01 2.900581121444702148e+00
4.663525110000000251e-01 2.853572607040405273e+00
4.691850739999999798e-01 2.834373474121093750e+00
4.720176919999999887e-01 2.871299266815185547e+00
4.748503669999999954e-01 2.928603649139404297e+00
4.776830989999999999e-01 2.950554370880126953e+00
4.805158860000000032e-01 3.022816181182861328e+00
4.833487300000000042e-01 2.991754055023193359e+00
4.861816299999999758e-01 2.753062248229980469e+00
4.890145859999999733e-01 2.862664937973022461e+00
4.918475979999999970e-01 2.947972297668457031e+00
4.946806670000000183e-01 3.008100986480712891e+00
4.975137920000000102e-01 3.040360212326049805e+00
5.003469729999999727e-01 2.951475620269775391e+00
5.031802100000000166e-01 2.933335542678833008e+00
5.060135040000000028e-01 3.023729562759399414e+00
5.088468539999999596e-01 3.052750110626220703e+00
5.116802599999999979e-01 3.079395294189453125e+00
5.145137220000000067e-01 3.017043590545654297e+00
5.173472409999999577e-01 2.848854541778564453e+00
5.201808159999999903e-01 2.986470937728881836e+00
5.230144469999999934e-01 3.121982336044311523e+00
5.258481339999999671e-01 3.126281738281250000e+00
5.286818779999999940e-01 3.170809745788574219e+00
5.315156779999999914e-01 3.281133174896240234e+00
5.343495339999999594e-01 3.265255928039550781e+00
5.371834460000000089e-01 3.311491012573242188e+00
5.400174150000000006e-01 3.244725227355957031e+00
5.428514389999999912e-01 3.272184848785400391e+00
5.456855200000000350e-01 3.329358100891113281e+00
5.485196580000000210e-01 3.337172985076904297e+00
5.513538510000000059e-01 3.377859354019165039e+00
5.541881010000000440e-01 3.397895574569702148e+00
5.570224070000000527e-01 3.370935916900634766e+00
5.598567690000000319e-01 3.333946228027343750e+00
5.626911869999999816e-01 3.381605148315429688e+00
5.655256619999999845e-01 3.364121913909912109e+00
5.683601929999999580e-01 3.331718921661376953e+00
5.711947800000000131e-01 3.297986030578613281e+00
5.740294230000000386e-01 3.351783037185668945e+00
5.768641230000000064e-01 3.314016819000244141e+00
5.796988789999999447e-01 3.332350015640258789e+00
5.825336909999999646e-01 3.410760402679443359e+00
5.853685589999999550e-01 3.364863634109497070e+00
5.882034839999999987e-01 3.149469852447509766e+00
5.910384650000000129e-01 2.994233369827270508e+00
5.938735019999999976e-01 3.053394556045532227e+00
5.967085949999999528e-01 3.033117771148681641e+00
5.995437449999999613e-01 2.999568700790405273e+00
6.023789510000000513e-01 2.973170757293701172e+00
6.052142130000000009e-01 2.994310617446899414e+00
6.080495310000000320e-01 2.966144084930419922e+00
6.108849060000000053e-01 2.758082389831542969e+00
6.137203359999999774e-01 2.688838243484497070e+00
6.165558230000000028e-01 2.695625305175781250e+00
6.193913669999999705e-01 2.784382104873657227e+00
6.222269660000000480e-01 2.774901390075683594e+00
6.250626219999999567e-01 2.699402093887329102e+00
6.278983339999999469e-01 2.634553194046020508e+00
6.307341020000000187e-01 2.608785867691040039e+00
6.335699259999999500e-01 2.641706705093383789e+00
6.364058070000000455e-01 2.663066148757934570e+00
6.392417440000000006e-01 2.666640520095825195e+00
6.420777370000000372e-01 2.642730236053466797e+00
6.449137860000000444e-01 2.606297969818115234e+00
6.477498919999999938e-01 2.481314897537231445e+00
6.505860540000000247e-01 2.471770286560058594e+00
6.534222720000000262e-01 2.461869955062866211e+00
6.562585459999999982e-01 2.246504545211791992e+00
6.590948770000000234e-01 2.358867168426513672e+00
6.619312640000000192e-01 2.403459072113037109e+00
6.647677069999999855e-01 2.379795074462890625e+00
6.676042060000000333e-01 2.356951713562011719e+00
6.704407620000000234e-01 2.330957412719726562e+00
6.732773739999999840e-01 2.304023742675781250e+00
6.761140420000000262e-01 2.281013965606689453e+00
6.789507660000000389e-01 2.276767492294311523e+00
6.817875469999999938e-01 2.248543024063110352e+00
6.846243829999999475e-01 2.182142019271850586e+00
6.874612759999999545e-01 1.823404431343078613e+00
6.902982260000000148e-01 1.852396726608276367e+00
6.931352309999999628e-01 1.891003012657165527e+00
6.959722929999999641e-01 1.914881825447082520e+00
6.988094110000000470e-01 1.889891147613525391e+00
7.016465849999999893e-01 1.788902401924133301e+00
7.044838150000000132e-01 1.781380891799926758e+00
7.073211019999999793e-01 1.732670903205871582e+00
7.101584450000000270e-01 1.674531102180480957e+00
7.129958440000000452e-01 1.573899269104003906e+00
7.158332990000000340e-01 1.329000473022460938e+00
7.186708109999999650e-01 9.552293419837951660e-01
7.215083789999999775e-01 9.811349511146545410e-01
7.243460029999999605e-01 8.955924510955810547e-01
7.271836830000000251e-01 8.056828975677490234e-01
7.300214200000000320e-01 7.503060698509216309e-01
7.328592130000000093e-01 7.635780572891235352e-01
7.356970619999999572e-01 7.589987516403198242e-01
7.385349669999999866e-01 7.302530407905578613e-01
7.413729289999999583e-01 7.344378232955932617e-01
7.442109470000000115e-01 7.426740527153015137e-01
7.470490210000000353e-01 7.401110529899597168e-01
7.498871510000000296e-01 7.301080226898193359e-01
7.527253379999999661e-01 7.284865379333496094e-01
7.555635800000000124e-01 7.197768688201904297e-01
7.584018790000000010e-01 5.973989367485046387e-01
7.612402350000000428e-01 2.723068594932556152e-01
7.640786459999999725e-01 3.230884373188018799e-01
7.669171139999999554e-01 5.234290361404418945e-01
7.697556380000000198e-01 6.440527439117431641e-01
7.725942180000000548e-01 6.701949834823608398e-01
7.754328539999999492e-01 6.757867336273193359e-01
7.782715470000000080e-01 6.779680848121643066e-01
7.811102960000000373e-01 6.803771853446960449e-01
7.839491010000000371e-01 6.750956177711486816e-01
7.867879620000000074e-01 6.780520081520080566e-01
7.896268800000000310e-01 6.528527736663818359e-01
7.924658540000000251e-01 6.496042609214782715e-01
7.953048839999999897e-01 6.604131460189819336e-01
7.981439700000000359e-01 6.723855137825012207e-01
8.009831130000000243e-01 6.634584665298461914e-01
8.038223119999999833e-01 6.624888181686401367e-01
8.066615670000000238e-01 6.777753829956054688e-01
8.095008780000000348e-01 6.626612544059753418e-01
8.123402459999999881e-01 5.878806710243225098e-01
8.151796700000000229e-01 4.785737097263336182e-01
8.180191500000000282e-01 4.459694325923919678e-01
8.208586860000000041e-01 4.750268161296844482e-01
8.236982790000000332e-01 4.403856098651885986e-01
8.265379269999999501e-01 4.600950181484222412e-01
8.293776320000000313e-01 4.017855226993560791e-01
8.322173940000000547e-01 3.923536241054534912e-01
8.350572109999999659e-01 3.955717682838439941e-01
8.378970850000000414e-01 4.044102132320404053e-01
8.407370149999999764e-01 4.039655029773712158e-01
8.435770009999999930e-01 3.980541825294494629e-01
8.464170429999999801e-01 3.983176350593566895e-01
8.492571420000000204e-01 3.788711130619049072e-01
8.520972970000000313e-01 3.603440821170806885e-01
8.549375080000000127e-01 3.453318476676940918e-01
8.577777749999999646e-01 3.616911470890045166e-01
8.606180989999999698e-01 3.582875728607177734e-01
8.634584789999999455e-01 3.493107855319976807e-01
8.662989150000000027e-01 3.212894499301910400e-01
8.691394070000000305e-01 3.316987156867980957e-01
8.719799560000000005e-01 3.222419619560241699e-01
8.748205610000000521e-01 3.167124688625335693e-01
8.776612219999999631e-01 3.120913207530975342e-01
8.805019389999999557e-01 2.984444200992584229e-01
8.833427130000000016e-01 2.916439771652221680e-01
8.861835430000000180e-01 2.834866940975189209e-01
8.890244290000000049e-01 2.771049737930297852e-01
8.918653709999999624e-01 2.658615708351135254e-01
8.947063699999999731e-01 2.231884151697158813e-01
8.975474239999999826e-01 1.767259091138839722e-01
9.003885350000000454e-01 1.542054116725921631e-01
9.032297030000000504e-01 1.833141297101974487e-01
9.060709260000000542e-01 1.834623664617538452e-01
9.089122060000000003e-01 1.507931202650070190e-01
9.117535420000000279e-01 1.493557542562484741e-01
9.145949340000000261e-01 1.339020431041717529e-01
9.174363819999999947e-01 1.352667063474655151e-01
9.202778870000000166e-01 1.592153459787368774e-01
9.231194480000000091e-01 1.473839133977890015e-01
9.259610649999999721e-01 1.392783373594284058e-01
9.288027380000000166e-01 9.698925167322158813e-02
9.316444680000000034e-01 5.111741274595260620e-02
9.344862539999999607e-01 2.874360978603363037e-02
9.373280959999999995e-01 3.148623183369636536e-02
9.401699940000000089e-01 5.339524149894714355e-02
9.430119489999999605e-01 4.439533129334449768e-02
9.458539599999999936e-01 3.834193944931030273e-02
9.486960269999999973e-01 4.293669015169143677e-02
9.515381499999999715e-01 4.242228344082832336e-02
9.543803299999999989e-01 4.586925357580184937e-02
9.572225659999999969e-01 4.874872043728828430e-02
9.600648579999999654e-01 4.909858107566833496e-02
9.629072060000000155e-01 5.900437012314796448e-02
9.657496110000000078e-01 6.093000993132591248e-02
9.685920709999999989e-01 8.989261090755462646e-02
9.714345880000000433e-01 9.570573270320892334e-02
9.742771620000000299e-01 7.933043688535690308e-02
9.771197910000000153e-01 8.062388002872467041e-02
9.799624770000000540e-01 9.038482606410980225e-02
9.828052189999999522e-01 9.364682435989379883e-02
9.856480170000000429e-01 1.045774072408676147e-01
9.884908709999999932e-01 1.109893620014190674e-01
9.913337819999999967e-01 1.075647920370101929e-01
9.941767489999999707e-01 1.089569255709648132e-01
9.970197720000000263e-01 1.095961555838584900e-01
9.998628510000000524e-01 1.119259074330329895e-01
1.002705986999999910e+00 1.113404259085655212e-01
1.005549178999999960e+00 1.027550026774406433e-01
1.008392426999999980e+00 1.087705865502357483e-01
1.011235730999999971e+00 1.076984629034996033e-01
1.014079092000000015e+00 1.071369200944900513e-01
1.016922509000000030e+00 1.143653988838195801e-01
1.019765982000000015e+00 1.108669638633728027e-01
1.022609510999999971e+00 1.099220514297485352e-01
1.025453096999999980e+00 1.141235977411270142e-01
1.028296738999999960e+00 1.088262796401977539e-01
1.031140436999999910e+00 1.193356588482856750e-01
1.033984191000000052e+00 1.099562570452690125e-01
1.036828002000000026e+00 1.080076098442077637e-01
1.039671868000000110e+00 1.173251494765281677e-01
1.042515791000000025e+00 1.118465363979339600e-01
1.045359770999999993e+00 1.098208501935005188e-01
