3.615872339999999796e-01 1.314939498901367188e+00
3.644177160000000026e-01 1.500672698020935059e+00
3.672482539999999962e-01 1.586173892021179199e+00
3.700788480000000158e-01 1.598685503005981445e+00
3.729094980000000059e-01 1.408065438270568848e+00
3.757402049999999938e-01 1.511018395423889160e+00
3.785709680000000077e-01 1.687066912651062012e+00
3.814017869999999921e-01 1.412307500839233398e+00
3.842326620000000026e-01 1.278869390487670898e+00
3.870635940000000108e-01 1.437308669090270996e+00
3.898945819999999896e-01 1.624521374702453613e+00
3.927256259999999943e-01 1.414093494415283203e+00
3.955567260000000251e-01 1.451151132583618164e+00
3.983878829999999982e-01 1.829613208770751953e+00
4.012190950000000256e-01 2.247540235519409180e+00
4.040503639999999952e-01 2.267240047454833984e+00
4.068816900000000181e-01 2.229932785034179688e+00
4.097130709999999842e-01 2.259512662887573242e+00
4.125445090000000037e-01 2.325680494308471680e+00
4.153760029999999936e-01 2.355756044387817383e+00
4.182075530000000096e-01 2.320732116699218750e+00
4.210391589999999962e-01 2.308365345001220703e+00
4.238708219999999804e-01 2.267416715621948242e+00
4.267025409999999908e-01 2.222846508026123047e+00
4.295343160000000271e-01 2.015944719314575195e+00
4.323661469999999785e-01 2.151202201843261719e+00
4.351980349999999831e-01 2.349226474761962891e+00
4.380299790000000137e-01 2.389938116073608398e+00
4.408619790000000149e-01 2.451891422271728516e+00
4.436940349999999866e-01 2.599843025207519531e+00
4.465261480000000116e-01 2.624324083328247070e+00
4.493583170000000071e-01 2.761340618133544922e+00
4.521905419999999731e-01 2.796615839004516602e+00
4.550228230000000207e-01 2.769051074981689453e+00
4.578551610000000105e-01 2.830596208572387695e+00
4.606875550000000263e-01 2.842601299285888672e+00
4.635200050000000127e-01 2.870268583297729492e+00
4.663525110000000251e-01 2.808012485504150391e+00
4.691850739999999798e-01 2.799628257751464844e+00
4.720176919999999887e-01 2.834910392761230469e+00
4.748503669999999954e-01 2.896024227142333984e+00
4.776830989999999999e-01 2.902945995330810547e+00
4.805158860000000032e-01 2.972829818725585938e+00
4.833487300000000042e-01 2.955263853073120117e+00
4.861816299999999758e-01 2.709611415863037109e+00
4.890145859999999733e-01 2.832745552062988281e+00
4.918475979999999970e-01 2.910376310348510742e+00
4.946806670000000183e-01 2.960259199142456055e+00
4.975137920000000102e-01 2.983037471771240234e+00
5.003469729999999727e-01 2.905632495880126953e+00
5.031802100000000166e-01 2.891242027282714844e+00
5.060135040000000028e-01 2.977012395858764648e+00
5.088468539999999596e-01 2.990656614303588867e+00
5.116802599999999979e-01 3.013165950775146484e+00
5.145137220000000067e-01 2.951752424240112305e+00
5.173472409999999577e-01 2.803057432174682617e+00
5.201808159999999903e-01 2.923027992248535156e+00
5.230144469999999934e-01 3.052148103713989258e+00
5.258481339999999671e-01 3.055276870727539062e+00
5.286818779999999940e-01 3.094923257827758789e+00
5.315156779999999914e-01 3.194488763809204102e+00
5.343495339999999594e-01 3.175139665603637695e+00
5.371834460000000089e-01 3.225185394287109375e+00
5.400174150000000006e-01 3.167538642883300781e+00
5.428514389999999912e-01 3.192680835723876953e+00
5.456855200000000350e-01 3.247705459594726562e+00
5.485196580000000210e-01 3.259187698364257812e+00
5.513538510000000059e-01 3.295442104339599609e+00
5.541881010000000440e-01 3.319663286209106445e+00
5.570224070000000527e-01 3.281773567199707031e+00
5.598567690000000319e-01 3.235191822052001953e+00
5.626911869999999816e-01 3.284454107284545898e+00
5.655256619999999845e-01 3.276611804962158203e+00
5.683601929999999580e-01 3.249692201614379883e+00
5.711947800000000131e-01 3.210743904113769531e+00
5.740294230000000386e-01 3.265539169311523438e+00
5.768641230000000064e-01 3.231814384460449219e+00
5.796988789999999447e-01 3.244032621383666992e+00
5.825336909999999646e-01 3.310032606124877930e+00
5.853685589999999550e-01 3.272153854370117188e+00
5.882034839999999987e-01 3.051187038421630859e+00
5.910384650000000129e-01 2.915166378021240234e+00
5.938735019999999976e-01 2.961130857467651367e+00
5.967085949999999528e-01 2.945494413375854492e+00
5.995437449999999613e-01 2.904557704925537109e+00
6.023789510000000513e-01 2.856423854827880859e+00
6.052142130000000009e-01 2.867850065231323242e+00
6.080495310000000320e-01 2.824672222137451172e+00
6.108849060000000053e-01 2.696454524993896484e+00
6.137203359999999774e-01 2.645424842834472656e+00
6.165558230000000028e-01 2.630320310592651367e+00
6.193913669999999705e-01 2.689038038253784180e+00
6.222269660000000480e-01 2.677527904510498047e+00
6.250626219999999567e-01 2.613490819931030273e+00
6.278983339999999469e-01 2.549807786941528320e+00
6.307341020000000187e-01 2.521351099014282227e+00
6.335699259999999500e-01 2.552761554718017578e+00
6.364058070000000455e-01 2.569615840911865234e+00
6.392417440000000006e-01 2.587116479873657227e+00
6.420777370000000372e-01 2.539925575256347656e+00
6.449137860000000444e-01 2.519717454910278320e+00
6.477498919999999938e-01 2.401764154434204102e+00
6.505860540000000247e-01 2.388989686965942383e+00
6.534222720000000262e-01 2.371766567230224609e+00
6.562585459999999982e-01 2.185986995697021484e+00
6.590948770000000234e-01 2.275045633316040039e+00
6.619312640000000192e-01 2.337486505508422852e+00
6.647677069999999855e-01 2.314616918563842773e+00
6.676042060000000333e-01 2.293740510940551758e+00
6.704407620000000234e-01 2.267267227172851562e+00
6.732773739999999840e-01 2.250030517578125000e+00
6.761140420000000262e-01 2.228489398956298828e+00
6.789507660000000389e-01 2.222171068191528320e+00
6.817875469999999938e-01 2.182268142700195312e+00
6.846243829999999475e-01 2.112659454345703125e+00
6.874612759999999545e-01 1.763198733329772949e+00
6.902982260000000148e-01 1.779964566230773926e+00
6.931352309999999628e-01 1.806725740432739258e+00
6.959722929999999641e-01 1.815540671348571777e+00
6.988094110000000470e-01 1.801076292991638184e+00
7.016465849999999893e-01 1.685076832771301270e+00
7.044838150000000132e-01 1.693871855735778809e+00
7.073211019999999793e-01 1.642094731330871582e+00
7.101584450000000270e-01 1.579846143722534180e+00
7.129958440000000452e-01 1.479192852973937988e+00
7.158332990000000340e-01 1.242334246635437012e+00
7.186708109999999650e-01 9.158881902694702148e-01
7.215083789999999775e-01 9.258561730384826660e-01
7.243460029999999605e-01 8.448026180267333984e-01
7.271836830000000251e-01 7.654974460601806641e-01
7.300214200000000320e-01 7.075933218002319336e-01
7.328592130000000093e-01 7.268101572990417480e-01
7.356970619999999572e-01 7.117817401885986328e-01
7.385349669999999866e-01 6.996809840202331543e-01
7.413729289999999583e-01 7.018512487411499023e-01
7.442109470000000115e-01 7.094518542289733887e-01
7.470490210000000353e-01 7.145298719406127930e-01
7.498871510000000296e-01 7.001984119415283203e-01
7.527253379999999661e-01 6.873021125793457031e-01
7.555635800000000124e-01 6.824838519096374512e-01
7.584018790000000010e-01 5.613039731979370117e-01
7.612402350000000428e-01 2.655932605266571045e-01
7.640786459999999725e-01 3.233633935451507568e-01
7.669171139999999554e-01 5.093234181404113770e-01
7.697556380000000198e-01 6.224247217178344727e-01
7.725942180000000548e-01 6.456655859947204590e-01
7.754328539999999492e-01 6.523554921150207520e-01
7.782715470000000080e-01 6.476778388023376465e-01
7.811102960000000373e-01 6.419156193733215332e-01
7.839491010000000371e-01 6.491473317146301270e-01
7.867879620000000074e-01 6.421448588371276855e-01
7.896268800000000310e-01 6.198124885559082031e-01
7.924658540000000251e-01 6.258502602577209473e-01
7.953048839999999897e-01 6.254152059555053711e-01
7.981439700000000359e-01 6.310907602310180664e-01
8.009831130000000243e-01 6.208436489105224609e-01
8.038223119999999833e-01 6.356934905052185059e-01
8.066615670000000238e-01 6.408098936080932617e-01
8.095008780000000348e-01 6.133063435554504395e-01
8.123402459999999881e-01 5.476199388504028320e-01
8.151796700000000229e-01 4.501992762088775635e-01
8.180191500000000282e-01 4.228295385837554932e-01
8.208586860000000041e-01 4.550898373126983643e-01
8.236982790000000332e-01 4.174546897411346436e-01
8.265379269999999501e-01 4.336886703968048096e-01
8.293776320000000313e-01 3.880570828914642334e-01
8.322173940000000547e-01 3.758632540702819824e-01
8.350572109999999659e-01 3.787839114665985107e-01
8.378970850000000414e-01 3.881360590457916260e-01
8.407370149999999764e-01 3.867845833301544189e-01
8.435770009999999930e-01 3.846530020236968994e-01
8.464170429999999801e-01 3.816657066345214844e-01
8.492571420000000204e-01 3.614672124385833740e-01
8.520972970000000313e-01 3.455323874950408936e-01
8.549375080000000127e-01 3.305791020393371582e-01
8.577777749999999646e-01 3.508714437484741211e-01
8.606180989999999698e-01 3.460690081119537354e-01
8.634584789999999455e-01 3.368276953697204590e-01
8.662989150000000027e-01 3.090521991252899170e-01
8.691394070000000305e-01 3.175573348999023438e-01
8.719799560000000005e-01 3.172752559185028076e-01
8.748205610000000521e-01 3.083609938621520996e-01
8.776612219999999631e-01 3.012151420116424561e-01
8.805019389999999557e-01 2.874664366245269775e-01
8.833427130000000016e-01 2.806064486503601074e-01
8.861835430000000180e-01 2.762478590011596680e-01
8.890244290000000049e-01 2.688983380794525146e-01
8.918653709999999624e-01 2.587799727916717529e-01
8.947063699999999731e-01 2.156619578599929810e-01
8.975474239999999826e-01 1.765595972537994385e-01
9.003885350000000454e-01 1.555260121822357178e-01
9.032297030000000504e-01 1.796198487281799316e-01
9.060709260000000542e-01 1.769492030143737793e-01
9.089122060000000003e-01 1.456638425588607788e-01
9.117535420000000279e-01 1.409833282232284546e-01
9.145949340000000261e-01 1.350200176239013672e-01
9.174363819999999947e-01 1.378748118877410889e-01
9.202778870000000166e-01 1.543680578470230103e-01
9.231194480000000091e-01 1.438875943422317505e-01
9.259610649999999721e-01 1.358342319726943970e-01
9.288027380000000166e-01 9.659521281719207764e-02
9.316444680000000034e-01 5.290640518069267273e-02
9.344862539999999607e-01 2.927105128765106201e-02
9.373280959999999995e-01 3.549370542168617249e-02
9.401699940000000089e-01 4.848789423704147339e-02
9.430119489999999605e-01 4.348545521497726440e-02
9.458539599999999936e-01 4.159635305404663086e-02
9.486960269999999973e-01 4.386938363313674927e-02
9.515381499999999715e-01 4.093089699745178223e-02
9.543803299999999989e-01 4.672506079077720642e-02
9.572225659999999969e-01 4.743347316980361938e-02
9.600648579999999654e-01 5.423443391919136047e-02
9.629072060000000155e-01 6.201761588454246521e-02
9.657496110000000078e-01 6.674347072839736938e-02
9.685920709999999989e-01 9.145161509513854980e-02
9.714345880000000433e-01 9.858465194702148438e-02
9.742771620000000299e-01 7.935879379510879517e-02
9.771197910000000153e-01 8.265394717454910278e-02
9.799624770000000540e-01 8.909570425748825073e-02
9.828052189999999522e-01 9.731841087341308594e-02
9.856480170000000429e-01 1.043980941176414490e-01
9.884908709999999932e-01 1.097268983721733093e-01
9.913337819999999967e-01 1.052032336592674255e-01
9.941767489999999707e-01 1.120358705520629883e-01
9.970197720000000263e-01 1.132957562804222107e-01
9.998628510000000524e-01 1.127384454011917114e-01
1.002705986999999910e+00 1.125252917408943176e-01
1.005549178999999960e+00 1.031039133667945862e-01
1.008392426999999980e+00 1.076115295290946960e-01
1.011235730999999971e+00 1.067250370979309082e-01
1.014079092000000015e+00 1.085788682103157043e-01
1.016922509000000030e+00 1.115477606654167175e-01
1.019765982000000015e+00 1.055439263582229614e-01
1.022609510999999971e+00 1.095490604639053345e-01
1.025453096999999980e+00 1.053651794791221619e-01
1.028296738999999960e+00 1.082416772842407227e-01
1.031140436999999910e+00 1.093807518482208252e-01
1.033984191000000052e+00 1.078363433480262756e-01
1.036828002000000026e+00 1.169191300868988037e-01
1.039671868000000110e+00 1.092060506343841553e-01
1.042515791000000025e+00 1.071221679449081421e-01
1.045359770999999993e+00 1.089650392532348633e-01
