3.615872339999999796e-01 1.244308471679687500e+00
3.644177160000000026e-01 1.447906255722045898e+00
3.672482539999999962e-01 1.543212056159973145e+00
3.700788480000000158e-01 1.515013933181762695e+00
3.729094980000000059e-01 1.398799300193786621e+00
3.757402049999999938e-01 1.471157193183898926e+00
3.785709680000000077e-01 1.606586456298828125e+00
3.814017869999999921e-01 1.401972293853759766e+00
3.842326620000000026e-01 1.269834399223327637e+00
3.870635940000000108e-01 1.398303747177124023e+00
3.898945819999999896e-01 1.577258825302124023e+00
3.927256259999999943e-01 1.398678541183471680e+00
3.955567260000000251e-01 1.420420289039611816e+00
3.983878829999999982e-01 1.785672903060913086e+00
4.012190950000000256e-01 2.237964391708374023e+00
4.040503639999999952e-01 2.241589546203613281e+00
4.068816900000000181e-01 2.195478200912475586e+00
4.097130709999999842e-01 2.240493535995483398e+00
4.125445090000000037e-01 2.316312313079833984e+00
4.153760029999999936e-01 2.337412118911743164e+00
4.182075530000000096e-01 2.297366619110107422e+00
4.210391589999999962e-01 2.291026592254638672e+00
4.238708219999999804e-01 2.256506681442260742e+00
4.267025409999999908e-01 2.199027299880981445e+00
4.295343160000000271e-01 2.008690595626831055e+00
4.323661469999999785e-01 2.107608795166015625e+00
4.351980349999999831e-01 2.317787885665893555e+00
4.380299790000000137e-01 2.351475238800048828e+00
4.408619790000000149e-01 2.422562837600708008e+00
4.436940349999999866e-01 2.558379650115966797e+00
4.465261480000000116e-01 2.595633506774902344e+00
4.493583170000000071e-01 2.741540431976318359e+00
4.521905419999999731e-01 2.747038364410400391e+00
4.550228230000000207e-01 2.719580173492431641e+00
4.578551610000000105e-01 2.779531955718994141e+00
4.606875550000000263e-01 2.798711299896240234e+00
4.635200050000000127e-01 2.827081441879272461e+00
4.663525110000000251e-01 2.761003017425537109e+00
4.691850739999999798e-01 2.761818885803222656e+00
4.720176919999999887e-01 2.800338506698608398e+00
4.748503669999999954e-01 2.842556238174438477e+00
4.776830989999999999e-01 2.868424654006958008e+00
4.805158860000000032e-01 2.926240682601928711e+00
4.833487300000000042e-01 2.915681362152099609e+00
4.861816299999999758e-01 2.670093774795532227e+00
4.890145859999999733e-01 2.783352851867675781e+00
4.918475979999999970e-01 2.867175340652465820e+00
4.946806670000000183e-01 2.920879125595092773e+00
4.975137920000000102e-01 2.939245700836181641e+00
5.003469729999999727e-01 2.867427587509155273e+00
5.031802100000000166e-01 2.832825899124145508e+00
5.060135040000000028e-01 2.916825056076049805e+00
5.088468539999999596e-01 2.939176082611083984e+00
5.116802599999999979e-01 2.978842973709106445e+00
5.145137220000000067e-01 2.903449773788452148e+00
5.173472409999999577e-01 2.741562843322753906e+00
5.201808159999999903e-01 2.854573488235473633e+00
5.230144469999999934e-01 2.990286350250244141e+00
5.258481339999999671e-01 2.985384702682495117e+00
5.286818779999999940e-01 3.030120611190795898e+00
5.315156779999999914e-01 3.136716127395629883e+00
5.343495339999999594e-01 3.127494573593139648e+00
5.371834460000000089e-01 3.167514324188232422e+00
5.400174150000000006e-01 3.108910799026489258e+00
5.428514389999999912e-01 3.119940280914306641e+00
5.456855200000000350e-01 3.178124904632568359e+00
5.485196580000000210e-01 3.202350378036499023e+00
5.513538510000000059e-01 3.224359273910522461e+00
5.541881010000000440e-01 3.248776674270629883e+00
5.570224070000000527e-01 3.218631267547607422e+00
5.598567690000000319e-01 3.162141561508178711e+00
5.626911869999999816e-01 3.228308439254760742e+00
5.655256619999999845e-01 3.218723535537719727e+00
5.683601929999999580e-01 3.179756164550781250e+00
5.711947800000000131e-01 3.141498565673828125e+00
5.740294230000000386e-01 3.190046072006225586e+00
5.768641230000000064e-01 3.168632507324218750e+00
5.796988789999999447e-01 3.160222530364990234e+00
5.825336909999999646e-01 3.241404771804809570e+00
5.853685589999999550e-01 3.198090314865112305e+00
5.882034839999999987e-01 2.974367618560791016e+00
5.910384650000000129e-01 2.839605569839477539e+00
5.938735019999999976e-01 2.887154817581176758e+00
5.967085949999999528e-01 2.862954854965209961e+00
5.995437449999999613e-01 2.828127384185791016e+00
6.023789510000000513e-01 2.785626173019409180e+00
6.052142130000000009e-01 2.806643962860107422e+00
6.080495310000000320e-01 2.764258384704589844e+00
6.108849060000000053e-01 2.620185613632202148e+00
6.137203359999999774e-01 2.532794475555419922e+00
6.165558230000000028e-01 2.530574321746826172e+00
6.193913669999999705e-01 2.599317312240600586e+00
6.222269660000000480e-01 2.594473361968994141e+00
6.250626219999999567e-01 2.527038574218750000e+00
6.278983339999999469e-01 2.462932825088500977e+00
6.307341020000000187e-01 2.442126750946044922e+00
6.335699259999999500e-01 2.482634782791137695e+00
6.364058070000000455e-01 2.494281530380249023e+00
6.392417440000000006e-01 2.501749753952026367e+00
6.420777370000000372e-01 2.471144914627075195e+00
6.449137860000000444e-01 2.430758476257324219e+00
6.477498919999999938e-01 2.320334196090698242e+00
6.505860540000000247e-01 2.309778213500976562e+00
6.534222720000000262e-01 2.299547672271728516e+00
6.562585459999999982e-01 2.106653213500976562e+00
6.590948770000000234e-01 2.193718433380126953e+00
6.619312640000000192e-01 2.253786325454711914e+00
6.647677069999999855e-01 2.229584932327270508e+00
6.676042060000000333e-01 2.220839738845825195e+00
6.704407620000000234e-01 2.188429117202758789e+00
6.732773739999999840e-01 2.173843145370483398e+00
6.761140420000000262e-01 2.146244525909423828e+00
6.789507660000000389e-01 2.143882751464843750e+00
6.817875469999999938e-01 2.114067316055297852e+00
6.846243829999999475e-01 2.033987522125244141e+00
6.874612759999999545e-01 1.696485280990600586e+00
6.902982260000000148e-01 1.709000825881958008e+00
6.931352309999999628e-01 1.734286904335021973e+00
6.959722929999999641e-01 1.737472176551818848e+00
6.988094110000000470e-01 1.722298622131347656e+00
7.016465849999999893e-01 1.615476250648498535e+00
7.044838150000000132e-01 1.605284214019775391e+00
7.073211019999999793e-01 1.566057801246643066e+00
7.101584450000000270e-01 1.510232686996459961e+00
7.129958440000000452e-01 1.409650444984436035e+00
7.158332990000000340e-01 1.196712136268615723e+00
7.186708109999999650e-01 8.643363118171691895e-01
7.215083789999999775e-01 8.806486725807189941e-01
7.243460029999999605e-01 8.032450675964355469e-01
7.271836830000000251e-01 7.181853652000427246e-01
7.300214200000000320e-01 6.739978790283203125e-01
7.328592130000000093e-01 6.800104975700378418e-01
7.356970619999999572e-01 6.774320006370544434e-01
7.385349669999999866e-01 6.638351082801818848e-01
7.413729289999999583e-01 6.609366536140441895e-01
7.442109470000000115e-01 6.711768507957458496e-01
7.470490210000000353e-01 6.743646860122680664e-01
7.498871510000000296e-01 6.570879817008972168e-01
7.527253379999999661e-01 6.431842446327209473e-01
7.555635800000000124e-01 6.463773846626281738e-01
7.584018790000000010e-01 5.350150465965270996e-01
7.612402350000000428e-01 2.488683909177780151e-01
7.640786459999999725e-01 2.938975393772125244e-01
7.669171139999999554e-01 4.741157293319702148e-01
7.697556380000000198e-01 5.835610628128051758e-01
7.725942180000000548e-01 6.022503376007080078e-01
7.754328539999999492e-01 6.090242266654968262e-01
7.782715470000000080e-01 6.052703261375427246e-01
7.811102960000000373e-01 6.082732677459716797e-01
7.839491010000000371e-01 6.046292781829833984e-01
7.867879620000000074e-01 6.049895286560058594e-01
7.896268800000000310e-01 5.850769281387329102e-01
7.924658540000000251e-01 5.833897590637207031e-01
7.953048839999999897e-01 5.945689678192138672e-01
7.981439700000000359e-01 5.979202389717102051e-01
8.009831130000000243e-01 5.833275914192199707e-01
8.038223119999999833e-01 5.953290462493896484e-01
8.066615670000000238e-01 6.008670330047607422e-01
8.095008780000000348e-01 5.796925425529479980e-01
8.123402459999999881e-01 5.172159671783447266e-01
8.151796700000000229e-01 4.249103665351867676e-01
8.180191500000000282e-01 3.982736468315124512e-01
8.208586860000000041e-01 4.276669919490814209e-01
8.236982790000000332e-01 3.911967873573303223e-01
8.265379269999999501e-01 4.070247113704681396e-01
8.293776320000000313e-01 3.652781546115875244e-01
8.322173940000000547e-01 3.486394584178924561e-01
8.350572109999999659e-01 3.551407754421234131e-01
8.378970850000000414e-01 3.635439872741699219e-01
8.407370149999999764e-01 3.655871450901031494e-01
8.435770009999999930e-01 3.613408505916595459e-01
8.464170429999999801e-01 3.598075509071350098e-01
8.492571420000000204e-01 3.435026705265045166e-01
8.520972970000000313e-01 3.284769654273986816e-01
8.549375080000000127e-01 3.074733018875122070e-01
8.577777749999999646e-01 3.320683538913726807e-01
8.606180989999999698e-01 3.213572204113006592e-01
8.634584789999999455e-01 3.189074099063873291e-01
8.662989150000000027e-01 2.935073077678680420e-01
8.691394070000000305e-01 3.022795915603637695e-01
8.719799560000000005e-01 2.977436184883117676e-01
8.748205610000000521e-01 2.914067804813385010e-01
8.776612219999999631e-01 2.835087478160858154e-01
8.805019389999999557e-01 2.781061828136444092e-01
8.833427130000000016e-01 2.713287770748138428e-01
8.861835430000000180e-01 2.604844868183135986e-01
8.890244290000000049e-01 2.574828267097473145e-01
8.918653709999999624e-01 2.387668788433074951e-01
8.947063699999999731e-01 2.066967934370040894e-01
8.975474239999999826e-01 1.625305116176605225e-01
9.003885350000000454e-01 1.449192762374877930e-01
9.032297030000000504e-01 1.696267873048782349e-01
9.060709260000000542e-01 1.727016270160675049e-01
9.089122060000000003e-01 1.366697549819946289e-01
9.117535420000000279e-01 1.395978629589080811e-01
9.145949340000000261e-01 1.290373057126998901e-01
9.174363819999999947e-01 1.297517418861389160e-01
9.202778870000000166e-01 1.440251469612121582e-01
9.231194480000000091e-01 1.376322656869888306e-01
9.259610649999999721e-01 1.241746395826339722e-01
9.288027380000000166e-01 9.221119433641433716e-02
9.316444680000000034e-01 5.025790631771087646e-02
9.344862539999999607e-01 3.079627826809883118e-02
9.373280959999999995e-01 2.974775992333889008e-02
9.401699940000000089e-01 5.122429877519607544e-02
9.430119489999999605e-01 4.132421314716339111e-02
9.458539599999999936e-01 3.986813873052597046e-02
9.486960269999999973e-01 4.260489344596862793e-02
9.515381499999999715e-01 4.167186096310615540e-02
9.543803299999999989e-01 4.130595549941062927e-02
9.572225659999999969e-01 4.544491693377494812e-02
9.600648579999999654e-01 4.530463740229606628e-02
9.629072060000000155e-01 5.464056879281997681e-02
9.657496110000000078e-01 6.578285247087478638e-02
9.685920709999999989e-01 7.837070524692535400e-02
9.714345880000000433e-01 9.001229703426361084e-02
9.742771620000000299e-01 7.862330228090286255e-02
9.771197910000000153e-01 7.591572403907775879e-02
9.799624770000000540e-01 8.595941215753555298e-02
9.828052189999999522e-01 9.427789598703384399e-02
9.856480170000000429e-01 1.005120426416397095e-01
9.884908709999999932e-01 9.998783469200134277e-02
9.913337819999999967e-01 1.074485331773757935e-01
9.941767489999999707e-01 1.065866202116012573e-01
9.970197720000000263e-01 1.074870303273200989e-01
9.998628510000000524e-01 1.077228933572769165e-01
1.002705986999999910e+00 1.033969148993492126e-01
1.005549178999999960e+00 1.034187749028205872e-01
1.008392426999999980e+00 1.012726575136184692e-01
1.011235730999999971e+00 1.002544760704040527e-01
1.014079092000000015e+00 1.015205979347229004e-01
1.016922509000000030e+00 9.862373769283294678e-02
1.019765982000000015e+00 9.757465124130249023e-02
1.022609510999999971e+00 1.036439985036849976e-01
1.025453096999999980e+00 1.020073741674423218e-01
1.028296738999999960e+00 1.051830723881721497e-01
1.031140436999999910e+00 1.043388545513153076e-01
1.033984191000000052e+00 1.089611127972602844e-01
1.036828002000000026e+00 1.062279939651489258e-01
1.039671868000000110e+00 9.898521751165390015e-02
1.042515791000000025e+00 1.099638938903808594e-01
1.045359770999999993e+00 1.094834804534912109e-01
