3.615872339999999796e-01 1.309198141098022461e+00
3.644177160000000026e-01 1.457951307296752930e+00
3.672482539999999962e-01 1.586856484413146973e+00
3.700788480000000158e-01 1.602499961853027344e+00
3.729094980000000059e-01 1.418998599052429199e+00
3.757402049999999938e-01 1.508044719696044922e+00
3.785709680000000077e-01 1.636772155761718750e+00
3.814017869999999921e-01 1.442681670188903809e+00
3.842326620000000026e-01 1.328618645668029785e+00
3.870635940000000108e-01 1.464675426483154297e+00
3.898945819999999896e-01 1.614518761634826660e+00
3.927256259999999943e-01 1.452529072761535645e+00
3.955567260000000251e-01 1.468721270561218262e+00
3.983878829999999982e-01 1.850337862968444824e+00
4.012190950000000256e-01 2.316771507263183594e+00
4.040503639999999952e-01 2.284668684005737305e+00
4.068816900000000181e-01 2.266426563262939453e+00
4.097130709999999842e-01 2.305380105972290039e+00
4.125445090000000037e-01 2.393929243087768555e+00
4.153760029999999936e-01 2.417894840240478516e+00
4.182075530000000096e-01 2.396772384643554688e+00
4.210391589999999962e-01 2.376624584197998047e+00
4.238708219999999804e-01 2.356857776641845703e+00
4.267025409999999908e-01 2.298774480819702148e+00
4.295343160000000271e-01 2.087986469268798828e+00
4.323661469999999785e-01 2.215687513351440430e+00
4.351980349999999831e-01 2.416663646697998047e+00
4.380299790000000137e-01 2.462211847305297852e+00
4.408619790000000149e-01 2.547784328460693359e+00
4.436940349999999866e-01 2.692054033279418945e+00
4.465261480000000116e-01 2.698028087615966797e+00
4.493583170000000071e-01 2.873800754547119141e+00
4.521905419999999731e-01 2.896666765213012695e+00
4.550228230000000207e-01 2.874251842498779297e+00
4.578551610000000105e-01 2.926608800888061523e+00
4.606875550000000263e-01 2.953727006912231445e+00
4.635200050000000127e-01 2.976173639297485352e+00
4.663525110000000251e-01 2.925624132156372070e+00
4.691850739999999798e-01 2.912640571594238281e+00
4.720176919999999887e-01 2.949063539505004883e+00
4.748503669999999954e-01 3.010460138320922852e+00
4.776830989999999999e-01 3.031368255615234375e+00
4.805158860000000032e-01 3.105376005172729492e+00
4.833487300000000042e-01 3.063343048095703125e+00
4.861816299999999758e-01 2.830993652343750000e+00
4.890145859999999733e-01 2.947005033493041992e+00
4.918475979999999970e-01 3.034937143325805664e+00
4.946806670000000183e-01 3.098196744918823242e+00
4.975137920000000102e-01 3.112923145294189453e+00
5.003469729999999727e-01 3.039132833480834961e+00
5.031802100000000166e-01 3.026798725128173828e+00
5.060135040000000028e-01 3.109079599380493164e+00
5.088468539999999596e-01 3.126562118530273438e+00
5.116802599999999979e-01 3.164266824722290039e+00
5.145137220000000067e-01 3.094874143600463867e+00
5.173472409999999577e-01 2.942530393600463867e+00
5.201808159999999903e-01 3.072934150695800781e+00
5.230144469999999934e-01 3.205854654312133789e+00
5.258481339999999671e-01 3.212857246398925781e+00
5.286818779999999940e-01 3.259266376495361328e+00
5.315156779999999914e-01 3.358723163604736328e+00
5.343495339999999594e-01 3.354253530502319336e+00
5.371834460000000089e-01 3.395485162734985352e+00
5.400174150000000006e-01 3.331497192382812500e+00
5.428514389999999912e-01 3.370448827743530273e+00
5.456855200000000350e-01 3.425640821456909180e+00
5.485196580000000210e-01 3.434806108474731445e+00
5.513538510000000059e-01 3.475995779037475586e+00
5.541881010000000440e-01 3.494104623794555664e+00
5.570224070000000527e-01 3.459521293640136719e+00
5.598567690000000319e-01 3.413110494613647461e+00
5.626911869999999816e-01 3.467048645019531250e+00
5.655256619999999845e-01 3.447639465332031250e+00
5.683601929999999580e-01 3.430119752883911133e+00
5.711947800000000131e-01 3.393375635147094727e+00
5.740294230000000386e-01 3.446086168289184570e+00
5.768641230000000064e-01 3.409720897674560547e+00
5.796988789999999447e-01 3.429220676422119141e+00
5.825336909999999646e-01 3.510011672973632812e+00
5.853685589999999550e-01 3.476067304611206055e+00
5.882034839999999987e-01 3.249202489852905273e+00
5.910384650000000129e-01 3.111835956573486328e+00
5.938735019999999976e-01 3.174242973327636719e+00
5.967085949999999528e-01 3.163519620895385742e+00
5.995437449999999613e-01 3.126797437667846680e+00
6.023789510000000513e-01 3.102658987045288086e+00
6.052142130000000009e-01 3.124110937118530273e+00
6.080495310000000320e-01 3.078258752822875977e+00
6.108849060000000053e-01 2.985599994659423828e+00
6.137203359999999774e-01 2.909413099288940430e+00
6.165558230000000028e-01 2.878293991088867188e+00
6.193913669999999705e-01 2.950949192047119141e+00
6.222269660000000480e-01 2.935658454895019531e+00
6.250626219999999567e-01 2.861201047897338867e+00
6.278983339999999469e-01 2.798070669174194336e+00
6.307341020000000187e-01 2.773955345153808594e+00
6.335699259999999500e-01 2.810406684875488281e+00
6.364058070000000455e-01 2.839226722717285156e+00
6.392417440000000006e-01 2.848591566085815430e+00
6.420777370000000372e-01 2.820370674133300781e+00
6.449137860000000444e-01 2.785225629806518555e+00
6.477498919999999938e-01 2.659698963165283203e+00
6.505860540000000247e-01 2.653045177459716797e+00
6.534222720000000262e-01 2.642480134963989258e+00
6.562585459999999982e-01 2.436326980590820312e+00
6.590948770000000234e-01 2.552299499511718750e+00
6.619312640000000192e-01 2.620037078857421875e+00
6.647677069999999855e-01 2.602063655853271484e+00
6.676042060000000333e-01 2.581821203231811523e+00
6.704407620000000234e-01 2.548488616943359375e+00
6.732773739999999840e-01 2.525459051132202148e+00
6.761140420000000262e-01 2.512475967407226562e+00
6.789507660000000389e-01 2.495552301406860352e+00
6.817875469999999938e-01 2.473276138305664062e+00
6.846243829999999475e-01 2.388891220092773438e+00
6.874612759999999545e-01 2.007534980773925781e+00
6.902982260000000148e-01 2.039467096328735352e+00
6.931352309999999628e-01 2.073207855224609375e+00
6.959722929999999641e-01 2.090676546096801758e+00
6.988094110000000470e-01 2.075703859329223633e+00
7.016465849999999893e-01 1.973564028739929199e+00
7.044838150000000132e-01 1.980063319206237793e+00
7.073211019999999793e-01 1.947392582893371582e+00
7.101584450000000270e-01 1.885604739189147949e+00
7.129958440000000452e-01 1.781628370285034180e+00
7.158332990000000340e-01 1.514826178550720215e+00
7.186708109999999650e-01 1.112604379653930664e+00
7.215083789999999775e-01 1.144747614860534668e+00
7.243460029999999605e-01 1.057380795478820801e+00
7.271836830000000251e-01 9.641696214675903320e-01
7.300214200000000320e-01 9.140390753746032715e-01
7.328592130000000093e-01 9.335705637931823730e-01
7.356970619999999572e-01 9.251012206077575684e-01
7.385349669999999866e-01 9.067671298980712891e-01
7.413729289999999583e-01 9.129866361618041992e-01
7.442109470000000115e-01 9.313497543334960938e-01
7.470490210000000353e-01 9.251379966735839844e-01
7.498871510000000296e-01 9.126734733581542969e-01
7.527253379999999661e-01 9.010348320007324219e-01
7.555635800000000124e-01 8.911153674125671387e-01
7.584018790000000010e-01 7.323908209800720215e-01
7.612402350000000428e-01 3.464491069316864014e-01
7.640786459999999725e-01 4.185617268085479736e-01
7.669171139999999554e-01 6.782885193824768066e-01
7.697556380000000198e-01 8.177411556243896484e-01
7.725942180000000548e-01 8.518390059471130371e-01
7.754328539999999492e-01 8.571863770484924316e-01
7.782715470000000080e-01 8.584175109863281250e-01
7.811102960000000373e-01 8.587233424186706543e-01
7.839491010000000371e-01 8.597966432571411133e-01
7.867879620000000074e-01 8.474308252334594727e-01
7.896268800000000310e-01 8.269408941268920898e-01
7.924658540000000251e-01 8.342151045799255371e-01
7.953048839999999897e-01 8.321013450622558594e-01
7.981439700000000359e-01 8.476477265357971191e-01
8.009831130000000243e-01 8.341574072837829590e-01
8.038223119999999833e-01 8.394200801849365234e-01
8.066615670000000238e-01 8.529674410820007324e-01
8.095008780000000348e-01 8.187749981880187988e-01
8.123402459999999881e-01 7.365501523017883301e-01
8.151796700000000229e-01 5.996138453483581543e-01
8.180191500000000282e-01 5.671404600143432617e-01
8.208586860000000041e-01 6.073249578475952148e-01
8.236982790000000332e-01 5.637921094894409180e-01
8.265379269999999501e-01 5.843768119812011719e-01
8.293776320000000313e-01 5.208573341369628906e-01
8.322173940000000547e-01 5.003387928009033203e-01
8.350572109999999659e-01 5.113093256950378418e-01
8.378970850000000414e-01 5.266520380973815918e-01
8.407370149999999764e-01 5.250113010406494141e-01
8.435770009999999930e-01 5.219822525978088379e-01
8.464170429999999801e-01 5.166807770729064941e-01
8.492571420000000204e-01 4.969525039196014404e-01
8.520972970000000313e-01 4.768620729446411133e-01
8.549375080000000127e-01 4.483346045017242432e-01
8.577777749999999646e-01 4.765968024730682373e-01
8.606180989999999698e-01 4.667845666408538818e-01
8.634584789999999455e-01 4.638040661811828613e-01
8.662989150000000027e-01 4.216822087764739990e-01
8.691394070000000305e-01 4.364531338214874268e-01
8.719799560000000005e-01 4.327540397644042969e-01
8.748205610000000521e-01 4.187096357345581055e-01
8.776612219999999631e-01 4.070999324321746826e-01
8.805019389999999557e-01 3.956751525402069092e-01
8.833427130000000016e-01 3.914498984813690186e-01
8.861835430000000180e-01 3.765119016170501709e-01
8.890244290000000049e-01 3.698027431964874268e-01
8.918653709999999624e-01 3.486424982547760010e-01
8.947063699999999731e-01 2.931310534477233887e-01
8.975474239999999826e-01 2.356903553009033203e-01
9.003885350000000454e-01 2.123793065547943115e-01
9.032297030000000504e-01 2.465870082378387451e-01
9.060709260000000542e-01 2.440545111894607544e-01
9.089122060000000003e-01 2.033869028091430664e-01
9.117535420000000279e-01 1.967151761054992676e-01
9.145949340000000261e-01 1.838765889406204224e-01
9.174363819999999947e-01 1.826197952032089233e-01
9.202778870000000166e-01 2.134549915790557861e-01
9.231194480000000091e-01 2.004725486040115356e-01
9.259610649999999721e-01 1.824175268411636353e-01
9.288027380000000166e-01 1.310539841651916504e-01
9.316444680000000034e-01 7.554484903812408447e-02
9.344862539999999607e-01 4.212540388107299805e-02
9.373280959999999995e-01 4.647529497742652893e-02
9.401699940000000089e-01 7.234783470630645752e-02
9.430119489999999605e-01 5.799942463636398315e-02
9.458539599999999936e-01 5.748958885669708252e-02
9.486960269999999973e-01 6.012856960296630859e-02
9.515381499999999715e-01 6.076627969741821289e-02
9.543803299999999989e-01 6.278742849826812744e-02
9.572225659999999969e-01 6.802011281251907349e-02
9.600648579999999654e-01 7.153809815645217896e-02
9.629072060000000155e-01 8.549641817808151245e-02
9.657496110000000078e-01 9.282366186380386353e-02
9.685920709999999989e-01 1.186048462986946106e-01
9.714345880000000433e-01 1.263132989406585693e-01
9.742771620000000299e-01 1.150522530078887939e-01
9.771197910000000153e-01 1.162091344594955444e-01
9.799624770000000540e-01 1.239236593246459961e-01
9.828052189999999522e-01 1.372729539871215820e-01
9.856480170000000429e-01 1.468739658594131470e-01
9.884908709999999932e-01 1.548277735710144043e-01
9.913337819999999967e-01 1.502898633480072021e-01
9.941767489999999707e-01 1.545180678367614746e-01
9.970197720000000263e-01 1.580422967672348022e-01
9.998628510000000524e-01 1.593530625104904175e-01
1.002705986999999910e+00 1.569954305887222290e-01
1.005549178999999960e+00 1.506670862436294556e-01
1.008392426999999980e+00 1.553330421447753906e-01
1.011235730999999971e+00 1.569655239582061768e-01
1.014079092000000015e+00 1.595672816038131714e-01
1.016922509000000030e+00 1.552975028753280640e-01
1.019765982000000015e+00 1.582144051790237427e-01
1.022609510999999971e+00 1.608042120933532715e-01
1.025453096999999980e+00 1.591510921716690063e-01
1.028296738999999960e+00 1.641626656055450439e-01
1.031140436999999910e+00 1.745424270629882812e-01
1.033984191000000052e+00 1.679918169975280762e-01
1.036828002000000026e+00 1.652593314647674561e-01
1.039671868000000110e+00 1.713752895593643188e-01
1.042515791000000025e+00 1.643641293048858643e-01
1.045359770999999993e+00 1.757075190544128418e-01
