3.615872339999999796e-01 1.227572321891784668e+00
3.644177160000000026e-01 1.457809805870056152e+00
3.672482539999999962e-01 1.561150550842285156e+00
3.700788480000000158e-01 1.576811671257019043e+00
3.729094980000000059e-01 1.426849126815795898e+00
3.757402049999999938e-01 1.477942347526550293e+00
3.785709680000000077e-01 1.627056002616882324e+00
3.814017869999999921e-01 1.382109880447387695e+00
3.842326620000000026e-01 1.284087777137756348e+00
3.870635940000000108e-01 1.398224592208862305e+00
3.898945819999999896e-01 1.599180340766906738e+00
3.927256259999999943e-01 1.401127338409423828e+00
3.955567260000000251e-01 1.419268012046813965e+00
3.983878829999999982e-01 1.797072410583496094e+00
4.012190950000000256e-01 2.259246110916137695e+00
4.040503639999999952e-01 2.228541374206542969e+00
4.068816900000000181e-01 2.189270973205566406e+00
4.097130709999999842e-01 2.217716932296752930e+00
4.125445090000000037e-01 2.289679050445556641e+00
4.153760029999999936e-01 2.333870410919189453e+00
4.182075530000000096e-01 2.270736217498779297e+00
4.210391589999999962e-01 2.295424699783325195e+00
4.238708219999999804e-01 2.264929056167602539e+00
4.267025409999999908e-01 2.220193862915039062e+00
4.295343160000000271e-01 1.985793232917785645e+00
4.323661469999999785e-01 2.100803852081298828e+00
4.351980349999999831e-01 2.312826395034790039e+00
4.380299790000000137e-01 2.340954780578613281e+00
4.408619790000000149e-01 2.408252239227294922e+00
4.436940349999999866e-01 2.545356750488281250e+00
4.465261480000000116e-01 2.577311515808105469e+00
4.493583170000000071e-01 2.730288028717041016e+00
4.521905419999999731e-01 2.753118515014648438e+00
4.550228230000000207e-01 2.725231885910034180e+00
4.578551610000000105e-01 2.753552675247192383e+00
4.606875550000000263e-01 2.792149066925048828e+00
4.635200050000000127e-01 2.822253704071044922e+00
4.663525110000000251e-01 2.763958215713500977e+00
4.691850739999999798e-01 2.757824420928955078e+00
4.720176919999999887e-01 2.775846958160400391e+00
4.748503669999999954e-01 2.848150730133056641e+00
4.776830989999999999e-01 2.872073173522949219e+00
4.805158860000000032e-01 2.943064689636230469e+00
4.833487300000000042e-01 2.907433986663818359e+00
4.861816299999999758e-01 2.666790723800659180e+00
4.890145859999999733e-01 2.776955127716064453e+00
4.918475979999999970e-01 2.853076219558715820e+00
4.946806670000000183e-01 2.906904220581054688e+00
4.975137920000000102e-01 2.929970264434814453e+00
5.003469729999999727e-01 2.854445219039916992e+00
5.031802100000000166e-01 2.823201417922973633e+00
5.060135040000000028e-01 2.914821147918701172e+00
5.088468539999999596e-01 2.933888435363769531e+00
5.116802599999999979e-01 2.965440750122070312e+00
5.145137220000000067e-01 2.898547887802124023e+00
5.173472409999999577e-01 2.733110189437866211e+00
5.201808159999999903e-01 2.854378461837768555e+00
5.230144469999999934e-01 2.982657432556152344e+00
5.258481339999999671e-01 2.988505840301513672e+00
5.286818779999999940e-01 3.022191047668457031e+00
5.315156779999999914e-01 3.125591993331909180e+00
5.343495339999999594e-01 3.116370916366577148e+00
5.371834460000000089e-01 3.158729553222656250e+00
5.400174150000000006e-01 3.092014789581298828e+00
5.428514389999999912e-01 3.120331764221191406e+00
5.456855200000000350e-01 3.176049947738647461e+00
5.485196580000000210e-01 3.200394630432128906e+00
5.513538510000000059e-01 3.208328485488891602e+00
5.541881010000000440e-01 3.246910333633422852e+00
5.570224070000000527e-01 3.208207368850708008e+00
5.598567690000000319e-01 3.160139799118041992e+00
5.626911869999999816e-01 3.211998701095581055e+00
5.655256619999999845e-01 3.203830957412719727e+00
5.683601929999999580e-01 3.175482749938964844e+00
5.711947800000000131e-01 3.141604661941528320e+00
5.740294230000000386e-01 3.185636281967163086e+00
5.768641230000000064e-01 3.142929553985595703e+00
5.796988789999999447e-01 3.158102989196777344e+00
5.825336909999999646e-01 3.232699155807495117e+00
5.853685589999999550e-01 3.185564994812011719e+00
5.882034839999999987e-01 2.972381114959716797e+00
5.910384650000000129e-01 2.826819419860839844e+00
5.938735019999999976e-01 2.875832319259643555e+00
5.967085949999999528e-01 2.858037471771240234e+00
5.995437449999999613e-01 2.812025785446166992e+00
6.023789510000000513e-01 2.782961130142211914e+00
6.052142130000000009e-01 2.794042348861694336e+00
6.080495310000000320e-01 2.764860630035400391e+00
6.108849060000000053e-01 2.592600584030151367e+00
6.137203359999999774e-01 2.526576042175292969e+00
6.165558230000000028e-01 2.509752511978149414e+00
6.193913669999999705e-01 2.590807437896728516e+00
6.222269660000000480e-01 2.585761785507202148e+00
6.250626219999999567e-01 2.520856142044067383e+00
6.278983339999999469e-01 2.449308395385742188e+00
6.307341020000000187e-01 2.433205842971801758e+00
6.335699259999999500e-01 2.456672430038452148e+00
6.364058070000000455e-01 2.476958751678466797e+00
6.392417440000000006e-01 2.478339195251464844e+00
6.420777370000000372e-01 2.446619749069213867e+00
6.449137860000000444e-01 2.423713445663452148e+00
6.477498919999999938e-01 2.304369688034057617e+00
6.505860540000000247e-01 2.293432474136352539e+00
6.534222720000000262e-01 2.277172803878784180e+00
6.562585459999999982e-01 2.081399917602539062e+00
6.590948770000000234e-01 2.184898376464843750e+00
6.619312640000000192e-01 2.236147880554199219e+00
6.647677069999999855e-01 2.221554040908813477e+00
6.676042060000000333e-01 2.197581768035888672e+00
6.704407620000000234e-01 2.177751302719116211e+00
6.732773739999999840e-01 2.146299839019775391e+00
6.761140420000000262e-01 2.131463050842285156e+00
6.789507660000000389e-01 2.119961500167846680e+00
6.817875469999999938e-01 2.096803665161132812e+00
6.846243829999999475e-01 2.021744012832641602e+00
6.874612759999999545e-01 1.685855031013488770e+00
6.902982260000000148e-01 1.700536847114562988e+00
6.931352309999999628e-01 1.727785110473632812e+00
6.959722929999999641e-01 1.735250711441040039e+00
6.988094110000000470e-01 1.704513192176818848e+00
7.016465849999999893e-01 1.600959897041320801e+00
7.044838150000000132e-01 1.597250819206237793e+00
7.073211019999999793e-01 1.552964448928833008e+00
7.101584450000000270e-01 1.495204925537109375e+00
7.129958440000000452e-01 1.403666734695434570e+00
7.158332990000000340e-01 1.189109086990356445e+00
7.186708109999999650e-01 8.412730097770690918e-01
7.215083789999999775e-01 8.709385991096496582e-01
7.243460029999999605e-01 8.000274300575256348e-01
7.271836830000000251e-01 7.155585885047912598e-01
7.300214200000000320e-01 6.714593768119812012e-01
7.328592130000000093e-01 6.807116866111755371e-01
7.356970619999999572e-01 6.764668822288513184e-01
7.385349669999999866e-01 6.600967049598693848e-01
7.413729289999999583e-01 6.515259146690368652e-01
7.442109470000000115e-01 6.677811741828918457e-01
7.470490210000000353e-01 6.648448109626770020e-01
7.498871510000000296e-01 6.523042321205139160e-01
7.527253379999999661e-01 6.387960910797119141e-01
7.555635800000000124e-01 6.457501649856567383e-01
7.584018790000000010e-01 5.361708402633666992e-01
7.612402350000000428e-01 2.423920780420303345e-01
7.640786459999999725e-01 2.905206680297851562e-01
7.669171139999999554e-01 4.791441261768341064e-01
7.697556380000000198e-01 5.742253065109252930e-01
7.725942180000000548e-01 6.089596152305603027e-01
7.754328539999999492e-01 6.090111732482910156e-01
7.782715470000000080e-01 6.067938804626464844e-01
7.811102960000000373e-01 6.112267971038818359e-01
7.839491010000000371e-01 6.051086187362670898e-01
7.867879620000000074e-01 6.012900471687316895e-01
7.896268800000000310e-01 5.808811783790588379e-01
7.924658540000000251e-01 5.748040676116943359e-01
7.953048839999999897e-01 5.818322896957397461e-01
7.981439700000000359e-01 5.885835289955139160e-01
8.009831130000000243e-01 5.814843177795410156e-01
8.038223119999999833e-01 5.874219536781311035e-01
8.066615670000000238e-01 5.989003181457519531e-01
8.095008780000000348e-01 5.709080100059509277e-01
8.123402459999999881e-01 5.180642008781433105e-01
8.151796700000000229e-01 4.226385056972503662e-01
8.180191500000000282e-01 3.954174518585205078e-01
8.208586860000000041e-01 4.233706295490264893e-01
8.236982790000000332e-01 3.901109695434570312e-01
8.265379269999999501e-01 4.036965966224670410e-01
8.293776320000000313e-01 3.617750108242034912e-01
8.322173940000000547e-01 3.466590940952301025e-01
8.350572109999999659e-01 3.504325151443481445e-01
8.378970850000000414e-01 3.619817495346069336e-01
8.407370149999999764e-01 3.633499443531036377e-01
8.435770009999999930e-01 3.566338419914245605e-01
8.464170429999999801e-01 3.579252362251281738e-01
8.492571420000000204e-01 3.402890861034393311e-01
8.520972970000000313e-01 3.270310461521148682e-01
8.549375080000000127e-01 3.113534450531005859e-01
8.577777749999999646e-01 3.275541067123413086e-01
8.606180989999999698e-01 3.260832726955413818e-01
8.634584789999999455e-01 3.196246325969696045e-01
8.662989150000000027e-01 2.896194458007812500e-01
8.691394070000000305e-01 3.009362220764160156e-01
8.719799560000000005e-01 2.943278849124908447e-01
8.748205610000000521e-01 2.910272777080535889e-01
8.776612219999999631e-01 2.852355837821960449e-01
8.805019389999999557e-01 2.714933753013610840e-01
8.833427130000000016e-01 2.659223675727844238e-01
8.861835430000000180e-01 2.574051916599273682e-01
8.890244290000000049e-01 2.559877336025238037e-01
8.918653709999999624e-01 2.380774170160293579e-01
8.947063699999999731e-01 2.033993303775787354e-01
8.975474239999999826e-01 1.670002639293670654e-01
9.003885350000000454e-01 1.451297849416732788e-01
9.032297030000000504e-01 1.672915965318679810e-01
9.060709260000000542e-01 1.683349758386611938e-01
9.089122060000000003e-01 1.404317021369934082e-01
9.117535420000000279e-01 1.363866180181503296e-01
9.145949340000000261e-01 1.261032819747924805e-01
9.174363819999999947e-01 1.269275695085525513e-01
9.202778870000000166e-01 1.477114111185073853e-01
9.231194480000000091e-01 1.411969065666198730e-01
9.259610649999999721e-01 1.292552947998046875e-01
9.288027380000000166e-01 9.580209851264953613e-02
9.316444680000000034e-01 5.010196939110755920e-02
9.344862539999999607e-01 2.733056060969829559e-02
9.373280959999999995e-01 3.223036602139472961e-02
9.401699940000000089e-01 5.242854729294776917e-02
9.430119489999999605e-01 4.275112971663475037e-02
9.458539599999999936e-01 3.562332317233085632e-02
9.486960269999999973e-01 4.353454336524009705e-02
9.515381499999999715e-01 4.341287538409233093e-02
9.543803299999999989e-01 4.503124952316284180e-02
9.572225659999999969e-01 4.808203503489494324e-02
9.600648579999999654e-01 4.918954521417617798e-02
9.629072060000000155e-01 5.906906351447105408e-02
9.657496110000000078e-01 6.082016974687576294e-02
9.685920709999999989e-01 8.429721742868423462e-02
9.714345880000000433e-01 8.996978402137756348e-02
9.742771620000000299e-01 8.082533627748489380e-02
9.771197910000000153e-01 7.782825082540512085e-02
9.799624770000000540e-01 8.687142282724380493e-02
9.828052189999999522e-01 9.172263741493225098e-02
9.856480170000000429e-01 9.806109964847564697e-02
9.884908709999999932e-01 1.025564894080162048e-01
9.913337819999999967e-01 1.045199558138847351e-01
9.941767489999999707e-01 1.055745854973793030e-01
9.970197720000000263e-01 1.050867885351181030e-01
9.998628510000000524e-01 1.025032997131347656e-01
1.002705986999999910e+00 1.042652204632759094e-01
1.005549178999999960e+00 1.026376411318778992e-01
1.008392426999999980e+00 1.004705503582954407e-01
1.011235730999999971e+00 1.009548977017402649e-01
1.014079092000000015e+00 1.107473000884056091e-01
1.016922509000000030e+00 1.043382659554481506e-01
1.019765982000000015e+00 1.095508188009262085e-01
1.022609510999999971e+00 1.028930395841598511e-01
1.025453096999999980e+00 1.032508686184883118e-01
1.028296738999999960e+00 1.066710948944091797e-01
1.031140436999999910e+00 1.041032969951629639e-01
1.033984191000000052e+00 1.062765866518020630e-01
1.036828002000000026e+00 1.045222952961921692e-01
1.039671868000000110e+00 9.733272343873977661e-02
1.042515791000000025e+00 1.075587347149848938e-01
1.045359770999999993e+00 1.033976301550865173e-01
