3.615872339999999796e-01 1.295465469360351562e+00
3.644177160000000026e-01 1.461052656173706055e+00
3.672482539999999962e-01 1.587624549865722656e+00
3.700788480000000158e-01 1.561346054077148438e+00
3.729094980000000059e-01 1.437207221984863281e+00
3.757402049999999938e-01 1.522253870964050293e+00
3.785709680000000077e-01 1.659311056137084961e+00
3.814017869999999921e-01 1.424315333366394043e+00
3.842326620000000026e-01 1.318810582160949707e+00
3.870635940000000108e-01 1.463706374168395996e+00
3.898945819999999896e-01 1.609364390373229980e+00
3.927256259999999943e-01 1.434489488601684570e+00
3.955567260000000251e-01 1.448562741279602051e+00
3.983878829999999982e-01 1.837422609329223633e+00
4.012190950000000256e-01 2.286779403686523438e+00
4.040503639999999952e-01 2.279081583023071289e+00
4.068816900000000181e-01 2.207131624221801758e+00
4.097130709999999842e-01 2.275503873825073242e+00
4.125445090000000037e-01 2.356930017471313477e+00
4.153760029999999936e-01 2.372464418411254883e+00
4.182075530000000096e-01 2.312249183654785156e+00
4.210391589999999962e-01 2.322461366653442383e+00
4.238708219999999804e-01 2.288976907730102539e+00
4.267025409999999908e-01 2.221566915512084961e+00
4.295343160000000271e-01 2.040374279022216797e+00
4.323661469999999785e-01 2.178425312042236328e+00
4.351980349999999831e-01 2.390357255935668945e+00
4.380299790000000137e-01 2.407082796096801758e+00
4.408619790000000149e-01 2.475353717803955078e+00
4.436940349999999866e-01 2.617949485778808594e+00
4.465261480000000116e-01 2.648211956024169922e+00
4.493583170000000071e-01 2.785332918167114258e+00
4.521905419999999731e-01 2.809155941009521484e+00
4.550228230000000207e-01 2.781375169754028320e+00
4.578551610000000105e-01 2.855592250823974609e+00
4.606875550000000263e-01 2.867958545684814453e+00
4.635200050000000127e-01 2.902697086334228516e+00
4.663525110000000251e-01 2.822913169860839844e+00
4.691850739999999798e-01 2.835736274719238281e+00
4.720176919999999887e-01 2.876820564270019531e+00
4.748503669999999954e-01 2.909071207046508789e+00
4.776830989999999999e-01 2.950607061386108398e+00
4.805158860000000032e-01 3.005394458770751953e+00
4.833487300000000042e-01 2.971552133560180664e+00
4.861816299999999758e-01 2.743784427642822266e+00
4.890145859999999733e-01 2.869613885879516602e+00
4.918475979999999970e-01 2.940242528915405273e+00
4.946806670000000183e-01 3.001765966415405273e+00
4.975137920000000102e-01 3.017809152603149414e+00
5.003469729999999727e-01 2.939447641372680664e+00
5.031802100000000166e-01 2.919394016265869141e+00
5.060135040000000028e-01 3.012930393218994141e+00
5.088468539999999596e-01 3.046280145645141602e+00
5.116802599999999979e-01 3.071097373962402344e+00
5.145137220000000067e-01 2.996047496795654297e+00
5.173472409999999577e-01 2.838998794555664062e+00
5.201808159999999903e-01 2.964403390884399414e+00
5.230144469999999934e-01 3.102853536605834961e+00
5.258481339999999671e-01 3.117061853408813477e+00
5.286818779999999940e-01 3.152869462966918945e+00
5.315156779999999914e-01 3.249933481216430664e+00
5.343495339999999594e-01 3.246176242828369141e+00
5.371834460000000089e-01 3.291152715682983398e+00
5.400174150000000006e-01 3.225897073745727539e+00
5.428514389999999912e-01 3.247933387756347656e+00
5.456855200000000350e-01 3.308932542800903320e+00
5.485196580000000210e-01 3.318381547927856445e+00
5.513538510000000059e-01 3.352651119232177734e+00
5.541881010000000440e-01 3.365712165832519531e+00
5.570224070000000527e-01 3.336114168167114258e+00
5.598567690000000319e-01 3.300755023956298828e+00
5.626911869999999816e-01 3.346225500106811523e+00
5.655256619999999845e-01 3.337463855743408203e+00
5.683601929999999580e-01 3.300106525421142578e+00
5.711947800000000131e-01 3.271822214126586914e+00
5.740294230000000386e-01 3.316487789154052734e+00
5.768641230000000064e-01 3.284545421600341797e+00
5.796988789999999447e-01 3.305071115493774414e+00
5.825336909999999646e-01 3.369723081588745117e+00
5.853685589999999550e-01 3.320518493652343750e+00
5.882034839999999987e-01 3.107494831085205078e+00
5.910384650000000129e-01 2.980730533599853516e+00
5.938735019999999976e-01 3.012959718704223633e+00
5.967085949999999528e-01 2.994511842727661133e+00
5.995437449999999613e-01 2.958433628082275391e+00
6.023789510000000513e-01 2.911316871643066406e+00
6.052142130000000009e-01 2.913455486297607422e+00
6.080495310000000320e-01 2.871806859970092773e+00
6.108849060000000053e-01 2.777116775512695312e+00
6.137203359999999774e-01 2.686480045318603516e+00
6.165558230000000028e-01 2.662951231002807617e+00
6.193913669999999705e-01 2.737116098403930664e+00
6.222269660000000480e-01 2.724872589111328125e+00
6.250626219999999567e-01 2.655455827713012695e+00
6.278983339999999469e-01 2.587737798690795898e+00
6.307341020000000187e-01 2.569077491760253906e+00
6.335699259999999500e-01 2.592302322387695312e+00
6.364058070000000455e-01 2.619309663772583008e+00
6.392417440000000006e-01 2.629595041275024414e+00
6.420777370000000372e-01 2.586523532867431641e+00
6.449137860000000444e-01 2.556145191192626953e+00
6.477498919999999938e-01 2.443247079849243164e+00
6.505860540000000247e-01 2.424276828765869141e+00
6.534222720000000262e-01 2.412577390670776367e+00
6.562585459999999982e-01 2.211374998092651367e+00
6.590948770000000234e-01 2.316031217575073242e+00
6.619312640000000192e-01 2.370427131652832031e+00
6.647677069999999855e-01 2.339403629302978516e+00
6.676042060000000333e-01 2.326697111129760742e+00
6.704407620000000234e-01 2.295430898666381836e+00
6.732773739999999840e-01 2.269082307815551758e+00
6.761140420000000262e-01 2.255571603775024414e+00
6.789507660000000389e-01 2.233032226562500000e+00
6.817875469999999938e-01 2.210973262786865234e+00
6.846243829999999475e-01 2.135806798934936523e+00
6.874612759999999545e-01 1.789511680603027344e+00
6.902982260000000148e-01 1.810460329055786133e+00
6.931352309999999628e-01 1.844140768051147461e+00
6.959722929999999641e-01 1.854288697242736816e+00
6.988094110000000470e-01 1.827577352523803711e+00
7.016465849999999893e-01 1.728844523429870605e+00
7.044838150000000132e-01 1.726408839225769043e+00
7.073211019999999793e-01 1.689324975013732910e+00
7.101584450000000270e-01 1.613232374191284180e+00
7.129958440000000452e-01 1.518724679946899414e+00
7.158332990000000340e-01 1.280173420906066895e+00
7.186708109999999650e-01 9.272939562797546387e-01
7.215083789999999775e-01 9.478107690811157227e-01
7.243460029999999605e-01 8.672690391540527344e-01
7.271836830000000251e-01 7.748581171035766602e-01
7.300214200000000320e-01 7.284285426139831543e-01
7.328592130000000093e-01 7.368624806404113770e-01
7.356970619999999572e-01 7.337356209754943848e-01
7.385349669999999866e-01 7.189236283302307129e-01
7.413729289999999583e-01 7.121707201004028320e-01
7.442109470000000115e-01 7.166852355003356934e-01
7.470490210000000353e-01 7.201972603797912598e-01
7.498871510000000296e-01 7.080210447311401367e-01
7.527253379999999661e-01 7.056707143783569336e-01
7.555635800000000124e-01 6.958344578742980957e-01
7.584018790000000010e-01 5.653256773948669434e-01
7.612402350000000428e-01 2.725787460803985596e-01
7.640786459999999725e-01 3.286516070365905762e-01
7.669171139999999554e-01 5.189408659934997559e-01
7.697556380000000198e-01 6.361106038093566895e-01
7.725942180000000548e-01 6.521740555763244629e-01
7.754328539999999492e-01 6.537429690361022949e-01
7.782715470000000080e-01 6.569731235504150391e-01
7.811102960000000373e-01 6.604845523834228516e-01
7.839491010000000371e-01 6.605314016342163086e-01
7.867879620000000074e-01 6.517792940139770508e-01
7.896268800000000310e-01 6.291519403457641602e-01
7.924658540000000251e-01 6.357198357582092285e-01
7.953048839999999897e-01 6.361462473869323730e-01
7.981439700000000359e-01 6.487061977386474609e-01
8.009831130000000243e-01 6.379626393318176270e-01
8.038223119999999833e-01 6.399618387222290039e-01
8.066615670000000238e-01 6.559187173843383789e-01
8.095008780000000348e-01 6.327830553054809570e-01
8.123402459999999881e-01 5.580735802650451660e-01
8.151796700000000229e-01 4.535162448883056641e-01
8.180191500000000282e-01 4.324544370174407959e-01
8.208586860000000041e-01 4.613057374954223633e-01
8.236982790000000332e-01 4.284009635448455811e-01
8.265379269999999501e-01 4.419902563095092773e-01
8.293776320000000313e-01 3.928000032901763916e-01
8.322173940000000547e-01 3.794222176074981689e-01
8.350572109999999659e-01 3.832789361476898193e-01
8.378970850000000414e-01 3.917851448059082031e-01
8.407370149999999764e-01 3.940000832080841064e-01
8.435770009999999930e-01 3.870854377746582031e-01
8.464170429999999801e-01 3.836428225040435791e-01
8.492571420000000204e-01 3.713264763355255127e-01
8.520972970000000313e-01 3.518118560314178467e-01
8.549375080000000127e-01 3.339212238788604736e-01
8.577777749999999646e-01 3.520482480525970459e-01
8.606180989999999698e-01 3.536976575851440430e-01
8.634584789999999455e-01 3.463111519813537598e-01
8.662989150000000027e-01 3.148087263107299805e-01
8.691394070000000305e-01 3.243887424468994141e-01
8.719799560000000005e-01 3.207609653472900391e-01
8.748205610000000521e-01 3.128717541694641113e-01
8.776612219999999631e-01 3.081654608249664307e-01
8.805019389999999557e-01 2.944307327270507812e-01
8.833427130000000016e-01 2.930437624454498291e-01
8.861835430000000180e-01 2.786709964275360107e-01
8.890244290000000049e-01 2.813862264156341553e-01
8.918653709999999624e-01 2.581878900527954102e-01
8.947063699999999731e-01 2.205671221017837524e-01
8.975474239999999826e-01 1.744632869958877563e-01
9.003885350000000454e-01 1.556032299995422363e-01
9.032297030000000504e-01 1.778890192508697510e-01
9.060709260000000542e-01 1.810562014579772949e-01
9.089122060000000003e-01 1.489232480525970459e-01
9.117535420000000279e-01 1.453286111354827881e-01
9.145949340000000261e-01 1.348000913858413696e-01
9.174363819999999947e-01 1.343563646078109741e-01
9.202778870000000166e-01 1.540988683700561523e-01
9.231194480000000091e-01 1.515563577413558960e-01
9.259610649999999721e-01 1.331457495689392090e-01
9.288027380000000166e-01 1.004297658801078796e-01
9.316444680000000034e-01 5.199798569083213806e-02
9.344862539999999607e-01 2.973938360810279846e-02
9.373280959999999995e-01 3.223564475774765015e-02
9.401699940000000089e-01 5.302250757813453674e-02
9.430119489999999605e-01 4.237992689013481140e-02
9.458539599999999936e-01 3.681756928563117981e-02
9.486960269999999973e-01 3.945413604378700256e-02
9.515381499999999715e-01 4.311531782150268555e-02
9.543803299999999989e-01 4.251852631568908691e-02
9.572225659999999969e-01 5.046880617737770081e-02
9.600648579999999654e-01 5.179397761821746826e-02
9.629072060000000155e-01 5.394297093152999878e-02
9.657496110000000078e-01 6.562420725822448730e-02
9.685920709999999989e-01 8.629789948463439941e-02
9.714345880000000433e-01 9.452556818723678589e-02
9.742771620000000299e-01 8.176765590906143188e-02
9.771197910000000153e-01 8.053828030824661255e-02
9.799624770000000540e-01 8.781576901674270630e-02
9.828052189999999522e-01 9.684888273477554321e-02
9.856480170000000429e-01 1.072881966829299927e-01
9.884908709999999932e-01 1.114297881722450256e-01
9.913337819999999967e-01 1.093160733580589294e-01
9.941767489999999707e-01 1.082180514931678772e-01
9.970197720000000263e-01 1.134768649935722351e-01
9.998628510000000524e-01 1.079353615641593933e-01
1.002705986999999910e+00 1.043522432446479797e-01
1.005549178999999960e+00 1.081251576542854309e-01
1.008392426999999980e+00 1.061305329203605652e-01
1.011235730999999971e+00 1.140518784523010254e-01
1.014079092000000015e+00 1.082381159067153931e-01
1.016922509000000030e+00 1.101645007729530334e-01
1.019765982000000015e+00 1.047144234180450439e-01
1.022609510999999971e+00 1.097546741366386414e-01
1.025453096999999980e+00 1.100482046604156494e-01
1.028296738999999960e+00 1.073789224028587341e-01
1.031140436999999910e+00 1.090591624379158020e-01
1.033984191000000052e+00 1.138198524713516235e-01
1.036828002000000026e+00 1.081339567899703979e-01
1.039671868000000110e+00 1.086452007293701172e-01
1.042515791000000025e+00 1.143625155091285706e-01
1.045359770999999993e+00 9.626325964927673340e-02
