3.615872339999999796e-01 1.282817125320434570e+00
3.644177160000000026e-01 1.466301679611206055e+00
3.672482539999999962e-01 1.582381963729858398e+00
3.700788480000000158e-01 1.546335697174072266e+00
3.729094980000000059e-01 1.394362449645996094e+00
3.757402049999999938e-01 1.494765639305114746e+00
3.785709680000000077e-01 1.668533802032470703e+00
3.814017869999999921e-01 1.407465338706970215e+00
3.842326620000000026e-01 1.283905744552612305e+00
3.870635940000000108e-01 1.423195838928222656e+00
3.898945819999999896e-01 1.593572139739990234e+00
3.927256259999999943e-01 1.407107949256896973e+00
3.955567260000000251e-01 1.451866030693054199e+00
3.983878829999999982e-01 1.822545886039733887e+00
4.012190950000000256e-01 2.245923757553100586e+00
4.040503639999999952e-01 2.255068540573120117e+00
4.068816900000000181e-01 2.194549560546875000e+00
4.097130709999999842e-01 2.246639013290405273e+00
4.125445090000000037e-01 2.318948030471801758e+00
4.153760029999999936e-01 2.338258504867553711e+00
4.182075530000000096e-01 2.276878118515014648e+00
4.210391589999999962e-01 2.283959150314331055e+00
4.238708219999999804e-01 2.251906871795654297e+00
4.267025409999999908e-01 2.209512233734130859e+00
4.295343160000000271e-01 2.003387928009033203e+00
4.323661469999999785e-01 2.139468431472778320e+00
4.351980349999999831e-01 2.328782320022583008e+00
4.380299790000000137e-01 2.347574710845947266e+00
4.408619790000000149e-01 2.420405626296997070e+00
4.436940349999999866e-01 2.572545289993286133e+00
4.465261480000000116e-01 2.590083599090576172e+00
4.493583170000000071e-01 2.731584548950195312e+00
4.521905419999999731e-01 2.766465425491333008e+00
4.550228230000000207e-01 2.725629091262817383e+00
4.578551610000000105e-01 2.772976160049438477e+00
4.606875550000000263e-01 2.795619964599609375e+00
4.635200050000000127e-01 2.827229261398315430e+00
4.663525110000000251e-01 2.775262117385864258e+00
4.691850739999999798e-01 2.770895719528198242e+00
4.720176919999999887e-01 2.797768354415893555e+00
4.748503669999999954e-01 2.845765829086303711e+00
4.776830989999999999e-01 2.865668535232543945e+00
4.805158860000000032e-01 2.925811052322387695e+00
4.833487300000000042e-01 2.897747516632080078e+00
4.861816299999999758e-01 2.673135280609130859e+00
4.890145859999999733e-01 2.795300245285034180e+00
4.918475979999999970e-01 2.863471031188964844e+00
4.946806670000000183e-01 2.921562194824218750e+00
4.975137920000000102e-01 2.936566352844238281e+00
5.003469729999999727e-01 2.871670961380004883e+00
5.031802100000000166e-01 2.843636751174926758e+00
5.060135040000000028e-01 2.928241729736328125e+00
5.088468539999999596e-01 2.937109231948852539e+00
5.116802599999999979e-01 2.970730304718017578e+00
5.145137220000000067e-01 2.906074047088623047e+00
5.173472409999999577e-01 2.745869874954223633e+00
5.201808159999999903e-01 2.877729892730712891e+00
5.230144469999999934e-01 2.993938207626342773e+00
5.258481339999999671e-01 3.000706672668457031e+00
5.286818779999999940e-01 3.034190416336059570e+00
5.315156779999999914e-01 3.135333538055419922e+00
5.343495339999999594e-01 3.118228197097778320e+00
5.371834460000000089e-01 3.162147283554077148e+00
5.400174150000000006e-01 3.103185176849365234e+00
5.428514389999999912e-01 3.117476701736450195e+00
5.456855200000000350e-01 3.181698560714721680e+00
5.485196580000000210e-01 3.187217473983764648e+00
5.513538510000000059e-01 3.222780227661132812e+00
5.541881010000000440e-01 3.248560667037963867e+00
5.570224070000000527e-01 3.221354484558105469e+00
5.598567690000000319e-01 3.178755521774291992e+00
5.626911869999999816e-01 3.222928285598754883e+00
5.655256619999999845e-01 3.204678058624267578e+00
5.683601929999999580e-01 3.177271366119384766e+00
5.711947800000000131e-01 3.152048826217651367e+00
5.740294230000000386e-01 3.192532539367675781e+00
5.768641230000000064e-01 3.156801939010620117e+00
5.796988789999999447e-01 3.158596992492675781e+00
5.825336909999999646e-01 3.239571809768676758e+00
5.853685589999999550e-01 3.187641143798828125e+00
5.882034839999999987e-01 2.979578971862792969e+00
5.910384650000000129e-01 2.838678121566772461e+00
5.938735019999999976e-01 2.883424520492553711e+00
5.967085949999999528e-01 2.867748737335205078e+00
5.995437449999999613e-01 2.820362091064453125e+00
6.023789510000000513e-01 2.780677795410156250e+00
6.052142130000000009e-01 2.790049076080322266e+00
6.080495310000000320e-01 2.752692222595214844e+00
6.108849060000000053e-01 2.623409271240234375e+00
6.137203359999999774e-01 2.555266141891479492e+00
6.165558230000000028e-01 2.541506290435791016e+00
6.193913669999999705e-01 2.603941679000854492e+00
6.222269660000000480e-01 2.596005439758300781e+00
6.250626219999999567e-01 2.530619382858276367e+00
6.278983339999999469e-01 2.466804742813110352e+00
6.307341020000000187e-01 2.448172092437744141e+00
6.335699259999999500e-01 2.469819307327270508e+00
6.364058070000000455e-01 2.492950916290283203e+00
6.392417440000000006e-01 2.493190288543701172e+00
6.420777370000000372e-01 2.459280014038085938e+00
6.449137860000000444e-01 2.424629926681518555e+00
6.477498919999999938e-01 2.315445899963378906e+00
6.505860540000000247e-01 2.305045604705810547e+00
6.534222720000000262e-01 2.293602705001831055e+00
6.562585459999999982e-01 2.114670515060424805e+00
6.590948770000000234e-01 2.195504426956176758e+00
6.619312640000000192e-01 2.246680259704589844e+00
6.647677069999999855e-01 2.232176780700683594e+00
6.676042060000000333e-01 2.219490051269531250e+00
6.704407620000000234e-01 2.194699048995971680e+00
6.732773739999999840e-01 2.171469688415527344e+00
6.761140420000000262e-01 2.149436712265014648e+00
6.789507660000000389e-01 2.136901140213012695e+00
6.817875469999999938e-01 2.108106851577758789e+00
6.846243829999999475e-01 2.020146369934082031e+00
6.874612759999999545e-01 1.696706771850585938e+00
6.902982260000000148e-01 1.712839961051940918e+00
6.931352309999999628e-01 1.730520009994506836e+00
6.959722929999999641e-01 1.739679455757141113e+00
6.988094110000000470e-01 1.720796585083007812e+00
7.016465849999999893e-01 1.620933890342712402e+00
7.044838150000000132e-01 1.600846290588378906e+00
7.073211019999999793e-01 1.567439436912536621e+00
7.101584450000000270e-01 1.504690766334533691e+00
7.129958440000000452e-01 1.407782316207885742e+00
7.158332990000000340e-01 1.191148042678833008e+00
7.186708109999999650e-01 8.635050058364868164e-01
7.215083789999999775e-01 8.751710057258605957e-01
7.243460029999999605e-01 8.048585057258605957e-01
7.271836830000000251e-01 7.203406691551208496e-01
7.300214200000000320e-01 6.735448837280273438e-01
7.328592130000000093e-01 6.854012012481689453e-01
7.356970619999999572e-01 6.854856610298156738e-01
7.385349669999999866e-01 6.587021946907043457e-01
7.413729289999999583e-01 6.577672362327575684e-01
7.442109470000000115e-01 6.736268401145935059e-01
7.470490210000000353e-01 6.699110865592956543e-01
7.498871510000000296e-01 6.595506072044372559e-01
7.527253379999999661e-01 6.492978334426879883e-01
7.555635800000000124e-01 6.452860236167907715e-01
7.584018790000000010e-01 5.316553115844726562e-01
7.612402350000000428e-01 2.531075179576873779e-01
7.640786459999999725e-01 2.998189628124237061e-01
7.669171139999999554e-01 4.765762388706207275e-01
7.697556380000000198e-01 5.885955691337585449e-01
7.725942180000000548e-01 5.983603000640869141e-01
7.754328539999999492e-01 6.071817874908447266e-01
7.782715470000000080e-01 6.091698408126831055e-01
7.811102960000000373e-01 6.112287044525146484e-01
7.839491010000000371e-01 6.137870550155639648e-01
7.867879620000000074e-01 6.065942645072937012e-01
7.896268800000000310e-01 5.864642858505249023e-01
7.924658540000000251e-01 5.878252983093261719e-01
7.953048839999999897e-01 5.900770425796508789e-01
7.981439700000000359e-01 5.970275402069091797e-01
8.009831130000000243e-01 5.913899540901184082e-01
8.038223119999999833e-01 5.904605984687805176e-01
8.066615670000000238e-01 6.031925678253173828e-01
8.095008780000000348e-01 5.803285241127014160e-01
8.123402459999999881e-01 5.156974792480468750e-01
8.151796700000000229e-01 4.267837405204772949e-01
8.180191500000000282e-01 4.004248976707458496e-01
8.208586860000000041e-01 4.294444918632507324e-01
8.236982790000000332e-01 3.923627138137817383e-01
8.265379269999999501e-01 4.068338871002197266e-01
8.293776320000000313e-01 3.676061034202575684e-01
8.322173940000000547e-01 3.525948226451873779e-01
8.350572109999999659e-01 3.568765223026275635e-01
8.378970850000000414e-01 3.648194968700408936e-01
8.407370149999999764e-01 3.674684166908264160e-01
8.435770009999999930e-01 3.613794147968292236e-01
8.464170429999999801e-01 3.567439019680023193e-01
8.492571420000000204e-01 3.449140191078186035e-01
8.520972970000000313e-01 3.315761387348175049e-01
8.549375080000000127e-01 3.117050528526306152e-01
8.577777749999999646e-01 3.260997533798217773e-01
8.606180989999999698e-01 3.269403576850891113e-01
8.634584789999999455e-01 3.186617493629455566e-01
8.662989150000000027e-01 2.920672893524169922e-01
8.691394070000000305e-01 3.022438585758209229e-01
8.719799560000000005e-01 2.953482866287231445e-01
8.748205610000000521e-01 2.866385579109191895e-01
8.776612219999999631e-01 2.820624709129333496e-01
8.805019389999999557e-01 2.729357182979583740e-01
8.833427130000000016e-01 2.671260237693786621e-01
8.861835430000000180e-01 2.571498453617095947e-01
8.890244290000000049e-01 2.546612024307250977e-01
8.918653709999999624e-01 2.368118613958358765e-01
8.947063699999999731e-01 2.024206817150115967e-01
8.975474239999999826e-01 1.626616865396499634e-01
9.003885350000000454e-01 1.462344378232955933e-01
9.032297030000000504e-01 1.690242737531661987e-01
9.060709260000000542e-01 1.680772900581359863e-01
9.089122060000000003e-01 1.412381976842880249e-01
9.117535420000000279e-01 1.400318443775177002e-01
9.145949340000000261e-01 1.302131414413452148e-01
9.174363819999999947e-01 1.277943849563598633e-01
9.202778870000000166e-01 1.475444585084915161e-01
9.231194480000000091e-01 1.405290663242340088e-01
9.259610649999999721e-01 1.279118061065673828e-01
9.288027380000000166e-01 9.096863865852355957e-02
9.316444680000000034e-01 5.026043951511383057e-02
9.344862539999999607e-01 2.782663330435752869e-02
9.373280959999999995e-01 3.238080069422721863e-02
9.401699940000000089e-01 5.100744962692260742e-02
9.430119489999999605e-01 4.418738558888435364e-02
9.458539599999999936e-01 3.854867443442344666e-02
9.486960269999999973e-01 3.965189307928085327e-02
9.515381499999999715e-01 4.303458705544471741e-02
9.543803299999999989e-01 4.133598506450653076e-02
9.572225659999999969e-01 4.606544598937034607e-02
9.600648579999999654e-01 4.878940805792808533e-02
9.629072060000000155e-01 5.847002565860748291e-02
9.657496110000000078e-01 6.009834632277488708e-02
9.685920709999999989e-01 8.323902636766433716e-02
9.714345880000000433e-01 8.903553336858749390e-02
9.742771620000000299e-01 7.703052461147308350e-02
9.771197910000000153e-01 8.203551173210144043e-02
9.799624770000000540e-01 8.476126939058303833e-02
9.828052189999999522e-01 8.906464278697967529e-02
9.856480170000000429e-01 9.457996487617492676e-02
9.884908709999999932e-01 1.010277941823005676e-01
9.913337819999999967e-01 1.049219965934753418e-01
9.941767489999999707e-01 1.093027591705322266e-01
9.970197720000000263e-01 1.013260781764984131e-01
9.998628510000000524e-01 9.756846725940704346e-02
1.002705986999999910e+00 1.036022827029228210e-01
1.005549178999999960e+00 1.003435999155044556e-01
1.008392426999999980e+00 1.054927930235862732e-01
1.011235730999999971e+00 9.926384687423706055e-02
1.014079092000000015e+00 1.020629778504371643e-01
1.016922509000000030e+00 9.757393598556518555e-02
1.019765982000000015e+00 1.022861972451210022e-01
1.022609510999999971e+00 1.030362769961357117e-01
1.025453096999999980e+00 9.476315230131149292e-02
1.028296738999999960e+00 9.408132731914520264e-02
1.031140436999999910e+00 1.031679809093475342e-01
1.033984191000000052e+00 9.872719645500183105e-02
1.036828002000000026e+00 9.928680956363677979e-02
1.039671868000000110e+00 1.037143915891647339e-01
1.042515791000000025e+00 1.068879067897796631e-01
1.045359770999999993e+00 1.182988062500953674e-01
