3.615872339999999796e-01 1.288252949714660645e+00
3.644177160000000026e-01 1.449327349662780762e+00
3.672482539999999962e-01 1.582219243049621582e+00
3.700788480000000158e-01 1.626487255096435547e+00
3.729094980000000059e-01 1.427376389503479004e+00
3.757402049999999938e-01 1.454936861991882324e+00
3.785709680000000077e-01 1.646911978721618652e+00
3.814017869999999921e-01 1.394819021224975586e+00
3.842326620000000026e-01 1.289508938789367676e+00
3.870635940000000108e-01 1.446158766746520996e+00
3.898945819999999896e-01 1.597566008567810059e+00
3.927256259999999943e-01 1.416260957717895508e+00
3.955567260000000251e-01 1.438758969306945801e+00
3.983878829999999982e-01 1.827010869979858398e+00
4.012190950000000256e-01 2.285644054412841797e+00
4.040503639999999952e-01 2.260541915893554688e+00
4.068816900000000181e-01 2.233184576034545898e+00
4.097130709999999842e-01 2.296336174011230469e+00
4.125445090000000037e-01 2.381024122238159180e+00
4.153760029999999936e-01 2.397880554199218750e+00
4.182075530000000096e-01 2.336133480072021484e+00
4.210391589999999962e-01 2.366635322570800781e+00
4.238708219999999804e-01 2.311595201492309570e+00
4.267025409999999908e-01 2.262546062469482422e+00
4.295343160000000271e-01 2.057693719863891602e+00
4.323661469999999785e-01 2.191209077835083008e+00
4.351980349999999831e-01 2.412407398223876953e+00
4.380299790000000137e-01 2.436186552047729492e+00
4.408619790000000149e-01 2.519042968750000000e+00
4.436940349999999866e-01 2.655602455139160156e+00
4.465261480000000116e-01 2.679405689239501953e+00
4.493583170000000071e-01 2.841647386550903320e+00
4.521905419999999731e-01 2.860853433609008789e+00
4.550228230000000207e-01 2.827769517898559570e+00
4.578551610000000105e-01 2.883450984954833984e+00
4.606875550000000263e-01 2.908952713012695312e+00
4.635200050000000127e-01 2.952530622482299805e+00
4.663525110000000251e-01 2.881516933441162109e+00
4.691850739999999798e-01 2.891920089721679688e+00
4.720176919999999887e-01 2.917019367218017578e+00
4.748503669999999954e-01 2.976768732070922852e+00
4.776830989999999999e-01 3.007700920104980469e+00
4.805158860000000032e-01 3.071190834045410156e+00
4.833487300000000042e-01 3.033486366271972656e+00
4.861816299999999758e-01 2.802247524261474609e+00
4.890145859999999733e-01 2.924033641815185547e+00
4.918475979999999970e-01 2.995417594909667969e+00
4.946806670000000183e-01 3.075325965881347656e+00
4.975137920000000102e-01 3.085052013397216797e+00
5.003469729999999727e-01 2.999667882919311523e+00
5.031802100000000166e-01 2.982167720794677734e+00
5.060135040000000028e-01 3.087754726409912109e+00
5.088468539999999596e-01 3.101891756057739258e+00
5.116802599999999979e-01 3.138474941253662109e+00
5.145137220000000067e-01 3.060790538787841797e+00
5.173472409999999577e-01 2.902681112289428711e+00
5.201808159999999903e-01 3.037221670150756836e+00
5.230144469999999934e-01 3.175775289535522461e+00
5.258481339999999671e-01 3.173493862152099609e+00
5.286818779999999940e-01 3.225635290145874023e+00
5.315156779999999914e-01 3.332403898239135742e+00
5.343495339999999594e-01 3.324611902236938477e+00
5.371834460000000089e-01 3.368571043014526367e+00
5.400174150000000006e-01 3.303248643875122070e+00
5.428514389999999912e-01 3.329511642456054688e+00
5.456855200000000350e-01 3.394193649291992188e+00
5.485196580000000210e-01 3.407825469970703125e+00
5.513538510000000059e-01 3.435777425765991211e+00
5.541881010000000440e-01 3.468138933181762695e+00
5.570224070000000527e-01 3.433161020278930664e+00
5.598567690000000319e-01 3.389161348342895508e+00
5.626911869999999816e-01 3.434218645095825195e+00
5.655256619999999845e-01 3.440309286117553711e+00
5.683601929999999580e-01 3.400933027267456055e+00
5.711947800000000131e-01 3.363557577133178711e+00
5.740294230000000386e-01 3.407449007034301758e+00
5.768641230000000064e-01 3.390596389770507812e+00
5.796988789999999447e-01 3.397417783737182617e+00
5.825336909999999646e-01 3.483690500259399414e+00
5.853685589999999550e-01 3.437980651855468750e+00
5.882034839999999987e-01 3.218681573867797852e+00
5.910384650000000129e-01 3.090877056121826172e+00
5.938735019999999976e-01 3.153578281402587891e+00
5.967085949999999528e-01 3.144448280334472656e+00
5.995437449999999613e-01 3.124133825302124023e+00
6.023789510000000513e-01 3.094499111175537109e+00
6.052142130000000009e-01 3.107206344604492188e+00
6.080495310000000320e-01 3.058072090148925781e+00
6.108849060000000053e-01 2.977075099945068359e+00
6.137203359999999774e-01 2.886332273483276367e+00
6.165558230000000028e-01 2.858637332916259766e+00
6.193913669999999705e-01 2.939190387725830078e+00
6.222269660000000480e-01 2.929416656494140625e+00
6.250626219999999567e-01 2.862089633941650391e+00
6.278983339999999469e-01 2.785672903060913086e+00
6.307341020000000187e-01 2.766875982284545898e+00
6.335699259999999500e-01 2.808765888214111328e+00
6.364058070000000455e-01 2.836653232574462891e+00
6.392417440000000006e-01 2.845494508743286133e+00
6.420777370000000372e-01 2.810567617416381836e+00
6.449137860000000444e-01 2.776747941970825195e+00
6.477498919999999938e-01 2.646023273468017578e+00
6.505860540000000247e-01 2.641970634460449219e+00
6.534222720000000262e-01 2.639402151107788086e+00
6.562585459999999982e-01 2.429139137268066406e+00
6.590948770000000234e-01 2.550001621246337891e+00
6.619312640000000192e-01 2.617309808731079102e+00
6.647677069999999855e-01 2.588694095611572266e+00
6.676042060000000333e-01 2.579854488372802734e+00
6.704407620000000234e-01 2.548948287963867188e+00
6.732773739999999840e-01 2.527449131011962891e+00
6.761140420000000262e-01 2.512715339660644531e+00
6.789507660000000389e-01 2.497269153594970703e+00
6.817875469999999938e-01 2.478487730026245117e+00
6.846243829999999475e-01 2.386539697647094727e+00
6.874612759999999545e-01 2.003229856491088867e+00
6.902982260000000148e-01 2.032579183578491211e+00
6.931352309999999628e-01 2.080023288726806641e+00
6.959722929999999641e-01 2.099598884582519531e+00
6.988094110000000470e-01 2.085007190704345703e+00
7.016465849999999893e-01 1.973116874694824219e+00
7.044838150000000132e-01 1.981258034706115723e+00
7.073211019999999793e-01 1.951839327812194824e+00
7.101584450000000270e-01 1.892488002777099609e+00
7.129958440000000452e-01 1.790085315704345703e+00
7.158332990000000340e-01 1.522416114807128906e+00
7.186708109999999650e-01 1.115126729011535645e+00
7.215083789999999775e-01 1.143527269363403320e+00
7.243460029999999605e-01 1.053416013717651367e+00
7.271836830000000251e-01 9.607191681861877441e-01
7.300214200000000320e-01 8.990766406059265137e-01
7.328592130000000093e-01 9.224836230278015137e-01
7.356970619999999572e-01 9.262639880180358887e-01
7.385349669999999866e-01 8.985234498977661133e-01
7.413729289999999583e-01 9.003636837005615234e-01
7.442109470000000115e-01 9.145559668540954590e-01
7.470490210000000353e-01 9.132343530654907227e-01
7.498871510000000296e-01 8.986111283302307129e-01
7.527253379999999661e-01 8.934106230735778809e-01
7.555635800000000124e-01 8.793715238571166992e-01
7.584018790000000010e-01 7.158355712890625000e-01
7.612402350000000428e-01 3.357751965522766113e-01
7.640786459999999725e-01 4.110927283763885498e-01
7.669171139999999554e-01 6.651909947395324707e-01
7.697556380000000198e-01 8.146552443504333496e-01
7.725942180000000548e-01 8.391705751419067383e-01
7.754328539999999492e-01 8.430414199829101562e-01
7.782715470000000080e-01 8.513011336326599121e-01
7.811102960000000373e-01 8.489060401916503906e-01
7.839491010000000371e-01 8.538549542427062988e-01
7.867879620000000074e-01 8.416008949279785156e-01
7.896268800000000310e-01 8.206221461296081543e-01
7.924658540000000251e-01 8.179544806480407715e-01
7.953048839999999897e-01 8.233547210693359375e-01
7.981439700000000359e-01 8.362047076225280762e-01
8.009831130000000243e-01 8.325680494308471680e-01
8.038223119999999833e-01 8.295442461967468262e-01
8.066615670000000238e-01 8.518127799034118652e-01
8.095008780000000348e-01 8.121618628501892090e-01
8.123402459999999881e-01 7.242832779884338379e-01
8.151796700000000229e-01 5.893229842185974121e-01
8.180191500000000282e-01 5.626301765441894531e-01
8.208586860000000041e-01 5.962142944335937500e-01
8.236982790000000332e-01 5.568324923515319824e-01
8.265379269999999501e-01 5.704335570335388184e-01
8.293776320000000313e-01 5.092596411705017090e-01
8.322173940000000547e-01 4.892432987689971924e-01
8.350572109999999659e-01 4.940403401851654053e-01
8.378970850000000414e-01 5.075844526290893555e-01
8.407370149999999764e-01 5.099014043807983398e-01
8.435770009999999930e-01 5.013190507888793945e-01
8.464170429999999801e-01 5.012053847312927246e-01
8.492571420000000204e-01 4.731651544570922852e-01
8.520972970000000313e-01 4.536385536193847656e-01
8.549375080000000127e-01 4.282180666923522949e-01
8.577777749999999646e-01 4.587979614734649658e-01
8.606180989999999698e-01 4.468739330768585205e-01
8.634584789999999455e-01 4.391666352748870850e-01
8.662989150000000027e-01 4.044578671455383301e-01
8.691394070000000305e-01 4.169515073299407959e-01
8.719799560000000005e-01 4.117253720760345459e-01
8.748205610000000521e-01 4.083365499973297119e-01
8.776612219999999631e-01 3.913365006446838379e-01
8.805019389999999557e-01 3.764570653438568115e-01
8.833427130000000016e-01 3.740958273410797119e-01
8.861835430000000180e-01 3.532287776470184326e-01
8.890244290000000049e-01 3.477190434932708740e-01
8.918653709999999624e-01 3.279452919960021973e-01
8.947063699999999731e-01 2.776219844818115234e-01
8.975474239999999826e-01 2.242330610752105713e-01
9.003885350000000454e-01 1.986669749021530151e-01
9.032297030000000504e-01 2.287317067384719849e-01
9.060709260000000542e-01 2.262147217988967896e-01
9.089122060000000003e-01 1.806349903345108032e-01
9.117535420000000279e-01 1.845863759517669678e-01
9.145949340000000261e-01 1.656193733215332031e-01
9.174363819999999947e-01 1.698711365461349487e-01
9.202778870000000166e-01 1.949078142642974854e-01
9.231194480000000091e-01 1.851720511913299561e-01
9.259610649999999721e-01 1.676743775606155396e-01
9.288027380000000166e-01 1.200848668813705444e-01
9.316444680000000034e-01 6.438198685646057129e-02
9.344862539999999607e-01 4.149009287357330322e-02
9.373280959999999995e-01 4.241463914513587952e-02
9.401699940000000089e-01 6.337821483612060547e-02
9.430119489999999605e-01 5.305832251906394958e-02
9.458539599999999936e-01 4.773826897144317627e-02
9.486960269999999973e-01 5.411604046821594238e-02
9.515381499999999715e-01 5.418268963694572449e-02
9.543803299999999989e-01 5.536947026848793030e-02
9.572225659999999969e-01 5.547655746340751648e-02
9.600648579999999654e-01 6.345719099044799805e-02
9.629072060000000155e-01 7.589419186115264893e-02
9.657496110000000078e-01 7.767284661531448364e-02
9.685920709999999989e-01 1.027547046542167664e-01
9.714345880000000433e-01 1.088062450289726257e-01
9.742771620000000299e-01 9.417898952960968018e-02
9.771197910000000153e-01 9.781029075384140015e-02
9.799624770000000540e-01 1.059395596385002136e-01
9.828052189999999522e-01 1.112030968070030212e-01
9.856480170000000429e-01 1.237863302230834961e-01
9.884908709999999932e-01 1.261313110589981079e-01
9.913337819999999967e-01 1.297298073768615723e-01
9.941767489999999707e-01 1.303126364946365356e-01
9.970197720000000263e-01 1.370991617441177368e-01
9.998628510000000524e-01 1.308428943157196045e-01
1.002705986999999910e+00 1.233724206686019897e-01
1.005549178999999960e+00 1.261662542819976807e-01
1.008392426999999980e+00 1.306942850351333618e-01
1.011235730999999971e+00 1.303350031375885010e-01
1.014079092000000015e+00 1.257366240024566650e-01
1.016922509000000030e+00 1.292452514171600342e-01
1.019765982000000015e+00 1.321450769901275635e-01
1.022609510999999971e+00 1.294332891702651978e-01
1.025453096999999980e+00 1.402646452188491821e-01
1.028296738999999960e+00 1.350413262844085693e-01
1.031140436999999910e+00 1.335370242595672607e-01
1.033984191000000052e+00 1.416956484317779541e-01
1.036828002000000026e+00 1.455892175436019897e-01
1.039671868000000110e+00 1.372176855802536011e-01
1.042515791000000025e+00 1.433676779270172119e-01
1.045359770999999993e+00 1.479801088571548462e-01
