3.615872339999999796e-01 1.275818228721618652e+00
3.644177160000000026e-01 1.471873164176940918e+00
3.672482539999999962e-01 1.585965156555175781e+00
3.700788480000000158e-01 1.592660069465637207e+00
3.729094980000000059e-01 1.419503331184387207e+00
3.757402049999999938e-01 1.525885820388793945e+00
3.785709680000000077e-01 1.662991523742675781e+00
3.814017869999999921e-01 1.458529353141784668e+00
3.842326620000000026e-01 1.334393143653869629e+00
3.870635940000000108e-01 1.459896206855773926e+00
3.898945819999999896e-01 1.640733003616333008e+00
3.927256259999999943e-01 1.442587018013000488e+00
3.955567260000000251e-01 1.478128910064697266e+00
3.983878829999999982e-01 1.862635493278503418e+00
4.012190950000000256e-01 2.312933444976806641e+00
4.040503639999999952e-01 2.306931972503662109e+00
4.068816900000000181e-01 2.276616334915161133e+00
4.097130709999999842e-01 2.338129997253417969e+00
4.125445090000000037e-01 2.427739381790161133e+00
4.153760029999999936e-01 2.430126428604125977e+00
4.182075530000000096e-01 2.381776809692382812e+00
4.210391589999999962e-01 2.407633304595947266e+00
4.238708219999999804e-01 2.330555677413940430e+00
4.267025409999999908e-01 2.310729503631591797e+00
4.295343160000000271e-01 2.093247413635253906e+00
4.323661469999999785e-01 2.244088411331176758e+00
4.351980349999999831e-01 2.456323385238647461e+00
4.380299790000000137e-01 2.481150150299072266e+00
4.408619790000000149e-01 2.558592557907104492e+00
4.436940349999999866e-01 2.707502603530883789e+00
4.465261480000000116e-01 2.745517730712890625e+00
4.493583170000000071e-01 2.895441293716430664e+00
4.521905419999999731e-01 2.928710937500000000e+00
4.550228230000000207e-01 2.888697147369384766e+00
4.578551610000000105e-01 2.951614856719970703e+00
4.606875550000000263e-01 2.973672389984130859e+00
4.635200050000000127e-01 3.019659042358398438e+00
4.663525110000000251e-01 2.955467462539672852e+00
4.691850739999999798e-01 2.948695898056030273e+00
4.720176919999999887e-01 2.989303350448608398e+00
4.748503669999999954e-01 3.038778543472290039e+00
4.776830989999999999e-01 3.064769744873046875e+00
4.805158860000000032e-01 3.124808788299560547e+00
4.833487300000000042e-01 3.103562116622924805e+00
4.861816299999999758e-01 2.863170385360717773e+00
4.890145859999999733e-01 2.987950563430786133e+00
4.918475979999999970e-01 3.074389219284057617e+00
4.946806670000000183e-01 3.123430252075195312e+00
4.975137920000000102e-01 3.149653911590576172e+00
5.003469729999999727e-01 3.072487831115722656e+00
5.031802100000000166e-01 3.059231281280517578e+00
5.060135040000000028e-01 3.147938728332519531e+00
5.088468539999999596e-01 3.169692516326904297e+00
5.116802599999999979e-01 3.201624393463134766e+00
5.145137220000000067e-01 3.131095409393310547e+00
5.173472409999999577e-01 2.957638740539550781e+00
5.201808159999999903e-01 3.091572523117065430e+00
5.230144469999999934e-01 3.232350111007690430e+00
5.258481339999999671e-01 3.235019207000732422e+00
5.286818779999999940e-01 3.282099246978759766e+00
5.315156779999999914e-01 3.398394107818603516e+00
5.343495339999999594e-01 3.381644964218139648e+00
5.371834460000000089e-01 3.429867267608642578e+00
5.400174150000000006e-01 3.363978624343872070e+00
5.428514389999999912e-01 3.391315221786499023e+00
5.456855200000000350e-01 3.464163064956665039e+00
5.485196580000000210e-01 3.464429855346679688e+00
5.513538510000000059e-01 3.504822254180908203e+00
5.541881010000000440e-01 3.529060840606689453e+00
5.570224070000000527e-01 3.498346805572509766e+00
5.598567690000000319e-01 3.448017120361328125e+00
5.626911869999999816e-01 3.500979661941528320e+00
5.655256619999999845e-01 3.495865106582641602e+00
5.683601929999999580e-01 3.461222648620605469e+00
5.711947800000000131e-01 3.432379961013793945e+00
5.740294230000000386e-01 3.475549221038818359e+00
5.768641230000000064e-01 3.442070007324218750e+00
5.796988789999999447e-01 3.469143867492675781e+00
5.825336909999999646e-01 3.534848213195800781e+00
5.853685589999999550e-01 3.504363059997558594e+00
5.882034839999999987e-01 3.283204317092895508e+00
5.910384650000000129e-01 3.140249729156494141e+00
5.938735019999999976e-01 3.210868358612060547e+00
5.967085949999999528e-01 3.200972318649291992e+00
5.995437449999999613e-01 3.169411182403564453e+00
6.023789510000000513e-01 3.137840747833251953e+00
6.052142130000000009e-01 3.156569957733154297e+00
6.080495310000000320e-01 3.103933334350585938e+00
6.108849060000000053e-01 2.981941938400268555e+00
6.137203359999999774e-01 2.932443857192993164e+00
6.165558230000000028e-01 2.898188829421997070e+00
6.193913669999999705e-01 2.983860254287719727e+00
6.222269660000000480e-01 2.967267751693725586e+00
6.250626219999999567e-01 2.897713661193847656e+00
6.278983339999999469e-01 2.832128286361694336e+00
6.307341020000000187e-01 2.806912422180175781e+00
6.335699259999999500e-01 2.846093416213989258e+00
6.364058070000000455e-01 2.873138666152954102e+00
6.392417440000000006e-01 2.883314132690429688e+00
6.420777370000000372e-01 2.853066921234130859e+00
6.449137860000000444e-01 2.822490692138671875e+00
6.477498919999999938e-01 2.690521001815795898e+00
6.505860540000000247e-01 2.683815956115722656e+00
6.534222720000000262e-01 2.681894779205322266e+00
6.562585459999999982e-01 2.460991144180297852e+00
6.590948770000000234e-01 2.578092813491821289e+00
6.619312640000000192e-01 2.652077436447143555e+00
6.647677069999999855e-01 2.636668205261230469e+00
6.676042060000000333e-01 2.611466169357299805e+00
6.704407620000000234e-01 2.581242561340332031e+00
6.732773739999999840e-01 2.562212705612182617e+00
6.761140420000000262e-01 2.545626401901245117e+00
6.789507660000000389e-01 2.528551340103149414e+00
6.817875469999999938e-01 2.502563238143920898e+00
6.846243829999999475e-01 2.409812927246093750e+00
6.874612759999999545e-01 2.025394201278686523e+00
6.902982260000000148e-01 2.062923908233642578e+00
6.931352309999999628e-01 2.106355428695678711e+00
6.959722929999999641e-01 2.131973266601562500e+00
6.988094110000000470e-01 2.108884572982788086e+00
7.016465849999999893e-01 2.002043962478637695e+00
7.044838150000000132e-01 2.012159347534179688e+00
7.073211019999999793e-01 1.978000402450561523e+00
7.101584450000000270e-01 1.916454553604125977e+00
7.129958440000000452e-01 1.815720677375793457e+00
7.158332990000000340e-01 1.541650414466857910e+00
7.186708109999999650e-01 1.129230141639709473e+00
7.215083789999999775e-01 1.167762994766235352e+00
7.243460029999999605e-01 1.076351761817932129e+00
7.271836830000000251e-01 9.858464598655700684e-01
7.300214200000000320e-01 9.277032613754272461e-01
7.328592130000000093e-01 9.510230422019958496e-01
7.356970619999999572e-01 9.588499069213867188e-01
7.385349669999999866e-01 9.369544982910156250e-01
7.413729289999999583e-01 9.386615753173828125e-01
7.442109470000000115e-01 9.555921554565429688e-01
7.470490210000000353e-01 9.517058134078979492e-01
7.498871510000000296e-01 9.394019842147827148e-01
7.527253379999999661e-01 9.278805851936340332e-01
7.555635800000000124e-01 9.216745495796203613e-01
7.584018790000000010e-01 7.542841434478759766e-01
7.612402350000000428e-01 3.524894714355468750e-01
7.640786459999999725e-01 4.288216531276702881e-01
7.669171139999999554e-01 7.002230286598205566e-01
7.697556380000000198e-01 8.512712121009826660e-01
7.725942180000000548e-01 8.762323260307312012e-01
7.754328539999999492e-01 8.897088766098022461e-01
7.782715470000000080e-01 8.899793624877929688e-01
7.811102960000000373e-01 8.904983401298522949e-01
7.839491010000000371e-01 8.868159651756286621e-01
7.867879620000000074e-01 8.777812719345092773e-01
7.896268800000000310e-01 8.478764295578002930e-01
7.924658540000000251e-01 8.517140150070190430e-01
7.953048839999999897e-01 8.621978163719177246e-01
7.981439700000000359e-01 8.722141385078430176e-01
8.009831130000000243e-01 8.618584871292114258e-01
8.038223119999999833e-01 8.648265004158020020e-01
8.066615670000000238e-01 8.789165019989013672e-01
8.095008780000000348e-01 8.431450724601745605e-01
8.123402459999999881e-01 7.527655959129333496e-01
8.151796700000000229e-01 6.156968474388122559e-01
8.180191500000000282e-01 5.847094655036926270e-01
8.208586860000000041e-01 6.243476867675781250e-01
8.236982790000000332e-01 5.806129574775695801e-01
8.265379269999999501e-01 6.001283526420593262e-01
8.293776320000000313e-01 5.363626480102539062e-01
8.322173940000000547e-01 5.213512778282165527e-01
8.350572109999999659e-01 5.335074067115783691e-01
8.378970850000000414e-01 5.450587272644042969e-01
8.407370149999999764e-01 5.512569546699523926e-01
8.435770009999999930e-01 5.422570705413818359e-01
8.464170429999999801e-01 5.429773330688476562e-01
8.492571420000000204e-01 5.114274621009826660e-01
8.520972970000000313e-01 4.932554364204406738e-01
8.549375080000000127e-01 4.723263382911682129e-01
8.577777749999999646e-01 5.009757280349731445e-01
8.606180989999999698e-01 4.937543272972106934e-01
8.634584789999999455e-01 4.819664657115936279e-01
8.662989150000000027e-01 4.443680047988891602e-01
8.691394070000000305e-01 4.606380462646484375e-01
8.719799560000000005e-01 4.587548375129699707e-01
8.748205610000000521e-01 4.401680231094360352e-01
8.776612219999999631e-01 4.281501471996307373e-01
8.805019389999999557e-01 4.191608130931854248e-01
8.833427130000000016e-01 4.113290309906005859e-01
8.861835430000000180e-01 4.017156064510345459e-01
8.890244290000000049e-01 3.890706598758697510e-01
8.918653709999999624e-01 3.747677803039550781e-01
8.947063699999999731e-01 3.130663335323333740e-01
8.975474239999999826e-01 2.510338127613067627e-01
9.003885350000000454e-01 2.240537852048873901e-01
9.032297030000000504e-01 2.557608485221862793e-01
9.060709260000000542e-01 2.569265067577362061e-01
9.089122060000000003e-01 2.087608575820922852e-01
9.117535420000000279e-01 2.104756534099578857e-01
9.145949340000000261e-01 1.939089447259902954e-01
9.174363819999999947e-01 1.973979771137237549e-01
9.202778870000000166e-01 2.268063277006149292e-01
9.231194480000000091e-01 2.146417647600173950e-01
9.259610649999999721e-01 1.942298859357833862e-01
9.288027380000000166e-01 1.379572302103042603e-01
9.316444680000000034e-01 7.326946407556533813e-02
9.344862539999999607e-01 4.458842799067497253e-02
9.373280959999999995e-01 4.693295061588287354e-02
9.401699940000000089e-01 7.525673508644104004e-02
9.430119489999999605e-01 6.344533711671829224e-02
9.458539599999999936e-01 5.578310787677764893e-02
9.486960269999999973e-01 6.235428526997566223e-02
9.515381499999999715e-01 6.730280071496963501e-02
9.543803299999999989e-01 6.354539096355438232e-02
9.572225659999999969e-01 7.544808089733123779e-02
9.600648579999999654e-01 7.490053027868270874e-02
9.629072060000000155e-01 9.028252214193344116e-02
9.657496110000000078e-01 9.593342244625091553e-02
9.685920709999999989e-01 1.240318566560745239e-01
9.714345880000000433e-01 1.398195773363113403e-01
9.742771620000000299e-01 1.201052516698837280e-01
9.771197910000000153e-01 1.261227279901504517e-01
9.799624770000000540e-01 1.347138583660125732e-01
9.828052189999999522e-01 1.449030637741088867e-01
9.856480170000000429e-01 1.598797738552093506e-01
9.884908709999999932e-01 1.687827855348587036e-01
9.913337819999999967e-01 1.686443388462066650e-01
9.941767489999999707e-01 1.696586310863494873e-01
9.970197720000000263e-01 1.734578162431716919e-01
9.998628510000000524e-01 1.671286821365356445e-01
1.002705986999999910e+00 1.623931676149368286e-01
1.005549178999999960e+00 1.640064567327499390e-01
1.008392426999999980e+00 1.634489744901657104e-01
1.011235730999999971e+00 1.703492701053619385e-01
1.014079092000000015e+00 1.691781729459762573e-01
1.016922509000000030e+00 1.703952699899673462e-01
1.019765982000000015e+00 1.632010191679000854e-01
1.022609510999999971e+00 1.732831299304962158e-01
1.025453096999999980e+00 1.739796698093414307e-01
1.028296738999999960e+00 1.716022938489913940e-01
1.031140436999999910e+00 1.770627200603485107e-01
1.033984191000000052e+00 1.766015291213989258e-01
1.036828002000000026e+00 1.683424711227416992e-01
1.039671868000000110e+00 1.734140217304229736e-01
1.042515791000000025e+00 1.804563552141189575e-01
1.045359770999999993e+00 1.885730922222137451e-01
