3.615872339999999796e-01 1.273424029350280762e+00
3.644177160000000026e-01 1.426427125930786133e+00
3.672482539999999962e-01 1.556947708129882812e+00
3.700788480000000158e-01 1.566858291625976562e+00
3.729094980000000059e-01 1.398945808410644531e+00
3.757402049999999938e-01 1.469511270523071289e+00
3.785709680000000077e-01 1.652687072753906250e+00
3.814017869999999921e-01 1.378906488418579102e+00
3.842326620000000026e-01 1.263873338699340820e+00
3.870635940000000108e-01 1.420719861984252930e+00
3.898945819999999896e-01 1.594341039657592773e+00
3.927256259999999943e-01 1.382968425750732422e+00
3.955567260000000251e-01 1.416890382766723633e+00
3.983878829999999982e-01 1.794127583503723145e+00
4.012190950000000256e-01 2.238502264022827148e+00
4.040503639999999952e-01 2.224352836608886719e+00
4.068816900000000181e-01 2.173464536666870117e+00
4.097130709999999842e-01 2.239111661911010742e+00
4.125445090000000037e-01 2.295578241348266602e+00
4.153760029999999936e-01 2.328998327255249023e+00
4.182075530000000096e-01 2.278636693954467773e+00
4.210391589999999962e-01 2.275441408157348633e+00
4.238708219999999804e-01 2.236957788467407227e+00
4.267025409999999908e-01 2.192774534225463867e+00
4.295343160000000271e-01 1.982403278350830078e+00
4.323661469999999785e-01 2.103231906890869141e+00
4.351980349999999831e-01 2.305776834487915039e+00
4.380299790000000137e-01 2.321658372879028320e+00
4.408619790000000149e-01 2.413579225540161133e+00
4.436940349999999866e-01 2.542934894561767578e+00
4.465261480000000116e-01 2.566500663757324219e+00
4.493583170000000071e-01 2.727055072784423828e+00
4.521905419999999731e-01 2.737859725952148438e+00
4.550228230000000207e-01 2.701455354690551758e+00
4.578551610000000105e-01 2.766088247299194336e+00
4.606875550000000263e-01 2.786045312881469727e+00
4.635200050000000127e-01 2.808724880218505859e+00
4.663525110000000251e-01 2.761593103408813477e+00
4.691850739999999798e-01 2.748295307159423828e+00
4.720176919999999887e-01 2.776601314544677734e+00
4.748503669999999954e-01 2.823481798171997070e+00
4.776830989999999999e-01 2.842147827148437500e+00
4.805158860000000032e-01 2.904587268829345703e+00
4.833487300000000042e-01 2.894462585449218750e+00
4.861816299999999758e-01 2.661058664321899414e+00
4.890145859999999733e-01 2.771759271621704102e+00
4.918475979999999970e-01 2.858697891235351562e+00
4.946806670000000183e-01 2.910151720046997070e+00
4.975137920000000102e-01 2.914656162261962891e+00
5.003469729999999727e-01 2.841249942779541016e+00
5.031802100000000166e-01 2.837039709091186523e+00
5.060135040000000028e-01 2.902135372161865234e+00
5.088468539999999596e-01 2.927232742309570312e+00
5.116802599999999979e-01 2.948212623596191406e+00
5.145137220000000067e-01 2.887365818023681641e+00
5.173472409999999577e-01 2.732665300369262695e+00
5.201808159999999903e-01 2.853165864944458008e+00
5.230144469999999934e-01 2.983299493789672852e+00
5.258481339999999671e-01 2.985304594039916992e+00
5.286818779999999940e-01 3.015240907669067383e+00
5.315156779999999914e-01 3.126434326171875000e+00
5.343495339999999594e-01 3.109377861022949219e+00
5.371834460000000089e-01 3.147833347320556641e+00
5.400174150000000006e-01 3.088695049285888672e+00
5.428514389999999912e-01 3.119686603546142578e+00
5.456855200000000350e-01 3.171758174896240234e+00
5.485196580000000210e-01 3.186901569366455078e+00
5.513538510000000059e-01 3.196941852569580078e+00
5.541881010000000440e-01 3.237450122833251953e+00
5.570224070000000527e-01 3.199143648147583008e+00
5.598567690000000319e-01 3.156535387039184570e+00
5.626911869999999816e-01 3.206831455230712891e+00
5.655256619999999845e-01 3.195387363433837891e+00
5.683601929999999580e-01 3.173427581787109375e+00
5.711947800000000131e-01 3.132900714874267578e+00
5.740294230000000386e-01 3.187608003616333008e+00
5.768641230000000064e-01 3.145261526107788086e+00
5.796988789999999447e-01 3.162823915481567383e+00
5.825336909999999646e-01 3.222562074661254883e+00
5.853685589999999550e-01 3.181859970092773438e+00
5.882034839999999987e-01 2.967437505722045898e+00
5.910384650000000129e-01 2.826073884963989258e+00
5.938735019999999976e-01 2.873919010162353516e+00
5.967085949999999528e-01 2.852559804916381836e+00
5.995437449999999613e-01 2.811584711074829102e+00
6.023789510000000513e-01 2.768432617187500000e+00
6.052142130000000009e-01 2.793774604797363281e+00
6.080495310000000320e-01 2.749560117721557617e+00
6.108849060000000053e-01 2.563919782638549805e+00
6.137203359999999774e-01 2.507770776748657227e+00
6.165558230000000028e-01 2.525783061981201172e+00
6.193913669999999705e-01 2.596897125244140625e+00
6.222269660000000480e-01 2.585558652877807617e+00
6.250626219999999567e-01 2.516151428222656250e+00
6.278983339999999469e-01 2.456038713455200195e+00
6.307341020000000187e-01 2.430711269378662109e+00
6.335699259999999500e-01 2.461304903030395508e+00
6.364058070000000455e-01 2.483311891555786133e+00
6.392417440000000006e-01 2.484643697738647461e+00
6.420777370000000372e-01 2.451009988784790039e+00
6.449137860000000444e-01 2.420717000961303711e+00
6.477498919999999938e-01 2.305918216705322266e+00
6.505860540000000247e-01 2.296311140060424805e+00
6.534222720000000262e-01 2.285692214965820312e+00
6.562585459999999982e-01 2.085967063903808594e+00
6.590948770000000234e-01 2.189936161041259766e+00
6.619312640000000192e-01 2.240388631820678711e+00
6.647677069999999855e-01 2.221730470657348633e+00
6.676042060000000333e-01 2.203737258911132812e+00
6.704407620000000234e-01 2.183201551437377930e+00
6.732773739999999840e-01 2.156507253646850586e+00
6.761140420000000262e-01 2.137897491455078125e+00
6.789507660000000389e-01 2.120624542236328125e+00
6.817875469999999938e-01 2.099546670913696289e+00
6.846243829999999475e-01 2.027444839477539062e+00
6.874612759999999545e-01 1.681960582733154297e+00
6.902982260000000148e-01 1.690926074981689453e+00
6.931352309999999628e-01 1.723353147506713867e+00
6.959722929999999641e-01 1.734780788421630859e+00
6.988094110000000470e-01 1.709340333938598633e+00
7.016465849999999893e-01 1.605040311813354492e+00
7.044838150000000132e-01 1.597978115081787109e+00
7.073211019999999793e-01 1.554823160171508789e+00
7.101584450000000270e-01 1.494924187660217285e+00
7.129958440000000452e-01 1.394691228866577148e+00
7.158332990000000340e-01 1.188980340957641602e+00
7.186708109999999650e-01 8.466148376464843750e-01
7.215083789999999775e-01 8.711345791816711426e-01
7.243460029999999605e-01 7.994856834411621094e-01
7.271836830000000251e-01 7.156091332435607910e-01
7.300214200000000320e-01 6.668213009834289551e-01
7.328592130000000093e-01 6.824874877929687500e-01
7.356970619999999572e-01 6.786562204360961914e-01
7.385349669999999866e-01 6.594946980476379395e-01
7.413729289999999583e-01 6.559247374534606934e-01
7.442109470000000115e-01 6.667956113815307617e-01
7.470490210000000353e-01 6.655825376510620117e-01
7.498871510000000296e-01 6.562350392341613770e-01
7.527253379999999661e-01 6.429270505905151367e-01
7.555635800000000124e-01 6.427363157272338867e-01
7.584018790000000010e-01 5.353671908378601074e-01
7.612402350000000428e-01 2.413568198680877686e-01
7.640786459999999725e-01 2.933165431022644043e-01
7.669171139999999554e-01 4.739854335784912109e-01
7.697556380000000198e-01 5.808507204055786133e-01
7.725942180000000548e-01 6.001430153846740723e-01
7.754328539999999492e-01 6.058579087257385254e-01
7.782715470000000080e-01 6.073265075683593750e-01
7.811102960000000373e-01 6.019340157508850098e-01
7.839491010000000371e-01 6.016027927398681641e-01
7.867879620000000074e-01 6.005263328552246094e-01
7.896268800000000310e-01 5.852159261703491211e-01
7.924658540000000251e-01 5.834873914718627930e-01
7.953048839999999897e-01 5.872901082038879395e-01
7.981439700000000359e-01 5.912356972694396973e-01
8.009831130000000243e-01 5.847759246826171875e-01
8.038223119999999833e-01 5.906864404678344727e-01
8.066615670000000238e-01 5.960098505020141602e-01
8.095008780000000348e-01 5.776922106742858887e-01
8.123402459999999881e-01 5.147672891616821289e-01
8.151796700000000229e-01 4.208797514438629150e-01
8.180191500000000282e-01 3.935758471488952637e-01
8.208586860000000041e-01 4.235689938068389893e-01
8.236982790000000332e-01 3.907836973667144775e-01
8.265379269999999501e-01 4.030012786388397217e-01
8.293776320000000313e-01 3.633615076541900635e-01
8.322173940000000547e-01 3.500463962554931641e-01
8.350572109999999659e-01 3.561737537384033203e-01
8.378970850000000414e-01 3.609251081943511963e-01
8.407370149999999764e-01 3.608306348323822021e-01
8.435770009999999930e-01 3.577384352684020996e-01
8.464170429999999801e-01 3.555470407009124756e-01
8.492571420000000204e-01 3.444614410400390625e-01
8.520972970000000313e-01 3.255110979080200195e-01
8.549375080000000127e-01 3.041418790817260742e-01
8.577777749999999646e-01 3.236814141273498535e-01
8.606180989999999698e-01 3.218917548656463623e-01
8.634584789999999455e-01 3.186659216880798340e-01
8.662989150000000027e-01 2.903325855731964111e-01
8.691394070000000305e-01 2.979826629161834717e-01
8.719799560000000005e-01 2.985379695892333984e-01
8.748205610000000521e-01 2.841015458106994629e-01
8.776612219999999631e-01 2.828938066959381104e-01
8.805019389999999557e-01 2.636333405971527100e-01
8.833427130000000016e-01 2.643000185489654541e-01
8.861835430000000180e-01 2.585398554801940918e-01
8.890244290000000049e-01 2.574982643127441406e-01
8.918653709999999624e-01 2.384635061025619507e-01
8.947063699999999731e-01 2.042897641658782959e-01
8.975474239999999826e-01 1.634058058261871338e-01
9.003885350000000454e-01 1.445977687835693359e-01
9.032297030000000504e-01 1.655009239912033081e-01
9.060709260000000542e-01 1.694185286760330200e-01
9.089122060000000003e-01 1.390747427940368652e-01
9.117535420000000279e-01 1.375504285097122192e-01
9.145949340000000261e-01 1.253740489482879639e-01
9.174363819999999947e-01 1.283294856548309326e-01
9.202778870000000166e-01 1.465222686529159546e-01
9.231194480000000091e-01 1.380076110363006592e-01
9.259610649999999721e-01 1.256220489740371704e-01
9.288027380000000166e-01 9.143507480621337891e-02
9.316444680000000034e-01 5.111115425825119019e-02
9.344862539999999607e-01 2.895259670913219452e-02
9.373280959999999995e-01 3.237442299723625183e-02
9.401699940000000089e-01 5.052710324525833130e-02
9.430119489999999605e-01 4.254193603992462158e-02
9.458539599999999936e-01 3.877262398600578308e-02
9.486960269999999973e-01 4.247956350445747375e-02
9.515381499999999715e-01 4.144513234496116638e-02
9.543803299999999989e-01 4.161402955651283264e-02
9.572225659999999969e-01 4.785980284214019775e-02
9.600648579999999654e-01 4.727716743946075439e-02
9.629072060000000155e-01 5.631926655769348145e-02
9.657496110000000078e-01 6.349062174558639526e-02
9.685920709999999989e-01 8.062051236629486084e-02
9.714345880000000433e-01 8.673659712076187134e-02
9.742771620000000299e-01 7.703515142202377319e-02
9.771197910000000153e-01 8.185327798128128052e-02
9.799624770000000540e-01 8.459116518497467041e-02
9.828052189999999522e-01 9.345837682485580444e-02
9.856480170000000429e-01 9.357934445142745972e-02
9.884908709999999932e-01 9.820993244647979736e-02
9.913337819999999967e-01 1.053656786680221558e-01
9.941767489999999707e-01 1.041596233844757080e-01
9.970197720000000263e-01 1.018118634819984436e-01
9.998628510000000524e-01 1.035302132368087769e-01
1.002705986999999910e+00 1.036604419350624084e-01
1.005549178999999960e+00 9.609248489141464233e-02
1.008392426999999980e+00 1.011310815811157227e-01
1.011235730999999971e+00 1.027229949831962585e-01
1.014079092000000015e+00 1.036536172032356262e-01
1.016922509000000030e+00 1.000227928161621094e-01
1.019765982000000015e+00 1.033216267824172974e-01
1.022609510999999971e+00 1.034497693181037903e-01
1.025453096999999980e+00 1.024599224328994751e-01
1.028296738999999960e+00 1.005145981907844543e-01
1.031140436999999910e+00 1.057248115539550781e-01
1.033984191000000052e+00 1.028655618429183960e-01
1.036828002000000026e+00 1.051064282655715942e-01
1.039671868000000110e+00 1.091440990567207336e-01
1.042515791000000025e+00 9.549821168184280396e-02
1.045359770999999993e+00 1.089058890938758850e-01
