3.615872339999999796e-01 1.296389102935791016e+00
3.644177160000000026e-01 1.437903523445129395e+00
3.672482539999999962e-01 1.587083578109741211e+00
3.700788480000000158e-01 1.545103907585144043e+00
3.729094980000000059e-01 1.438825845718383789e+00
3.757402049999999938e-01 1.493858218193054199e+00
3.785709680000000077e-01 1.678693056106567383e+00
3.814017869999999921e-01 1.415202498435974121e+00
3.842326620000000026e-01 1.303153753280639648e+00
3.870635940000000108e-01 1.436681509017944336e+00
3.898945819999999896e-01 1.605414032936096191e+00
3.927256259999999943e-01 1.421135544776916504e+00
3.955567260000000251e-01 1.462343215942382812e+00
3.983878829999999982e-01 1.832701444625854492e+00
4.012190950000000256e-01 2.284017324447631836e+00
4.040503639999999952e-01 2.272301435470581055e+00
4.068816900000000181e-01 2.231735229492187500e+00
4.097130709999999842e-01 2.270739078521728516e+00
4.125445090000000037e-01 2.376747369766235352e+00
4.153760029999999936e-01 2.379279375076293945e+00
4.182075530000000096e-01 2.340948343276977539e+00
4.210391589999999962e-01 2.352298974990844727e+00
4.238708219999999804e-01 2.312931299209594727e+00
4.267025409999999908e-01 2.253558397293090820e+00
4.295343160000000271e-01 2.058556795120239258e+00
4.323661469999999785e-01 2.186755657196044922e+00
4.351980349999999831e-01 2.405011415481567383e+00
4.380299790000000137e-01 2.411303997039794922e+00
4.408619790000000149e-01 2.495387554168701172e+00
4.436940349999999866e-01 2.654016733169555664e+00
4.465261480000000116e-01 2.657674312591552734e+00
4.493583170000000071e-01 2.824753761291503906e+00
4.521905419999999731e-01 2.844148159027099609e+00
4.550228230000000207e-01 2.816920995712280273e+00
4.578551610000000105e-01 2.892062425613403320e+00
4.606875550000000263e-01 2.913920640945434570e+00
4.635200050000000127e-01 2.926255226135253906e+00
4.663525110000000251e-01 2.880023479461669922e+00
4.691850739999999798e-01 2.874395847320556641e+00
4.720176919999999887e-01 2.921433925628662109e+00
4.748503669999999954e-01 2.957528352737426758e+00
4.776830989999999999e-01 2.971358299255371094e+00
4.805158860000000032e-01 3.058249473571777344e+00
4.833487300000000042e-01 3.028518915176391602e+00
4.861816299999999758e-01 2.794927120208740234e+00
4.890145859999999733e-01 2.921123504638671875e+00
4.918475979999999970e-01 2.998189210891723633e+00
4.946806670000000183e-01 3.060904502868652344e+00
4.975137920000000102e-01 3.064647674560546875e+00
5.003469729999999727e-01 2.991942167282104492e+00
5.031802100000000166e-01 2.970850467681884766e+00
5.060135040000000028e-01 3.060715913772583008e+00
5.088468539999999596e-01 3.081587553024291992e+00
5.116802599999999979e-01 3.124970197677612305e+00
5.145137220000000067e-01 3.058007955551147461e+00
5.173472409999999577e-01 2.893622159957885742e+00
5.201808159999999903e-01 3.032450914382934570e+00
5.230144469999999934e-01 3.159777402877807617e+00
5.258481339999999671e-01 3.169576883316040039e+00
5.286818779999999940e-01 3.197678565979003906e+00
5.315156779999999914e-01 3.307876825332641602e+00
5.343495339999999594e-01 3.304291486740112305e+00
5.371834460000000089e-01 3.345067024230957031e+00
5.400174150000000006e-01 3.287458419799804688e+00
5.428514389999999912e-01 3.313506603240966797e+00
5.456855200000000350e-01 3.372837305068969727e+00
5.485196580000000210e-01 3.386209249496459961e+00
5.513538510000000059e-01 3.413693904876708984e+00
5.541881010000000440e-01 3.447815895080566406e+00
5.570224070000000527e-01 3.401063203811645508e+00
5.598567690000000319e-01 3.363355398178100586e+00
5.626911869999999816e-01 3.426137208938598633e+00
5.655256619999999845e-01 3.404682159423828125e+00
5.683601929999999580e-01 3.385819196701049805e+00
5.711947800000000131e-01 3.349235773086547852e+00
5.740294230000000386e-01 3.402475357055664062e+00
5.768641230000000064e-01 3.362239360809326172e+00
5.796988789999999447e-01 3.385237932205200195e+00
5.825336909999999646e-01 3.460025787353515625e+00
5.853685589999999550e-01 3.428122997283935547e+00
5.882034839999999987e-01 3.181691884994506836e+00
5.910384650000000129e-01 3.055506229400634766e+00
5.938735019999999976e-01 3.120830774307250977e+00
5.967085949999999528e-01 3.111216783523559570e+00
5.995437449999999613e-01 3.076807260513305664e+00
6.023789510000000513e-01 3.033804655075073242e+00
6.052142130000000009e-01 3.055670976638793945e+00
6.080495310000000320e-01 3.009626626968383789e+00
6.108849060000000053e-01 2.923941850662231445e+00
6.137203359999999774e-01 2.848772287368774414e+00
6.165558230000000028e-01 2.810116291046142578e+00
6.193913669999999705e-01 2.885741710662841797e+00
6.222269660000000480e-01 2.867356538772583008e+00
6.250626219999999567e-01 2.805006027221679688e+00
6.278983339999999469e-01 2.741028785705566406e+00
6.307341020000000187e-01 2.711658716201782227e+00
6.335699259999999500e-01 2.751376152038574219e+00
6.364058070000000455e-01 2.780939102172851562e+00
6.392417440000000006e-01 2.795145988464355469e+00
6.420777370000000372e-01 2.755395412445068359e+00
6.449137860000000444e-01 2.717582225799560547e+00
6.477498919999999938e-01 2.598885774612426758e+00
6.505860540000000247e-01 2.587138652801513672e+00
6.534222720000000262e-01 2.582659482955932617e+00
6.562585459999999982e-01 2.370002746582031250e+00
6.590948770000000234e-01 2.488435268402099609e+00
6.619312640000000192e-01 2.552511692047119141e+00
6.647677069999999855e-01 2.531185626983642578e+00
6.676042060000000333e-01 2.504544019699096680e+00
6.704407620000000234e-01 2.484113454818725586e+00
6.732773739999999840e-01 2.459801197052001953e+00
6.761140420000000262e-01 2.441783905029296875e+00
6.789507660000000389e-01 2.432382583618164062e+00
6.817875469999999938e-01 2.410070180892944336e+00
6.846243829999999475e-01 2.317279577255249023e+00
6.874612759999999545e-01 1.938842296600341797e+00
6.902982260000000148e-01 1.979505538940429688e+00
6.931352309999999628e-01 2.017823696136474609e+00
6.959722929999999641e-01 2.029950618743896484e+00
6.988094110000000470e-01 2.013338804244995117e+00
7.016465849999999893e-01 1.903756260871887207e+00
7.044838150000000132e-01 1.899356126785278320e+00
7.073211019999999793e-01 1.865761876106262207e+00
7.101584450000000270e-01 1.806440830230712891e+00
7.129958440000000452e-01 1.708393454551696777e+00
7.158332990000000340e-01 1.444448947906494141e+00
7.186708109999999650e-01 1.053972601890563965e+00
7.215083789999999775e-01 1.085537433624267578e+00
7.243460029999999605e-01 9.950001835823059082e-01
7.271836830000000251e-01 9.049100279808044434e-01
7.300214200000000320e-01 8.498417139053344727e-01
7.328592130000000093e-01 8.652892112731933594e-01
7.356970619999999572e-01 8.609639406204223633e-01
7.385349669999999866e-01 8.374549746513366699e-01
7.413729289999999583e-01 8.374127745628356934e-01
7.442109470000000115e-01 8.532397150993347168e-01
7.470490210000000353e-01 8.563858270645141602e-01
7.498871510000000296e-01 8.394388556480407715e-01
7.527253379999999661e-01 8.325956463813781738e-01
7.555635800000000124e-01 8.249658942222595215e-01
7.584018790000000010e-01 6.811561584472656250e-01
7.612402350000000428e-01 3.192625641822814941e-01
7.640786459999999725e-01 3.884832859039306641e-01
7.669171139999999554e-01 6.204942464828491211e-01
7.697556380000000198e-01 7.576879858970642090e-01
7.725942180000000548e-01 7.902604937553405762e-01
7.754328539999999492e-01 7.891470789909362793e-01
7.782715470000000080e-01 7.917900681495666504e-01
7.811102960000000373e-01 7.968266606330871582e-01
7.839491010000000371e-01 7.950022220611572266e-01
7.867879620000000074e-01 7.827512025833129883e-01
7.896268800000000310e-01 7.634018659591674805e-01
7.924658540000000251e-01 7.678955793380737305e-01
7.953048839999999897e-01 7.738017439842224121e-01
7.981439700000000359e-01 7.834582328796386719e-01
8.009831130000000243e-01 7.767765522003173828e-01
8.038223119999999833e-01 7.767962813377380371e-01
8.066615670000000238e-01 7.901667952537536621e-01
8.095008780000000348e-01 7.637459039688110352e-01
8.123402459999999881e-01 6.812654137611389160e-01
8.151796700000000229e-01 5.593122839927673340e-01
8.180191500000000282e-01 5.325366258621215820e-01
8.208586860000000041e-01 5.657896399497985840e-01
8.236982790000000332e-01 5.135205388069152832e-01
8.265379269999999501e-01 5.365222692489624023e-01
8.293776320000000313e-01 4.762909114360809326e-01
8.322173940000000547e-01 4.595161676406860352e-01
8.350572109999999659e-01 4.638366103172302246e-01
8.378970850000000414e-01 4.796737432479858398e-01
8.407370149999999764e-01 4.772225320339202881e-01
8.435770009999999930e-01 4.733119010925292969e-01
8.464170429999999801e-01 4.698270857334136963e-01
8.492571420000000204e-01 4.482162892818450928e-01
8.520972970000000313e-01 4.306938648223876953e-01
8.549375080000000127e-01 4.109036922454833984e-01
8.577777749999999646e-01 4.325178563594818115e-01
8.606180989999999698e-01 4.251076281070709229e-01
8.634584789999999455e-01 4.201046526432037354e-01
8.662989150000000027e-01 3.791168928146362305e-01
8.691394070000000305e-01 3.989194929599761963e-01
8.719799560000000005e-01 3.924452662467956543e-01
8.748205610000000521e-01 3.806900680065155029e-01
8.776612219999999631e-01 3.677843511104583740e-01
8.805019389999999557e-01 3.575791120529174805e-01
8.833427130000000016e-01 3.517448008060455322e-01
8.861835430000000180e-01 3.399698734283447266e-01
8.890244290000000049e-01 3.351920843124389648e-01
8.918653709999999624e-01 3.120320737361907959e-01
8.947063699999999731e-01 2.653171420097351074e-01
8.975474239999999826e-01 2.125512957572937012e-01
9.003885350000000454e-01 1.902431100606918335e-01
9.032297030000000504e-01 2.231347858905792236e-01
9.060709260000000542e-01 2.222124636173248291e-01
9.089122060000000003e-01 1.824880838394165039e-01
9.117535420000000279e-01 1.800638735294342041e-01
9.145949340000000261e-01 1.649662852287292480e-01
9.174363819999999947e-01 1.648682653903961182e-01
9.202778870000000166e-01 1.912683546543121338e-01
9.231194480000000091e-01 1.806964874267578125e-01
9.259610649999999721e-01 1.635089516639709473e-01
9.288027380000000166e-01 1.182782277464866638e-01
9.316444680000000034e-01 6.658409535884857178e-02
9.344862539999999607e-01 3.990812227129936218e-02
9.373280959999999995e-01 4.264530539512634277e-02
9.401699940000000089e-01 6.642002612352371216e-02
9.430119489999999605e-01 5.869359895586967468e-02
9.458539599999999936e-01 5.376451835036277771e-02
9.486960269999999973e-01 5.450683087110519409e-02
9.515381499999999715e-01 5.715783685445785522e-02
9.543803299999999989e-01 5.744249001145362854e-02
9.572225659999999969e-01 6.484007090330123901e-02
9.600648579999999654e-01 6.320996582508087158e-02
9.629072060000000155e-01 7.577165216207504272e-02
9.657496110000000078e-01 8.427294343709945679e-02
9.685920709999999989e-01 1.043742224574089050e-01
9.714345880000000433e-01 1.097958311438560486e-01
9.742771620000000299e-01 1.031492948532104492e-01
9.771197910000000153e-01 1.015050560235977173e-01
9.799624770000000540e-01 1.082867383956909180e-01
9.828052189999999522e-01 1.196495294570922852e-01
9.856480170000000429e-01 1.263713836669921875e-01
9.884908709999999932e-01 1.324091404676437378e-01
9.913337819999999967e-01 1.321698576211929321e-01
9.941767489999999707e-01 1.376606673002243042e-01
9.970197720000000263e-01 1.352304369211196899e-01
9.998628510000000524e-01 1.336876600980758667e-01
1.002705986999999910e+00 1.330819875001907349e-01
1.005549178999999960e+00 1.307851970195770264e-01
1.008392426999999980e+00 1.303852796554565430e-01
1.011235730999999971e+00 1.365622580051422119e-01
1.014079092000000015e+00 1.353487521409988403e-01
1.016922509000000030e+00 1.413313150405883789e-01
1.019765982000000015e+00 1.414125561714172363e-01
1.022609510999999971e+00 1.425845772027969360e-01
1.025453096999999980e+00 1.365828663110733032e-01
1.028296738999999960e+00 1.468347609043121338e-01
1.031140436999999910e+00 1.349286288022994995e-01
1.033984191000000052e+00 1.448244750499725342e-01
1.036828002000000026e+00 1.361244469881057739e-01
1.039671868000000110e+00 1.501269042491912842e-01
1.042515791000000025e+00 1.496946960687637329e-01
1.045359770999999993e+00 1.532278507947921753e-01
