3.615872339999999796e-01 1.332883954048156738e+00
3.644177160000000026e-01 1.483816504478454590e+00
3.672482539999999962e-01 1.615757942199707031e+00
3.700788480000000158e-01 1.536496758460998535e+00
3.729094980000000059e-01 1.465043544769287109e+00
3.757402049999999938e-01 1.492500185966491699e+00
3.785709680000000077e-01 1.704937219619750977e+00
3.814017869999999921e-01 1.414311766624450684e+00
3.842326620000000026e-01 1.311009526252746582e+00
3.870635940000000108e-01 1.451490640640258789e+00
3.898945819999999896e-01 1.641703605651855469e+00
3.927256259999999943e-01 1.429065585136413574e+00
3.955567260000000251e-01 1.447899580001831055e+00
3.983878829999999982e-01 1.828181147575378418e+00
4.012190950000000256e-01 2.272885799407958984e+00
4.040503639999999952e-01 2.274872064590454102e+00
4.068816900000000181e-01 2.213676929473876953e+00
4.097130709999999842e-01 2.271242856979370117e+00
4.125445090000000037e-01 2.366653203964233398e+00
4.153760029999999936e-01 2.391857147216796875e+00
4.182075530000000096e-01 2.312866210937500000e+00
4.210391589999999962e-01 2.345227003097534180e+00
4.238708219999999804e-01 2.304206848144531250e+00
4.267025409999999908e-01 2.235283374786376953e+00
4.295343160000000271e-01 2.030475378036499023e+00
4.323661469999999785e-01 2.167842864990234375e+00
4.351980349999999831e-01 2.370860576629638672e+00
4.380299790000000137e-01 2.421350002288818359e+00
4.408619790000000149e-01 2.475801229476928711e+00
4.436940349999999866e-01 2.626582145690917969e+00
4.465261480000000116e-01 2.648515224456787109e+00
4.493583170000000071e-01 2.806001901626586914e+00
4.521905419999999731e-01 2.801077365875244141e+00
4.550228230000000207e-01 2.809057950973510742e+00
4.578551610000000105e-01 2.845721721649169922e+00
4.606875550000000263e-01 2.869855880737304688e+00
4.635200050000000127e-01 2.905047655105590820e+00
4.663525110000000251e-01 2.830471515655517578e+00
4.691850739999999798e-01 2.831756591796875000e+00
4.720176919999999887e-01 2.872921705245971680e+00
4.748503669999999954e-01 2.909876585006713867e+00
4.776830989999999999e-01 2.940730094909667969e+00
4.805158860000000032e-01 3.001360177993774414e+00
4.833487300000000042e-01 2.989819526672363281e+00
4.861816299999999758e-01 2.757817745208740234e+00
4.890145859999999733e-01 2.867052078247070312e+00
4.918475979999999970e-01 2.946825981140136719e+00
4.946806670000000183e-01 3.000704765319824219e+00
4.975137920000000102e-01 3.012472867965698242e+00
5.003469729999999727e-01 2.942534923553466797e+00
5.031802100000000166e-01 2.923845291137695312e+00
5.060135040000000028e-01 3.011993885040283203e+00
5.088468539999999596e-01 3.037324190139770508e+00
5.116802599999999979e-01 3.063980817794799805e+00
5.145137220000000067e-01 2.993950128555297852e+00
5.173472409999999577e-01 2.835397481918334961e+00
5.201808159999999903e-01 2.978304147720336914e+00
5.230144469999999934e-01 3.103052139282226562e+00
5.258481339999999671e-01 3.106747388839721680e+00
5.286818779999999940e-01 3.146932840347290039e+00
5.315156779999999914e-01 3.246319055557250977e+00
5.343495339999999594e-01 3.241448640823364258e+00
5.371834460000000089e-01 3.281935214996337891e+00
5.400174150000000006e-01 3.225017309188842773e+00
5.428514389999999912e-01 3.247825145721435547e+00
5.456855200000000350e-01 3.296679735183715820e+00
5.485196580000000210e-01 3.313886404037475586e+00
5.513538510000000059e-01 3.344732999801635742e+00
5.541881010000000440e-01 3.370992422103881836e+00
5.570224070000000527e-01 3.331957101821899414e+00
5.598567690000000319e-01 3.294311761856079102e+00
5.626911869999999816e-01 3.342489957809448242e+00
5.655256619999999845e-01 3.329716682434082031e+00
5.683601929999999580e-01 3.301608085632324219e+00
5.711947800000000131e-01 3.269468069076538086e+00
5.740294230000000386e-01 3.313533306121826172e+00
5.768641230000000064e-01 3.285187482833862305e+00
5.796988789999999447e-01 3.295397520065307617e+00
5.825336909999999646e-01 3.362599134445190430e+00
5.853685589999999550e-01 3.326088666915893555e+00
5.882034839999999987e-01 3.100066900253295898e+00
5.910384650000000129e-01 2.964124202728271484e+00
5.938735019999999976e-01 3.014486074447631836e+00
5.967085949999999528e-01 2.998309612274169922e+00
5.995437449999999613e-01 2.949704170227050781e+00
6.023789510000000513e-01 2.910387992858886719e+00
6.052142130000000009e-01 2.917303323745727539e+00
6.080495310000000320e-01 2.869963645935058594e+00
6.108849060000000053e-01 2.765237569808959961e+00
6.137203359999999774e-01 2.687645912170410156e+00
6.165558230000000028e-01 2.669281005859375000e+00
6.193913669999999705e-01 2.748541831970214844e+00
6.222269660000000480e-01 2.724354982376098633e+00
6.250626219999999567e-01 2.652684450149536133e+00
6.278983339999999469e-01 2.579516172409057617e+00
6.307341020000000187e-01 2.571312427520751953e+00
6.335699259999999500e-01 2.591137647628784180e+00
6.364058070000000455e-01 2.610476016998291016e+00
6.392417440000000006e-01 2.625743627548217773e+00
6.420777370000000372e-01 2.600692749023437500e+00
6.449137860000000444e-01 2.554630756378173828e+00
6.477498919999999938e-01 2.435744047164916992e+00
6.505860540000000247e-01 2.432264089584350586e+00
6.534222720000000262e-01 2.422103404998779297e+00
6.562585459999999982e-01 2.221286296844482422e+00
6.590948770000000234e-01 2.319802999496459961e+00
6.619312640000000192e-01 2.367806434631347656e+00
6.647677069999999855e-01 2.352690935134887695e+00
6.676042060000000333e-01 2.331429243087768555e+00
6.704407620000000234e-01 2.296266078948974609e+00
6.732773739999999840e-01 2.274325132369995117e+00
6.761140420000000262e-01 2.254886150360107422e+00
6.789507660000000389e-01 2.247586488723754883e+00
6.817875469999999938e-01 2.220164775848388672e+00
6.846243829999999475e-01 2.136470317840576172e+00
6.874612759999999545e-01 1.785024642944335938e+00
6.902982260000000148e-01 1.814601898193359375e+00
6.931352309999999628e-01 1.842444181442260742e+00
6.959722929999999641e-01 1.865095138549804688e+00
6.988094110000000470e-01 1.836488842964172363e+00
7.016465849999999893e-01 1.733749628067016602e+00
7.044838150000000132e-01 1.724572896957397461e+00
7.073211019999999793e-01 1.693218946456909180e+00
7.101584450000000270e-01 1.617742061614990234e+00
7.129958440000000452e-01 1.515968203544616699e+00
7.158332990000000340e-01 1.278169751167297363e+00
7.186708109999999650e-01 9.238381981849670410e-01
7.215083789999999775e-01 9.450082778930664062e-01
7.243460029999999605e-01 8.568524718284606934e-01
7.271836830000000251e-01 7.821282148361206055e-01
7.300214200000000320e-01 7.278596758842468262e-01
7.328592130000000093e-01 7.372197508811950684e-01
7.356970619999999572e-01 7.348555326461791992e-01
7.385349669999999866e-01 7.147128582000732422e-01
7.413729289999999583e-01 7.099050879478454590e-01
7.442109470000000115e-01 7.239611148834228516e-01
7.470490210000000353e-01 7.171399593353271484e-01
7.498871510000000296e-01 7.081886529922485352e-01
7.527253379999999661e-01 7.039160132408142090e-01
7.555635800000000124e-01 6.880134344100952148e-01
7.584018790000000010e-01 5.677893757820129395e-01
7.612402350000000428e-01 2.687488198280334473e-01
7.640786459999999725e-01 3.244262039661407471e-01
7.669171139999999554e-01 5.179257392883300781e-01
7.697556380000000198e-01 6.351643204689025879e-01
7.725942180000000548e-01 6.543321013450622559e-01
7.754328539999999492e-01 6.639904975891113281e-01
7.782715470000000080e-01 6.554791331291198730e-01
7.811102960000000373e-01 6.577686071395874023e-01
7.839491010000000371e-01 6.587975621223449707e-01
7.867879620000000074e-01 6.499928236007690430e-01
7.896268800000000310e-01 6.279873251914978027e-01
7.924658540000000251e-01 6.319727301597595215e-01
7.953048839999999897e-01 6.376375555992126465e-01
7.981439700000000359e-01 6.518937349319458008e-01
8.009831130000000243e-01 6.357492804527282715e-01
8.038223119999999833e-01 6.381613016128540039e-01
8.066615670000000238e-01 6.517432928085327148e-01
8.095008780000000348e-01 6.293107271194458008e-01
8.123402459999999881e-01 5.600538253784179688e-01
8.151796700000000229e-01 4.617409706115722656e-01
8.180191500000000282e-01 4.294566512107849121e-01
8.208586860000000041e-01 4.583210349082946777e-01
8.236982790000000332e-01 4.217584729194641113e-01
8.265379269999999501e-01 4.419758617877960205e-01
8.293776320000000313e-01 3.987547159194946289e-01
8.322173940000000547e-01 3.780625164508819580e-01
8.350572109999999659e-01 3.794460296630859375e-01
8.378970850000000414e-01 3.881031572818756104e-01
8.407370149999999764e-01 3.945741057395935059e-01
8.435770009999999930e-01 3.869547843933105469e-01
8.464170429999999801e-01 3.880983889102935791e-01
8.492571420000000204e-01 3.694689273834228516e-01
8.520972970000000313e-01 3.492281436920166016e-01
8.549375080000000127e-01 3.340230286121368408e-01
8.577777749999999646e-01 3.533852994441986084e-01
8.606180989999999698e-01 3.499599695205688477e-01
8.634584789999999455e-01 3.382499217987060547e-01
8.662989150000000027e-01 3.124949038028717041e-01
8.691394070000000305e-01 3.231772780418395996e-01
8.719799560000000005e-01 3.150280416011810303e-01
8.748205610000000521e-01 3.095065951347351074e-01
8.776612219999999631e-01 3.044143617153167725e-01
8.805019389999999557e-01 2.932114601135253906e-01
8.833427130000000016e-01 2.906394302845001221e-01
8.861835430000000180e-01 2.767437994480133057e-01
8.890244290000000049e-01 2.731818258762359619e-01
8.918653709999999624e-01 2.569411098957061768e-01
8.947063699999999731e-01 2.213886082172393799e-01
8.975474239999999826e-01 1.742549091577529907e-01
9.003885350000000454e-01 1.599083244800567627e-01
9.032297030000000504e-01 1.814120113849639893e-01
9.060709260000000542e-01 1.825611889362335205e-01
9.089122060000000003e-01 1.433399617671966553e-01
9.117535420000000279e-01 1.455693989992141724e-01
9.145949340000000261e-01 1.355303078889846802e-01
9.174363819999999947e-01 1.338971555233001709e-01
9.202778870000000166e-01 1.590538918972015381e-01
9.231194480000000091e-01 1.475719660520553589e-01
9.259610649999999721e-01 1.359790116548538208e-01
9.288027380000000166e-01 9.808383136987686157e-02
9.316444680000000034e-01 5.371089279651641846e-02
9.344862539999999607e-01 3.153008595108985901e-02
9.373280959999999995e-01 3.208412975072860718e-02
9.401699940000000089e-01 5.199778452515602112e-02
9.430119489999999605e-01 4.486595094203948975e-02
9.458539599999999936e-01 3.898897394537925720e-02
9.486960269999999973e-01 4.240764304995536804e-02
9.515381499999999715e-01 4.305750504136085510e-02
9.543803299999999989e-01 4.292883351445198059e-02
9.572225659999999969e-01 4.921813681721687317e-02
9.600648579999999654e-01 5.299343541264533997e-02
9.629072060000000155e-01 5.996526777744293213e-02
9.657496110000000078e-01 6.893239170312881470e-02
9.685920709999999989e-01 8.815845847129821777e-02
9.714345880000000433e-01 9.731752425432205200e-02
9.742771620000000299e-01 7.912945002317428589e-02
9.771197910000000153e-01 8.461116999387741089e-02
9.799624770000000540e-01 9.159616380929946899e-02
9.828052189999999522e-01 9.905114769935607910e-02
9.856480170000000429e-01 1.091973185539245605e-01
9.884908709999999932e-01 1.130293235182762146e-01
9.913337819999999967e-01 1.103428527712821960e-01
9.941767489999999707e-01 1.076570153236389160e-01
9.970197720000000263e-01 1.134014278650283813e-01
9.998628510000000524e-01 1.144059523940086365e-01
1.002705986999999910e+00 1.125422567129135132e-01
1.005549178999999960e+00 1.002430766820907593e-01
1.008392426999999980e+00 1.114457771182060242e-01
1.011235730999999971e+00 1.150874570012092590e-01
1.014079092000000015e+00 1.082252934575080872e-01
1.016922509000000030e+00 1.079625114798545837e-01
1.019765982000000015e+00 1.081181317567825317e-01
1.022609510999999971e+00 1.082989647984504700e-01
1.025453096999999980e+00 1.145321503281593323e-01
1.028296738999999960e+00 1.072938963770866394e-01
1.031140436999999910e+00 1.118516921997070312e-01
1.033984191000000052e+00 1.095349118113517761e-01
1.036828002000000026e+00 1.059305816888809204e-01
1.039671868000000110e+00 1.125229075551033020e-01
1.042515791000000025e+00 1.154963299632072449e-01
1.045359770999999993e+00 1.034192815423011780e-01
