3.615872339999999796e-01 1.282627224922180176e+00
3.644177160000000026e-01 1.430956363677978516e+00
3.672482539999999962e-01 1.588259220123291016e+00
3.700788480000000158e-01 1.558226346969604492e+00
3.729094980000000059e-01 1.416044592857360840e+00
3.757402049999999938e-01 1.528062701225280762e+00
3.785709680000000077e-01 1.675991654396057129e+00
3.814017869999999921e-01 1.444875717163085938e+00
3.842326620000000026e-01 1.302566409111022949e+00
3.870635940000000108e-01 1.431350350379943848e+00
3.898945819999999896e-01 1.644238710403442383e+00
3.927256259999999943e-01 1.439651608467102051e+00
3.955567260000000251e-01 1.492981910705566406e+00
3.983878829999999982e-01 1.857653379440307617e+00
4.012190950000000256e-01 2.316110134124755859e+00
4.040503639999999952e-01 2.297326564788818359e+00
4.068816900000000181e-01 2.260942459106445312e+00
4.097130709999999842e-01 2.311451911926269531e+00
4.125445090000000037e-01 2.410565853118896484e+00
4.153760029999999936e-01 2.414669275283813477e+00
4.182075530000000096e-01 2.360589265823364258e+00
4.210391589999999962e-01 2.373247623443603516e+00
4.238708219999999804e-01 2.325240612030029297e+00
4.267025409999999908e-01 2.297715663909912109e+00
4.295343160000000271e-01 2.087744712829589844e+00
4.323661469999999785e-01 2.195447921752929688e+00
4.351980349999999831e-01 2.401874303817749023e+00
4.380299790000000137e-01 2.432319402694702148e+00
4.408619790000000149e-01 2.493920326232910156e+00
4.436940349999999866e-01 2.639125347137451172e+00
4.465261480000000116e-01 2.672118663787841797e+00
4.493583170000000071e-01 2.808584213256835938e+00
4.521905419999999731e-01 2.835780620574951172e+00
4.550228230000000207e-01 2.802952289581298828e+00
4.578551610000000105e-01 2.863909006118774414e+00
4.606875550000000263e-01 2.873290538787841797e+00
4.635200050000000127e-01 2.899959087371826172e+00
4.663525110000000251e-01 2.850478887557983398e+00
4.691850739999999798e-01 2.839435338973999023e+00
4.720176919999999887e-01 2.881428480148315430e+00
4.748503669999999954e-01 2.924443483352661133e+00
4.776830989999999999e-01 2.958797454833984375e+00
4.805158860000000032e-01 3.014676570892333984e+00
4.833487300000000042e-01 2.986689090728759766e+00
4.861816299999999758e-01 2.757997035980224609e+00
4.890145859999999733e-01 2.865088462829589844e+00
4.918475979999999970e-01 2.950078964233398438e+00
4.946806670000000183e-01 2.990877628326416016e+00
4.975137920000000102e-01 3.015682458877563477e+00
5.003469729999999727e-01 2.934787511825561523e+00
5.031802100000000166e-01 2.932862520217895508e+00
5.060135040000000028e-01 2.998230695724487305e+00
5.088468539999999596e-01 3.015504121780395508e+00
5.116802599999999979e-01 3.056228637695312500e+00
5.145137220000000067e-01 2.982732534408569336e+00
5.173472409999999577e-01 2.814432859420776367e+00
5.201808159999999903e-01 2.949319839477539062e+00
5.230144469999999934e-01 3.070028066635131836e+00
5.258481339999999671e-01 3.078942060470581055e+00
5.286818779999999940e-01 3.115773439407348633e+00
5.315156779999999914e-01 3.217427015304565430e+00
5.343495339999999594e-01 3.212581872940063477e+00
5.371834460000000089e-01 3.257271766662597656e+00
5.400174150000000006e-01 3.194534063339233398e+00
5.428514389999999912e-01 3.212687969207763672e+00
5.456855200000000350e-01 3.275273084640502930e+00
5.485196580000000210e-01 3.284871339797973633e+00
5.513538510000000059e-01 3.309139728546142578e+00
5.541881010000000440e-01 3.340047359466552734e+00
5.570224070000000527e-01 3.298528909683227539e+00
5.598567690000000319e-01 3.254431724548339844e+00
5.626911869999999816e-01 3.311222314834594727e+00
5.655256619999999845e-01 3.285076856613159180e+00
5.683601929999999580e-01 3.260325670242309570e+00
5.711947800000000131e-01 3.217571020126342773e+00
5.740294230000000386e-01 3.273673057556152344e+00
5.768641230000000064e-01 3.242947340011596680e+00
5.796988789999999447e-01 3.250599861145019531e+00
5.825336909999999646e-01 3.319151639938354492e+00
5.853685589999999550e-01 3.285085916519165039e+00
5.882034839999999987e-01 3.059535741806030273e+00
5.910384650000000129e-01 2.922618389129638672e+00
5.938735019999999976e-01 2.972005605697631836e+00
5.967085949999999528e-01 2.953537225723266602e+00
5.995437449999999613e-01 2.911219835281372070e+00
6.023789510000000513e-01 2.873492717742919922e+00
6.052142130000000009e-01 2.882879495620727539e+00
6.080495310000000320e-01 2.831796169281005859e+00
6.108849060000000053e-01 2.725995063781738281e+00
6.137203359999999774e-01 2.654076576232910156e+00
6.165558230000000028e-01 2.632889747619628906e+00
6.193913669999999705e-01 2.697381019592285156e+00
6.222269660000000480e-01 2.678090572357177734e+00
6.250626219999999567e-01 2.615970611572265625e+00
6.278983339999999469e-01 2.550511360168457031e+00
6.307341020000000187e-01 2.522794485092163086e+00
6.335699259999999500e-01 2.554269790649414062e+00
6.364058070000000455e-01 2.582914590835571289e+00
6.392417440000000006e-01 2.580973863601684570e+00
6.420777370000000372e-01 2.549607753753662109e+00
6.449137860000000444e-01 2.523874521255493164e+00
6.477498919999999938e-01 2.400309801101684570e+00
6.505860540000000247e-01 2.387098789215087891e+00
6.534222720000000262e-01 2.382118225097656250e+00
6.562585459999999982e-01 2.183864355087280273e+00
6.590948770000000234e-01 2.290730476379394531e+00
6.619312640000000192e-01 2.342472314834594727e+00
6.647677069999999855e-01 2.319509029388427734e+00
6.676042060000000333e-01 2.304748773574829102e+00
6.704407620000000234e-01 2.284534692764282227e+00
6.732773739999999840e-01 2.250881433486938477e+00
6.761140420000000262e-01 2.244771003723144531e+00
6.789507660000000389e-01 2.229953289031982422e+00
6.817875469999999938e-01 2.193166732788085938e+00
6.846243829999999475e-01 2.116653919219970703e+00
6.874612759999999545e-01 1.765411257743835449e+00
6.902982260000000148e-01 1.787577271461486816e+00
6.931352309999999628e-01 1.810983657836914062e+00
6.959722929999999641e-01 1.819379806518554688e+00
6.988094110000000470e-01 1.798539280891418457e+00
7.016465849999999893e-01 1.683082222938537598e+00
7.044838150000000132e-01 1.683511018753051758e+00
7.073211019999999793e-01 1.649240016937255859e+00
7.101584450000000270e-01 1.571624040603637695e+00
7.129958440000000452e-01 1.482522368431091309e+00
7.158332990000000340e-01 1.249341964721679688e+00
7.186708109999999650e-01 9.029761552810668945e-01
7.215083789999999775e-01 9.252526164054870605e-01
7.243460029999999605e-01 8.447081446647644043e-01
7.271836830000000251e-01 7.642510533332824707e-01
7.300214200000000320e-01 7.156347036361694336e-01
7.328592130000000093e-01 7.281134128570556641e-01
7.356970619999999572e-01 7.251662015914916992e-01
7.385349669999999866e-01 7.036390304565429688e-01
7.413729289999999583e-01 7.051188945770263672e-01
7.442109470000000115e-01 7.108066082000732422e-01
7.470490210000000353e-01 7.094781398773193359e-01
7.498871510000000296e-01 7.001408338546752930e-01
7.527253379999999661e-01 6.939859390258789062e-01
7.555635800000000124e-01 6.869041919708251953e-01
7.584018790000000010e-01 5.649474263191223145e-01
7.612402350000000428e-01 2.628553211688995361e-01
7.640786459999999725e-01 3.175616562366485596e-01
7.669171139999999554e-01 5.092006325721740723e-01
7.697556380000000198e-01 6.243092417716979980e-01
7.725942180000000548e-01 6.500450372695922852e-01
7.754328539999999492e-01 6.512013673782348633e-01
7.782715470000000080e-01 6.523416638374328613e-01
7.811102960000000373e-01 6.506384611129760742e-01
7.839491010000000371e-01 6.515120267868041992e-01
7.867879620000000074e-01 6.401021480560302734e-01
7.896268800000000310e-01 6.163736581802368164e-01
7.924658540000000251e-01 6.152780055999755859e-01
7.953048839999999897e-01 6.324573755264282227e-01
7.981439700000000359e-01 6.316550374031066895e-01
8.009831130000000243e-01 6.285450458526611328e-01
8.038223119999999833e-01 6.312930583953857422e-01
8.066615670000000238e-01 6.424535512924194336e-01
8.095008780000000348e-01 6.161268949508666992e-01
8.123402459999999881e-01 5.547338128089904785e-01
8.151796700000000229e-01 4.476643800735473633e-01
8.180191500000000282e-01 4.263481199741363525e-01
8.208586860000000041e-01 4.548850357532501221e-01
8.236982790000000332e-01 4.158427119255065918e-01
8.265379269999999501e-01 4.356974959373474121e-01
8.293776320000000313e-01 3.879269957542419434e-01
8.322173940000000547e-01 3.763927221298217773e-01
8.350572109999999659e-01 3.778318464756011963e-01
8.378970850000000414e-01 3.843798041343688965e-01
8.407370149999999764e-01 3.902145326137542725e-01
8.435770009999999930e-01 3.866687119007110596e-01
8.464170429999999801e-01 3.791998922824859619e-01
8.492571420000000204e-01 3.642059862613677979e-01
8.520972970000000313e-01 3.490344882011413574e-01
8.549375080000000127e-01 3.286632001399993896e-01
8.577777749999999646e-01 3.525332510471343994e-01
8.606180989999999698e-01 3.421796262264251709e-01
8.634584789999999455e-01 3.395009934902191162e-01
8.662989150000000027e-01 3.075455427169799805e-01
8.691394070000000305e-01 3.184234797954559326e-01
8.719799560000000005e-01 3.187806308269500732e-01
8.748205610000000521e-01 3.073936104774475098e-01
8.776612219999999631e-01 3.000130951404571533e-01
8.805019389999999557e-01 2.899340391159057617e-01
8.833427130000000016e-01 2.803402245044708252e-01
8.861835430000000180e-01 2.723217904567718506e-01
8.890244290000000049e-01 2.734705209732055664e-01
8.918653709999999624e-01 2.547678351402282715e-01
8.947063699999999731e-01 2.149235457181930542e-01
8.975474239999999826e-01 1.731515824794769287e-01
9.003885350000000454e-01 1.558556407690048218e-01
9.032297030000000504e-01 1.807625144720077515e-01
9.060709260000000542e-01 1.766013652086257935e-01
9.089122060000000003e-01 1.463887989521026611e-01
9.117535420000000279e-01 1.443730145692825317e-01
9.145949340000000261e-01 1.339658498764038086e-01
9.174363819999999947e-01 1.324901878833770752e-01
9.202778870000000166e-01 1.546943485736846924e-01
9.231194480000000091e-01 1.488735377788543701e-01
9.259610649999999721e-01 1.328992247581481934e-01
9.288027380000000166e-01 9.810975939035415649e-02
9.316444680000000034e-01 5.344690009951591492e-02
9.344862539999999607e-01 3.193903341889381409e-02
9.373280959999999995e-01 3.391987830400466919e-02
9.401699940000000089e-01 5.299793556332588196e-02
9.430119489999999605e-01 4.600723087787628174e-02
9.458539599999999936e-01 4.295327886939048767e-02
9.486960269999999973e-01 4.278206080198287964e-02
9.515381499999999715e-01 4.566549882292747498e-02
9.543803299999999989e-01 4.716344922780990601e-02
9.572225659999999969e-01 5.031875520944595337e-02
9.600648579999999654e-01 5.044474452733993530e-02
9.629072060000000155e-01 5.919511988759040833e-02
9.657496110000000078e-01 6.735476106405258179e-02
9.685920709999999989e-01 8.333981782197952271e-02
9.714345880000000433e-01 9.379521012306213379e-02
9.742771620000000299e-01 8.207628130912780762e-02
9.771197910000000153e-01 8.565425127744674683e-02
9.799624770000000540e-01 8.760789781808853149e-02
9.828052189999999522e-01 9.623829275369644165e-02
9.856480170000000429e-01 1.023389697074890137e-01
9.884908709999999932e-01 1.094583496451377869e-01
9.913337819999999967e-01 1.078716069459915161e-01
9.941767489999999707e-01 1.094010472297668457e-01
9.970197720000000263e-01 1.093830019235610962e-01
9.998628510000000524e-01 1.066426485776901245e-01
1.002705986999999910e+00 1.074283719062805176e-01
1.005549178999999960e+00 1.033915579319000244e-01
1.008392426999999980e+00 1.113172024488449097e-01
1.011235730999999971e+00 1.135476231575012207e-01
1.014079092000000015e+00 1.078156903386116028e-01
1.016922509000000030e+00 1.071263700723648071e-01
1.019765982000000015e+00 1.064009442925453186e-01
1.022609510999999971e+00 1.098089665174484253e-01
1.025453096999999980e+00 1.111219301819801331e-01
1.028296738999999960e+00 1.101633235812187195e-01
1.031140436999999910e+00 1.135199069976806641e-01
1.033984191000000052e+00 1.156098917126655579e-01
1.036828002000000026e+00 1.152423396706581116e-01
1.039671868000000110e+00 1.146259754896163940e-01
1.042515791000000025e+00 9.894909709692001343e-02
1.045359770999999993e+00 1.125470772385597229e-01
