3.615872339999999796e-01 1.246825575828552246e+00
3.644177160000000026e-01 1.438389539718627930e+00
3.672482539999999962e-01 1.554192066192626953e+00
3.700788480000000158e-01 1.563502669334411621e+00
3.729094980000000059e-01 1.376925945281982422e+00
3.757402049999999938e-01 1.426563739776611328e+00
3.785709680000000077e-01 1.647297501564025879e+00
3.814017869999999921e-01 1.422441482543945312e+00
3.842326620000000026e-01 1.272204756736755371e+00
3.870635940000000108e-01 1.395089864730834961e+00
3.898945819999999896e-01 1.618368864059448242e+00
3.927256259999999943e-01 1.399942398071289062e+00
3.955567260000000251e-01 1.425974130630493164e+00
3.983878829999999982e-01 1.819793701171875000e+00
4.012190950000000256e-01 2.270381212234497070e+00
4.040503639999999952e-01 2.247148752212524414e+00
4.068816900000000181e-01 2.181436538696289062e+00
4.097130709999999842e-01 2.249506950378417969e+00
4.125445090000000037e-01 2.347304344177246094e+00
4.153760029999999936e-01 2.345102071762084961e+00
4.182075530000000096e-01 2.300985336303710938e+00
4.210391589999999962e-01 2.311647653579711914e+00
4.238708219999999804e-01 2.277762174606323242e+00
4.267025409999999908e-01 2.230051755905151367e+00
4.295343160000000271e-01 2.014055490493774414e+00
4.323661469999999785e-01 2.134212255477905273e+00
4.351980349999999831e-01 2.342983722686767578e+00
4.380299790000000137e-01 2.378370761871337891e+00
4.408619790000000149e-01 2.465147972106933594e+00
4.436940349999999866e-01 2.578599452972412109e+00
4.465261480000000116e-01 2.623099803924560547e+00
4.493583170000000071e-01 2.780118942260742188e+00
4.521905419999999731e-01 2.804925203323364258e+00
4.550228230000000207e-01 2.785577297210693359e+00
4.578551610000000105e-01 2.829380035400390625e+00
4.606875550000000263e-01 2.854576349258422852e+00
4.635200050000000127e-01 2.899868726730346680e+00
4.663525110000000251e-01 2.808399438858032227e+00
4.691850739999999798e-01 2.807115554809570312e+00
4.720176919999999887e-01 2.852485179901123047e+00
4.748503669999999954e-01 2.909612894058227539e+00
4.776830989999999999e-01 2.933861255645751953e+00
4.805158860000000032e-01 2.993435621261596680e+00
4.833487300000000042e-01 2.981374502182006836e+00
4.861816299999999758e-01 2.732395410537719727e+00
4.890145859999999733e-01 2.857093811035156250e+00
4.918475979999999970e-01 2.925530433654785156e+00
4.946806670000000183e-01 2.992512702941894531e+00
4.975137920000000102e-01 3.003536224365234375e+00
5.003469729999999727e-01 2.934448003768920898e+00
5.031802100000000166e-01 2.904866456985473633e+00
5.060135040000000028e-01 2.991516590118408203e+00
5.088468539999999596e-01 3.009213685989379883e+00
5.116802599999999979e-01 3.051645517349243164e+00
5.145137220000000067e-01 2.990983724594116211e+00
5.173472409999999577e-01 2.829458713531494141e+00
5.201808159999999903e-01 2.958011150360107422e+00
5.230144469999999934e-01 3.088868141174316406e+00
5.258481339999999671e-01 3.094283580780029297e+00
5.286818779999999940e-01 3.132337570190429688e+00
5.315156779999999914e-01 3.244708061218261719e+00
5.343495339999999594e-01 3.230920791625976562e+00
5.371834460000000089e-01 3.280357122421264648e+00
5.400174150000000006e-01 3.211570024490356445e+00
5.428514389999999912e-01 3.242832660675048828e+00
5.456855200000000350e-01 3.296673774719238281e+00
5.485196580000000210e-01 3.296391010284423828e+00
5.513538510000000059e-01 3.333044290542602539e+00
5.541881010000000440e-01 3.363832473754882812e+00
5.570224070000000527e-01 3.328541517257690430e+00
5.598567690000000319e-01 3.281678676605224609e+00
5.626911869999999816e-01 3.343602418899536133e+00
5.655256619999999845e-01 3.339070796966552734e+00
5.683601929999999580e-01 3.294418811798095703e+00
5.711947800000000131e-01 3.276549339294433594e+00
5.740294230000000386e-01 3.320038557052612305e+00
5.768641230000000064e-01 3.276983261108398438e+00
5.796988789999999447e-01 3.293215274810791016e+00
5.825336909999999646e-01 3.377621889114379883e+00
5.853685589999999550e-01 3.341586112976074219e+00
5.882034839999999987e-01 3.112061023712158203e+00
5.910384650000000129e-01 2.965193986892700195e+00
5.938735019999999976e-01 3.017187833786010742e+00
5.967085949999999528e-01 2.998025417327880859e+00
5.995437449999999613e-01 2.969238758087158203e+00
6.023789510000000513e-01 2.931164264678955078e+00
6.052142130000000009e-01 2.943613767623901367e+00
6.080495310000000320e-01 2.894250154495239258e+00
6.108849060000000053e-01 2.691983938217163086e+00
6.137203359999999774e-01 2.662228822708129883e+00
6.165558230000000028e-01 2.661159276962280273e+00
6.193913669999999705e-01 2.747524499893188477e+00
6.222269660000000480e-01 2.731054306030273438e+00
6.250626219999999567e-01 2.664110660552978516e+00
6.278983339999999469e-01 2.606208801269531250e+00
6.307341020000000187e-01 2.576467752456665039e+00
6.335699259999999500e-01 2.613729238510131836e+00
6.364058070000000455e-01 2.624942302703857422e+00
6.392417440000000006e-01 2.631134986877441406e+00
6.420777370000000372e-01 2.601465940475463867e+00
6.449137860000000444e-01 2.573889017105102539e+00
6.477498919999999938e-01 2.444544076919555664e+00
6.505860540000000247e-01 2.435521841049194336e+00
6.534222720000000262e-01 2.433079242706298828e+00
6.562585459999999982e-01 2.217093467712402344e+00
6.590948770000000234e-01 2.319916009902954102e+00
6.619312640000000192e-01 2.379739999771118164e+00
6.647677069999999855e-01 2.357306241989135742e+00
6.676042060000000333e-01 2.332133769989013672e+00
6.704407620000000234e-01 2.299742698669433594e+00
6.732773739999999840e-01 2.279489755630493164e+00
6.761140420000000262e-01 2.263765335083007812e+00
6.789507660000000389e-01 2.240545034408569336e+00
6.817875469999999938e-01 2.219163179397583008e+00
6.846243829999999475e-01 2.148413181304931641e+00
6.874612759999999545e-01 1.799731850624084473e+00
6.902982260000000148e-01 1.814564108848571777e+00
6.931352309999999628e-01 1.852197766304016113e+00
6.959722929999999641e-01 1.874164462089538574e+00
6.988094110000000470e-01 1.847871184349060059e+00
7.016465849999999893e-01 1.743189692497253418e+00
7.044838150000000132e-01 1.739963054656982422e+00
7.073211019999999793e-01 1.697243571281433105e+00
7.101584450000000270e-01 1.630338191986083984e+00
7.129958440000000452e-01 1.529676318168640137e+00
7.158332990000000340e-01 1.293604373931884766e+00
7.186708109999999650e-01 9.214246273040771484e-01
7.215083789999999775e-01 9.563758969306945801e-01
7.243460029999999605e-01 8.733004331588745117e-01
7.271836830000000251e-01 7.872335314750671387e-01
7.300214200000000320e-01 7.302600145339965820e-01
7.328592130000000093e-01 7.482832074165344238e-01
7.356970619999999572e-01 7.376012206077575684e-01
7.385349669999999866e-01 7.209910154342651367e-01
7.413729289999999583e-01 7.178519368171691895e-01
7.442109470000000115e-01 7.273628711700439453e-01
7.470490210000000353e-01 7.270857095718383789e-01
7.498871510000000296e-01 7.208905816078186035e-01
7.527253379999999661e-01 7.057132720947265625e-01
7.555635800000000124e-01 7.047594785690307617e-01
7.584018790000000010e-01 5.772638916969299316e-01
7.612402350000000428e-01 2.587497532367706299e-01
7.640786459999999725e-01 3.158041834831237793e-01
7.669171139999999554e-01 5.198000073432922363e-01
7.697556380000000198e-01 6.365396976470947266e-01
7.725942180000000548e-01 6.559377312660217285e-01
7.754328539999999492e-01 6.642646789550781250e-01
7.782715470000000080e-01 6.634789109230041504e-01
7.811102960000000373e-01 6.719728112220764160e-01
7.839491010000000371e-01 6.560359001159667969e-01
7.867879620000000074e-01 6.567705869674682617e-01
7.896268800000000310e-01 6.376867890357971191e-01
7.924658540000000251e-01 6.402595043182373047e-01
7.953048839999999897e-01 6.408240199089050293e-01
7.981439700000000359e-01 6.470849514007568359e-01
8.009831130000000243e-01 6.371948122978210449e-01
8.038223119999999833e-01 6.392690539360046387e-01
8.066615670000000238e-01 6.618869900703430176e-01
8.095008780000000348e-01 6.367861032485961914e-01
8.123402459999999881e-01 5.687434077262878418e-01
8.151796700000000229e-01 4.622559845447540283e-01
8.180191500000000282e-01 4.377485811710357666e-01
8.208586860000000041e-01 4.706295728683471680e-01
8.236982790000000332e-01 4.265434443950653076e-01
8.265379269999999501e-01 4.445685446262359619e-01
8.293776320000000313e-01 3.965923786163330078e-01
8.322173940000000547e-01 3.818807005882263184e-01
8.350572109999999659e-01 3.826015591621398926e-01
8.378970850000000414e-01 3.970011174678802490e-01
8.407370149999999764e-01 3.956969380378723145e-01
8.435770009999999930e-01 3.922034800052642822e-01
8.464170429999999801e-01 3.911944925785064697e-01
8.492571420000000204e-01 3.716300427913665771e-01
8.520972970000000313e-01 3.584621548652648926e-01
8.549375080000000127e-01 3.372158706188201904e-01
8.577777749999999646e-01 3.530065715312957764e-01
8.606180989999999698e-01 3.483439981937408447e-01
8.634584789999999455e-01 3.439160883426666260e-01
8.662989150000000027e-01 3.158127963542938232e-01
8.691394070000000305e-01 3.239794373512268066e-01
8.719799560000000005e-01 3.196685016155242920e-01
8.748205610000000521e-01 3.075990080833435059e-01
8.776612219999999631e-01 3.048769533634185791e-01
8.805019389999999557e-01 2.853033840656280518e-01
8.833427130000000016e-01 2.879878580570220947e-01
8.861835430000000180e-01 2.822723388671875000e-01
8.890244290000000049e-01 2.762706875801086426e-01
8.918653709999999624e-01 2.566548287868499756e-01
8.947063699999999731e-01 2.185052782297134399e-01
8.975474239999999826e-01 1.726544201374053955e-01
9.003885350000000454e-01 1.577156335115432739e-01
9.032297030000000504e-01 1.789491623640060425e-01
9.060709260000000542e-01 1.791095733642578125e-01
9.089122060000000003e-01 1.454687565565109253e-01
9.117535420000000279e-01 1.467403620481491089e-01
9.145949340000000261e-01 1.341689676046371460e-01
9.174363819999999947e-01 1.365785300731658936e-01
9.202778870000000166e-01 1.589951366186141968e-01
9.231194480000000091e-01 1.479113698005676270e-01
9.259610649999999721e-01 1.359347105026245117e-01
9.288027380000000166e-01 9.732419252395629883e-02
9.316444680000000034e-01 5.138457193970680237e-02
9.344862539999999607e-01 3.023576922714710236e-02
9.373280959999999995e-01 3.233841061592102051e-02
9.401699940000000089e-01 5.385384336113929749e-02
9.430119489999999605e-01 4.419489949941635132e-02
9.458539599999999936e-01 4.036510735750198364e-02
9.486960269999999973e-01 4.527387022972106934e-02
9.515381499999999715e-01 4.538847133517265320e-02
9.543803299999999989e-01 4.714369028806686401e-02
9.572225659999999969e-01 4.875750839710235596e-02
9.600648579999999654e-01 5.115918070077896118e-02
9.629072060000000155e-01 5.751451104879379272e-02
9.657496110000000078e-01 6.756871193647384644e-02
9.685920709999999989e-01 8.754570782184600830e-02
9.714345880000000433e-01 8.938266336917877197e-02
9.742771620000000299e-01 8.078865706920623779e-02
9.771197910000000153e-01 8.294371515512466431e-02
9.799624770000000540e-01 9.033521264791488647e-02
9.828052189999999522e-01 9.965834021568298340e-02
9.856480170000000429e-01 1.025912761688232422e-01
9.884908709999999932e-01 1.110783964395523071e-01
9.913337819999999967e-01 1.088408678770065308e-01
9.941767489999999707e-01 1.105747818946838379e-01
9.970197720000000263e-01 1.129127889871597290e-01
9.998628510000000524e-01 1.140673458576202393e-01
1.002705986999999910e+00 1.149669066071510315e-01
1.005549178999999960e+00 1.075798869132995605e-01
1.008392426999999980e+00 1.072094216942787170e-01
1.011235730999999971e+00 1.084450930356979370e-01
1.014079092000000015e+00 1.108025386929512024e-01
1.016922509000000030e+00 1.120906695723533630e-01
1.019765982000000015e+00 1.118457838892936707e-01
1.022609510999999971e+00 1.089789196848869324e-01
1.025453096999999980e+00 1.143598556518554688e-01
1.028296738999999960e+00 1.120120212435722351e-01
1.031140436999999910e+00 1.120066419243812561e-01
1.033984191000000052e+00 1.160089448094367981e-01
1.036828002000000026e+00 1.151849329471588135e-01
1.039671868000000110e+00 1.174199357628822327e-01
1.042515791000000025e+00 1.179505959153175354e-01
1.045359770999999993e+00 1.141385138034820557e-01
