3.615872339999999796e-01 1.303407788276672363e+00
3.644177160000000026e-01 1.415677547454833984e+00
3.672482539999999962e-01 1.571440219879150391e+00
3.700788480000000158e-01 1.586167216300964355e+00
3.729094980000000059e-01 1.442528486251831055e+00
3.757402049999999938e-01 1.527367353439331055e+00
3.785709680000000077e-01 1.653441548347473145e+00
3.814017869999999921e-01 1.428337216377258301e+00
3.842326620000000026e-01 1.316706776618957520e+00
3.870635940000000108e-01 1.470385551452636719e+00
3.898945819999999896e-01 1.633372783660888672e+00
3.927256259999999943e-01 1.442536115646362305e+00
3.955567260000000251e-01 1.450569868087768555e+00
3.983878829999999982e-01 1.847535848617553711e+00
4.012190950000000256e-01 2.321567773818969727e+00
4.040503639999999952e-01 2.321279287338256836e+00
4.068816900000000181e-01 2.273147106170654297e+00
4.097130709999999842e-01 2.321215867996215820e+00
4.125445090000000037e-01 2.404827356338500977e+00
4.153760029999999936e-01 2.438720464706420898e+00
4.182075530000000096e-01 2.385605573654174805e+00
4.210391589999999962e-01 2.390355825424194336e+00
4.238708219999999804e-01 2.360500097274780273e+00
4.267025409999999908e-01 2.295136690139770508e+00
4.295343160000000271e-01 2.075406551361083984e+00
4.323661469999999785e-01 2.208246469497680664e+00
4.351980349999999831e-01 2.437221527099609375e+00
4.380299790000000137e-01 2.436676263809204102e+00
4.408619790000000149e-01 2.522958755493164062e+00
4.436940349999999866e-01 2.669987201690673828e+00
4.465261480000000116e-01 2.701852560043334961e+00
4.493583170000000071e-01 2.860591173171997070e+00
4.521905419999999731e-01 2.881361722946166992e+00
4.550228230000000207e-01 2.847946643829345703e+00
4.578551610000000105e-01 2.913656473159790039e+00
4.606875550000000263e-01 2.929351329803466797e+00
4.635200050000000127e-01 2.949849605560302734e+00
4.663525110000000251e-01 2.896124601364135742e+00
4.691850739999999798e-01 2.894423484802246094e+00
4.720176919999999887e-01 2.915831804275512695e+00
4.748503669999999954e-01 2.975338459014892578e+00
4.776830989999999999e-01 3.010182857513427734e+00
4.805158860000000032e-01 3.074843168258666992e+00
4.833487300000000042e-01 3.057748556137084961e+00
4.861816299999999758e-01 2.810389995574951172e+00
4.890145859999999733e-01 2.924748659133911133e+00
4.918475979999999970e-01 3.008273839950561523e+00
4.946806670000000183e-01 3.062253236770629883e+00
4.975137920000000102e-01 3.084794521331787109e+00
5.003469729999999727e-01 3.003502368927001953e+00
5.031802100000000166e-01 2.984777688980102539e+00
5.060135040000000028e-01 3.062763214111328125e+00
5.088468539999999596e-01 3.083850622177124023e+00
5.116802599999999979e-01 3.121664047241210938e+00
5.145137220000000067e-01 3.041438102722167969e+00
5.173472409999999577e-01 2.872357130050659180e+00
5.201808159999999903e-01 2.999396324157714844e+00
5.230144469999999934e-01 3.141875267028808594e+00
5.258481339999999671e-01 3.145231008529663086e+00
5.286818779999999940e-01 3.181823492050170898e+00
5.315156779999999914e-01 3.285758495330810547e+00
5.343495339999999594e-01 3.277307748794555664e+00
5.371834460000000089e-01 3.315280437469482422e+00
5.400174150000000006e-01 3.260635852813720703e+00
5.428514389999999912e-01 3.284215211868286133e+00
5.456855200000000350e-01 3.340371847152709961e+00
5.485196580000000210e-01 3.340059995651245117e+00
5.513538510000000059e-01 3.373358011245727539e+00
5.541881010000000440e-01 3.409323215484619141e+00
5.570224070000000527e-01 3.364837169647216797e+00
5.598567690000000319e-01 3.330708980560302734e+00
5.626911869999999816e-01 3.372983694076538086e+00
5.655256619999999845e-01 3.370394945144653320e+00
5.683601929999999580e-01 3.327481508255004883e+00
5.711947800000000131e-01 3.300180673599243164e+00
5.740294230000000386e-01 3.338041067123413086e+00
5.768641230000000064e-01 3.312352657318115234e+00
5.796988789999999447e-01 3.316052675247192383e+00
5.825336909999999646e-01 3.394238710403442383e+00
5.853685589999999550e-01 3.350933551788330078e+00
5.882034839999999987e-01 3.117987155914306641e+00
5.910384650000000129e-01 2.981615304946899414e+00
5.938735019999999976e-01 3.020014047622680664e+00
5.967085949999999528e-01 3.002381563186645508e+00
5.995437449999999613e-01 2.966319084167480469e+00
6.023789510000000513e-01 2.933611154556274414e+00
6.052142130000000009e-01 2.951533079147338867e+00
6.080495310000000320e-01 2.913570165634155273e+00
6.108849060000000053e-01 2.752511501312255859e+00
6.137203359999999774e-01 2.639883995056152344e+00
6.165558230000000028e-01 2.660613059997558594e+00
6.193913669999999705e-01 2.749188899993896484e+00
6.222269660000000480e-01 2.735495567321777344e+00
6.250626219999999567e-01 2.666742324829101562e+00
6.278983339999999469e-01 2.600819110870361328e+00
6.307341020000000187e-01 2.575778007507324219e+00
6.335699259999999500e-01 2.609968900680541992e+00
6.364058070000000455e-01 2.619052410125732422e+00
6.392417440000000006e-01 2.635411500930786133e+00
6.420777370000000372e-01 2.602120637893676758e+00
6.449137860000000444e-01 2.571359395980834961e+00
6.477498919999999938e-01 2.443596839904785156e+00
6.505860540000000247e-01 2.431182146072387695e+00
6.534222720000000262e-01 2.433830499649047852e+00
6.562585459999999982e-01 2.226724386215209961e+00
6.590948770000000234e-01 2.318140268325805664e+00
6.619312640000000192e-01 2.387814521789550781e+00
6.647677069999999855e-01 2.361456394195556641e+00
6.676042060000000333e-01 2.349085807800292969e+00
6.704407620000000234e-01 2.325308561325073242e+00
6.732773739999999840e-01 2.299188375473022461e+00
6.761140420000000262e-01 2.285386085510253906e+00
6.789507660000000389e-01 2.264994144439697266e+00
6.817875469999999938e-01 2.244056701660156250e+00
6.846243829999999475e-01 2.161827802658081055e+00
6.874612759999999545e-01 1.799088835716247559e+00
6.902982260000000148e-01 1.817098855972290039e+00
6.931352309999999628e-01 1.842083811759948730e+00
6.959722929999999641e-01 1.852370142936706543e+00
6.988094110000000470e-01 1.831816077232360840e+00
7.016465849999999893e-01 1.722692608833312988e+00
7.044838150000000132e-01 1.720430135726928711e+00
7.073211019999999793e-01 1.685085892677307129e+00
7.101584450000000270e-01 1.625481486320495605e+00
7.129958440000000452e-01 1.521430134773254395e+00
7.158332990000000340e-01 1.299587965011596680e+00
7.186708109999999650e-01 9.385668635368347168e-01
7.215083789999999775e-01 9.604598879814147949e-01
7.243460029999999605e-01 8.804806470870971680e-01
7.271836830000000251e-01 8.043608069419860840e-01
7.300214200000000320e-01 7.615512013435363770e-01
7.328592130000000093e-01 7.820707559585571289e-01
7.356970619999999572e-01 7.837339639663696289e-01
7.385349669999999866e-01 7.675803303718566895e-01
7.413729289999999583e-01 7.779717445373535156e-01
7.442109470000000115e-01 7.817462086677551270e-01
7.470490210000000353e-01 7.836915254592895508e-01
7.498871510000000296e-01 7.689504027366638184e-01
7.527253379999999661e-01 7.578585147857666016e-01
7.555635800000000124e-01 7.616962790489196777e-01
7.584018790000000010e-01 6.253450512886047363e-01
7.612402350000000428e-01 2.866061031818389893e-01
7.640786459999999725e-01 3.465412557125091553e-01
7.669171139999999554e-01 5.636566281318664551e-01
7.697556380000000198e-01 6.873338222503662109e-01
7.725942180000000548e-01 7.165044546127319336e-01
7.754328539999999492e-01 7.184097170829772949e-01
7.782715470000000080e-01 7.134435772895812988e-01
7.811102960000000373e-01 7.184993624687194824e-01
7.839491010000000371e-01 7.101757526397705078e-01
7.867879620000000074e-01 7.105286717414855957e-01
7.896268800000000310e-01 6.859527826309204102e-01
7.924658540000000251e-01 6.834676861763000488e-01
7.953048839999999897e-01 6.873743534088134766e-01
7.981439700000000359e-01 6.849778890609741211e-01
8.009831130000000243e-01 6.847283244132995605e-01
8.038223119999999833e-01 6.811251044273376465e-01
8.066615670000000238e-01 7.004557251930236816e-01
8.095008780000000348e-01 6.770043373107910156e-01
8.123402459999999881e-01 6.031161546707153320e-01
8.151796700000000229e-01 4.926790297031402588e-01
8.180191500000000282e-01 4.630742967128753662e-01
8.208586860000000041e-01 5.011790394783020020e-01
8.236982790000000332e-01 4.621843397617340088e-01
8.265379269999999501e-01 4.829573035240173340e-01
8.293776320000000313e-01 4.404407739639282227e-01
8.322173940000000547e-01 4.250211417675018311e-01
8.350572109999999659e-01 4.335695803165435791e-01
8.378970850000000414e-01 4.467904269695281982e-01
8.407370149999999764e-01 4.542254209518432617e-01
8.435770009999999930e-01 4.514065086841583252e-01
8.464170429999999801e-01 4.479710459709167480e-01
8.492571420000000204e-01 4.295950531959533691e-01
8.520972970000000313e-01 4.109884500503540039e-01
8.549375080000000127e-01 3.924014270305633545e-01
8.577777749999999646e-01 4.165940880775451660e-01
8.606180989999999698e-01 4.067596793174743652e-01
8.634584789999999455e-01 4.097548723220825195e-01
8.662989150000000027e-01 3.749404549598693848e-01
8.691394070000000305e-01 3.844763934612274170e-01
8.719799560000000005e-01 3.838444054126739502e-01
8.748205610000000521e-01 3.702283501625061035e-01
8.776612219999999631e-01 3.687904477119445801e-01
8.805019389999999557e-01 3.587880432605743408e-01
8.833427130000000016e-01 3.506829738616943359e-01
8.861835430000000180e-01 3.411246538162231445e-01
8.890244290000000049e-01 3.399558365345001221e-01
8.918653709999999624e-01 3.189538717269897461e-01
8.947063699999999731e-01 2.691004872322082520e-01
8.975474239999999826e-01 2.166691422462463379e-01
9.003885350000000454e-01 1.944844573736190796e-01
9.032297030000000504e-01 2.262989729642868042e-01
9.060709260000000542e-01 2.254514396190643311e-01
9.089122060000000003e-01 1.851317733526229858e-01
9.117535420000000279e-01 1.895973384380340576e-01
9.145949340000000261e-01 1.704369932413101196e-01
9.174363819999999947e-01 1.762491762638092041e-01
9.202778870000000166e-01 2.034149467945098877e-01
9.231194480000000091e-01 1.934297382831573486e-01
9.259610649999999721e-01 1.789112240076065063e-01
9.288027380000000166e-01 1.300594061613082886e-01
9.316444680000000034e-01 6.817305088043212891e-02
9.344862539999999607e-01 3.962748125195503235e-02
9.373280959999999995e-01 4.120888561010360718e-02
9.401699940000000089e-01 6.806121021509170532e-02
9.430119489999999605e-01 5.979214608669281006e-02
9.458539599999999936e-01 5.314208567142486572e-02
9.486960269999999973e-01 5.820918083190917969e-02
9.515381499999999715e-01 5.789461731910705566e-02
9.543803299999999989e-01 5.835521593689918518e-02
9.572225659999999969e-01 7.018225640058517456e-02
9.600648579999999654e-01 6.913562864065170288e-02
9.629072060000000155e-01 8.623123168945312500e-02
9.657496110000000078e-01 9.637232869863510132e-02
9.685920709999999989e-01 1.311565488576889038e-01
9.714345880000000433e-01 1.410524845123291016e-01
9.742771620000000299e-01 1.235093697905540466e-01
9.771197910000000153e-01 1.265667527914047241e-01
9.799624770000000540e-01 1.300592273473739624e-01
9.828052189999999522e-01 1.466430723667144775e-01
9.856480170000000429e-01 1.573412418365478516e-01
9.884908709999999932e-01 1.552713960409164429e-01
9.913337819999999967e-01 1.655097156763076782e-01
9.941767489999999707e-01 1.702818721532821655e-01
9.970197720000000263e-01 1.732753366231918335e-01
9.998628510000000524e-01 1.717263758182525635e-01
1.002705986999999910e+00 1.659715771675109863e-01
1.005549178999999960e+00 1.592305153608322144e-01
1.008392426999999980e+00 1.711571216583251953e-01
1.011235730999999971e+00 1.676110178232192993e-01
1.014079092000000015e+00 1.676628589630126953e-01
1.016922509000000030e+00 1.662440747022628784e-01
1.019765982000000015e+00 1.552152037620544434e-01
1.022609510999999971e+00 1.649244129657745361e-01
1.025453096999999980e+00 1.691347360610961914e-01
1.028296738999999960e+00 1.628778278827667236e-01
1.031140436999999910e+00 1.575373113155364990e-01
1.033984191000000052e+00 1.602077782154083252e-01
1.036828002000000026e+00 1.557094156742095947e-01
1.039671868000000110e+00 1.457080692052841187e-01
1.042515791000000025e+00 1.560382097959518433e-01
1.045359770999999993e+00 1.649428308010101318e-01
