3.615872339999999796e-01 1.237901806831359863e+00
3.644177160000000026e-01 1.388182044029235840e+00
3.672482539999999962e-01 1.595238566398620605e+00
3.700788480000000158e-01 1.557491660118103027e+00
3.729094980000000059e-01 1.370423316955566406e+00
3.757402049999999938e-01 1.482366681098937988e+00
3.785709680000000077e-01 1.663496136665344238e+00
3.814017869999999921e-01 1.398584961891174316e+00
3.842326620000000026e-01 1.293037414550781250e+00
3.870635940000000108e-01 1.436417818069458008e+00
3.898945819999999896e-01 1.602586388587951660e+00
3.927256259999999943e-01 1.406478404998779297e+00
3.955567260000000251e-01 1.444275856018066406e+00
3.983878829999999982e-01 1.825886964797973633e+00
4.012190950000000256e-01 2.228361606597900391e+00
4.040503639999999952e-01 2.246703863143920898e+00
4.068816900000000181e-01 2.195598125457763672e+00
4.097130709999999842e-01 2.243719100952148438e+00
4.125445090000000037e-01 2.316245794296264648e+00
4.153760029999999936e-01 2.359942197799682617e+00
4.182075530000000096e-01 2.279780626296997070e+00
4.210391589999999962e-01 2.313053846359252930e+00
4.238708219999999804e-01 2.269109964370727539e+00
4.267025409999999908e-01 2.210312604904174805e+00
4.295343160000000271e-01 2.001052379608154297e+00
4.323661469999999785e-01 2.137498617172241211e+00
4.351980349999999831e-01 2.341627836227416992e+00
4.380299790000000137e-01 2.371214628219604492e+00
4.408619790000000149e-01 2.430238485336303711e+00
4.436940349999999866e-01 2.576478004455566406e+00
4.465261480000000116e-01 2.605966806411743164e+00
4.493583170000000071e-01 2.745867252349853516e+00
4.521905419999999731e-01 2.766489744186401367e+00
4.550228230000000207e-01 2.722539663314819336e+00
4.578551610000000105e-01 2.796531677246093750e+00
4.606875550000000263e-01 2.825917482376098633e+00
4.635200050000000127e-01 2.833766937255859375e+00
4.663525110000000251e-01 2.784278392791748047e+00
4.691850739999999798e-01 2.776153326034545898e+00
4.720176919999999887e-01 2.810110569000244141e+00
4.748503669999999954e-01 2.856580018997192383e+00
4.776830989999999999e-01 2.896087408065795898e+00
4.805158860000000032e-01 2.932091951370239258e+00
4.833487300000000042e-01 2.918164730072021484e+00
4.861816299999999758e-01 2.688821554183959961e+00
4.890145859999999733e-01 2.801909208297729492e+00
4.918475979999999970e-01 2.884422063827514648e+00
4.946806670000000183e-01 2.941598415374755859e+00
4.975137920000000102e-01 2.949838161468505859e+00
5.003469729999999727e-01 2.884668827056884766e+00
5.031802100000000166e-01 2.860450983047485352e+00
5.060135040000000028e-01 2.950397253036499023e+00
5.088468539999999596e-01 2.953330278396606445e+00
5.116802599999999979e-01 2.993534564971923828e+00
5.145137220000000067e-01 2.918457984924316406e+00
5.173472409999999577e-01 2.764050245285034180e+00
5.201808159999999903e-01 2.884720802307128906e+00
5.230144469999999934e-01 3.001876115798950195e+00
5.258481339999999671e-01 3.023271322250366211e+00
5.286818779999999940e-01 3.055893182754516602e+00
5.315156779999999914e-01 3.163095951080322266e+00
5.343495339999999594e-01 3.139295339584350586e+00
5.371834460000000089e-01 3.188471555709838867e+00
5.400174150000000006e-01 3.127811193466186523e+00
5.428514389999999912e-01 3.157452106475830078e+00
5.456855200000000350e-01 3.211423635482788086e+00
5.485196580000000210e-01 3.212698459625244141e+00
5.513538510000000059e-01 3.244391679763793945e+00
5.541881010000000440e-01 3.266127824783325195e+00
5.570224070000000527e-01 3.240706443786621094e+00
5.598567690000000319e-01 3.186632394790649414e+00
5.626911869999999816e-01 3.247757434844970703e+00
5.655256619999999845e-01 3.232628822326660156e+00
5.683601929999999580e-01 3.198605537414550781e+00
5.711947800000000131e-01 3.164921522140502930e+00
5.740294230000000386e-01 3.208722829818725586e+00
5.768641230000000064e-01 3.175485372543334961e+00
5.796988789999999447e-01 3.187497377395629883e+00
5.825336909999999646e-01 3.247541427612304688e+00
5.853685589999999550e-01 3.220772743225097656e+00
5.882034839999999987e-01 2.990789651870727539e+00
5.910384650000000129e-01 2.859790325164794922e+00
5.938735019999999976e-01 2.911705970764160156e+00
5.967085949999999528e-01 2.898125886917114258e+00
5.995437449999999613e-01 2.846251487731933594e+00
6.023789510000000513e-01 2.802167892456054688e+00
6.052142130000000009e-01 2.810885667800903320e+00
6.080495310000000320e-01 2.764273643493652344e+00
6.108849060000000053e-01 2.659697771072387695e+00
6.137203359999999774e-01 2.590354681015014648e+00
6.165558230000000028e-01 2.572197198867797852e+00
6.193913669999999705e-01 2.637057781219482422e+00
6.222269660000000480e-01 2.623440980911254883e+00
6.250626219999999567e-01 2.553090810775756836e+00
6.278983339999999469e-01 2.496423959732055664e+00
6.307341020000000187e-01 2.463162183761596680e+00
6.335699259999999500e-01 2.493653535842895508e+00
6.364058070000000455e-01 2.514985561370849609e+00
6.392417440000000006e-01 2.519607782363891602e+00
6.420777370000000372e-01 2.487049818038940430e+00
6.449137860000000444e-01 2.458083391189575195e+00
6.477498919999999938e-01 2.344479560852050781e+00
6.505860540000000247e-01 2.332399129867553711e+00
6.534222720000000262e-01 2.318029165267944336e+00
6.562585459999999982e-01 2.126156330108642578e+00
6.590948770000000234e-01 2.232310533523559570e+00
6.619312640000000192e-01 2.278333663940429688e+00
6.647677069999999855e-01 2.258641719818115234e+00
6.676042060000000333e-01 2.243257284164428711e+00
6.704407620000000234e-01 2.214881658554077148e+00
6.732773739999999840e-01 2.193303823471069336e+00
6.761140420000000262e-01 2.175857543945312500e+00
6.789507660000000389e-01 2.168019533157348633e+00
6.817875469999999938e-01 2.138487577438354492e+00
6.846243829999999475e-01 2.053596019744873047e+00
6.874612759999999545e-01 1.720591545104980469e+00
6.902982260000000148e-01 1.733193397521972656e+00
6.931352309999999628e-01 1.762595653533935547e+00
6.959722929999999641e-01 1.766209363937377930e+00
6.988094110000000470e-01 1.736412644386291504e+00
7.016465849999999893e-01 1.639696478843688965e+00
7.044838150000000132e-01 1.636869668960571289e+00
7.073211019999999793e-01 1.592694282531738281e+00
7.101584450000000270e-01 1.535277128219604492e+00
7.129958440000000452e-01 1.432353496551513672e+00
7.158332990000000340e-01 1.211100816726684570e+00
7.186708109999999650e-01 8.782363533973693848e-01
7.215083789999999775e-01 8.989692926406860352e-01
7.243460029999999605e-01 8.251177668571472168e-01
7.271836830000000251e-01 7.425332069396972656e-01
7.300214200000000320e-01 6.930483579635620117e-01
7.328592130000000093e-01 7.016509771347045898e-01
7.356970619999999572e-01 7.019369006156921387e-01
7.385349669999999866e-01 6.821089386940002441e-01
7.413729289999999583e-01 6.811224222183227539e-01
7.442109470000000115e-01 6.901082992553710938e-01
7.470490210000000353e-01 6.898654103279113770e-01
7.498871510000000296e-01 6.763948798179626465e-01
7.527253379999999661e-01 6.717571020126342773e-01
7.555635800000000124e-01 6.664118170738220215e-01
7.584018790000000010e-01 5.442395806312561035e-01
7.612402350000000428e-01 2.550211548805236816e-01
7.640786459999999725e-01 3.133415281772613525e-01
7.669171139999999554e-01 4.932760000228881836e-01
7.697556380000000198e-01 6.037845611572265625e-01
7.725942180000000548e-01 6.234871149063110352e-01
7.754328539999999492e-01 6.261647939682006836e-01
7.782715470000000080e-01 6.291971802711486816e-01
7.811102960000000373e-01 6.279835700988769531e-01
7.839491010000000371e-01 6.330735087394714355e-01
7.867879620000000074e-01 6.223060488700866699e-01
7.896268800000000310e-01 5.983499884605407715e-01
7.924658540000000251e-01 6.063225269317626953e-01
7.953048839999999897e-01 6.107093691825866699e-01
7.981439700000000359e-01 6.137281060218811035e-01
8.009831130000000243e-01 6.065096855163574219e-01
8.038223119999999833e-01 6.126680970191955566e-01
8.066615670000000238e-01 6.159600019454956055e-01
8.095008780000000348e-01 5.982252359390258789e-01
8.123402459999999881e-01 5.304190516471862793e-01
8.151796700000000229e-01 4.391249418258666992e-01
8.180191500000000282e-01 4.148984551429748535e-01
8.208586860000000041e-01 4.399026334285736084e-01
8.236982790000000332e-01 4.052693843841552734e-01
8.265379269999999501e-01 4.239238798618316650e-01
8.293776320000000313e-01 3.805694878101348877e-01
8.322173940000000547e-01 3.575049936771392822e-01
8.350572109999999659e-01 3.679349422454833984e-01
8.378970850000000414e-01 3.805601894855499268e-01
8.407370149999999764e-01 3.788492679595947266e-01
8.435770009999999930e-01 3.750359416007995605e-01
8.464170429999999801e-01 3.688593506813049316e-01
8.492571420000000204e-01 3.536174595355987549e-01
8.520972970000000313e-01 3.410149812698364258e-01
8.549375080000000127e-01 3.199899494647979736e-01
8.577777749999999646e-01 3.392327725887298584e-01
8.606180989999999698e-01 3.391636013984680176e-01
8.634584789999999455e-01 3.275739252567291260e-01
8.662989150000000027e-01 3.047203719615936279e-01
8.691394070000000305e-01 3.142954409122467041e-01
8.719799560000000005e-01 3.111962676048278809e-01
8.748205610000000521e-01 2.986903488636016846e-01
8.776612219999999631e-01 2.892872691154479980e-01
8.805019389999999557e-01 2.823965847492218018e-01
8.833427130000000016e-01 2.759067416191101074e-01
8.861835430000000180e-01 2.701039612293243408e-01
8.890244290000000049e-01 2.603043913841247559e-01
8.918653709999999624e-01 2.465354651212692261e-01
8.947063699999999731e-01 2.147388607263565063e-01
8.975474239999999826e-01 1.694905757904052734e-01
9.003885350000000454e-01 1.540575474500656128e-01
9.032297030000000504e-01 1.754476428031921387e-01
9.060709260000000542e-01 1.766653209924697876e-01
9.089122060000000003e-01 1.427739262580871582e-01
9.117535420000000279e-01 1.452229171991348267e-01
9.145949340000000261e-01 1.313591599464416504e-01
9.174363819999999947e-01 1.336992681026458740e-01
9.202778870000000166e-01 1.496981233358383179e-01
9.231194480000000091e-01 1.457775086164474487e-01
9.259610649999999721e-01 1.316116303205490112e-01
9.288027380000000166e-01 9.475225210189819336e-02
9.316444680000000034e-01 5.171031504869461060e-02
9.344862539999999607e-01 3.165791928768157959e-02
9.373280959999999995e-01 3.373192995786666870e-02
9.401699940000000089e-01 5.058801174163818359e-02
9.430119489999999605e-01 4.546706005930900574e-02
9.458539599999999936e-01 3.905734047293663025e-02
9.486960269999999973e-01 4.101029783487319946e-02
9.515381499999999715e-01 4.348536208271980286e-02
9.543803299999999989e-01 4.873410239815711975e-02
9.572225659999999969e-01 4.854199662804603577e-02
9.600648579999999654e-01 5.159391462802886963e-02
9.629072060000000155e-01 6.152307242155075073e-02
9.657496110000000078e-01 6.255727261304855347e-02
9.685920709999999989e-01 8.653258532285690308e-02
9.714345880000000433e-01 9.186334908008575439e-02
9.742771620000000299e-01 8.159948885440826416e-02
9.771197910000000153e-01 8.443352580070495605e-02
9.799624770000000540e-01 8.444142341613769531e-02
9.828052189999999522e-01 9.684592485427856445e-02
9.856480170000000429e-01 1.071624383330345154e-01
9.884908709999999932e-01 1.073623970150947571e-01
9.913337819999999967e-01 1.114593967795372009e-01
9.941767489999999707e-01 1.115851476788520813e-01
9.970197720000000263e-01 1.144244372844696045e-01
9.998628510000000524e-01 1.104541346430778503e-01
1.002705986999999910e+00 1.090149134397506714e-01
1.005549178999999960e+00 1.103997901082038879e-01
1.008392426999999980e+00 1.043837741017341614e-01
1.011235730999999971e+00 1.077010184526443481e-01
1.014079092000000015e+00 1.079952493309974670e-01
1.016922509000000030e+00 1.111390292644500732e-01
1.019765982000000015e+00 1.078471243381500244e-01
1.022609510999999971e+00 1.090507134795188904e-01
1.025453096999999980e+00 1.078004390001296997e-01
1.028296738999999960e+00 1.085015237331390381e-01
1.031140436999999910e+00 1.099757403135299683e-01
1.033984191000000052e+00 1.118099689483642578e-01
1.036828002000000026e+00 1.068012565374374390e-01
1.039671868000000110e+00 1.075800508260726929e-01
1.042515791000000025e+00 1.174589619040489197e-01
1.045359770999999993e+00 1.202640756964683533e-01
