3.615872339999999796e-01 1.308413624763488770e+00
3.644177160000000026e-01 1.486207365989685059e+00
3.672482539999999962e-01 1.577909827232360840e+00
3.700788480000000158e-01 1.584683775901794434e+00
3.729094980000000059e-01 1.437306046485900879e+00
3.757402049999999938e-01 1.519187569618225098e+00
3.785709680000000077e-01 1.660957098007202148e+00
3.814017869999999921e-01 1.429261803627014160e+00
3.842326620000000026e-01 1.324427366256713867e+00
3.870635940000000108e-01 1.433697581291198730e+00
3.898945819999999896e-01 1.597978353500366211e+00
3.927256259999999943e-01 1.430447816848754883e+00
3.955567260000000251e-01 1.463168263435363770e+00
3.983878829999999982e-01 1.845946907997131348e+00
4.012190950000000256e-01 2.292408943176269531e+00
4.040503639999999952e-01 2.291952371597290039e+00
4.068816900000000181e-01 2.253796339035034180e+00
4.097130709999999842e-01 2.305646896362304688e+00
4.125445090000000037e-01 2.367513418197631836e+00
4.153760029999999936e-01 2.399756193161010742e+00
4.182075530000000096e-01 2.332517862319946289e+00
4.210391589999999962e-01 2.331456184387207031e+00
4.238708219999999804e-01 2.306016683578491211e+00
4.267025409999999908e-01 2.283026218414306641e+00
4.295343160000000271e-01 2.052837371826171875e+00
4.323661469999999785e-01 2.185978889465332031e+00
4.351980349999999831e-01 2.409320592880249023e+00
4.380299790000000137e-01 2.411490201950073242e+00
4.408619790000000149e-01 2.490568161010742188e+00
4.436940349999999866e-01 2.651583433151245117e+00
4.465261480000000116e-01 2.666674852371215820e+00
4.493583170000000071e-01 2.828229427337646484e+00
4.521905419999999731e-01 2.832489728927612305e+00
4.550228230000000207e-01 2.814592361450195312e+00
4.578551610000000105e-01 2.859604597091674805e+00
4.606875550000000263e-01 2.878428936004638672e+00
4.635200050000000127e-01 2.925362586975097656e+00
4.663525110000000251e-01 2.862442493438720703e+00
4.691850739999999798e-01 2.860448837280273438e+00
4.720176919999999887e-01 2.891977071762084961e+00
4.748503669999999954e-01 2.943394660949707031e+00
4.776830989999999999e-01 2.965914726257324219e+00
4.805158860000000032e-01 3.041602849960327148e+00
4.833487300000000042e-01 3.008350849151611328e+00
4.861816299999999758e-01 2.775445938110351562e+00
4.890145859999999733e-01 2.894756555557250977e+00
4.918475979999999970e-01 2.965274572372436523e+00
4.946806670000000183e-01 3.027627944946289062e+00
4.975137920000000102e-01 3.062980175018310547e+00
5.003469729999999727e-01 2.974463701248168945e+00
5.031802100000000166e-01 2.960511684417724609e+00
5.060135040000000028e-01 3.044112205505371094e+00
5.088468539999999596e-01 3.070699214935302734e+00
5.116802599999999979e-01 3.095340728759765625e+00
5.145137220000000067e-01 3.031789302825927734e+00
5.173472409999999577e-01 2.874442100524902344e+00
5.201808159999999903e-01 3.000807046890258789e+00
5.230144469999999934e-01 3.125008106231689453e+00
5.258481339999999671e-01 3.135548830032348633e+00
5.286818779999999940e-01 3.184853315353393555e+00
5.315156779999999914e-01 3.278997659683227539e+00
5.343495339999999594e-01 3.266155004501342773e+00
5.371834460000000089e-01 3.317414045333862305e+00
5.400174150000000006e-01 3.253118753433227539e+00
5.428514389999999912e-01 3.274790525436401367e+00
5.456855200000000350e-01 3.341524839401245117e+00
5.485196580000000210e-01 3.348436594009399414e+00
5.513538510000000059e-01 3.390829324722290039e+00
5.541881010000000440e-01 3.407808065414428711e+00
5.570224070000000527e-01 3.381103992462158203e+00
5.598567690000000319e-01 3.326306581497192383e+00
5.626911869999999816e-01 3.386548519134521484e+00
5.655256619999999845e-01 3.382925510406494141e+00
5.683601929999999580e-01 3.344416141510009766e+00
5.711947800000000131e-01 3.313070535659790039e+00
5.740294230000000386e-01 3.356167793273925781e+00
5.768641230000000064e-01 3.318846464157104492e+00
5.796988789999999447e-01 3.335123538970947266e+00
5.825336909999999646e-01 3.416789531707763672e+00
5.853685589999999550e-01 3.380238771438598633e+00
5.882034839999999987e-01 3.149705648422241211e+00
5.910384650000000129e-01 3.019626617431640625e+00
5.938735019999999976e-01 3.064735889434814453e+00
5.967085949999999528e-01 3.044096469879150391e+00
5.995437449999999613e-01 3.017935514450073242e+00
6.023789510000000513e-01 2.978718757629394531e+00
6.052142130000000009e-01 2.996359825134277344e+00
6.080495310000000320e-01 2.957354068756103516e+00
6.108849060000000053e-01 2.845635652542114258e+00
6.137203359999999774e-01 2.774286270141601562e+00
6.165558230000000028e-01 2.757884979248046875e+00
6.193913669999999705e-01 2.826709270477294922e+00
6.222269660000000480e-01 2.817290067672729492e+00
6.250626219999999567e-01 2.740331888198852539e+00
6.278983339999999469e-01 2.668539762496948242e+00
6.307341020000000187e-01 2.661325931549072266e+00
6.335699259999999500e-01 2.684239149093627930e+00
6.364058070000000455e-01 2.707302093505859375e+00
6.392417440000000006e-01 2.717103481292724609e+00
6.420777370000000372e-01 2.681140422821044922e+00
6.449137860000000444e-01 2.655296564102172852e+00
6.477498919999999938e-01 2.524300575256347656e+00
6.505860540000000247e-01 2.517688751220703125e+00
6.534222720000000262e-01 2.510080814361572266e+00
6.562585459999999982e-01 2.309305667877197266e+00
6.590948770000000234e-01 2.416450977325439453e+00
6.619312640000000192e-01 2.471963882446289062e+00
6.647677069999999855e-01 2.461244106292724609e+00
6.676042060000000333e-01 2.436424016952514648e+00
6.704407620000000234e-01 2.415848016738891602e+00
6.732773739999999840e-01 2.383937358856201172e+00
6.761140420000000262e-01 2.370378971099853516e+00
6.789507660000000389e-01 2.350183963775634766e+00
6.817875469999999938e-01 2.330793142318725586e+00
6.846243829999999475e-01 2.244464159011840820e+00
6.874612759999999545e-01 1.889356732368469238e+00
6.902982260000000148e-01 1.907014131546020508e+00
6.931352309999999628e-01 1.939987540245056152e+00
6.959722929999999641e-01 1.954057574272155762e+00
6.988094110000000470e-01 1.934460401535034180e+00
7.016465849999999893e-01 1.829977035522460938e+00
7.044838150000000132e-01 1.823184847831726074e+00
7.073211019999999793e-01 1.790078401565551758e+00
7.101584450000000270e-01 1.728919506072998047e+00
7.129958440000000452e-01 1.623009681701660156e+00
7.158332990000000340e-01 1.375332236289978027e+00
7.186708109999999650e-01 1.002356052398681641e+00
7.215083789999999775e-01 1.029316544532775879e+00
7.243460029999999605e-01 9.485036730766296387e-01
7.271836830000000251e-01 8.566645383834838867e-01
7.300214200000000320e-01 8.030359745025634766e-01
7.328592130000000093e-01 8.201426267623901367e-01
7.356970619999999572e-01 8.195263743400573730e-01
7.385349669999999866e-01 7.965447902679443359e-01
7.413729289999999583e-01 8.043738007545471191e-01
7.442109470000000115e-01 8.180105090141296387e-01
7.470490210000000353e-01 8.077937960624694824e-01
7.498871510000000296e-01 7.955244183540344238e-01
7.527253379999999661e-01 7.923525571823120117e-01
7.555635800000000124e-01 7.815266847610473633e-01
7.584018790000000010e-01 6.441279053688049316e-01
7.612402350000000428e-01 3.032506406307220459e-01
7.640786459999999725e-01 3.678530156612396240e-01
7.669171139999999554e-01 5.915138125419616699e-01
7.697556380000000198e-01 7.202567458152770996e-01
7.725942180000000548e-01 7.449657917022705078e-01
7.754328539999999492e-01 7.446964979171752930e-01
7.782715470000000080e-01 7.531951069831848145e-01
7.811102960000000373e-01 7.545523047447204590e-01
7.839491010000000371e-01 7.510034441947937012e-01
7.867879620000000074e-01 7.427861690521240234e-01
7.896268800000000310e-01 7.233929634094238281e-01
7.924658540000000251e-01 7.222144007682800293e-01
7.953048839999999897e-01 7.278012037277221680e-01
7.981439700000000359e-01 7.306376099586486816e-01
8.009831130000000243e-01 7.312771081924438477e-01
8.038223119999999833e-01 7.324644327163696289e-01
8.066615670000000238e-01 7.431131601333618164e-01
8.095008780000000348e-01 7.135314345359802246e-01
8.123402459999999881e-01 6.381213665008544922e-01
8.151796700000000229e-01 5.223656296730041504e-01
8.180191500000000282e-01 4.964043796062469482e-01
8.208586860000000041e-01 5.286541581153869629e-01
8.236982790000000332e-01 4.911009967327117920e-01
8.265379269999999501e-01 5.065121650695800781e-01
8.293776320000000313e-01 4.577769637107849121e-01
8.322173940000000547e-01 4.366448819637298584e-01
8.350572109999999659e-01 4.409300982952117920e-01
8.378970850000000414e-01 4.606751203536987305e-01
8.407370149999999764e-01 4.586901366710662842e-01
8.435770009999999930e-01 4.532974958419799805e-01
8.464170429999999801e-01 4.482165575027465820e-01
8.492571420000000204e-01 4.300664365291595459e-01
8.520972970000000313e-01 4.107589125633239746e-01
8.549375080000000127e-01 3.843673467636108398e-01
8.577777749999999646e-01 4.121401906013488770e-01
8.606180989999999698e-01 4.060179591178894043e-01
8.634584789999999455e-01 4.008625745773315430e-01
8.662989150000000027e-01 3.665560781955718994e-01
8.691394070000000305e-01 3.802389800548553467e-01
8.719799560000000005e-01 3.736295998096466064e-01
8.748205610000000521e-01 3.663392961025238037e-01
8.776612219999999631e-01 3.577705323696136475e-01
8.805019389999999557e-01 3.454611301422119141e-01
8.833427130000000016e-01 3.406774103641510010e-01
8.861835430000000180e-01 3.280880749225616455e-01
8.890244290000000049e-01 3.221868872642517090e-01
8.918653709999999624e-01 3.015598356723785400e-01
8.947063699999999731e-01 2.544871568679809570e-01
8.975474239999999826e-01 2.079713046550750732e-01
9.003885350000000454e-01 1.900686621665954590e-01
9.032297030000000504e-01 2.147144228219985962e-01
9.060709260000000542e-01 2.126070111989974976e-01
9.089122060000000003e-01 1.724411547183990479e-01
9.117535420000000279e-01 1.746234446763992310e-01
9.145949340000000261e-01 1.595497876405715942e-01
9.174363819999999947e-01 1.621341258287429810e-01
9.202778870000000166e-01 1.821591705083847046e-01
9.231194480000000091e-01 1.724195033311843872e-01
9.259610649999999721e-01 1.588510423898696899e-01
9.288027380000000166e-01 1.119239330291748047e-01
9.316444680000000034e-01 6.559395790100097656e-02
9.344862539999999607e-01 3.751550614833831787e-02
9.373280959999999995e-01 4.195205122232437134e-02
9.401699940000000089e-01 6.371400505304336548e-02
9.430119489999999605e-01 5.328958481550216675e-02
9.458539599999999936e-01 5.004522204399108887e-02
9.486960269999999973e-01 5.454974621534347534e-02
9.515381499999999715e-01 5.285314098000526428e-02
9.543803299999999989e-01 5.446596816182136536e-02
9.572225659999999969e-01 5.641559138894081116e-02
9.600648579999999654e-01 6.434122473001480103e-02
9.629072060000000155e-01 6.995350867509841919e-02
9.657496110000000078e-01 7.672723382711410522e-02
9.685920709999999989e-01 1.003507226705551147e-01
9.714345880000000433e-01 1.091846525669097900e-01
9.742771620000000299e-01 1.010658219456672668e-01
9.771197910000000153e-01 1.043309047818183899e-01
9.799624770000000540e-01 1.071491986513137817e-01
9.828052189999999522e-01 1.165851727128028870e-01
9.856480170000000429e-01 1.301278620958328247e-01
9.884908709999999932e-01 1.382738947868347168e-01
9.913337819999999967e-01 1.354864239692687988e-01
9.941767489999999707e-01 1.343518942594528198e-01
9.970197720000000263e-01 1.380698680877685547e-01
9.998628510000000524e-01 1.356869935989379883e-01
1.002705986999999910e+00 1.386108547449111938e-01
1.005549178999999960e+00 1.257466226816177368e-01
1.008392426999999980e+00 1.331769526004791260e-01
1.011235730999999971e+00 1.333358734846115112e-01
1.014079092000000015e+00 1.305429488420486450e-01
1.016922509000000030e+00 1.349280476570129395e-01
1.019765982000000015e+00 1.357883512973785400e-01
1.022609510999999971e+00 1.431517302989959717e-01
1.025453096999999980e+00 1.427011042833328247e-01
1.028296738999999960e+00 1.438226401805877686e-01
1.031140436999999910e+00 1.351872384548187256e-01
1.033984191000000052e+00 1.400848627090454102e-01
1.036828002000000026e+00 1.422902941703796387e-01
1.039671868000000110e+00 1.423482298851013184e-01
1.042515791000000025e+00 1.410588920116424561e-01
1.045359770999999993e+00 1.330070197582244873e-01
