3.615872339999999796e-01 1.262091994285583496e+00
3.644177160000000026e-01 1.456013560295104980e+00
3.672482539999999962e-01 1.622009396553039551e+00
3.700788480000000158e-01 1.604977846145629883e+00
3.729094980000000059e-01 1.455964565277099609e+00
3.757402049999999938e-01 1.510760784149169922e+00
3.785709680000000077e-01 1.707509398460388184e+00
3.814017869999999921e-01 1.457320690155029297e+00
3.842326620000000026e-01 1.302631258964538574e+00
3.870635940000000108e-01 1.451032280921936035e+00
3.898945819999999896e-01 1.631411075592041016e+00
3.927256259999999943e-01 1.429447889328002930e+00
3.955567260000000251e-01 1.459759354591369629e+00
3.983878829999999982e-01 1.862816333770751953e+00
4.012190950000000256e-01 2.312376022338867188e+00
4.040503639999999952e-01 2.306765794754028320e+00
4.068816900000000181e-01 2.275676965713500977e+00
4.097130709999999842e-01 2.264660120010375977e+00
4.125445090000000037e-01 2.395502805709838867e+00
4.153760029999999936e-01 2.407807588577270508e+00
4.182075530000000096e-01 2.370000362396240234e+00
4.210391589999999962e-01 2.359267234802246094e+00
4.238708219999999804e-01 2.358944177627563477e+00
4.267025409999999908e-01 2.293846368789672852e+00
4.295343160000000271e-01 2.083092451095581055e+00
4.323661469999999785e-01 2.219414234161376953e+00
4.351980349999999831e-01 2.425464153289794922e+00
4.380299790000000137e-01 2.461721897125244141e+00
4.408619790000000149e-01 2.533993005752563477e+00
4.436940349999999866e-01 2.686603307723999023e+00
4.465261480000000116e-01 2.721202850341796875e+00
4.493583170000000071e-01 2.866688489913940430e+00
4.521905419999999731e-01 2.887084007263183594e+00
4.550228230000000207e-01 2.865576505661010742e+00
4.578551610000000105e-01 2.940587043762207031e+00
4.606875550000000263e-01 2.957488059997558594e+00
4.635200050000000127e-01 2.992174386978149414e+00
4.663525110000000251e-01 2.910050868988037109e+00
4.691850739999999798e-01 2.918795108795166016e+00
4.720176919999999887e-01 2.959467411041259766e+00
4.748503669999999954e-01 3.000762224197387695e+00
4.776830989999999999e-01 3.041488885879516602e+00
4.805158860000000032e-01 3.091284036636352539e+00
4.833487300000000042e-01 3.079430818557739258e+00
4.861816299999999758e-01 2.855522871017456055e+00
4.890145859999999733e-01 2.954691648483276367e+00
4.918475979999999970e-01 3.036518335342407227e+00
4.946806670000000183e-01 3.098565101623535156e+00
4.975137920000000102e-01 3.120048522949218750e+00
5.003469729999999727e-01 3.042015075683593750e+00
5.031802100000000166e-01 3.024783849716186523e+00
5.060135040000000028e-01 3.114248752593994141e+00
5.088468539999999596e-01 3.136053800582885742e+00
5.116802599999999979e-01 3.179496526718139648e+00
5.145137220000000067e-01 3.099538326263427734e+00
5.173472409999999577e-01 2.932646274566650391e+00
5.201808159999999903e-01 3.068274259567260742e+00
5.230144469999999934e-01 3.203109502792358398e+00
5.258481339999999671e-01 3.215467929840087891e+00
5.286818779999999940e-01 3.256465673446655273e+00
5.315156779999999914e-01 3.373522043228149414e+00
5.343495339999999594e-01 3.356089830398559570e+00
5.371834460000000089e-01 3.406186342239379883e+00
5.400174150000000006e-01 3.348596096038818359e+00
5.428514389999999912e-01 3.363196611404418945e+00
5.456855200000000350e-01 3.427952766418457031e+00
5.485196580000000210e-01 3.451051950454711914e+00
5.513538510000000059e-01 3.472159385681152344e+00
5.541881010000000440e-01 3.502732515335083008e+00
5.570224070000000527e-01 3.459826946258544922e+00
5.598567690000000319e-01 3.416084051132202148e+00
5.626911869999999816e-01 3.479199409484863281e+00
5.655256619999999845e-01 3.467981815338134766e+00
5.683601929999999580e-01 3.431936740875244141e+00
5.711947800000000131e-01 3.407811403274536133e+00
5.740294230000000386e-01 3.449268817901611328e+00
5.768641230000000064e-01 3.427141666412353516e+00
5.796988789999999447e-01 3.429398059844970703e+00
5.825336909999999646e-01 3.520678043365478516e+00
5.853685589999999550e-01 3.473139286041259766e+00
5.882034839999999987e-01 3.252937793731689453e+00
5.910384650000000129e-01 3.105934858322143555e+00
5.938735019999999976e-01 3.176498651504516602e+00
5.967085949999999528e-01 3.162880182266235352e+00
5.995437449999999613e-01 3.137361049652099609e+00
6.023789510000000513e-01 3.105829238891601562e+00
6.052142130000000009e-01 3.123600244522094727e+00
6.080495310000000320e-01 3.084022521972656250e+00
6.108849060000000053e-01 2.942402839660644531e+00
6.137203359999999774e-01 2.854625225067138672e+00
6.165558230000000028e-01 2.846704244613647461e+00
6.193913669999999705e-01 2.936836004257202148e+00
6.222269660000000480e-01 2.929498672485351562e+00
6.250626219999999567e-01 2.858711481094360352e+00
6.278983339999999469e-01 2.789324045181274414e+00
6.307341020000000187e-01 2.779253005981445312e+00
6.335699259999999500e-01 2.796139717102050781e+00
6.364058070000000455e-01 2.830814123153686523e+00
6.392417440000000006e-01 2.842761278152465820e+00
6.420777370000000372e-01 2.815479993820190430e+00
6.449137860000000444e-01 2.775432586669921875e+00
6.477498919999999938e-01 2.646703004837036133e+00
6.505860540000000247e-01 2.630267858505249023e+00
6.534222720000000262e-01 2.635372877120971680e+00
6.562585459999999982e-01 2.416143178939819336e+00
6.590948770000000234e-01 2.534965991973876953e+00
6.619312640000000192e-01 2.607363224029541016e+00
6.647677069999999855e-01 2.582845449447631836e+00
6.676042060000000333e-01 2.561851024627685547e+00
6.704407620000000234e-01 2.538990497589111328e+00
6.732773739999999840e-01 2.507098674774169922e+00
6.761140420000000262e-01 2.494909286499023438e+00
6.789507660000000389e-01 2.489236593246459961e+00
6.817875469999999938e-01 2.456784725189208984e+00
6.846243829999999475e-01 2.376505136489868164e+00
6.874612759999999545e-01 1.992756128311157227e+00
6.902982260000000148e-01 2.016797542572021484e+00
6.931352309999999628e-01 2.051569461822509766e+00
6.959722929999999641e-01 2.079569816589355469e+00
6.988094110000000470e-01 2.058564901351928711e+00
7.016465849999999893e-01 1.946848392486572266e+00
7.044838150000000132e-01 1.951836347579956055e+00
7.073211019999999793e-01 1.918721199035644531e+00
7.101584450000000270e-01 1.854162931442260742e+00
7.129958440000000452e-01 1.754719018936157227e+00
7.158332990000000340e-01 1.490066409111022949e+00
7.186708109999999650e-01 1.072699666023254395e+00
7.215083789999999775e-01 1.103339910507202148e+00
7.243460029999999605e-01 1.016968965530395508e+00
7.271836830000000251e-01 9.149663448333740234e-01
7.300214200000000320e-01 8.585431575775146484e-01
7.328592130000000093e-01 8.709732294082641602e-01
7.356970619999999572e-01 8.586229681968688965e-01
7.385349669999999866e-01 8.322122097015380859e-01
7.413729289999999583e-01 8.348098397254943848e-01
7.442109470000000115e-01 8.476464748382568359e-01
7.470490210000000353e-01 8.503422141075134277e-01
7.498871510000000296e-01 8.358247280120849609e-01
7.527253379999999661e-01 8.266794681549072266e-01
7.555635800000000124e-01 8.191292285919189453e-01
7.584018790000000010e-01 6.745667457580566406e-01
7.612402350000000428e-01 3.102373480796813965e-01
7.640786459999999725e-01 3.716361820697784424e-01
7.669171139999999554e-01 6.081778407096862793e-01
7.697556380000000198e-01 7.403005957603454590e-01
7.725942180000000548e-01 7.760333418846130371e-01
7.754328539999999492e-01 7.795470356941223145e-01
7.782715470000000080e-01 7.822530269622802734e-01
7.811102960000000373e-01 7.881762981414794922e-01
7.839491010000000371e-01 7.781637310981750488e-01
7.867879620000000074e-01 7.817080020904541016e-01
7.896268800000000310e-01 7.506651282310485840e-01
7.924658540000000251e-01 7.591578364372253418e-01
7.953048839999999897e-01 7.611388564109802246e-01
7.981439700000000359e-01 7.709074616432189941e-01
8.009831130000000243e-01 7.640042901039123535e-01
8.038223119999999833e-01 7.670434117317199707e-01
8.066615670000000238e-01 7.856870889663696289e-01
8.095008780000000348e-01 7.516781091690063477e-01
8.123402459999999881e-01 6.667076349258422852e-01
8.151796700000000229e-01 5.494729280471801758e-01
8.180191500000000282e-01 5.173010230064392090e-01
8.208586860000000041e-01 5.570779442787170410e-01
8.236982790000000332e-01 5.102815032005310059e-01
8.265379269999999501e-01 5.270888805389404297e-01
8.293776320000000313e-01 4.645993709564208984e-01
8.322173940000000547e-01 4.426751732826232910e-01
8.350572109999999659e-01 4.510684311389923096e-01
8.378970850000000414e-01 4.553166329860687256e-01
8.407370149999999764e-01 4.624768197536468506e-01
8.435770009999999930e-01 4.509090781211853027e-01
8.464170429999999801e-01 4.512129426002502441e-01
8.492571420000000204e-01 4.244071245193481445e-01
8.520972970000000313e-01 4.080903828144073486e-01
8.549375080000000127e-01 3.894979059696197510e-01
8.577777749999999646e-01 4.061063826084136963e-01
8.606180989999999698e-01 4.057085216045379639e-01
8.634584789999999455e-01 3.954274356365203857e-01
8.662989150000000027e-01 3.667698502540588379e-01
8.691394070000000305e-01 3.731998801231384277e-01
8.719799560000000005e-01 3.655201494693756104e-01
8.748205610000000521e-01 3.572242259979248047e-01
8.776612219999999631e-01 3.468641936779022217e-01
8.805019389999999557e-01 3.365772962570190430e-01
8.833427130000000016e-01 3.300566077232360840e-01
8.861835430000000180e-01 3.093137443065643311e-01
8.890244290000000049e-01 3.066535294055938721e-01
8.918653709999999624e-01 2.894694805145263672e-01
8.947063699999999731e-01 2.473867386579513550e-01
8.975474239999999826e-01 1.928135901689529419e-01
9.003885350000000454e-01 1.715922355651855469e-01
9.032297030000000504e-01 2.013277560472488403e-01
9.060709260000000542e-01 1.987012773752212524e-01
9.089122060000000003e-01 1.624040156602859497e-01
9.117535420000000279e-01 1.596127301454544067e-01
9.145949340000000261e-01 1.441880166530609131e-01
9.174363819999999947e-01 1.479182690382003784e-01
9.202778870000000166e-01 1.728061735630035400e-01
9.231194480000000091e-01 1.646145433187484741e-01
9.259610649999999721e-01 1.502975821495056152e-01
9.288027380000000166e-01 1.044480949640274048e-01
9.316444680000000034e-01 5.517144128680229187e-02
9.344862539999999607e-01 3.488000854849815369e-02
9.373280959999999995e-01 3.251541778445243835e-02
9.401699940000000089e-01 5.391956493258476257e-02
9.430119489999999605e-01 4.771771281957626343e-02
9.458539599999999936e-01 3.664348646998405457e-02
9.486960269999999973e-01 4.473710060119628906e-02
9.515381499999999715e-01 4.287887737154960632e-02
9.543803299999999989e-01 4.246720299124717712e-02
9.572225659999999969e-01 4.868597164750099182e-02
9.600648579999999654e-01 5.188134312629699707e-02
9.629072060000000155e-01 5.675249546766281128e-02
9.657496110000000078e-01 6.284093856811523438e-02
9.685920709999999989e-01 8.741693198680877686e-02
9.714345880000000433e-01 9.242310374975204468e-02
9.742771620000000299e-01 8.311403542757034302e-02
9.771197910000000153e-01 8.758581429719924927e-02
9.799624770000000540e-01 8.715303987264633179e-02
9.828052189999999522e-01 9.901706129312515259e-02
9.856480170000000429e-01 1.018146052956581116e-01
9.884908709999999932e-01 1.101219654083251953e-01
9.913337819999999967e-01 1.061630025506019592e-01
9.941767489999999707e-01 1.125103086233139038e-01
9.970197720000000263e-01 1.122694909572601318e-01
9.998628510000000524e-01 1.108319759368896484e-01
1.002705986999999910e+00 1.130648553371429443e-01
1.005549178999999960e+00 1.050284132361412048e-01
1.008392426999999980e+00 1.059286594390869141e-01
1.011235730999999971e+00 1.109910011291503906e-01
1.014079092000000015e+00 1.161081492900848389e-01
1.016922509000000030e+00 1.144847571849822998e-01
1.019765982000000015e+00 1.142287477850914001e-01
1.022609510999999971e+00 1.109073013067245483e-01
1.025453096999999980e+00 1.121464446187019348e-01
1.028296738999999960e+00 1.112176254391670227e-01
1.031140436999999910e+00 1.198115050792694092e-01
1.033984191000000052e+00 1.161963120102882385e-01
1.036828002000000026e+00 1.179752871394157410e-01
1.039671868000000110e+00 1.176312714815139771e-01
1.042515791000000025e+00 1.167476773262023926e-01
1.045359770999999993e+00 1.181393191218376160e-01
