3.615872339999999796e-01 1.326852798461914062e+00
3.644177160000000026e-01 1.515801429748535156e+00
3.672482539999999962e-01 1.610442996025085449e+00
3.700788480000000158e-01 1.579865574836730957e+00
3.729094980000000059e-01 1.447349786758422852e+00
3.757402049999999938e-01 1.486976504325866699e+00
3.785709680000000077e-01 1.697501420974731445e+00
3.814017869999999921e-01 1.459210515022277832e+00
3.842326620000000026e-01 1.308204174041748047e+00
3.870635940000000108e-01 1.455119371414184570e+00
3.898945819999999896e-01 1.639959931373596191e+00
3.927256259999999943e-01 1.432315230369567871e+00
3.955567260000000251e-01 1.454028248786926270e+00
3.983878829999999982e-01 1.839203119277954102e+00
4.012190950000000256e-01 2.285520792007446289e+00
4.040503639999999952e-01 2.289283037185668945e+00
4.068816900000000181e-01 2.238877773284912109e+00
4.097130709999999842e-01 2.298909664154052734e+00
4.125445090000000037e-01 2.389939785003662109e+00
4.153760029999999936e-01 2.427637815475463867e+00
4.182075530000000096e-01 2.340599775314331055e+00
4.210391589999999962e-01 2.380829334259033203e+00
4.238708219999999804e-01 2.335943698883056641e+00
4.267025409999999908e-01 2.277168512344360352e+00
4.295343160000000271e-01 2.055798053741455078e+00
4.323661469999999785e-01 2.195455551147460938e+00
4.351980349999999831e-01 2.403572320938110352e+00
4.380299790000000137e-01 2.433423042297363281e+00
4.408619790000000149e-01 2.507470607757568359e+00
4.436940349999999866e-01 2.659403085708618164e+00
4.465261480000000116e-01 2.697437286376953125e+00
4.493583170000000071e-01 2.842305421829223633e+00
4.521905419999999731e-01 2.846378803253173828e+00
4.550228230000000207e-01 2.850566864013671875e+00
4.578551610000000105e-01 2.891259670257568359e+00
4.606875550000000263e-01 2.918517827987670898e+00
4.635200050000000127e-01 2.943006992340087891e+00
4.663525110000000251e-01 2.881228446960449219e+00
4.691850739999999798e-01 2.869339704513549805e+00
4.720176919999999887e-01 2.913437366485595703e+00
4.748503669999999954e-01 2.960554838180541992e+00
4.776830989999999999e-01 2.988704204559326172e+00
4.805158860000000032e-01 3.051869630813598633e+00
4.833487300000000042e-01 3.032823801040649414e+00
4.861816299999999758e-01 2.792774200439453125e+00
4.890145859999999733e-01 2.904922246932983398e+00
4.918475979999999970e-01 2.998077869415283203e+00
4.946806670000000183e-01 3.052157878875732422e+00
4.975137920000000102e-01 3.059634923934936523e+00
5.003469729999999727e-01 2.979528665542602539e+00
5.031802100000000166e-01 2.971240997314453125e+00
5.060135040000000028e-01 3.062296628952026367e+00
5.088468539999999596e-01 3.083699941635131836e+00
5.116802599999999979e-01 3.108015060424804688e+00
5.145137220000000067e-01 3.038477182388305664e+00
5.173472409999999577e-01 2.874180793762207031e+00
5.201808159999999903e-01 3.020494461059570312e+00
5.230144469999999934e-01 3.141166448593139648e+00
5.258481339999999671e-01 3.148342370986938477e+00
5.286818779999999940e-01 3.191687345504760742e+00
5.315156779999999914e-01 3.299772739410400391e+00
5.343495339999999594e-01 3.284249305725097656e+00
5.371834460000000089e-01 3.318985462188720703e+00
5.400174150000000006e-01 3.262036561965942383e+00
5.428514389999999912e-01 3.296515941619873047e+00
5.456855200000000350e-01 3.347552061080932617e+00
5.485196580000000210e-01 3.350610733032226562e+00
5.513538510000000059e-01 3.390841484069824219e+00
5.541881010000000440e-01 3.416797876358032227e+00
5.570224070000000527e-01 3.373239517211914062e+00
5.598567690000000319e-01 3.337243080139160156e+00
5.626911869999999816e-01 3.378045797348022461e+00
5.655256619999999845e-01 3.371840953826904297e+00
5.683601929999999580e-01 3.345771312713623047e+00
5.711947800000000131e-01 3.311074018478393555e+00
5.740294230000000386e-01 3.366705179214477539e+00
5.768641230000000064e-01 3.327618598937988281e+00
5.796988789999999447e-01 3.342490911483764648e+00
5.825336909999999646e-01 3.404566049575805664e+00
5.853685589999999550e-01 3.372379302978515625e+00
5.882034839999999987e-01 3.142150402069091797e+00
5.910384650000000129e-01 3.002593040466308594e+00
5.938735019999999976e-01 3.054867506027221680e+00
5.967085949999999528e-01 3.038458824157714844e+00
5.995437449999999613e-01 2.997977018356323242e+00
6.023789510000000513e-01 2.959235191345214844e+00
6.052142130000000009e-01 2.965154170989990234e+00
6.080495310000000320e-01 2.923029184341430664e+00
6.108849060000000053e-01 2.808577537536621094e+00
6.137203359999999774e-01 2.726912260055541992e+00
6.165558230000000028e-01 2.722140550613403320e+00
6.193913669999999705e-01 2.784255981445312500e+00
6.222269660000000480e-01 2.764873266220092773e+00
6.250626219999999567e-01 2.697968006134033203e+00
6.278983339999999469e-01 2.625021696090698242e+00
6.307341020000000187e-01 2.606492519378662109e+00
6.335699259999999500e-01 2.630014657974243164e+00
6.364058070000000455e-01 2.661262750625610352e+00
6.392417440000000006e-01 2.671179056167602539e+00
6.420777370000000372e-01 2.635309696197509766e+00
6.449137860000000444e-01 2.600686311721801758e+00
6.477498919999999938e-01 2.482703685760498047e+00
6.505860540000000247e-01 2.464267492294311523e+00
6.534222720000000262e-01 2.456275939941406250e+00
6.562585459999999982e-01 2.260484457015991211e+00
6.590948770000000234e-01 2.359951496124267578e+00
6.619312640000000192e-01 2.416415214538574219e+00
6.647677069999999855e-01 2.391144514083862305e+00
6.676042060000000333e-01 2.368076562881469727e+00
6.704407620000000234e-01 2.340315341949462891e+00
6.732773739999999840e-01 2.319080829620361328e+00
6.761140420000000262e-01 2.299352884292602539e+00
6.789507660000000389e-01 2.290749788284301758e+00
6.817875469999999938e-01 2.263725996017456055e+00
6.846243829999999475e-01 2.177666902542114258e+00
6.874612759999999545e-01 1.823809981346130371e+00
6.902982260000000148e-01 1.851352930068969727e+00
6.931352309999999628e-01 1.883052468299865723e+00
6.959722929999999641e-01 1.897475361824035645e+00
6.988094110000000470e-01 1.873632431030273438e+00
7.016465849999999893e-01 1.764718770980834961e+00
7.044838150000000132e-01 1.773472309112548828e+00
7.073211019999999793e-01 1.730111718177795410e+00
7.101584450000000270e-01 1.665124416351318359e+00
7.129958440000000452e-01 1.554325103759765625e+00
7.158332990000000340e-01 1.313275814056396484e+00
7.186708109999999650e-01 9.539295434951782227e-01
7.215083789999999775e-01 9.827052950859069824e-01
7.243460029999999605e-01 8.922941088676452637e-01
7.271836830000000251e-01 8.133031725883483887e-01
7.300214200000000320e-01 7.596327066421508789e-01
7.328592130000000093e-01 7.769108414649963379e-01
7.356970619999999572e-01 7.693789601325988770e-01
7.385349669999999866e-01 7.492292523384094238e-01
7.413729289999999583e-01 7.454606890678405762e-01
7.442109470000000115e-01 7.587044239044189453e-01
7.470490210000000353e-01 7.571049332618713379e-01
7.498871510000000296e-01 7.485349774360656738e-01
7.527253379999999661e-01 7.372639179229736328e-01
7.555635800000000124e-01 7.307212948799133301e-01
7.584018790000000010e-01 5.950623154640197754e-01
7.612402350000000428e-01 2.814321219921112061e-01
7.640786459999999725e-01 3.411208093166351318e-01
7.669171139999999554e-01 5.514234304428100586e-01
7.697556380000000198e-01 6.707376837730407715e-01
7.725942180000000548e-01 6.882005929946899414e-01
7.754328539999999492e-01 7.041499018669128418e-01
7.782715470000000080e-01 6.975346207618713379e-01
7.811102960000000373e-01 6.946285367012023926e-01
7.839491010000000371e-01 6.979374885559082031e-01
7.867879620000000074e-01 6.833882331848144531e-01
7.896268800000000310e-01 6.660524606704711914e-01
7.924658540000000251e-01 6.625213027000427246e-01
7.953048839999999897e-01 6.681935787200927734e-01
7.981439700000000359e-01 6.819838285446166992e-01
8.009831130000000243e-01 6.749261021614074707e-01
8.038223119999999833e-01 6.726095080375671387e-01
8.066615670000000238e-01 6.865122318267822266e-01
8.095008780000000348e-01 6.629675030708312988e-01
8.123402459999999881e-01 5.859482288360595703e-01
8.151796700000000229e-01 4.795809388160705566e-01
8.180191500000000282e-01 4.559445381164550781e-01
8.208586860000000041e-01 4.894025921821594238e-01
8.236982790000000332e-01 4.481840133666992188e-01
8.265379269999999501e-01 4.695664048194885254e-01
8.293776320000000313e-01 4.211213290691375732e-01
8.322173940000000547e-01 4.026462435722351074e-01
8.350572109999999659e-01 4.107459485530853271e-01
8.378970850000000414e-01 4.151719510555267334e-01
8.407370149999999764e-01 4.203564524650573730e-01
8.435770009999999930e-01 4.149899780750274658e-01
8.464170429999999801e-01 4.131482243537902832e-01
8.492571420000000204e-01 3.942377865314483643e-01
8.520972970000000313e-01 3.784024119377136230e-01
8.549375080000000127e-01 3.608610928058624268e-01
8.577777749999999646e-01 3.801233768463134766e-01
8.606180989999999698e-01 3.817437589168548584e-01
8.634584789999999455e-01 3.658863604068756104e-01
8.662989150000000027e-01 3.348881304264068604e-01
8.691394070000000305e-01 3.450249135494232178e-01
8.719799560000000005e-01 3.442591428756713867e-01
8.748205610000000521e-01 3.356551229953765869e-01
8.776612219999999631e-01 3.287344276905059814e-01
8.805019389999999557e-01 3.196592628955841064e-01
8.833427130000000016e-01 3.149819374084472656e-01
8.861835430000000180e-01 3.018874824047088623e-01
8.890244290000000049e-01 2.982085943222045898e-01
8.918653709999999624e-01 2.783393561840057373e-01
8.947063699999999731e-01 2.370505779981613159e-01
8.975474239999999826e-01 1.885750144720077515e-01
9.003885350000000454e-01 1.685004085302352905e-01
9.032297030000000504e-01 1.989938020706176758e-01
9.060709260000000542e-01 1.994032114744186401e-01
9.089122060000000003e-01 1.601188927888870239e-01
9.117535420000000279e-01 1.597131490707397461e-01
9.145949340000000261e-01 1.509386301040649414e-01
9.174363819999999947e-01 1.478085368871688843e-01
9.202778870000000166e-01 1.731351166963577271e-01
9.231194480000000091e-01 1.660782843828201294e-01
9.259610649999999721e-01 1.492916345596313477e-01
9.288027380000000166e-01 1.052374318242073059e-01
9.316444680000000034e-01 5.403155460953712463e-02
9.344862539999999607e-01 3.136838972568511963e-02
9.373280959999999995e-01 3.423409909009933472e-02
9.401699940000000089e-01 5.597213655710220337e-02
9.430119489999999605e-01 4.973903298377990723e-02
9.458539599999999936e-01 4.295687749981880188e-02
9.486960269999999973e-01 4.464869573712348938e-02
9.515381499999999715e-01 4.650210589170455933e-02
9.543803299999999989e-01 4.941196367144584656e-02
9.572225659999999969e-01 5.330483987927436829e-02
9.600648579999999654e-01 5.906002596020698547e-02
9.629072060000000155e-01 6.490143388509750366e-02
9.657496110000000078e-01 7.632460445165634155e-02
9.685920709999999989e-01 9.915456920862197876e-02
9.714345880000000433e-01 1.064768210053443909e-01
9.742771620000000299e-01 9.421105682849884033e-02
9.771197910000000153e-01 9.621270745992660522e-02
9.799624770000000540e-01 1.030961275100708008e-01
9.828052189999999522e-01 1.106797903776168823e-01
9.856480170000000429e-01 1.264500766992568970e-01
9.884908709999999932e-01 1.316154003143310547e-01
9.913337819999999967e-01 1.253083795309066772e-01
9.941767489999999707e-01 1.268569976091384888e-01
9.970197720000000263e-01 1.329696625471115112e-01
9.998628510000000524e-01 1.313096135854721069e-01
1.002705986999999910e+00 1.305795013904571533e-01
1.005549178999999960e+00 1.145635172724723816e-01
1.008392426999999980e+00 1.251320987939834595e-01
1.011235730999999971e+00 1.296924650669097900e-01
1.014079092000000015e+00 1.261597722768783569e-01
1.016922509000000030e+00 1.295550167560577393e-01
1.019765982000000015e+00 1.287927627563476562e-01
1.022609510999999971e+00 1.256847530603408813e-01
1.025453096999999980e+00 1.287050247192382812e-01
1.028296738999999960e+00 1.235505491495132446e-01
1.031140436999999910e+00 1.175316646695137024e-01
1.033984191000000052e+00 1.276360154151916504e-01
1.036828002000000026e+00 1.244184598326683044e-01
1.039671868000000110e+00 1.259184926748275757e-01
1.042515791000000025e+00 1.310883313417434692e-01
1.045359770999999993e+00 1.308316290378570557e-01
