3.615872339999999796e-01 1.319324731826782227e+00
3.644177160000000026e-01 1.448704719543457031e+00
3.672482539999999962e-01 1.612910628318786621e+00
3.700788480000000158e-01 1.552765607833862305e+00
3.729094980000000059e-01 1.456152677536010742e+00
3.757402049999999938e-01 1.502387642860412598e+00
3.785709680000000077e-01 1.657643556594848633e+00
3.814017869999999921e-01 1.409170866012573242e+00
3.842326620000000026e-01 1.323374032974243164e+00
3.870635940000000108e-01 1.430001258850097656e+00
3.898945819999999896e-01 1.633774757385253906e+00
3.927256259999999943e-01 1.401862144470214844e+00
3.955567260000000251e-01 1.439479351043701172e+00
3.983878829999999982e-01 1.832078099250793457e+00
4.012190950000000256e-01 2.269039630889892578e+00
4.040503639999999952e-01 2.280195236206054688e+00
4.068816900000000181e-01 2.230870485305786133e+00
4.097130709999999842e-01 2.287330627441406250e+00
4.125445090000000037e-01 2.376260519027709961e+00
4.153760029999999936e-01 2.386710166931152344e+00
4.182075530000000096e-01 2.346382856369018555e+00
4.210391589999999962e-01 2.353526115417480469e+00
4.238708219999999804e-01 2.324432134628295898e+00
4.267025409999999908e-01 2.243343830108642578e+00
4.295343160000000271e-01 2.060613393783569336e+00
4.323661469999999785e-01 2.192284107208251953e+00
4.351980349999999831e-01 2.393286943435668945e+00
4.380299790000000137e-01 2.428651332855224609e+00
4.408619790000000149e-01 2.487193107604980469e+00
4.436940349999999866e-01 2.635077238082885742e+00
4.465261480000000116e-01 2.644480705261230469e+00
4.493583170000000071e-01 2.816332817077636719e+00
4.521905419999999731e-01 2.831552267074584961e+00
4.550228230000000207e-01 2.813111305236816406e+00
4.578551610000000105e-01 2.876239299774169922e+00
4.606875550000000263e-01 2.878113269805908203e+00
4.635200050000000127e-01 2.921817541122436523e+00
4.663525110000000251e-01 2.856097936630249023e+00
4.691850739999999798e-01 2.854897975921630859e+00
4.720176919999999887e-01 2.897177457809448242e+00
4.748503669999999954e-01 2.950822353363037109e+00
4.776830989999999999e-01 2.979823350906372070e+00
4.805158860000000032e-01 3.030395984649658203e+00
4.833487300000000042e-01 3.009989023208618164e+00
4.861816299999999758e-01 2.768072605133056641e+00
4.890145859999999733e-01 2.890857934951782227e+00
4.918475979999999970e-01 2.973888158798217773e+00
4.946806670000000183e-01 3.040868759155273438e+00
4.975137920000000102e-01 3.042485237121582031e+00
5.003469729999999727e-01 2.973412275314331055e+00
5.031802100000000166e-01 2.959172487258911133e+00
5.060135040000000028e-01 3.039643526077270508e+00
5.088468539999999596e-01 3.065057277679443359e+00
5.116802599999999979e-01 3.086498498916625977e+00
5.145137220000000067e-01 3.024375677108764648e+00
5.173472409999999577e-01 2.875005245208740234e+00
5.201808159999999903e-01 2.997540712356567383e+00
5.230144469999999934e-01 3.135478973388671875e+00
5.258481339999999671e-01 3.125272274017333984e+00
5.286818779999999940e-01 3.179293632507324219e+00
5.315156779999999914e-01 3.288176298141479492e+00
5.343495339999999594e-01 3.276384353637695312e+00
5.371834460000000089e-01 3.330655574798583984e+00
5.400174150000000006e-01 3.254960775375366211e+00
5.428514389999999912e-01 3.286747217178344727e+00
5.456855200000000350e-01 3.343455791473388672e+00
5.485196580000000210e-01 3.357155799865722656e+00
5.513538510000000059e-01 3.383089780807495117e+00
5.541881010000000440e-01 3.418350219726562500e+00
5.570224070000000527e-01 3.382097005844116211e+00
5.598567690000000319e-01 3.335593461990356445e+00
5.626911869999999816e-01 3.382197618484497070e+00
5.655256619999999845e-01 3.373978853225708008e+00
5.683601929999999580e-01 3.354178428649902344e+00
5.711947800000000131e-01 3.315736293792724609e+00
5.740294230000000386e-01 3.364018917083740234e+00
5.768641230000000064e-01 3.327778339385986328e+00
5.796988789999999447e-01 3.350751399993896484e+00
5.825336909999999646e-01 3.410305500030517578e+00
5.853685589999999550e-01 3.375409603118896484e+00
5.882034839999999987e-01 3.151363849639892578e+00
5.910384650000000129e-01 3.019986152648925781e+00
5.938735019999999976e-01 3.076010942459106445e+00
5.967085949999999528e-01 3.078579187393188477e+00
5.995437449999999613e-01 3.022170066833496094e+00
6.023789510000000513e-01 2.991891860961914062e+00
6.052142130000000009e-01 2.993674755096435547e+00
6.080495310000000320e-01 2.971916675567626953e+00
6.108849060000000053e-01 2.845717191696166992e+00
6.137203359999999774e-01 2.784333944320678711e+00
6.165558230000000028e-01 2.766982555389404297e+00
6.193913669999999705e-01 2.845603466033935547e+00
6.222269660000000480e-01 2.821733713150024414e+00
6.250626219999999567e-01 2.751053810119628906e+00
6.278983339999999469e-01 2.685499191284179688e+00
6.307341020000000187e-01 2.659005880355834961e+00
6.335699259999999500e-01 2.692274570465087891e+00
6.364058070000000455e-01 2.734801292419433594e+00
6.392417440000000006e-01 2.724327087402343750e+00
6.420777370000000372e-01 2.697314023971557617e+00
6.449137860000000444e-01 2.658856630325317383e+00
6.477498919999999938e-01 2.537977695465087891e+00
6.505860540000000247e-01 2.533360958099365234e+00
6.534222720000000262e-01 2.518368005752563477e+00
6.562585459999999982e-01 2.325371026992797852e+00
6.590948770000000234e-01 2.428403615951538086e+00
6.619312640000000192e-01 2.500931739807128906e+00
6.647677069999999855e-01 2.471167564392089844e+00
6.676042060000000333e-01 2.462284326553344727e+00
6.704407620000000234e-01 2.424870729446411133e+00
6.732773739999999840e-01 2.396507978439331055e+00
6.761140420000000262e-01 2.392229795455932617e+00
6.789507660000000389e-01 2.373045682907104492e+00
6.817875469999999938e-01 2.345861911773681641e+00
6.846243829999999475e-01 2.260342359542846680e+00
6.874612759999999545e-01 1.893615722656250000e+00
6.902982260000000148e-01 1.917230963706970215e+00
6.931352309999999628e-01 1.961816430091857910e+00
6.959722929999999641e-01 1.968438386917114258e+00
6.988094110000000470e-01 1.950926899909973145e+00
7.016465849999999893e-01 1.840782046318054199e+00
7.044838150000000132e-01 1.842702150344848633e+00
7.073211019999999793e-01 1.807755947113037109e+00
7.101584450000000270e-01 1.743875622749328613e+00
7.129958440000000452e-01 1.632912397384643555e+00
7.158332990000000340e-01 1.393491864204406738e+00
7.186708109999999650e-01 1.016600847244262695e+00
7.215083789999999775e-01 1.045621156692504883e+00
7.243460029999999605e-01 9.609298110008239746e-01
7.271836830000000251e-01 8.679907321929931641e-01
7.300214200000000320e-01 8.138491511344909668e-01
7.328592130000000093e-01 8.405649662017822266e-01
7.356970619999999572e-01 8.293787837028503418e-01
7.385349669999999866e-01 8.068382740020751953e-01
7.413729289999999583e-01 8.111420869827270508e-01
7.442109470000000115e-01 8.257483839988708496e-01
7.470490210000000353e-01 8.226110935211181641e-01
7.498871510000000296e-01 8.110228180885314941e-01
7.527253379999999661e-01 7.995630502700805664e-01
7.555635800000000124e-01 7.910041213035583496e-01
7.584018790000000010e-01 6.544017791748046875e-01
7.612402350000000428e-01 3.087853789329528809e-01
7.640786459999999725e-01 3.726081848144531250e-01
7.669171139999999554e-01 5.999876260757446289e-01
7.697556380000000198e-01 7.267404794692993164e-01
7.725942180000000548e-01 7.563639879226684570e-01
7.754328539999999492e-01 7.548128962516784668e-01
7.782715470000000080e-01 7.599414587020874023e-01
7.811102960000000373e-01 7.627395987510681152e-01
7.839491010000000371e-01 7.611159682273864746e-01
7.867879620000000074e-01 7.515024542808532715e-01
7.896268800000000310e-01 7.285081148147583008e-01
7.924658540000000251e-01 7.300589084625244141e-01
7.953048839999999897e-01 7.404873967170715332e-01
7.981439700000000359e-01 7.441903948783874512e-01
8.009831130000000243e-01 7.402648925781250000e-01
8.038223119999999833e-01 7.411686778068542480e-01
8.066615670000000238e-01 7.522671818733215332e-01
8.095008780000000348e-01 7.263412475585937500e-01
8.123402459999999881e-01 6.505071520805358887e-01
8.151796700000000229e-01 5.288311243057250977e-01
8.180191500000000282e-01 5.012238025665283203e-01
8.208586860000000041e-01 5.376436114311218262e-01
8.236982790000000332e-01 4.937146306037902832e-01
8.265379269999999501e-01 5.139326453208923340e-01
8.293776320000000313e-01 4.599802196025848389e-01
8.322173940000000547e-01 4.442211985588073730e-01
8.350572109999999659e-01 4.468470215797424316e-01
8.378970850000000414e-01 4.548801481723785400e-01
8.407370149999999764e-01 4.563992917537689209e-01
8.435770009999999930e-01 4.538142383098602295e-01
8.464170429999999801e-01 4.575101435184478760e-01
8.492571420000000204e-01 4.294492602348327637e-01
8.520972970000000313e-01 4.136160016059875488e-01
8.549375080000000127e-01 3.879773318767547607e-01
8.577777749999999646e-01 4.147377014160156250e-01
8.606180989999999698e-01 4.082378447055816650e-01
8.634584789999999455e-01 4.019176959991455078e-01
8.662989150000000027e-01 3.693626224994659424e-01
8.691394070000000305e-01 3.794891536235809326e-01
8.719799560000000005e-01 3.738972842693328857e-01
8.748205610000000521e-01 3.619801998138427734e-01
8.776612219999999631e-01 3.595076799392700195e-01
8.805019389999999557e-01 3.438417613506317139e-01
8.833427130000000016e-01 3.369343876838684082e-01
8.861835430000000180e-01 3.278933167457580566e-01
8.890244290000000049e-01 3.207226097583770752e-01
8.918653709999999624e-01 3.006739020347595215e-01
8.947063699999999731e-01 2.586834430694580078e-01
8.975474239999999826e-01 2.047944217920303345e-01
9.003885350000000454e-01 1.830492019653320312e-01
9.032297030000000504e-01 2.142939716577529907e-01
9.060709260000000542e-01 2.164641022682189941e-01
9.089122060000000003e-01 1.719986647367477417e-01
9.117535420000000279e-01 1.718403100967407227e-01
9.145949340000000261e-01 1.560073196887969971e-01
9.174363819999999947e-01 1.583399027585983276e-01
9.202778870000000166e-01 1.886261850595474243e-01
9.231194480000000091e-01 1.705985069274902344e-01
9.259610649999999721e-01 1.616903096437454224e-01
9.288027380000000166e-01 1.162890493869781494e-01
9.316444680000000034e-01 6.389730423688888550e-02
9.344862539999999607e-01 3.731650486588478088e-02
9.373280959999999995e-01 4.009414464235305786e-02
9.401699940000000089e-01 6.320523470640182495e-02
9.430119489999999605e-01 5.194155499339103699e-02
9.458539599999999936e-01 5.025231465697288513e-02
9.486960269999999973e-01 5.321844294667243958e-02
9.515381499999999715e-01 5.798885226249694824e-02
9.543803299999999989e-01 5.315928161144256592e-02
9.572225659999999969e-01 5.977314338088035583e-02
9.600648579999999654e-01 6.156131252646446228e-02
9.629072060000000155e-01 7.372703403234481812e-02
9.657496110000000078e-01 7.628359645605087280e-02
9.685920709999999989e-01 1.031515672802925110e-01
9.714345880000000433e-01 1.121292114257812500e-01
9.742771620000000299e-01 9.567394107580184937e-02
9.771197910000000153e-01 9.891819208860397339e-02
9.799624770000000540e-01 1.033799797296524048e-01
9.828052189999999522e-01 1.162191480398178101e-01
9.856480170000000429e-01 1.255299150943756104e-01
9.884908709999999932e-01 1.250205039978027344e-01
9.913337819999999967e-01 1.279266774654388428e-01
9.941767489999999707e-01 1.303859353065490723e-01
9.970197720000000263e-01 1.331090331077575684e-01
9.998628510000000524e-01 1.328745633363723755e-01
1.002705986999999910e+00 1.237723976373672485e-01
1.005549178999999960e+00 1.244460791349411011e-01
1.008392426999999980e+00 1.305839866399765015e-01
1.011235730999999971e+00 1.338425129652023315e-01
1.014079092000000015e+00 1.373398900032043457e-01
1.016922509000000030e+00 1.310748010873794556e-01
1.019765982000000015e+00 1.316809803247451782e-01
1.022609510999999971e+00 1.377857327461242676e-01
1.025453096999999980e+00 1.376194208860397339e-01
1.028296738999999960e+00 1.413636952638626099e-01
1.031140436999999910e+00 1.406318843364715576e-01
1.033984191000000052e+00 1.417237669229507446e-01
1.036828002000000026e+00 1.437733918428421021e-01
1.039671868000000110e+00 1.387498378753662109e-01
1.042515791000000025e+00 1.321945339441299438e-01
1.045359770999999993e+00 1.429335623979568481e-01
