3.615872339999999796e-01 1.310963749885559082e+00
3.644177160000000026e-01 1.454353094100952148e+00
3.672482539999999962e-01 1.564861536026000977e+00
3.700788480000000158e-01 1.582694649696350098e+00
3.729094980000000059e-01 1.418355822563171387e+00
3.757402049999999938e-01 1.475991964340209961e+00
3.785709680000000077e-01 1.656972646713256836e+00
3.814017869999999921e-01 1.409410834312438965e+00
3.842326620000000026e-01 1.281832456588745117e+00
3.870635940000000108e-01 1.420122742652893066e+00
3.898945819999999896e-01 1.582782864570617676e+00
3.927256259999999943e-01 1.407769083976745605e+00
3.955567260000000251e-01 1.441574811935424805e+00
3.983878829999999982e-01 1.814159274101257324e+00
4.012190950000000256e-01 2.257344961166381836e+00
4.040503639999999952e-01 2.232562541961669922e+00
4.068816900000000181e-01 2.194879055023193359e+00
4.097130709999999842e-01 2.252866029739379883e+00
4.125445090000000037e-01 2.329657316207885742e+00
4.153760029999999936e-01 2.329074859619140625e+00
4.182075530000000096e-01 2.273609161376953125e+00
4.210391589999999962e-01 2.274664402008056641e+00
4.238708219999999804e-01 2.241398096084594727e+00
4.267025409999999908e-01 2.215591430664062500e+00
4.295343160000000271e-01 1.987390637397766113e+00
4.323661469999999785e-01 2.135300636291503906e+00
4.351980349999999831e-01 2.312502384185791016e+00
4.380299790000000137e-01 2.341358661651611328e+00
4.408619790000000149e-01 2.409470081329345703e+00
4.436940349999999866e-01 2.552311420440673828e+00
4.465261480000000116e-01 2.557907819747924805e+00
4.493583170000000071e-01 2.702397108078002930e+00
4.521905419999999731e-01 2.717491388320922852e+00
4.550228230000000207e-01 2.703700304031372070e+00
4.578551610000000105e-01 2.766809225082397461e+00
4.606875550000000263e-01 2.787950038909912109e+00
4.635200050000000127e-01 2.806740522384643555e+00
4.663525110000000251e-01 2.732591629028320312e+00
4.691850739999999798e-01 2.725206136703491211e+00
4.720176919999999887e-01 2.782171964645385742e+00
4.748503669999999954e-01 2.803220033645629883e+00
4.776830989999999999e-01 2.835953235626220703e+00
4.805158860000000032e-01 2.886136054992675781e+00
4.833487300000000042e-01 2.875441789627075195e+00
4.861816299999999758e-01 2.636056661605834961e+00
4.890145859999999733e-01 2.757210016250610352e+00
4.918475979999999970e-01 2.816303968429565430e+00
4.946806670000000183e-01 2.876644611358642578e+00
4.975137920000000102e-01 2.895278692245483398e+00
5.003469729999999727e-01 2.824231624603271484e+00
5.031802100000000166e-01 2.805966615676879883e+00
5.060135040000000028e-01 2.889177799224853516e+00
5.088468539999999596e-01 2.906739234924316406e+00
5.116802599999999979e-01 2.933072805404663086e+00
5.145137220000000067e-01 2.866705656051635742e+00
5.173472409999999577e-01 2.719480037689208984e+00
5.201808159999999903e-01 2.841871023178100586e+00
5.230144469999999934e-01 2.962686538696289062e+00
5.258481339999999671e-01 2.971707582473754883e+00
5.286818779999999940e-01 3.002552986145019531e+00
5.315156779999999914e-01 3.100604295730590820e+00
5.343495339999999594e-01 3.091841697692871094e+00
5.371834460000000089e-01 3.126871347427368164e+00
5.400174150000000006e-01 3.074089765548706055e+00
5.428514389999999912e-01 3.100617408752441406e+00
5.456855200000000350e-01 3.146215915679931641e+00
5.485196580000000210e-01 3.150857448577880859e+00
5.513538510000000059e-01 3.188332796096801758e+00
5.541881010000000440e-01 3.209786176681518555e+00
5.570224070000000527e-01 3.173626661300659180e+00
5.598567690000000319e-01 3.132359027862548828e+00
5.626911869999999816e-01 3.183772802352905273e+00
5.655256619999999845e-01 3.170857429504394531e+00
5.683601929999999580e-01 3.141575574874877930e+00
5.711947800000000131e-01 3.100368022918701172e+00
5.740294230000000386e-01 3.149249553680419922e+00
5.768641230000000064e-01 3.122406959533691406e+00
5.796988789999999447e-01 3.124866962432861328e+00
5.825336909999999646e-01 3.187961578369140625e+00
5.853685589999999550e-01 3.148603439331054688e+00
5.882034839999999987e-01 2.933261632919311523e+00
5.910384650000000129e-01 2.798521995544433594e+00
5.938735019999999976e-01 2.830865621566772461e+00
5.967085949999999528e-01 2.811434984207153320e+00
5.995437449999999613e-01 2.764994144439697266e+00
6.023789510000000513e-01 2.717890262603759766e+00
6.052142130000000009e-01 2.719456672668457031e+00
6.080495310000000320e-01 2.677047252655029297e+00
6.108849060000000053e-01 2.571182727813720703e+00
6.137203359999999774e-01 2.511032819747924805e+00
6.165558230000000028e-01 2.487932443618774414e+00
6.193913669999999705e-01 2.545333385467529297e+00
6.222269660000000480e-01 2.539777040481567383e+00
6.250626219999999567e-01 2.460840225219726562e+00
6.278983339999999469e-01 2.395193338394165039e+00
6.307341020000000187e-01 2.376625061035156250e+00
6.335699259999999500e-01 2.404243230819702148e+00
6.364058070000000455e-01 2.429468393325805664e+00
6.392417440000000006e-01 2.422332286834716797e+00
6.420777370000000372e-01 2.396862745285034180e+00
6.449137860000000444e-01 2.374182462692260742e+00
6.477498919999999938e-01 2.248555183410644531e+00
6.505860540000000247e-01 2.239621162414550781e+00
6.534222720000000262e-01 2.221460580825805664e+00
6.562585459999999982e-01 2.040383100509643555e+00
6.590948770000000234e-01 2.125430822372436523e+00
6.619312640000000192e-01 2.170908927917480469e+00
6.647677069999999855e-01 2.160820245742797852e+00
6.676042060000000333e-01 2.141722917556762695e+00
6.704407620000000234e-01 2.100493431091308594e+00
6.732773739999999840e-01 2.079829454421997070e+00
6.761140420000000262e-01 2.074956655502319336e+00
6.789507660000000389e-01 2.050413846969604492e+00
6.817875469999999938e-01 2.029101610183715820e+00
6.846243829999999475e-01 1.953011751174926758e+00
6.874612759999999545e-01 1.629308462142944336e+00
6.902982260000000148e-01 1.643341779708862305e+00
6.931352309999999628e-01 1.670236349105834961e+00
6.959722929999999641e-01 1.680764317512512207e+00
6.988094110000000470e-01 1.658672332763671875e+00
7.016465849999999893e-01 1.549338459968566895e+00
7.044838150000000132e-01 1.541946172714233398e+00
7.073211019999999793e-01 1.508175969123840332e+00
7.101584450000000270e-01 1.444106101989746094e+00
7.129958440000000452e-01 1.342897772789001465e+00
7.158332990000000340e-01 1.128025293350219727e+00
7.186708109999999650e-01 8.174247145652770996e-01
7.215083789999999775e-01 8.359639048576354980e-01
7.243460029999999605e-01 7.621328830718994141e-01
7.271836830000000251e-01 6.865419745445251465e-01
7.300214200000000320e-01 6.378780007362365723e-01
7.328592130000000093e-01 6.485108137130737305e-01
7.356970619999999572e-01 6.464077830314636230e-01
7.385349669999999866e-01 6.318815350532531738e-01
7.413729289999999583e-01 6.291393041610717773e-01
7.442109470000000115e-01 6.395474672317504883e-01
7.470490210000000353e-01 6.399366855621337891e-01
7.498871510000000296e-01 6.274604201316833496e-01
7.527253379999999661e-01 6.171623468399047852e-01
7.555635800000000124e-01 6.105220913887023926e-01
7.584018790000000010e-01 5.077435970306396484e-01
7.612402350000000428e-01 2.376179546117782593e-01
7.640786459999999725e-01 2.842327952384948730e-01
7.669171139999999554e-01 4.597638547420501709e-01
7.697556380000000198e-01 5.601269006729125977e-01
7.725942180000000548e-01 5.806058645248413086e-01
7.754328539999999492e-01 5.770344138145446777e-01
7.782715470000000080e-01 5.787118673324584961e-01
7.811102960000000373e-01 5.727707147598266602e-01
7.839491010000000371e-01 5.787609815597534180e-01
7.867879620000000074e-01 5.699449777603149414e-01
7.896268800000000310e-01 5.523708462715148926e-01
7.924658540000000251e-01 5.512236356735229492e-01
7.953048839999999897e-01 5.657636523246765137e-01
7.981439700000000359e-01 5.695039629936218262e-01
8.009831130000000243e-01 5.621930956840515137e-01
8.038223119999999833e-01 5.622010231018066406e-01
8.066615670000000238e-01 5.741657018661499023e-01
8.095008780000000348e-01 5.452781319618225098e-01
8.123402459999999881e-01 4.889090359210968018e-01
8.151796700000000229e-01 4.011866748332977295e-01
8.180191500000000282e-01 3.794985115528106689e-01
8.208586860000000041e-01 4.038971364498138428e-01
8.236982790000000332e-01 3.685268461704254150e-01
8.265379269999999501e-01 3.881032764911651611e-01
8.293776320000000313e-01 3.485614955425262451e-01
8.322173940000000547e-01 3.359403014183044434e-01
8.350572109999999659e-01 3.366955816745758057e-01
8.378970850000000414e-01 3.452668786048889160e-01
8.407370149999999764e-01 3.487623631954193115e-01
8.435770009999999930e-01 3.457632660865783691e-01
8.464170429999999801e-01 3.438325822353363037e-01
8.492571420000000204e-01 3.262704014778137207e-01
8.520972970000000313e-01 3.133118152618408203e-01
8.549375080000000127e-01 2.968138158321380615e-01
8.577777749999999646e-01 3.139431774616241455e-01
8.606180989999999698e-01 3.077795207500457764e-01
8.634584789999999455e-01 3.056688904762268066e-01
8.662989150000000027e-01 2.822998166084289551e-01
8.691394070000000305e-01 2.905255258083343506e-01
8.719799560000000005e-01 2.860694527626037598e-01
8.748205610000000521e-01 2.750819325447082520e-01
8.776612219999999631e-01 2.693644165992736816e-01
8.805019389999999557e-01 2.591746449470520020e-01
8.833427130000000016e-01 2.550494074821472168e-01
8.861835430000000180e-01 2.451150417327880859e-01
8.890244290000000049e-01 2.428749799728393555e-01
8.918653709999999624e-01 2.278805971145629883e-01
8.947063699999999731e-01 1.940484642982482910e-01
8.975474239999999826e-01 1.596632152795791626e-01
9.003885350000000454e-01 1.393598467111587524e-01
9.032297030000000504e-01 1.626292765140533447e-01
9.060709260000000542e-01 1.615685373544692993e-01
9.089122060000000003e-01 1.350773274898529053e-01
9.117535420000000279e-01 1.352591663599014282e-01
9.145949340000000261e-01 1.265432536602020264e-01
9.174363819999999947e-01 1.222661212086677551e-01
9.202778870000000166e-01 1.411169916391372681e-01
9.231194480000000091e-01 1.379219442605972290e-01
9.259610649999999721e-01 1.208345890045166016e-01
9.288027380000000166e-01 9.251525998115539551e-02
9.316444680000000034e-01 5.004369094967842102e-02
9.344862539999999607e-01 2.767905965447425842e-02
9.373280959999999995e-01 3.149020299315452576e-02
9.401699940000000089e-01 4.991317540407180786e-02
9.430119489999999605e-01 4.345840960741043091e-02
9.458539599999999936e-01 3.777865692973136902e-02
9.486960269999999973e-01 4.302763566374778748e-02
9.515381499999999715e-01 4.452368989586830139e-02
9.543803299999999989e-01 4.522735252976417542e-02
9.572225659999999969e-01 5.157205462455749512e-02
9.600648579999999654e-01 4.838211089372634888e-02
9.629072060000000155e-01 5.707449465990066528e-02
9.657496110000000078e-01 6.287921965122222900e-02
9.685920709999999989e-01 7.990325987339019775e-02
9.714345880000000433e-01 8.556854724884033203e-02
9.742771620000000299e-01 7.663534581661224365e-02
9.771197910000000153e-01 7.855416834354400635e-02
9.799624770000000540e-01 8.050390332937240601e-02
9.828052189999999522e-01 9.293671697378158569e-02
9.856480170000000429e-01 9.682226926088333130e-02
9.884908709999999932e-01 9.870994836091995239e-02
9.913337819999999967e-01 1.017541587352752686e-01
9.941767489999999707e-01 1.039865761995315552e-01
9.970197720000000263e-01 1.054150164127349854e-01
9.998628510000000524e-01 1.022056564688682556e-01
1.002705986999999910e+00 1.036941260099411011e-01
1.005549178999999960e+00 9.551919996738433838e-02
1.008392426999999980e+00 1.029477864503860474e-01
1.011235730999999971e+00 1.012563779950141907e-01
1.014079092000000015e+00 1.013389006257057190e-01
1.016922509000000030e+00 1.013900861144065857e-01
1.019765982000000015e+00 1.034177169203758240e-01
1.022609510999999971e+00 9.342157840728759766e-02
1.025453096999999980e+00 1.008775457739830017e-01
1.028296738999999960e+00 1.065686792135238647e-01
1.031140436999999910e+00 1.023640185594558716e-01
1.033984191000000052e+00 1.054090186953544617e-01
1.036828002000000026e+00 9.701190143823623657e-02
1.039671868000000110e+00 1.062115803360939026e-01
1.042515791000000025e+00 1.003657057881355286e-01
1.045359770999999993e+00 1.044833287596702576e-01
