3.615872339999999796e-01 1.306370258331298828e+00
3.644177160000000026e-01 1.476795554161071777e+00
3.672482539999999962e-01 1.568003535270690918e+00
3.700788480000000158e-01 1.585088491439819336e+00
3.729094980000000059e-01 1.445423960685729980e+00
3.757402049999999938e-01 1.484903097152709961e+00
3.785709680000000077e-01 1.656101942062377930e+00
3.814017869999999921e-01 1.466071724891662598e+00
3.842326620000000026e-01 1.319269895553588867e+00
3.870635940000000108e-01 1.449127554893493652e+00
3.898945819999999896e-01 1.641496062278747559e+00
3.927256259999999943e-01 1.431686401367187500e+00
3.955567260000000251e-01 1.469889044761657715e+00
3.983878829999999982e-01 1.874087691307067871e+00
4.012190950000000256e-01 2.266139984130859375e+00
4.040503639999999952e-01 2.264724969863891602e+00
4.068816900000000181e-01 2.236591815948486328e+00
4.097130709999999842e-01 2.283762931823730469e+00
4.125445090000000037e-01 2.370009183883666992e+00
4.153760029999999936e-01 2.368079423904418945e+00
4.182075530000000096e-01 2.354714870452880859e+00
4.210391589999999962e-01 2.346875667572021484e+00
4.238708219999999804e-01 2.308264732360839844e+00
4.267025409999999908e-01 2.249302864074707031e+00
4.295343160000000271e-01 2.062972068786621094e+00
4.323661469999999785e-01 2.188306808471679688e+00
4.351980349999999831e-01 2.371824264526367188e+00
4.380299790000000137e-01 2.417950630187988281e+00
4.408619790000000149e-01 2.490618705749511719e+00
4.436940349999999866e-01 2.620358228683471680e+00
4.465261480000000116e-01 2.676234722137451172e+00
4.493583170000000071e-01 2.810734510421752930e+00
4.521905419999999731e-01 2.827329158782958984e+00
4.550228230000000207e-01 2.796718835830688477e+00
4.578551610000000105e-01 2.877051353454589844e+00
4.606875550000000263e-01 2.866111040115356445e+00
4.635200050000000127e-01 2.903872489929199219e+00
4.663525110000000251e-01 2.845311641693115234e+00
4.691850739999999798e-01 2.839966535568237305e+00
4.720176919999999887e-01 2.885285615921020508e+00
4.748503669999999954e-01 2.937761068344116211e+00
4.776830989999999999e-01 2.962316036224365234e+00
4.805158860000000032e-01 3.027879238128662109e+00
4.833487300000000042e-01 3.003623247146606445e+00
4.861816299999999758e-01 2.754066705703735352e+00
4.890145859999999733e-01 2.873742103576660156e+00
4.918475979999999970e-01 2.961126089096069336e+00
4.946806670000000183e-01 3.018335580825805664e+00
4.975137920000000102e-01 3.051419734954833984e+00
5.003469729999999727e-01 2.962545633316040039e+00
5.031802100000000166e-01 2.930756330490112305e+00
5.060135040000000028e-01 3.027436733245849609e+00
5.088468539999999596e-01 3.054912567138671875e+00
5.116802599999999979e-01 3.076794147491455078e+00
5.145137220000000067e-01 3.005155801773071289e+00
5.173472409999999577e-01 2.849047899246215820e+00
5.201808159999999903e-01 2.983076810836791992e+00
5.230144469999999934e-01 3.112243175506591797e+00
5.258481339999999671e-01 3.121669769287109375e+00
5.286818779999999940e-01 3.158721208572387695e+00
5.315156779999999914e-01 3.268204212188720703e+00
5.343495339999999594e-01 3.253852128982543945e+00
5.371834460000000089e-01 3.298611164093017578e+00
5.400174150000000006e-01 3.231920957565307617e+00
5.428514389999999912e-01 3.261251926422119141e+00
5.456855200000000350e-01 3.323021173477172852e+00
5.485196580000000210e-01 3.337249994277954102e+00
5.513538510000000059e-01 3.365535736083984375e+00
5.541881010000000440e-01 3.390820264816284180e+00
5.570224070000000527e-01 3.359560966491699219e+00
5.598567690000000319e-01 3.310210943222045898e+00
5.626911869999999816e-01 3.364101409912109375e+00
5.655256619999999845e-01 3.352520942687988281e+00
5.683601929999999580e-01 3.322943687438964844e+00
5.711947800000000131e-01 3.287724494934082031e+00
5.740294230000000386e-01 3.340749502182006836e+00
5.768641230000000064e-01 3.309842109680175781e+00
5.796988789999999447e-01 3.314797878265380859e+00
5.825336909999999646e-01 3.391047239303588867e+00
5.853685589999999550e-01 3.347786188125610352e+00
5.882034839999999987e-01 3.134591817855834961e+00
5.910384650000000129e-01 2.999890565872192383e+00
5.938735019999999976e-01 3.048649549484252930e+00
5.967085949999999528e-01 3.035824537277221680e+00
5.995437449999999613e-01 2.996627807617187500e+00
6.023789510000000513e-01 2.964688539505004883e+00
6.052142130000000009e-01 2.964562654495239258e+00
6.080495310000000320e-01 2.934702634811401367e+00
6.108849060000000053e-01 2.843105316162109375e+00
6.137203359999999774e-01 2.775075197219848633e+00
6.165558230000000028e-01 2.738092899322509766e+00
6.193913669999999705e-01 2.803941011428833008e+00
6.222269660000000480e-01 2.787909984588623047e+00
6.250626219999999567e-01 2.711160421371459961e+00
6.278983339999999469e-01 2.648996591567993164e+00
6.307341020000000187e-01 2.627183198928833008e+00
6.335699259999999500e-01 2.665771722793579102e+00
6.364058070000000455e-01 2.690410852432250977e+00
6.392417440000000006e-01 2.694167375564575195e+00
6.420777370000000372e-01 2.661530971527099609e+00
6.449137860000000444e-01 2.627065896987915039e+00
6.477498919999999938e-01 2.504345655441284180e+00
6.505860540000000247e-01 2.495786666870117188e+00
6.534222720000000262e-01 2.490764617919921875e+00
6.562585459999999982e-01 2.281367540359497070e+00
6.590948770000000234e-01 2.390888929367065430e+00
6.619312640000000192e-01 2.452553987503051758e+00
6.647677069999999855e-01 2.426971435546875000e+00
6.676042060000000333e-01 2.411466836929321289e+00
6.704407620000000234e-01 2.387437820434570312e+00
6.732773739999999840e-01 2.359366416931152344e+00
6.761140420000000262e-01 2.346858739852905273e+00
6.789507660000000389e-01 2.332512140274047852e+00
6.817875469999999938e-01 2.305847644805908203e+00
6.846243829999999475e-01 2.219874620437622070e+00
6.874612759999999545e-01 1.862561345100402832e+00
6.902982260000000148e-01 1.882332682609558105e+00
6.931352309999999628e-01 1.922087788581848145e+00
6.959722929999999641e-01 1.934226870536804199e+00
6.988094110000000470e-01 1.931277871131896973e+00
7.016465849999999893e-01 1.812198400497436523e+00
7.044838150000000132e-01 1.805038213729858398e+00
7.073211019999999793e-01 1.775515675544738770e+00
7.101584450000000270e-01 1.718168258666992188e+00
7.129958440000000452e-01 1.612580180168151855e+00
7.158332990000000340e-01 1.364782810211181641e+00
7.186708109999999650e-01 9.911860823631286621e-01
7.215083789999999775e-01 1.021745681762695312e+00
7.243460029999999605e-01 9.374164342880249023e-01
7.271836830000000251e-01 8.532317280769348145e-01
7.300214200000000320e-01 7.974629402160644531e-01
7.328592130000000093e-01 8.202810883522033691e-01
7.356970619999999572e-01 8.170779943466186523e-01
7.385349669999999866e-01 7.916499376296997070e-01
7.413729289999999583e-01 8.024614453315734863e-01
7.442109470000000115e-01 8.106825947761535645e-01
7.470490210000000353e-01 8.143158555030822754e-01
7.498871510000000296e-01 8.076012730598449707e-01
7.527253379999999661e-01 7.985091209411621094e-01
7.555635800000000124e-01 7.887218594551086426e-01
7.584018790000000010e-01 6.483648419380187988e-01
7.612402350000000428e-01 3.012733161449432373e-01
7.640786459999999725e-01 3.679241538047790527e-01
7.669171139999999554e-01 5.914455056190490723e-01
7.697556380000000198e-01 7.238519191741943359e-01
7.725942180000000548e-01 7.457758784294128418e-01
7.754328539999999492e-01 7.516530752182006836e-01
7.782715470000000080e-01 7.525920867919921875e-01
7.811102960000000373e-01 7.537659406661987305e-01
7.839491010000000371e-01 7.574255466461181641e-01
7.867879620000000074e-01 7.435021996498107910e-01
7.896268800000000310e-01 7.176864743232727051e-01
7.924658540000000251e-01 7.199050784111022949e-01
7.953048839999999897e-01 7.286661863327026367e-01
7.981439700000000359e-01 7.352594137191772461e-01
8.009831130000000243e-01 7.291729450225830078e-01
8.038223119999999833e-01 7.337796092033386230e-01
8.066615670000000238e-01 7.465693950653076172e-01
8.095008780000000348e-01 7.204919457435607910e-01
8.123402459999999881e-01 6.431027054786682129e-01
8.151796700000000229e-01 5.260750055313110352e-01
8.180191500000000282e-01 4.970730543136596680e-01
8.208586860000000041e-01 5.323565602302551270e-01
8.236982790000000332e-01 4.930816292762756348e-01
8.265379269999999501e-01 5.110998153686523438e-01
8.293776320000000313e-01 4.558950066566467285e-01
8.322173940000000547e-01 4.411630630493164062e-01
8.350572109999999659e-01 4.437865018844604492e-01
8.378970850000000414e-01 4.581299722194671631e-01
8.407370149999999764e-01 4.533796906471252441e-01
8.435770009999999930e-01 4.515844583511352539e-01
8.464170429999999801e-01 4.540863335132598877e-01
8.492571420000000204e-01 4.296517372131347656e-01
8.520972970000000313e-01 4.148778915405273438e-01
8.549375080000000127e-01 3.878759145736694336e-01
8.577777749999999646e-01 4.120941162109375000e-01
8.606180989999999698e-01 4.100832045078277588e-01
8.634584789999999455e-01 3.979935944080352783e-01
8.662989150000000027e-01 3.733375072479248047e-01
8.691394070000000305e-01 3.779236674308776855e-01
8.719799560000000005e-01 3.756787478923797607e-01
8.748205610000000521e-01 3.683953583240509033e-01
8.776612219999999631e-01 3.626728653907775879e-01
8.805019389999999557e-01 3.428198397159576416e-01
8.833427130000000016e-01 3.380589783191680908e-01
8.861835430000000180e-01 3.278746008872985840e-01
8.890244290000000049e-01 3.246756792068481445e-01
8.918653709999999624e-01 3.030992150306701660e-01
8.947063699999999731e-01 2.574052810668945312e-01
8.975474239999999826e-01 2.112984359264373779e-01
9.003885350000000454e-01 1.839772462844848633e-01
9.032297030000000504e-01 2.169528156518936157e-01
9.060709260000000542e-01 2.193084955215454102e-01
9.089122060000000003e-01 1.761843264102935791e-01
9.117535420000000279e-01 1.763304322957992554e-01
9.145949340000000261e-01 1.600982546806335449e-01
9.174363819999999947e-01 1.622278541326522827e-01
9.202778870000000166e-01 1.905209273099899292e-01
9.231194480000000091e-01 1.794798523187637329e-01
9.259610649999999721e-01 1.645990163087844849e-01
9.288027380000000166e-01 1.173678562045097351e-01
9.316444680000000034e-01 6.394651532173156738e-02
9.344862539999999607e-01 4.021595790982246399e-02
9.373280959999999995e-01 4.274560138583183289e-02
9.401699940000000089e-01 6.731452792882919312e-02
9.430119489999999605e-01 5.344314128160476685e-02
9.458539599999999936e-01 5.110611766576766968e-02
9.486960269999999973e-01 5.429816991090774536e-02
9.515381499999999715e-01 5.296800285577774048e-02
9.543803299999999989e-01 5.697102472186088562e-02
9.572225659999999969e-01 5.831294879317283630e-02
9.600648579999999654e-01 5.805971845984458923e-02
9.629072060000000155e-01 7.560068368911743164e-02
9.657496110000000078e-01 7.906971871852874756e-02
9.685920709999999989e-01 1.048693954944610596e-01
9.714345880000000433e-01 1.141179352998733521e-01
9.742771620000000299e-01 9.571132063865661621e-02
9.771197910000000153e-01 1.031454354524612427e-01
9.799624770000000540e-01 1.115517690777778625e-01
9.828052189999999522e-01 1.219733580946922302e-01
9.856480170000000429e-01 1.273305416107177734e-01
9.884908709999999932e-01 1.340245604515075684e-01
9.913337819999999967e-01 1.348625719547271729e-01
9.941767489999999707e-01 1.339107751846313477e-01
9.970197720000000263e-01 1.434019207954406738e-01
9.998628510000000524e-01 1.328065097332000732e-01
1.002705986999999910e+00 1.344623565673828125e-01
1.005549178999999960e+00 1.345796287059783936e-01
1.008392426999999980e+00 1.369199156761169434e-01
1.011235730999999971e+00 1.380156725645065308e-01
1.014079092000000015e+00 1.384599357843399048e-01
1.016922509000000030e+00 1.382510364055633545e-01
1.019765982000000015e+00 1.435443311929702759e-01
1.022609510999999971e+00 1.386626809835433960e-01
1.025453096999999980e+00 1.418536901473999023e-01
1.028296738999999960e+00 1.334142386913299561e-01
1.031140436999999910e+00 1.258636265993118286e-01
1.033984191000000052e+00 1.336132287979125977e-01
1.036828002000000026e+00 1.460350155830383301e-01
1.039671868000000110e+00 1.473837196826934814e-01
1.042515791000000025e+00 1.368747055530548096e-01
1.045359770999999993e+00 1.397322118282318115e-01
