3.615872339999999796e-01 1.294073939323425293e+00
3.644177160000000026e-01 1.456513404846191406e+00
3.672482539999999962e-01 1.599078774452209473e+00
3.700788480000000158e-01 1.575205326080322266e+00
3.729094980000000059e-01 1.430079102516174316e+00
3.757402049999999938e-01 1.517319798469543457e+00
3.785709680000000077e-01 1.679384589195251465e+00
3.814017869999999921e-01 1.431249380111694336e+00
3.842326620000000026e-01 1.300299882888793945e+00
3.870635940000000108e-01 1.453366041183471680e+00
3.898945819999999896e-01 1.641906261444091797e+00
3.927256259999999943e-01 1.425811529159545898e+00
3.955567260000000251e-01 1.460323929786682129e+00
3.983878829999999982e-01 1.846493601799011230e+00
4.012190950000000256e-01 2.299870252609252930e+00
4.040503639999999952e-01 2.289057731628417969e+00
4.068816900000000181e-01 2.229659318923950195e+00
4.097130709999999842e-01 2.311643362045288086e+00
4.125445090000000037e-01 2.387209415435791016e+00
4.153760029999999936e-01 2.412333488464355469e+00
4.182075530000000096e-01 2.378741264343261719e+00
4.210391589999999962e-01 2.374277353286743164e+00
4.238708219999999804e-01 2.329126358032226562e+00
4.267025409999999908e-01 2.288491249084472656e+00
4.295343160000000271e-01 2.082515239715576172e+00
4.323661469999999785e-01 2.210991859436035156e+00
4.351980349999999831e-01 2.421772480010986328e+00
4.380299790000000137e-01 2.449283838272094727e+00
4.408619790000000149e-01 2.522066831588745117e+00
4.436940349999999866e-01 2.684107780456542969e+00
4.465261480000000116e-01 2.719047546386718750e+00
4.493583170000000071e-01 2.865346670150756836e+00
4.521905419999999731e-01 2.885463237762451172e+00
4.550228230000000207e-01 2.869954347610473633e+00
4.578551610000000105e-01 2.934912681579589844e+00
4.606875550000000263e-01 2.934309244155883789e+00
4.635200050000000127e-01 2.963874101638793945e+00
4.663525110000000251e-01 2.919731378555297852e+00
4.691850739999999798e-01 2.902635574340820312e+00
4.720176919999999887e-01 2.956086397171020508e+00
4.748503669999999954e-01 2.998541831970214844e+00
4.776830989999999999e-01 3.028518199920654297e+00
4.805158860000000032e-01 3.096434593200683594e+00
4.833487300000000042e-01 3.072744846343994141e+00
4.861816299999999758e-01 2.823126077651977539e+00
4.890145859999999733e-01 2.952355384826660156e+00
4.918475979999999970e-01 3.036723613739013672e+00
4.946806670000000183e-01 3.094430208206176758e+00
4.975137920000000102e-01 3.100130796432495117e+00
5.003469729999999727e-01 3.040838718414306641e+00
5.031802100000000166e-01 3.018477201461791992e+00
5.060135040000000028e-01 3.107570886611938477e+00
5.088468539999999596e-01 3.129254817962646484e+00
5.116802599999999979e-01 3.166706562042236328e+00
5.145137220000000067e-01 3.092448234558105469e+00
5.173472409999999577e-01 2.932542562484741211e+00
5.201808159999999903e-01 3.060961484909057617e+00
5.230144469999999934e-01 3.198680162429809570e+00
5.258481339999999671e-01 3.201741218566894531e+00
5.286818779999999940e-01 3.252266883850097656e+00
5.315156779999999914e-01 3.355885505676269531e+00
5.343495339999999594e-01 3.340930223464965820e+00
5.371834460000000089e-01 3.386803627014160156e+00
5.400174150000000006e-01 3.330470323562622070e+00
5.428514389999999912e-01 3.359283685684204102e+00
5.456855200000000350e-01 3.412221670150756836e+00
5.485196580000000210e-01 3.424614906311035156e+00
5.513538510000000059e-01 3.458435535430908203e+00
5.541881010000000440e-01 3.491106986999511719e+00
5.570224070000000527e-01 3.453621387481689453e+00
5.598567690000000319e-01 3.405521392822265625e+00
5.626911869999999816e-01 3.461427450180053711e+00
5.655256619999999845e-01 3.450533390045166016e+00
5.683601929999999580e-01 3.422956228256225586e+00
5.711947800000000131e-01 3.391992568969726562e+00
5.740294230000000386e-01 3.431310653686523438e+00
5.768641230000000064e-01 3.410026788711547852e+00
5.796988789999999447e-01 3.421505928039550781e+00
5.825336909999999646e-01 3.500159025192260742e+00
5.853685589999999550e-01 3.463444709777832031e+00
5.882034839999999987e-01 3.241632699966430664e+00
5.910384650000000129e-01 3.107921123504638672e+00
5.938735019999999976e-01 3.167425394058227539e+00
5.967085949999999528e-01 3.165782213211059570e+00
5.995437449999999613e-01 3.133287906646728516e+00
6.023789510000000513e-01 3.102822065353393555e+00
6.052142130000000009e-01 3.119508266448974609e+00
6.080495310000000320e-01 3.072952032089233398e+00
6.108849060000000053e-01 2.969630956649780273e+00
6.137203359999999774e-01 2.905166149139404297e+00
6.165558230000000028e-01 2.873945474624633789e+00
6.193913669999999705e-01 2.955837488174438477e+00
6.222269660000000480e-01 2.937043428421020508e+00
6.250626219999999567e-01 2.868847608566284180e+00
6.278983339999999469e-01 2.808402538299560547e+00
6.307341020000000187e-01 2.782440185546875000e+00
6.335699259999999500e-01 2.812421560287475586e+00
6.364058070000000455e-01 2.848461627960205078e+00
6.392417440000000006e-01 2.855190515518188477e+00
6.420777370000000372e-01 2.820292711257934570e+00
6.449137860000000444e-01 2.788409471511840820e+00
6.477498919999999938e-01 2.655176639556884766e+00
6.505860540000000247e-01 2.641506195068359375e+00
6.534222720000000262e-01 2.645354032516479492e+00
6.562585459999999982e-01 2.438719511032104492e+00
6.590948770000000234e-01 2.549248695373535156e+00
6.619312640000000192e-01 2.625369310379028320e+00
6.647677069999999855e-01 2.597405195236206055e+00
6.676042060000000333e-01 2.578228473663330078e+00
6.704407620000000234e-01 2.560633659362792969e+00
6.732773739999999840e-01 2.532518863677978516e+00
6.761140420000000262e-01 2.518489360809326172e+00
6.789507660000000389e-01 2.499196052551269531e+00
6.817875469999999938e-01 2.480135917663574219e+00
6.846243829999999475e-01 2.387872934341430664e+00
6.874612759999999545e-01 2.007676362991333008e+00
6.902982260000000148e-01 2.037572860717773438e+00
6.931352309999999628e-01 2.074952840805053711e+00
6.959722929999999641e-01 2.100129127502441406e+00
6.988094110000000470e-01 2.087918043136596680e+00
7.016465849999999893e-01 1.975525140762329102e+00
7.044838150000000132e-01 1.982600450515747070e+00
7.073211019999999793e-01 1.952130079269409180e+00
7.101584450000000270e-01 1.892454743385314941e+00
7.129958440000000452e-01 1.787943124771118164e+00
7.158332990000000340e-01 1.522369384765625000e+00
7.186708109999999650e-01 1.116402864456176758e+00
7.215083789999999775e-01 1.153918504714965820e+00
7.243460029999999605e-01 1.063286542892456055e+00
7.271836830000000251e-01 9.693828821182250977e-01
7.300214200000000320e-01 9.109725356101989746e-01
7.328592130000000093e-01 9.297623038291931152e-01
7.356970619999999572e-01 9.239244461059570312e-01
7.385349669999999866e-01 9.079743623733520508e-01
7.413729289999999583e-01 9.068926572799682617e-01
7.442109470000000115e-01 9.204220771789550781e-01
7.470490210000000353e-01 9.233849644660949707e-01
7.498871510000000296e-01 9.093295335769653320e-01
7.527253379999999661e-01 9.081982970237731934e-01
7.555635800000000124e-01 8.997106552124023438e-01
7.584018790000000010e-01 7.298000454902648926e-01
7.612402350000000428e-01 3.483855128288269043e-01
7.640786459999999725e-01 4.178651869297027588e-01
7.669171139999999554e-01 6.746496558189392090e-01
7.697556380000000198e-01 8.237559199333190918e-01
7.725942180000000548e-01 8.512043952941894531e-01
7.754328539999999492e-01 8.546940088272094727e-01
7.782715470000000080e-01 8.590075969696044922e-01
7.811102960000000373e-01 8.593567013740539551e-01
7.839491010000000371e-01 8.613481521606445312e-01
7.867879620000000074e-01 8.493722081184387207e-01
7.896268800000000310e-01 8.248667716979980469e-01
7.924658540000000251e-01 8.259978890419006348e-01
7.953048839999999897e-01 8.368175029754638672e-01
7.981439700000000359e-01 8.389225006103515625e-01
8.009831130000000243e-01 8.334971070289611816e-01
8.038223119999999833e-01 8.339195847511291504e-01
8.066615670000000238e-01 8.525233268737792969e-01
8.095008780000000348e-01 8.193249106407165527e-01
8.123402459999999881e-01 7.307587265968322754e-01
8.151796700000000229e-01 6.037073731422424316e-01
8.180191500000000282e-01 5.715335607528686523e-01
8.208586860000000041e-01 6.116560697555541992e-01
8.236982790000000332e-01 5.594340562820434570e-01
8.265379269999999501e-01 5.826094746589660645e-01
8.293776320000000313e-01 5.169871449470520020e-01
8.322173940000000547e-01 5.020899176597595215e-01
8.350572109999999659e-01 5.095214247703552246e-01
8.378970850000000414e-01 5.181462764739990234e-01
8.407370149999999764e-01 5.198757648468017578e-01
8.435770009999999930e-01 5.148242712020874023e-01
8.464170429999999801e-01 5.142589211463928223e-01
8.492571420000000204e-01 4.867774546146392822e-01
8.520972970000000313e-01 4.688115119934082031e-01
8.549375080000000127e-01 4.485541880130767822e-01
8.577777749999999646e-01 4.737804830074310303e-01
8.606180989999999698e-01 4.625898599624633789e-01
8.634584789999999455e-01 4.532786309719085693e-01
8.662989150000000027e-01 4.244331121444702148e-01
8.691394070000000305e-01 4.295117557048797607e-01
8.719799560000000005e-01 4.290339946746826172e-01
8.748205610000000521e-01 4.179330170154571533e-01
8.776612219999999631e-01 4.044882059097290039e-01
8.805019389999999557e-01 3.928956687450408936e-01
8.833427130000000016e-01 3.885099589824676514e-01
8.861835430000000180e-01 3.697825968265533447e-01
8.890244290000000049e-01 3.677133619785308838e-01
8.918653709999999624e-01 3.447400927543640137e-01
8.947063699999999731e-01 2.939267158508300781e-01
8.975474239999999826e-01 2.340787202119827271e-01
9.003885350000000454e-01 2.143822312355041504e-01
9.032297030000000504e-01 2.423614710569381714e-01
9.060709260000000542e-01 2.454193234443664551e-01
9.089122060000000003e-01 1.972700506448745728e-01
9.117535420000000279e-01 1.968802809715270996e-01
9.145949340000000261e-01 1.825790703296661377e-01
9.174363819999999947e-01 1.803824901580810547e-01
9.202778870000000166e-01 2.101605981588363647e-01
9.231194480000000091e-01 1.970938444137573242e-01
9.259610649999999721e-01 1.797935962677001953e-01
9.288027380000000166e-01 1.340253502130508423e-01
9.316444680000000034e-01 7.386343926191329956e-02
9.344862539999999607e-01 4.719151929020881653e-02
9.373280959999999995e-01 4.972300678491592407e-02
9.401699940000000089e-01 7.209520787000656128e-02
9.430119489999999605e-01 6.538768112659454346e-02
9.458539599999999936e-01 5.630519986152648926e-02
9.486960269999999973e-01 5.888081714510917664e-02
9.515381499999999715e-01 6.000319495797157288e-02
9.543803299999999989e-01 6.060342490673065186e-02
9.572225659999999969e-01 6.746758520603179932e-02
9.600648579999999654e-01 7.203797250986099243e-02
9.629072060000000155e-01 8.203176409006118774e-02
9.657496110000000078e-01 9.175115078687667847e-02
9.685920709999999989e-01 1.166140288114547729e-01
9.714345880000000433e-01 1.227515414357185364e-01
9.742771620000000299e-01 1.124465987086296082e-01
9.771197910000000153e-01 1.158239096403121948e-01
9.799624770000000540e-01 1.213487759232521057e-01
9.828052189999999522e-01 1.357900500297546387e-01
9.856480170000000429e-01 1.440836340188980103e-01
9.884908709999999932e-01 1.461039036512374878e-01
9.913337819999999967e-01 1.514956504106521606e-01
9.941767489999999707e-01 1.519511491060256958e-01
9.970197720000000263e-01 1.538093239068984985e-01
9.998628510000000524e-01 1.507503837347030640e-01
1.002705986999999910e+00 1.493718028068542480e-01
1.005549178999999960e+00 1.552846580743789673e-01
1.008392426999999980e+00 1.531292200088500977e-01
1.011235730999999971e+00 1.575869023799896240e-01
1.014079092000000015e+00 1.553052961826324463e-01
1.016922509000000030e+00 1.625971645116806030e-01
1.019765982000000015e+00 1.516513675451278687e-01
1.022609510999999971e+00 1.614034175872802734e-01
1.025453096999999980e+00 1.617480814456939697e-01
1.028296738999999960e+00 1.582797169685363770e-01
1.031140436999999910e+00 1.556326001882553101e-01
1.033984191000000052e+00 1.601802855730056763e-01
1.036828002000000026e+00 1.653019487857818604e-01
1.039671868000000110e+00 1.658380329608917236e-01
1.042515791000000025e+00 1.691651791334152222e-01
1.045359770999999993e+00 1.790625154972076416e-01
