3.615872339999999796e-01 1.271819472312927246e+00
3.644177160000000026e-01 1.488695621490478516e+00
3.672482539999999962e-01 1.589215397834777832e+00
3.700788480000000158e-01 1.548587918281555176e+00
3.729094980000000059e-01 1.456813931465148926e+00
3.757402049999999938e-01 1.524559974670410156e+00
3.785709680000000077e-01 1.633070588111877441e+00
3.814017869999999921e-01 1.429992198944091797e+00
3.842326620000000026e-01 1.267017245292663574e+00
3.870635940000000108e-01 1.402590632438659668e+00
3.898945819999999896e-01 1.588306784629821777e+00
3.927256259999999943e-01 1.388488054275512695e+00
3.955567260000000251e-01 1.442627906799316406e+00
3.983878829999999982e-01 1.814201354980468750e+00
4.012190950000000256e-01 2.229582071304321289e+00
4.040503639999999952e-01 2.254965066909790039e+00
4.068816900000000181e-01 2.183014869689941406e+00
4.097130709999999842e-01 2.260275125503540039e+00
4.125445090000000037e-01 2.342308521270751953e+00
4.153760029999999936e-01 2.361117601394653320e+00
4.182075530000000096e-01 2.312183618545532227e+00
4.210391589999999962e-01 2.309067249298095703e+00
4.238708219999999804e-01 2.252847433090209961e+00
4.267025409999999908e-01 2.225371599197387695e+00
4.295343160000000271e-01 2.009446620941162109e+00
4.323661469999999785e-01 2.157008409500122070e+00
4.351980349999999831e-01 2.339365005493164062e+00
4.380299790000000137e-01 2.365516901016235352e+00
4.408619790000000149e-01 2.437041044235229492e+00
4.436940349999999866e-01 2.580141544342041016e+00
4.465261480000000116e-01 2.614936590194702148e+00
4.493583170000000071e-01 2.760558366775512695e+00
4.521905419999999731e-01 2.773694753646850586e+00
4.550228230000000207e-01 2.741798877716064453e+00
4.578551610000000105e-01 2.802707910537719727e+00
4.606875550000000263e-01 2.809341192245483398e+00
4.635200050000000127e-01 2.838287353515625000e+00
4.663525110000000251e-01 2.770991325378417969e+00
4.691850739999999798e-01 2.785862684249877930e+00
4.720176919999999887e-01 2.821872711181640625e+00
4.748503669999999954e-01 2.865865230560302734e+00
4.776830989999999999e-01 2.897459745407104492e+00
4.805158860000000032e-01 2.961442470550537109e+00
4.833487300000000042e-01 2.910373926162719727e+00
4.861816299999999758e-01 2.690553188323974609e+00
4.890145859999999733e-01 2.812806129455566406e+00
4.918475979999999970e-01 2.894007682800292969e+00
4.946806670000000183e-01 2.943118333816528320e+00
4.975137920000000102e-01 2.966448545455932617e+00
5.003469729999999727e-01 2.883529901504516602e+00
5.031802100000000166e-01 2.869071722030639648e+00
5.060135040000000028e-01 2.946858167648315430e+00
5.088468539999999596e-01 2.968776464462280273e+00
5.116802599999999979e-01 3.007114887237548828e+00
5.145137220000000067e-01 2.926596403121948242e+00
5.173472409999999577e-01 2.771086931228637695e+00
5.201808159999999903e-01 2.895745992660522461e+00
5.230144469999999934e-01 3.027010917663574219e+00
5.258481339999999671e-01 3.023975133895874023e+00
5.286818779999999940e-01 3.072004795074462891e+00
5.315156779999999914e-01 3.170473337173461914e+00
5.343495339999999594e-01 3.155778169631958008e+00
5.371834460000000089e-01 3.203865289688110352e+00
5.400174150000000006e-01 3.140947341918945312e+00
5.428514389999999912e-01 3.157750844955444336e+00
5.456855200000000350e-01 3.218484878540039062e+00
5.485196580000000210e-01 3.234923362731933594e+00
5.513538510000000059e-01 3.260525703430175781e+00
5.541881010000000440e-01 3.284412145614624023e+00
5.570224070000000527e-01 3.246304035186767578e+00
5.598567690000000319e-01 3.206775426864624023e+00
5.626911869999999816e-01 3.253433704376220703e+00
5.655256619999999845e-01 3.236942529678344727e+00
5.683601929999999580e-01 3.220045804977416992e+00
5.711947800000000131e-01 3.180624961853027344e+00
5.740294230000000386e-01 3.222668886184692383e+00
5.768641230000000064e-01 3.193143367767333984e+00
5.796988789999999447e-01 3.211247920989990234e+00
5.825336909999999646e-01 3.270423889160156250e+00
5.853685589999999550e-01 3.228940725326538086e+00
5.882034839999999987e-01 3.010850906372070312e+00
5.910384650000000129e-01 2.877808570861816406e+00
5.938735019999999976e-01 2.919906139373779297e+00
5.967085949999999528e-01 2.911397218704223633e+00
5.995437449999999613e-01 2.860568284988403320e+00
6.023789510000000513e-01 2.822187662124633789e+00
6.052142130000000009e-01 2.835058212280273438e+00
6.080495310000000320e-01 2.784130334854125977e+00
6.108849060000000053e-01 2.666312932968139648e+00
6.137203359999999774e-01 2.610031604766845703e+00
6.165558230000000028e-01 2.586857795715332031e+00
6.193913669999999705e-01 2.655113458633422852e+00
6.222269660000000480e-01 2.652206182479858398e+00
6.250626219999999567e-01 2.576200723648071289e+00
6.278983339999999469e-01 2.508784532546997070e+00
6.307341020000000187e-01 2.493788242340087891e+00
6.335699259999999500e-01 2.516004085540771484e+00
6.364058070000000455e-01 2.547657012939453125e+00
6.392417440000000006e-01 2.543246269226074219e+00
6.420777370000000372e-01 2.518626689910888672e+00
6.449137860000000444e-01 2.480719327926635742e+00
6.477498919999999938e-01 2.368775844573974609e+00
6.505860540000000247e-01 2.351416110992431641e+00
6.534222720000000262e-01 2.343845605850219727e+00
6.562585459999999982e-01 2.153624296188354492e+00
6.590948770000000234e-01 2.249743938446044922e+00
6.619312640000000192e-01 2.311316490173339844e+00
6.647677069999999855e-01 2.284826040267944336e+00
6.676042060000000333e-01 2.260390996932983398e+00
6.704407620000000234e-01 2.247729301452636719e+00
6.732773739999999840e-01 2.218482017517089844e+00
6.761140420000000262e-01 2.203354358673095703e+00
6.789507660000000389e-01 2.188960552215576172e+00
6.817875469999999938e-01 2.164091825485229492e+00
6.846243829999999475e-01 2.072077512741088867e+00
6.874612759999999545e-01 1.737097263336181641e+00
6.902982260000000148e-01 1.752568721771240234e+00
6.931352309999999628e-01 1.782090187072753906e+00
6.959722929999999641e-01 1.779604077339172363e+00
6.988094110000000470e-01 1.763211011886596680e+00
7.016465849999999893e-01 1.666988253593444824e+00
7.044838150000000132e-01 1.651662945747375488e+00
7.073211019999999793e-01 1.614420175552368164e+00
7.101584450000000270e-01 1.547072529792785645e+00
7.129958440000000452e-01 1.449776291847229004e+00
7.158332990000000340e-01 1.224440813064575195e+00
7.186708109999999650e-01 8.891065716743469238e-01
7.215083789999999775e-01 9.090234637260437012e-01
7.243460029999999605e-01 8.275677561759948730e-01
7.271836830000000251e-01 7.497892975807189941e-01
7.300214200000000320e-01 6.993916630744934082e-01
7.328592130000000093e-01 7.093624472618103027e-01
7.356970619999999572e-01 7.094857096672058105e-01
7.385349669999999866e-01 6.851119995117187500e-01
7.413729289999999583e-01 6.903148293495178223e-01
7.442109470000000115e-01 6.970990300178527832e-01
7.470490210000000353e-01 6.998144984245300293e-01
7.498871510000000296e-01 6.792641878128051758e-01
7.527253379999999661e-01 6.813679337501525879e-01
7.555635800000000124e-01 6.704894304275512695e-01
7.584018790000000010e-01 5.452765822410583496e-01
7.612402350000000428e-01 2.564589381217956543e-01
7.640786459999999725e-01 3.081803023815155029e-01
7.669171139999999554e-01 5.001811385154724121e-01
7.697556380000000198e-01 6.061539053916931152e-01
7.725942180000000548e-01 6.257261037826538086e-01
7.754328539999999492e-01 6.353474855422973633e-01
7.782715470000000080e-01 6.378590464591979980e-01
7.811102960000000373e-01 6.369350552558898926e-01
7.839491010000000371e-01 6.347113251686096191e-01
7.867879620000000074e-01 6.284583210945129395e-01
7.896268800000000310e-01 6.060203313827514648e-01
7.924658540000000251e-01 6.056019663810729980e-01
7.953048839999999897e-01 6.063437461853027344e-01
7.981439700000000359e-01 6.248522996902465820e-01
8.009831130000000243e-01 6.151564121246337891e-01
8.038223119999999833e-01 6.127317547798156738e-01
8.066615670000000238e-01 6.287893056869506836e-01
8.095008780000000348e-01 6.019325852394104004e-01
8.123402459999999881e-01 5.402153134346008301e-01
8.151796700000000229e-01 4.409841001033782959e-01
8.180191500000000282e-01 4.195130765438079834e-01
8.208586860000000041e-01 4.433689415454864502e-01
8.236982790000000332e-01 4.128738045692443848e-01
8.265379269999999501e-01 4.231339395046234131e-01
8.293776320000000313e-01 3.797563612461090088e-01
8.322173940000000547e-01 3.624921739101409912e-01
8.350572109999999659e-01 3.751745223999023438e-01
8.378970850000000414e-01 3.772605955600738525e-01
8.407370149999999764e-01 3.803696334362030029e-01
8.435770009999999930e-01 3.802546262741088867e-01
8.464170429999999801e-01 3.779749870300292969e-01
8.492571420000000204e-01 3.576833903789520264e-01
8.520972970000000313e-01 3.448026180267333984e-01
8.549375080000000127e-01 3.242698311805725098e-01
8.577777749999999646e-01 3.440774381160736084e-01
8.606180989999999698e-01 3.371633589267730713e-01
8.634584789999999455e-01 3.330774009227752686e-01
8.662989150000000027e-01 3.058331012725830078e-01
8.691394070000000305e-01 3.100448548793792725e-01
8.719799560000000005e-01 3.120145201683044434e-01
8.748205610000000521e-01 3.020163774490356445e-01
8.776612219999999631e-01 2.906959652900695801e-01
8.805019389999999557e-01 2.812788486480712891e-01
8.833427130000000016e-01 2.782111167907714844e-01
8.861835430000000180e-01 2.695748805999755859e-01
8.890244290000000049e-01 2.607795596122741699e-01
8.918653709999999624e-01 2.522044181823730469e-01
8.947063699999999731e-01 2.092899978160858154e-01
8.975474239999999826e-01 1.656007617712020874e-01
9.003885350000000454e-01 1.514742523431777954e-01
9.032297030000000504e-01 1.731220930814743042e-01
9.060709260000000542e-01 1.758109927177429199e-01
9.089122060000000003e-01 1.428409963846206665e-01
9.117535420000000279e-01 1.399917155504226685e-01
9.145949340000000261e-01 1.306678950786590576e-01
9.174363819999999947e-01 1.331689059734344482e-01
9.202778870000000166e-01 1.513776034116744995e-01
9.231194480000000091e-01 1.424702107906341553e-01
9.259610649999999721e-01 1.289049535989761353e-01
9.288027380000000166e-01 9.150005131959915161e-02
9.316444680000000034e-01 5.102187767624855042e-02
9.344862539999999607e-01 3.112847171723842621e-02
9.373280959999999995e-01 3.137105703353881836e-02
9.401699940000000089e-01 5.262553319334983826e-02
9.430119489999999605e-01 4.227954149246215820e-02
9.458539599999999936e-01 3.824468702077865601e-02
9.486960269999999973e-01 4.400753974914550781e-02
9.515381499999999715e-01 4.466556012630462646e-02
9.543803299999999989e-01 4.604725167155265808e-02
9.572225659999999969e-01 4.775590449571609497e-02
9.600648579999999654e-01 4.903308302164077759e-02
9.629072060000000155e-01 5.980519577860832214e-02
9.657496110000000078e-01 6.548587232828140259e-02
9.685920709999999989e-01 8.627717196941375732e-02
9.714345880000000433e-01 9.286516904830932617e-02
9.742771620000000299e-01 7.898573577404022217e-02
9.771197910000000153e-01 7.662601023912429810e-02
9.799624770000000540e-01 8.221768587827682495e-02
9.828052189999999522e-01 9.802224487066268921e-02
9.856480170000000429e-01 1.028826162219047546e-01
9.884908709999999932e-01 1.063561215996742249e-01
9.913337819999999967e-01 1.048961803317070007e-01
9.941767489999999707e-01 1.081501916050910950e-01
9.970197720000000263e-01 1.127573028206825256e-01
9.998628510000000524e-01 1.053014919161796570e-01
1.002705986999999910e+00 1.039574518799781799e-01
1.005549178999999960e+00 1.029198542237281799e-01
1.008392426999999980e+00 1.006833687424659729e-01
1.011235730999999971e+00 1.063160896301269531e-01
1.014079092000000015e+00 1.028467118740081787e-01
1.016922509000000030e+00 1.092922016978263855e-01
1.019765982000000015e+00 1.110081449151039124e-01
1.022609510999999971e+00 1.027035862207412720e-01
1.025453096999999980e+00 1.064243614673614502e-01
1.028296738999999960e+00 1.085537374019622803e-01
1.031140436999999910e+00 1.027938798069953918e-01
1.033984191000000052e+00 1.096688881516456604e-01
1.036828002000000026e+00 1.057241857051849365e-01
1.039671868000000110e+00 1.140247955918312073e-01
1.042515791000000025e+00 1.063318923115730286e-01
1.045359770999999993e+00 1.131075248122215271e-01
