3.615872339999999796e-01 1.288120388984680176e+00
3.644177160000000026e-01 1.483623623847961426e+00
3.672482539999999962e-01 1.587671995162963867e+00
3.700788480000000158e-01 1.591275095939636230e+00
3.729094980000000059e-01 1.355237245559692383e+00
3.757402049999999938e-01 1.509893059730529785e+00
3.785709680000000077e-01 1.647230267524719238e+00
3.814017869999999921e-01 1.399107336997985840e+00
3.842326620000000026e-01 1.313900351524353027e+00
3.870635940000000108e-01 1.444917559623718262e+00
3.898945819999999896e-01 1.622813701629638672e+00
3.927256259999999943e-01 1.421227335929870605e+00
3.955567260000000251e-01 1.443996310234069824e+00
3.983878829999999982e-01 1.807235121726989746e+00
4.012190950000000256e-01 2.231047153472900391e+00
4.040503639999999952e-01 2.229803323745727539e+00
4.068816900000000181e-01 2.200307607650756836e+00
4.097130709999999842e-01 2.255680322647094727e+00
4.125445090000000037e-01 2.354197978973388672e+00
4.153760029999999936e-01 2.354356765747070312e+00
4.182075530000000096e-01 2.283250570297241211e+00
4.210391589999999962e-01 2.323415756225585938e+00
4.238708219999999804e-01 2.277407646179199219e+00
4.267025409999999908e-01 2.217994213104248047e+00
4.295343160000000271e-01 1.991071224212646484e+00
4.323661469999999785e-01 2.140259265899658203e+00
4.351980349999999831e-01 2.323401212692260742e+00
4.380299790000000137e-01 2.361371278762817383e+00
4.408619790000000149e-01 2.442669868469238281e+00
4.436940349999999866e-01 2.571897983551025391e+00
4.465261480000000116e-01 2.586921930313110352e+00
4.493583170000000071e-01 2.740066766738891602e+00
4.521905419999999731e-01 2.772299289703369141e+00
4.550228230000000207e-01 2.734902858734130859e+00
4.578551610000000105e-01 2.798382759094238281e+00
4.606875550000000263e-01 2.799777507781982422e+00
4.635200050000000127e-01 2.836235761642456055e+00
4.663525110000000251e-01 2.761621475219726562e+00
4.691850739999999798e-01 2.766014575958251953e+00
4.720176919999999887e-01 2.809219598770141602e+00
4.748503669999999954e-01 2.850646734237670898e+00
4.776830989999999999e-01 2.882532119750976562e+00
4.805158860000000032e-01 2.948608160018920898e+00
4.833487300000000042e-01 2.914318799972534180e+00
4.861816299999999758e-01 2.676144599914550781e+00
4.890145859999999733e-01 2.797121047973632812e+00
4.918475979999999970e-01 2.869638681411743164e+00
4.946806670000000183e-01 2.935673713684082031e+00
4.975137920000000102e-01 2.942572116851806641e+00
5.003469729999999727e-01 2.870289325714111328e+00
5.031802100000000166e-01 2.848631858825683594e+00
5.060135040000000028e-01 2.928534507751464844e+00
5.088468539999999596e-01 2.945757150650024414e+00
5.116802599999999979e-01 2.977393627166748047e+00
5.145137220000000067e-01 2.914926767349243164e+00
5.173472409999999577e-01 2.754619836807250977e+00
5.201808159999999903e-01 2.876335620880126953e+00
5.230144469999999934e-01 3.009988784790039062e+00
5.258481339999999671e-01 3.009618043899536133e+00
5.286818779999999940e-01 3.030962467193603516e+00
5.315156779999999914e-01 3.141682863235473633e+00
5.343495339999999594e-01 3.138400554656982422e+00
5.371834460000000089e-01 3.164631843566894531e+00
5.400174150000000006e-01 3.117932796478271484e+00
5.428514389999999912e-01 3.137225866317749023e+00
5.456855200000000350e-01 3.197239637374877930e+00
5.485196580000000210e-01 3.203463554382324219e+00
5.513538510000000059e-01 3.230419635772705078e+00
5.541881010000000440e-01 3.258547067642211914e+00
5.570224070000000527e-01 3.228856086730957031e+00
5.598567690000000319e-01 3.186506271362304688e+00
5.626911869999999816e-01 3.224948883056640625e+00
5.655256619999999845e-01 3.218911886215209961e+00
5.683601929999999580e-01 3.191071748733520508e+00
5.711947800000000131e-01 3.157088994979858398e+00
5.740294230000000386e-01 3.196619987487792969e+00
5.768641230000000064e-01 3.162592649459838867e+00
5.796988789999999447e-01 3.174102067947387695e+00
5.825336909999999646e-01 3.241124868392944336e+00
5.853685589999999550e-01 3.209962368011474609e+00
5.882034839999999987e-01 2.977443933486938477e+00
5.910384650000000129e-01 2.854375362396240234e+00
5.938735019999999976e-01 2.899822235107421875e+00
5.967085949999999528e-01 2.879827499389648438e+00
5.995437449999999613e-01 2.832822322845458984e+00
6.023789510000000513e-01 2.782470226287841797e+00
6.052142130000000009e-01 2.791860818862915039e+00
6.080495310000000320e-01 2.752965211868286133e+00
6.108849060000000053e-01 2.638393163681030273e+00
6.137203359999999774e-01 2.582801103591918945e+00
6.165558230000000028e-01 2.557235002517700195e+00
6.193913669999999705e-01 2.623412370681762695e+00
6.222269660000000480e-01 2.615988254547119141e+00
6.250626219999999567e-01 2.542673826217651367e+00
6.278983339999999469e-01 2.475323915481567383e+00
6.307341020000000187e-01 2.449446201324462891e+00
6.335699259999999500e-01 2.480748891830444336e+00
6.364058070000000455e-01 2.505594015121459961e+00
6.392417440000000006e-01 2.509650230407714844e+00
6.420777370000000372e-01 2.477686882019042969e+00
6.449137860000000444e-01 2.449460029602050781e+00
6.477498919999999938e-01 2.330106973648071289e+00
6.505860540000000247e-01 2.315230846405029297e+00
6.534222720000000262e-01 2.302802801132202148e+00
6.562585459999999982e-01 2.119374275207519531e+00
6.590948770000000234e-01 2.207737207412719727e+00
6.619312640000000192e-01 2.264142513275146484e+00
6.647677069999999855e-01 2.240416765213012695e+00
6.676042060000000333e-01 2.226816415786743164e+00
6.704407620000000234e-01 2.201879262924194336e+00
6.732773739999999840e-01 2.178793430328369141e+00
6.761140420000000262e-01 2.162644386291503906e+00
6.789507660000000389e-01 2.152316331863403320e+00
6.817875469999999938e-01 2.124281406402587891e+00
6.846243829999999475e-01 2.032661437988281250e+00
6.874612759999999545e-01 1.703804850578308105e+00
6.902982260000000148e-01 1.711734652519226074e+00
6.931352309999999628e-01 1.740135908126831055e+00
6.959722929999999641e-01 1.752985239028930664e+00
6.988094110000000470e-01 1.722525596618652344e+00
7.016465849999999893e-01 1.625467538833618164e+00
7.044838150000000132e-01 1.615000128746032715e+00
7.073211019999999793e-01 1.576442360877990723e+00
7.101584450000000270e-01 1.505731105804443359e+00
7.129958440000000452e-01 1.409942150115966797e+00
7.158332990000000340e-01 1.193645954132080078e+00
7.186708109999999650e-01 8.629301786422729492e-01
7.215083789999999775e-01 8.850061297416687012e-01
7.243460029999999605e-01 8.041599392890930176e-01
7.271836830000000251e-01 7.327762842178344727e-01
7.300214200000000320e-01 6.786585450172424316e-01
7.328592130000000093e-01 6.919454336166381836e-01
7.356970619999999572e-01 6.841957569122314453e-01
7.385349669999999866e-01 6.689702868461608887e-01
7.413729289999999583e-01 6.705693006515502930e-01
7.442109470000000115e-01 6.851758956909179688e-01
7.470490210000000353e-01 6.781734228134155273e-01
7.498871510000000296e-01 6.643466949462890625e-01
7.527253379999999661e-01 6.581880450248718262e-01
7.555635800000000124e-01 6.517564654350280762e-01
7.584018790000000010e-01 5.322107672691345215e-01
7.612402350000000428e-01 2.540786266326904297e-01
7.640786459999999725e-01 3.065553605556488037e-01
7.669171139999999554e-01 4.886638820171356201e-01
7.697556380000000198e-01 5.928864479064941406e-01
7.725942180000000548e-01 6.146555542945861816e-01
7.754328539999999492e-01 6.178715229034423828e-01
7.782715470000000080e-01 6.169528365135192871e-01
7.811102960000000373e-01 6.161708831787109375e-01
7.839491010000000371e-01 6.179084181785583496e-01
7.867879620000000074e-01 6.092574596405029297e-01
7.896268800000000310e-01 5.883800387382507324e-01
7.924658540000000251e-01 5.902842283248901367e-01
7.953048839999999897e-01 5.987133383750915527e-01
7.981439700000000359e-01 5.988404154777526855e-01
8.009831130000000243e-01 5.933100581169128418e-01
8.038223119999999833e-01 5.990671515464782715e-01
8.066615670000000238e-01 6.062809228897094727e-01
8.095008780000000348e-01 5.842600464820861816e-01
8.123402459999999881e-01 5.151800513267517090e-01
8.151796700000000229e-01 4.269925653934478760e-01
8.180191500000000282e-01 4.066492617130279541e-01
8.208586860000000041e-01 4.277868866920471191e-01
8.236982790000000332e-01 3.967044055461883545e-01
8.265379269999999501e-01 4.122993350028991699e-01
8.293776320000000313e-01 3.705312311649322510e-01
8.322173940000000547e-01 3.606777191162109375e-01
8.350572109999999659e-01 3.628089725971221924e-01
8.378970850000000414e-01 3.654554188251495361e-01
8.407370149999999764e-01 3.663853108882904053e-01
8.435770009999999930e-01 3.685741722583770752e-01
8.464170429999999801e-01 3.601667881011962891e-01
8.492571420000000204e-01 3.427544534206390381e-01
8.520972970000000313e-01 3.283056318759918213e-01
8.549375080000000127e-01 3.138349652290344238e-01
8.577777749999999646e-01 3.329925239086151123e-01
8.606180989999999698e-01 3.316342532634735107e-01
8.634584789999999455e-01 3.206041157245635986e-01
8.662989150000000027e-01 2.976199984550476074e-01
8.691394070000000305e-01 3.052834272384643555e-01
8.719799560000000005e-01 3.003864288330078125e-01
8.748205610000000521e-01 2.932296097278594971e-01
8.776612219999999631e-01 2.851699888706207275e-01
8.805019389999999557e-01 2.818177044391632080e-01
8.833427130000000016e-01 2.745209038257598877e-01
8.861835430000000180e-01 2.633389532566070557e-01
8.890244290000000049e-01 2.573734521865844727e-01
8.918653709999999624e-01 2.434494048357009888e-01
8.947063699999999731e-01 2.045443952083587646e-01
8.975474239999999826e-01 1.623055934906005859e-01
9.003885350000000454e-01 1.472490876913070679e-01
9.032297030000000504e-01 1.726429611444473267e-01
9.060709260000000542e-01 1.692210733890533447e-01
9.089122060000000003e-01 1.408612430095672607e-01
9.117535420000000279e-01 1.363819837570190430e-01
9.145949340000000261e-01 1.283281147480010986e-01
9.174363819999999947e-01 1.282935589551925659e-01
9.202778870000000166e-01 1.498939394950866699e-01
9.231194480000000091e-01 1.425984650850296021e-01
9.259610649999999721e-01 1.283722668886184692e-01
9.288027380000000166e-01 9.062785655260086060e-02
9.316444680000000034e-01 4.942859709262847900e-02
9.344862539999999607e-01 2.922521717846393585e-02
9.373280959999999995e-01 2.757295593619346619e-02
9.401699940000000089e-01 4.947357997298240662e-02
9.430119489999999605e-01 4.029458016157150269e-02
9.458539599999999936e-01 3.762657940387725830e-02
9.486960269999999973e-01 4.168989509344100952e-02
9.515381499999999715e-01 4.407605528831481934e-02
9.543803299999999989e-01 4.407848417758941650e-02
9.572225659999999969e-01 4.836164042353630066e-02
9.600648579999999654e-01 4.826438426971435547e-02
9.629072060000000155e-01 5.529083311557769775e-02
9.657496110000000078e-01 6.401891261339187622e-02
9.685920709999999989e-01 8.728499710559844971e-02
9.714345880000000433e-01 8.931116014719009399e-02
9.742771620000000299e-01 7.444709539413452148e-02
9.771197910000000153e-01 7.991676032543182373e-02
9.799624770000000540e-01 8.779457956552505493e-02
9.828052189999999522e-01 9.393906593322753906e-02
9.856480170000000429e-01 1.008099317550659180e-01
9.884908709999999932e-01 1.056610047817230225e-01
9.913337819999999967e-01 1.017518714070320129e-01
9.941767489999999707e-01 1.106110885739326477e-01
9.970197720000000263e-01 1.122496798634529114e-01
9.998628510000000524e-01 1.041963323950767517e-01
1.002705986999999910e+00 1.077032238245010376e-01
1.005549178999999960e+00 1.026024818420410156e-01
1.008392426999999980e+00 1.076025888323783875e-01
1.011235730999999971e+00 1.108180508017539978e-01
1.014079092000000015e+00 1.053470820188522339e-01
1.016922509000000030e+00 1.101380512118339539e-01
1.019765982000000015e+00 1.029845327138900757e-01
1.022609510999999971e+00 9.721834957599639893e-02
1.025453096999999980e+00 1.043584942817687988e-01
1.028296738999999960e+00 1.063400283455848694e-01
1.031140436999999910e+00 1.036196276545524597e-01
1.033984191000000052e+00 1.003932058811187744e-01
1.036828002000000026e+00 1.080493032932281494e-01
1.039671868000000110e+00 1.064072698354721069e-01
1.042515791000000025e+00 1.050926446914672852e-01
1.045359770999999993e+00 1.026157215237617493e-01
