3.615872339999999796e-01 1.342550396919250488e+00
3.644177160000000026e-01 1.444515705108642578e+00
3.672482539999999962e-01 1.653330445289611816e+00
3.700788480000000158e-01 1.573216676712036133e+00
3.729094980000000059e-01 1.453614234924316406e+00
3.757402049999999938e-01 1.503765225410461426e+00
3.785709680000000077e-01 1.669769763946533203e+00
3.814017869999999921e-01 1.436697840690612793e+00
3.842326620000000026e-01 1.303397655487060547e+00
3.870635940000000108e-01 1.443991899490356445e+00
3.898945819999999896e-01 1.611471533775329590e+00
3.927256259999999943e-01 1.421897768974304199e+00
3.955567260000000251e-01 1.458579540252685547e+00
3.983878829999999982e-01 1.825664997100830078e+00
4.012190950000000256e-01 2.300474405288696289e+00
4.040503639999999952e-01 2.260813474655151367e+00
4.068816900000000181e-01 2.237241268157958984e+00
4.097130709999999842e-01 2.296619653701782227e+00
4.125445090000000037e-01 2.351783752441406250e+00
4.153760029999999936e-01 2.363947629928588867e+00
4.182075530000000096e-01 2.325923204421997070e+00
4.210391589999999962e-01 2.330482721328735352e+00
4.238708219999999804e-01 2.305491924285888672e+00
4.267025409999999908e-01 2.255749464035034180e+00
4.295343160000000271e-01 2.033081531524658203e+00
4.323661469999999785e-01 2.178825139999389648e+00
4.351980349999999831e-01 2.378489255905151367e+00
4.380299790000000137e-01 2.395902395248413086e+00
4.408619790000000149e-01 2.465916872024536133e+00
4.436940349999999866e-01 2.618337631225585938e+00
4.465261480000000116e-01 2.658401489257812500e+00
4.493583170000000071e-01 2.816440105438232422e+00
4.521905419999999731e-01 2.825780153274536133e+00
4.550228230000000207e-01 2.802933216094970703e+00
4.578551610000000105e-01 2.849620103836059570e+00
4.606875550000000263e-01 2.872489690780639648e+00
4.635200050000000127e-01 2.905730724334716797e+00
4.663525110000000251e-01 2.840252399444580078e+00
4.691850739999999798e-01 2.840210437774658203e+00
4.720176919999999887e-01 2.877350807189941406e+00
4.748503669999999954e-01 2.910289764404296875e+00
4.776830989999999999e-01 2.949775218963623047e+00
4.805158860000000032e-01 3.025613784790039062e+00
4.833487300000000042e-01 2.995124101638793945e+00
4.861816299999999758e-01 2.761292457580566406e+00
4.890145859999999733e-01 2.880428552627563477e+00
4.918475979999999970e-01 2.953653097152709961e+00
4.946806670000000183e-01 3.012040853500366211e+00
4.975137920000000102e-01 3.022974252700805664e+00
5.003469729999999727e-01 2.964451074600219727e+00
5.031802100000000166e-01 2.923392534255981445e+00
5.060135040000000028e-01 3.025222778320312500e+00
5.088468539999999596e-01 3.038923263549804688e+00
5.116802599999999979e-01 3.066666841506958008e+00
5.145137220000000067e-01 3.011755466461181641e+00
5.173472409999999577e-01 2.848937034606933594e+00
5.201808159999999903e-01 2.983098030090332031e+00
5.230144469999999934e-01 3.117661476135253906e+00
5.258481339999999671e-01 3.114876270294189453e+00
5.286818779999999940e-01 3.157988548278808594e+00
5.315156779999999914e-01 3.263978242874145508e+00
5.343495339999999594e-01 3.256652832031250000e+00
5.371834460000000089e-01 3.300013542175292969e+00
5.400174150000000006e-01 3.232063293457031250e+00
5.428514389999999912e-01 3.261660337448120117e+00
5.456855200000000350e-01 3.312648534774780273e+00
5.485196580000000210e-01 3.332403421401977539e+00
5.513538510000000059e-01 3.351789712905883789e+00
5.541881010000000440e-01 3.394408941268920898e+00
5.570224070000000527e-01 3.351692438125610352e+00
5.598567690000000319e-01 3.304201126098632812e+00
5.626911869999999816e-01 3.354925870895385742e+00
5.655256619999999845e-01 3.354345321655273438e+00
5.683601929999999580e-01 3.323158502578735352e+00
5.711947800000000131e-01 3.293484687805175781e+00
5.740294230000000386e-01 3.325927019119262695e+00
5.768641230000000064e-01 3.304305553436279297e+00
5.796988789999999447e-01 3.305373191833496094e+00
5.825336909999999646e-01 3.388667583465576172e+00
5.853685589999999550e-01 3.351146697998046875e+00
5.882034839999999987e-01 3.120439052581787109e+00
5.910384650000000129e-01 2.985159635543823242e+00
5.938735019999999976e-01 3.036374807357788086e+00
5.967085949999999528e-01 3.023286104202270508e+00
5.995437449999999613e-01 2.973949193954467773e+00
6.023789510000000513e-01 2.933147907257080078e+00
6.052142130000000009e-01 2.942962408065795898e+00
6.080495310000000320e-01 2.898667812347412109e+00
6.108849060000000053e-01 2.778786182403564453e+00
6.137203359999999774e-01 2.713706254959106445e+00
6.165558230000000028e-01 2.683242559432983398e+00
6.193913669999999705e-01 2.757371187210083008e+00
6.222269660000000480e-01 2.746313810348510742e+00
6.250626219999999567e-01 2.683573484420776367e+00
6.278983339999999469e-01 2.612344026565551758e+00
6.307341020000000187e-01 2.585459709167480469e+00
6.335699259999999500e-01 2.622044086456298828e+00
6.364058070000000455e-01 2.646898984909057617e+00
6.392417440000000006e-01 2.644827365875244141e+00
6.420777370000000372e-01 2.608263015747070312e+00
6.449137860000000444e-01 2.588541030883789062e+00
6.477498919999999938e-01 2.461029767990112305e+00
6.505860540000000247e-01 2.435792207717895508e+00
6.534222720000000262e-01 2.444239377975463867e+00
6.562585459999999982e-01 2.236449480056762695e+00
6.590948770000000234e-01 2.329138994216918945e+00
6.619312640000000192e-01 2.392112255096435547e+00
6.647677069999999855e-01 2.370110988616943359e+00
6.676042060000000333e-01 2.347896099090576172e+00
6.704407620000000234e-01 2.318929672241210938e+00
6.732773739999999840e-01 2.292424678802490234e+00
6.761140420000000262e-01 2.274312019348144531e+00
6.789507660000000389e-01 2.265762090682983398e+00
6.817875469999999938e-01 2.237864971160888672e+00
6.846243829999999475e-01 2.154329538345336914e+00
6.874612759999999545e-01 1.810544371604919434e+00
6.902982260000000148e-01 1.829421281814575195e+00
6.931352309999999628e-01 1.866872549057006836e+00
6.959722929999999641e-01 1.878547430038452148e+00
6.988094110000000470e-01 1.860975146293640137e+00
7.016465849999999893e-01 1.754421114921569824e+00
7.044838150000000132e-01 1.749499320983886719e+00
7.073211019999999793e-01 1.705004572868347168e+00
7.101584450000000270e-01 1.645493984222412109e+00
7.129958440000000452e-01 1.540675401687622070e+00
7.158332990000000340e-01 1.297553181648254395e+00
7.186708109999999650e-01 9.334354996681213379e-01
7.215083789999999775e-01 9.593062400817871094e-01
7.243460029999999605e-01 8.804054260253906250e-01
7.271836830000000251e-01 7.967037558555603027e-01
7.300214200000000320e-01 7.410359978675842285e-01
7.328592130000000093e-01 7.505011558532714844e-01
7.356970619999999572e-01 7.437304854393005371e-01
7.385349669999999866e-01 7.264121174812316895e-01
7.413729289999999583e-01 7.238187789916992188e-01
7.442109470000000115e-01 7.332641482353210449e-01
7.470490210000000353e-01 7.304459214210510254e-01
7.498871510000000296e-01 7.220406532287597656e-01
7.527253379999999661e-01 7.165614366531372070e-01
7.555635800000000124e-01 7.040275931358337402e-01
7.584018790000000010e-01 5.703649520874023438e-01
7.612402350000000428e-01 2.715661227703094482e-01
7.640786459999999725e-01 3.309264183044433594e-01
7.669171139999999554e-01 5.214606523513793945e-01
7.697556380000000198e-01 6.462895274162292480e-01
7.725942180000000548e-01 6.650620102882385254e-01
7.754328539999999492e-01 6.672332882881164551e-01
7.782715470000000080e-01 6.699391603469848633e-01
7.811102960000000373e-01 6.775514483451843262e-01
7.839491010000000371e-01 6.692859530448913574e-01
7.867879620000000074e-01 6.633349657058715820e-01
7.896268800000000310e-01 6.397886276245117188e-01
7.924658540000000251e-01 6.488240957260131836e-01
7.953048839999999897e-01 6.478473544120788574e-01
7.981439700000000359e-01 6.551930308341979980e-01
8.009831130000000243e-01 6.488747000694274902e-01
8.038223119999999833e-01 6.571147441864013672e-01
8.066615670000000238e-01 6.670582890510559082e-01
8.095008780000000348e-01 6.325273513793945312e-01
8.123402459999999881e-01 5.742738246917724609e-01
8.151796700000000229e-01 4.646883308887481689e-01
8.180191500000000282e-01 4.398988187313079834e-01
8.208586860000000041e-01 4.752296805381774902e-01
8.236982790000000332e-01 4.344951510429382324e-01
8.265379269999999501e-01 4.480119645595550537e-01
8.293776320000000313e-01 4.005999565124511719e-01
8.322173940000000547e-01 3.843640387058258057e-01
8.350572109999999659e-01 3.869722485542297363e-01
8.378970850000000414e-01 3.986099958419799805e-01
8.407370149999999764e-01 4.059287607669830322e-01
8.435770009999999930e-01 3.989422321319580078e-01
8.464170429999999801e-01 3.939858078956604004e-01
8.492571420000000204e-01 3.733521401882171631e-01
8.520972970000000313e-01 3.590587377548217773e-01
8.549375080000000127e-01 3.371827006340026855e-01
8.577777749999999646e-01 3.596687912940979004e-01
8.606180989999999698e-01 3.565895855426788330e-01
8.634584789999999455e-01 3.418001234531402588e-01
8.662989150000000027e-01 3.219406604766845703e-01
8.691394070000000305e-01 3.266965448856353760e-01
8.719799560000000005e-01 3.231852352619171143e-01
8.748205610000000521e-01 3.182293176651000977e-01
8.776612219999999631e-01 3.084404170513153076e-01
8.805019389999999557e-01 2.971783280372619629e-01
8.833427130000000016e-01 2.920204997062683105e-01
8.861835430000000180e-01 2.767870128154754639e-01
8.890244290000000049e-01 2.772214114665985107e-01
8.918653709999999624e-01 2.594513893127441406e-01
8.947063699999999731e-01 2.212485224008560181e-01
8.975474239999999826e-01 1.781646013259887695e-01
9.003885350000000454e-01 1.570484787225723267e-01
9.032297030000000504e-01 1.829597353935241699e-01
9.060709260000000542e-01 1.798436641693115234e-01
9.089122060000000003e-01 1.488348841667175293e-01
9.117535420000000279e-01 1.498503834009170532e-01
9.145949340000000261e-01 1.372432708740234375e-01
9.174363819999999947e-01 1.364175379276275635e-01
9.202778870000000166e-01 1.595790386199951172e-01
9.231194480000000091e-01 1.503601819276809692e-01
9.259610649999999721e-01 1.349507421255111694e-01
9.288027380000000166e-01 9.413155168294906616e-02
9.316444680000000034e-01 5.122502148151397705e-02
9.344862539999999607e-01 2.983483485877513885e-02
9.373280959999999995e-01 3.347340598702430725e-02
9.401699940000000089e-01 5.326119437813758850e-02
9.430119489999999605e-01 4.577783122658729553e-02
9.458539599999999936e-01 4.381801560521125793e-02
9.486960269999999973e-01 4.562431946396827698e-02
9.515381499999999715e-01 4.347615689039230347e-02
9.543803299999999989e-01 4.463091865181922913e-02
9.572225659999999969e-01 4.738261550664901733e-02
9.600648579999999654e-01 5.020244047045707703e-02
9.629072060000000155e-01 5.862773209810256958e-02
9.657496110000000078e-01 6.459783762693405151e-02
9.685920709999999989e-01 8.696606010198593140e-02
9.714345880000000433e-01 9.348791092634201050e-02
9.742771620000000299e-01 8.193116635084152222e-02
9.771197910000000153e-01 8.569165319204330444e-02
9.799624770000000540e-01 9.135333448648452759e-02
9.828052189999999522e-01 1.004713028669357300e-01
9.856480170000000429e-01 1.085764765739440918e-01
9.884908709999999932e-01 1.104154214262962341e-01
9.913337819999999967e-01 1.151593551039695740e-01
9.941767489999999707e-01 1.139169409871101379e-01
9.970197720000000263e-01 1.116009876132011414e-01
9.998628510000000524e-01 1.082850694656372070e-01
1.002705986999999910e+00 1.141813918948173523e-01
1.005549178999999960e+00 1.114162281155586243e-01
1.008392426999999980e+00 1.131047531962394714e-01
1.011235730999999971e+00 1.129706799983978271e-01
1.014079092000000015e+00 1.141701266169548035e-01
1.016922509000000030e+00 1.089589670300483704e-01
1.019765982000000015e+00 1.060878783464431763e-01
1.022609510999999971e+00 1.128744557499885559e-01
1.025453096999999980e+00 1.102936267852783203e-01
1.028296738999999960e+00 1.131730824708938599e-01
1.031140436999999910e+00 1.101013943552970886e-01
1.033984191000000052e+00 1.159898564219474792e-01
1.036828002000000026e+00 1.094442978501319885e-01
1.039671868000000110e+00 1.134233772754669189e-01
1.042515791000000025e+00 1.065460741519927979e-01
1.045359770999999993e+00 1.086616441607475281e-01
