3.615872339999999796e-01 1.418515682220458984e+00
3.644177160000000026e-01 1.483500242233276367e+00
3.672482539999999962e-01 1.618696451187133789e+00
3.700788480000000158e-01 1.601377964019775391e+00
3.729094980000000059e-01 1.449894547462463379e+00
3.757402049999999938e-01 1.497433900833129883e+00
3.785709680000000077e-01 1.687879085540771484e+00
3.814017869999999921e-01 1.457767844200134277e+00
3.842326620000000026e-01 1.289551019668579102e+00
3.870635940000000108e-01 1.412161588668823242e+00
3.898945819999999896e-01 1.624254226684570312e+00
3.927256259999999943e-01 1.412706375122070312e+00
3.955567260000000251e-01 1.462987184524536133e+00
3.983878829999999982e-01 1.829589366912841797e+00
4.012190950000000256e-01 2.272864580154418945e+00
4.040503639999999952e-01 2.279978275299072266e+00
4.068816900000000181e-01 2.216445446014404297e+00
4.097130709999999842e-01 2.298629760742187500e+00
4.125445090000000037e-01 2.356264829635620117e+00
4.153760029999999936e-01 2.385830402374267578e+00
4.182075530000000096e-01 2.302260875701904297e+00
4.210391589999999962e-01 2.340837001800537109e+00
4.238708219999999804e-01 2.294474363327026367e+00
4.267025409999999908e-01 2.256500244140625000e+00
4.295343160000000271e-01 2.049265146255493164e+00
4.323661469999999785e-01 2.167300939559936523e+00
4.351980349999999831e-01 2.367718696594238281e+00
4.380299790000000137e-01 2.424811363220214844e+00
4.408619790000000149e-01 2.474003553390502930e+00
4.436940349999999866e-01 2.626608371734619141e+00
4.465261480000000116e-01 2.656505584716796875e+00
4.493583170000000071e-01 2.799624681472778320e+00
4.521905419999999731e-01 2.831039428710937500e+00
4.550228230000000207e-01 2.805879116058349609e+00
4.578551610000000105e-01 2.839938640594482422e+00
4.606875550000000263e-01 2.880102396011352539e+00
4.635200050000000127e-01 2.910860776901245117e+00
4.663525110000000251e-01 2.841357707977294922e+00
4.691850739999999798e-01 2.832728147506713867e+00
4.720176919999999887e-01 2.880100250244140625e+00
4.748503669999999954e-01 2.932595968246459961e+00
4.776830989999999999e-01 2.946820497512817383e+00
4.805158860000000032e-01 3.009743690490722656e+00
4.833487300000000042e-01 2.997293710708618164e+00
4.861816299999999758e-01 2.765560865402221680e+00
4.890145859999999733e-01 2.870983362197875977e+00
4.918475979999999970e-01 2.955430269241333008e+00
4.946806670000000183e-01 3.013097524642944336e+00
4.975137920000000102e-01 3.033868551254272461e+00
5.003469729999999727e-01 2.966626405715942383e+00
5.031802100000000166e-01 2.936320066452026367e+00
5.060135040000000028e-01 3.030262470245361328e+00
5.088468539999999596e-01 3.054035663604736328e+00
5.116802599999999979e-01 3.093447446823120117e+00
5.145137220000000067e-01 3.024996519088745117e+00
5.173472409999999577e-01 2.857179164886474609e+00
5.201808159999999903e-01 3.012316226959228516e+00
5.230144469999999934e-01 3.141523122787475586e+00
5.258481339999999671e-01 3.131731033325195312e+00
5.286818779999999940e-01 3.182215690612792969e+00
5.315156779999999914e-01 3.291499137878417969e+00
5.343495339999999594e-01 3.274388313293457031e+00
5.371834460000000089e-01 3.333071231842041016e+00
5.400174150000000006e-01 3.264520645141601562e+00
5.428514389999999912e-01 3.286307334899902344e+00
5.456855200000000350e-01 3.350043058395385742e+00
5.485196580000000210e-01 3.351645708084106445e+00
5.513538510000000059e-01 3.398083209991455078e+00
5.541881010000000440e-01 3.430110692977905273e+00
5.570224070000000527e-01 3.398738145828247070e+00
5.598567690000000319e-01 3.338325023651123047e+00
5.626911869999999816e-01 3.402221202850341797e+00
5.655256619999999845e-01 3.387190818786621094e+00
5.683601929999999580e-01 3.359262943267822266e+00
5.711947800000000131e-01 3.321438789367675781e+00
5.740294230000000386e-01 3.367844820022583008e+00
5.768641230000000064e-01 3.341064453125000000e+00
5.796988789999999447e-01 3.353362560272216797e+00
5.825336909999999646e-01 3.431179523468017578e+00
5.853685589999999550e-01 3.392473220825195312e+00
5.882034839999999987e-01 3.164301395416259766e+00
5.910384650000000129e-01 3.030883550643920898e+00
5.938735019999999976e-01 3.085582971572875977e+00
5.967085949999999528e-01 3.076671361923217773e+00
5.995437449999999613e-01 3.045305252075195312e+00
6.023789510000000513e-01 3.010164022445678711e+00
6.052142130000000009e-01 3.021273374557495117e+00
6.080495310000000320e-01 2.961159229278564453e+00
6.108849060000000053e-01 2.855015516281127930e+00
6.137203359999999774e-01 2.793101072311401367e+00
6.165558230000000028e-01 2.760531425476074219e+00
6.193913669999999705e-01 2.842817544937133789e+00
6.222269660000000480e-01 2.837972402572631836e+00
6.250626219999999567e-01 2.756852388381958008e+00
6.278983339999999469e-01 2.689775228500366211e+00
6.307341020000000187e-01 2.663295269012451172e+00
6.335699259999999500e-01 2.691691160202026367e+00
6.364058070000000455e-01 2.722678899765014648e+00
6.392417440000000006e-01 2.731365680694580078e+00
6.420777370000000372e-01 2.690030336380004883e+00
6.449137860000000444e-01 2.661988735198974609e+00
6.477498919999999938e-01 2.532665729522705078e+00
6.505860540000000247e-01 2.523229122161865234e+00
6.534222720000000262e-01 2.511851787567138672e+00
6.562585459999999982e-01 2.310158014297485352e+00
6.590948770000000234e-01 2.418706178665161133e+00
6.619312640000000192e-01 2.480251073837280273e+00
6.647677069999999855e-01 2.444194555282592773e+00
6.676042060000000333e-01 2.417610645294189453e+00
6.704407620000000234e-01 2.390692949295043945e+00
6.732773739999999840e-01 2.359309434890747070e+00
6.761140420000000262e-01 2.336979866027832031e+00
6.789507660000000389e-01 2.330574274063110352e+00
6.817875469999999938e-01 2.310048341751098633e+00
6.846243829999999475e-01 2.234886169433593750e+00
6.874612759999999545e-01 1.884632229804992676e+00
6.902982260000000148e-01 1.914670109748840332e+00
6.931352309999999628e-01 1.951245069503784180e+00
6.959722929999999641e-01 1.972472190856933594e+00
6.988094110000000470e-01 1.965817809104919434e+00
7.016465849999999893e-01 1.860481262207031250e+00
7.044838150000000132e-01 1.857920885086059570e+00
7.073211019999999793e-01 1.828383922576904297e+00
7.101584450000000270e-01 1.757210135459899902e+00
7.129958440000000452e-01 1.651421546936035156e+00
7.158332990000000340e-01 1.401082992553710938e+00
7.186708109999999650e-01 1.010217547416687012e+00
7.215083789999999775e-01 1.041985392570495605e+00
7.243460029999999605e-01 9.519914984703063965e-01
7.271836830000000251e-01 8.625457882881164551e-01
7.300214200000000320e-01 8.011126518249511719e-01
7.328592130000000093e-01 8.145459294319152832e-01
7.356970619999999572e-01 8.185310363769531250e-01
7.385349669999999866e-01 7.990946769714355469e-01
7.413729289999999583e-01 7.893163561820983887e-01
7.442109470000000115e-01 8.018881678581237793e-01
7.470490210000000353e-01 8.048171997070312500e-01
7.498871510000000296e-01 7.948054075241088867e-01
7.527253379999999661e-01 7.847907543182373047e-01
7.555635800000000124e-01 7.753618359565734863e-01
7.584018790000000010e-01 6.356269717216491699e-01
7.612402350000000428e-01 2.942899465560913086e-01
7.640786459999999725e-01 3.596766293048858643e-01
7.669171139999999554e-01 5.753101110458374023e-01
7.697556380000000198e-01 7.038291692733764648e-01
7.725942180000000548e-01 7.353198528289794922e-01
7.754328539999999492e-01 7.361690998077392578e-01
7.782715470000000080e-01 7.455722689628601074e-01
7.811102960000000373e-01 7.486118674278259277e-01
7.839491010000000371e-01 7.399501800537109375e-01
7.867879620000000074e-01 7.367739081382751465e-01
7.896268800000000310e-01 7.134600877761840820e-01
7.924658540000000251e-01 7.099563479423522949e-01
7.953048839999999897e-01 7.159975171089172363e-01
7.981439700000000359e-01 7.314565777778625488e-01
8.009831130000000243e-01 7.233842015266418457e-01
8.038223119999999833e-01 7.236395478248596191e-01
8.066615670000000238e-01 7.410363554954528809e-01
8.095008780000000348e-01 7.055234313011169434e-01
8.123402459999999881e-01 6.347848176956176758e-01
8.151796700000000229e-01 5.169438123703002930e-01
8.180191500000000282e-01 4.833458960056304932e-01
8.208586860000000041e-01 5.181194543838500977e-01
8.236982790000000332e-01 4.761529862880706787e-01
8.265379269999999501e-01 4.952007830142974854e-01
8.293776320000000313e-01 4.413189888000488281e-01
8.322173940000000547e-01 4.215945601463317871e-01
8.350572109999999659e-01 4.290179610252380371e-01
8.378970850000000414e-01 4.396900534629821777e-01
8.407370149999999764e-01 4.420371949672698975e-01
8.435770009999999930e-01 4.342816174030303955e-01
8.464170429999999801e-01 4.324409663677215576e-01
8.492571420000000204e-01 4.080826044082641602e-01
8.520972970000000313e-01 3.955045640468597412e-01
8.549375080000000127e-01 3.689941763877868652e-01
8.577777749999999646e-01 3.965973258018493652e-01
8.606180989999999698e-01 3.897022008895874023e-01
8.634584789999999455e-01 3.843827545642852783e-01
8.662989150000000027e-01 3.476205170154571533e-01
8.691394070000000305e-01 3.621966838836669922e-01
8.719799560000000005e-01 3.563505411148071289e-01
8.748205610000000521e-01 3.457775413990020752e-01
8.776612219999999631e-01 3.390357196331024170e-01
8.805019389999999557e-01 3.264963030815124512e-01
8.833427130000000016e-01 3.187811076641082764e-01
8.861835430000000180e-01 3.065949678421020508e-01
8.890244290000000049e-01 3.053345382213592529e-01
8.918653709999999624e-01 2.823450267314910889e-01
8.947063699999999731e-01 2.383317053318023682e-01
8.975474239999999826e-01 1.889588087797164917e-01
9.003885350000000454e-01 1.732965856790542603e-01
9.032297030000000504e-01 1.962002366781234741e-01
9.060709260000000542e-01 1.955665051937103271e-01
9.089122060000000003e-01 1.596600860357284546e-01
9.117535420000000279e-01 1.645805388689041138e-01
9.145949340000000261e-01 1.463415175676345825e-01
9.174363819999999947e-01 1.480197161436080933e-01
9.202778870000000166e-01 1.698994487524032593e-01
9.231194480000000091e-01 1.629897803068161011e-01
9.259610649999999721e-01 1.461309641599655151e-01
9.288027380000000166e-01 1.040282845497131348e-01
9.316444680000000034e-01 5.766274034976959229e-02
9.344862539999999607e-01 3.230112791061401367e-02
9.373280959999999995e-01 3.630933165550231934e-02
9.401699940000000089e-01 5.387186259031295776e-02
9.430119489999999605e-01 4.368171468377113342e-02
9.458539599999999936e-01 4.361618310213088989e-02
9.486960269999999973e-01 4.359609261155128479e-02
9.515381499999999715e-01 4.468447342514991760e-02
9.543803299999999989e-01 4.126283898949623108e-02
9.572225659999999969e-01 5.088053643703460693e-02
9.600648579999999654e-01 5.366737395524978638e-02
9.629072060000000155e-01 6.106048822402954102e-02
9.657496110000000078e-01 6.968933343887329102e-02
9.685920709999999989e-01 9.432504326105117798e-02
9.714345880000000433e-01 1.013377159833908081e-01
9.742771620000000299e-01 8.558039367198944092e-02
9.771197910000000153e-01 8.900824189186096191e-02
9.799624770000000540e-01 9.953530877828598022e-02
9.828052189999999522e-01 1.040600389242172241e-01
9.856480170000000429e-01 1.143381968140602112e-01
9.884908709999999932e-01 1.162122637033462524e-01
9.913337819999999967e-01 1.161372512578964233e-01
9.941767489999999707e-01 1.206464618444442749e-01
9.970197720000000263e-01 1.173059418797492981e-01
9.998628510000000524e-01 1.152403578162193298e-01
1.002705986999999910e+00 1.181657910346984863e-01
1.005549178999999960e+00 1.130675524473190308e-01
1.008392426999999980e+00 1.130275055766105652e-01
1.011235730999999971e+00 1.152611821889877319e-01
1.014079092000000015e+00 1.208161711692810059e-01
1.016922509000000030e+00 1.182660087943077087e-01
1.019765982000000015e+00 1.161235421895980835e-01
1.022609510999999971e+00 1.168469786643981934e-01
1.025453096999999980e+00 1.149641275405883789e-01
1.028296738999999960e+00 1.186356768012046814e-01
1.031140436999999910e+00 1.136078462004661560e-01
1.033984191000000052e+00 1.213696971535682678e-01
1.036828002000000026e+00 1.230843886733055115e-01
1.039671868000000110e+00 1.275555789470672607e-01
1.042515791000000025e+00 1.088926196098327637e-01
1.045359770999999993e+00 1.286819875240325928e-01
