3.615872339999999796e-01 1.343283653259277344e+00
3.644177160000000026e-01 1.460072994232177734e+00
3.672482539999999962e-01 1.593589425086975098e+00
3.700788480000000158e-01 1.598709106445312500e+00
3.729094980000000059e-01 1.408664822578430176e+00
3.757402049999999938e-01 1.478840947151184082e+00
3.785709680000000077e-01 1.655612707138061523e+00
3.814017869999999921e-01 1.400637745857238770e+00
3.842326620000000026e-01 1.298498511314392090e+00
3.870635940000000108e-01 1.413578152656555176e+00
3.898945819999999896e-01 1.616089701652526855e+00
3.927256259999999943e-01 1.414489507675170898e+00
3.955567260000000251e-01 1.452349305152893066e+00
3.983878829999999982e-01 1.811165809631347656e+00
4.012190950000000256e-01 2.238165378570556641e+00
4.040503639999999952e-01 2.261368989944458008e+00
4.068816900000000181e-01 2.188019752502441406e+00
4.097130709999999842e-01 2.246098756790161133e+00
4.125445090000000037e-01 2.327591419219970703e+00
4.153760029999999936e-01 2.358628034591674805e+00
4.182075530000000096e-01 2.291079521179199219e+00
4.210391589999999962e-01 2.313292264938354492e+00
4.238708219999999804e-01 2.267583847045898438e+00
4.267025409999999908e-01 2.198822021484375000e+00
4.295343160000000271e-01 2.016031742095947266e+00
4.323661469999999785e-01 2.140305042266845703e+00
4.351980349999999831e-01 2.338886022567749023e+00
4.380299790000000137e-01 2.360977411270141602e+00
4.408619790000000149e-01 2.438084125518798828e+00
4.436940349999999866e-01 2.570530891418457031e+00
4.465261480000000116e-01 2.590586662292480469e+00
4.493583170000000071e-01 2.743880510330200195e+00
4.521905419999999731e-01 2.758821487426757812e+00
4.550228230000000207e-01 2.732254028320312500e+00
4.578551610000000105e-01 2.798239707946777344e+00
4.606875550000000263e-01 2.811805725097656250e+00
4.635200050000000127e-01 2.843100786209106445e+00
4.663525110000000251e-01 2.791619300842285156e+00
4.691850739999999798e-01 2.775470018386840820e+00
4.720176919999999887e-01 2.809118509292602539e+00
4.748503669999999954e-01 2.849208593368530273e+00
4.776830989999999999e-01 2.886125564575195312e+00
4.805158860000000032e-01 2.929793834686279297e+00
4.833487300000000042e-01 2.905536174774169922e+00
4.861816299999999758e-01 2.681730031967163086e+00
4.890145859999999733e-01 2.807838201522827148e+00
4.918475979999999970e-01 2.869916439056396484e+00
4.946806670000000183e-01 2.927711725234985352e+00
4.975137920000000102e-01 2.944075345993041992e+00
5.003469729999999727e-01 2.862200260162353516e+00
5.031802100000000166e-01 2.855996131896972656e+00
5.060135040000000028e-01 2.939677238464355469e+00
5.088468539999999596e-01 2.949422121047973633e+00
5.116802599999999979e-01 2.985203027725219727e+00
5.145137220000000067e-01 2.905951261520385742e+00
5.173472409999999577e-01 2.756772041320800781e+00
5.201808159999999903e-01 2.878713846206665039e+00
5.230144469999999934e-01 3.001474857330322266e+00
5.258481339999999671e-01 3.020433425903320312e+00
5.286818779999999940e-01 3.047950506210327148e+00
5.315156779999999914e-01 3.151242256164550781e+00
5.343495339999999594e-01 3.143721342086791992e+00
5.371834460000000089e-01 3.187916278839111328e+00
5.400174150000000006e-01 3.125022649765014648e+00
5.428514389999999912e-01 3.150847434997558594e+00
5.456855200000000350e-01 3.201298952102661133e+00
5.485196580000000210e-01 3.210572242736816406e+00
5.513538510000000059e-01 3.239488601684570312e+00
5.541881010000000440e-01 3.264124631881713867e+00
5.570224070000000527e-01 3.241037368774414062e+00
5.598567690000000319e-01 3.188624858856201172e+00
5.626911869999999816e-01 3.239706516265869141e+00
5.655256619999999845e-01 3.228072881698608398e+00
5.683601929999999580e-01 3.206454515457153320e+00
5.711947800000000131e-01 3.166951417922973633e+00
5.740294230000000386e-01 3.203471660614013672e+00
5.768641230000000064e-01 3.178166866302490234e+00
5.796988789999999447e-01 3.190054655075073242e+00
5.825336909999999646e-01 3.256761789321899414e+00
5.853685589999999550e-01 3.213441371917724609e+00
5.882034839999999987e-01 2.991148710250854492e+00
5.910384650000000129e-01 2.858812570571899414e+00
5.938735019999999976e-01 2.906253576278686523e+00
5.967085949999999528e-01 2.889957666397094727e+00
5.995437449999999613e-01 2.848866939544677734e+00
6.023789510000000513e-01 2.793572664260864258e+00
6.052142130000000009e-01 2.804513216018676758e+00
6.080495310000000320e-01 2.762040138244628906e+00
6.108849060000000053e-01 2.655829906463623047e+00
6.137203359999999774e-01 2.593729257583618164e+00
6.165558230000000028e-01 2.572247505187988281e+00
6.193913669999999705e-01 2.633240699768066406e+00
6.222269660000000480e-01 2.625899791717529297e+00
6.250626219999999567e-01 2.544543981552124023e+00
6.278983339999999469e-01 2.484315395355224609e+00
6.307341020000000187e-01 2.463657617568969727e+00
6.335699259999999500e-01 2.496323347091674805e+00
6.364058070000000455e-01 2.520781993865966797e+00
6.392417440000000006e-01 2.517173767089843750e+00
6.420777370000000372e-01 2.490400075912475586e+00
6.449137860000000444e-01 2.456859588623046875e+00
6.477498919999999938e-01 2.341503858566284180e+00
6.505860540000000247e-01 2.330307483673095703e+00
6.534222720000000262e-01 2.316845655441284180e+00
6.562585459999999982e-01 2.124660968780517578e+00
6.590948770000000234e-01 2.222561120986938477e+00
6.619312640000000192e-01 2.278861999511718750e+00
6.647677069999999855e-01 2.263601779937744141e+00
6.676042060000000333e-01 2.241957664489746094e+00
6.704407620000000234e-01 2.213146209716796875e+00
6.732773739999999840e-01 2.180394172668457031e+00
6.761140420000000262e-01 2.170654058456420898e+00
6.789507660000000389e-01 2.154559612274169922e+00
6.817875469999999938e-01 2.127856731414794922e+00
6.846243829999999475e-01 2.049805641174316406e+00
6.874612759999999545e-01 1.722340106964111328e+00
6.902982260000000148e-01 1.733047842979431152e+00
6.931352309999999628e-01 1.761298656463623047e+00
6.959722929999999641e-01 1.761782884597778320e+00
6.988094110000000470e-01 1.743857741355895996e+00
7.016465849999999893e-01 1.632488012313842773e+00
7.044838150000000132e-01 1.629977345466613770e+00
7.073211019999999793e-01 1.588440179824829102e+00
7.101584450000000270e-01 1.521373867988586426e+00
7.129958440000000452e-01 1.422323942184448242e+00
7.158332990000000340e-01 1.203350543975830078e+00
7.186708109999999650e-01 8.758379817008972168e-01
7.215083789999999775e-01 8.943994641304016113e-01
7.243460029999999605e-01 8.171457052230834961e-01
7.271836830000000251e-01 7.368710637092590332e-01
7.300214200000000320e-01 6.872916817665100098e-01
7.328592130000000093e-01 7.007327079772949219e-01
7.356970619999999572e-01 6.941205263137817383e-01
7.385349669999999866e-01 6.758978962898254395e-01
7.413729289999999583e-01 6.742191910743713379e-01
7.442109470000000115e-01 6.858442425727844238e-01
7.470490210000000353e-01 6.774932146072387695e-01
7.498871510000000296e-01 6.747441887855529785e-01
7.527253379999999661e-01 6.654911637306213379e-01
7.555635800000000124e-01 6.553934812545776367e-01
7.584018790000000010e-01 5.364329218864440918e-01
7.612402350000000428e-01 2.522744536399841309e-01
7.640786459999999725e-01 3.072690665721893311e-01
7.669171139999999554e-01 4.866871833801269531e-01
7.697556380000000198e-01 6.007676124572753906e-01
7.725942180000000548e-01 6.227399706840515137e-01
7.754328539999999492e-01 6.189475059509277344e-01
7.782715470000000080e-01 6.266457438468933105e-01
7.811102960000000373e-01 6.237129569053649902e-01
7.839491010000000371e-01 6.261187791824340820e-01
7.867879620000000074e-01 6.139200329780578613e-01
7.896268800000000310e-01 5.977001190185546875e-01
7.924658540000000251e-01 6.004803180694580078e-01
7.953048839999999897e-01 6.015403270721435547e-01
7.981439700000000359e-01 6.063416004180908203e-01
8.009831130000000243e-01 6.030811667442321777e-01
8.038223119999999833e-01 6.027425527572631836e-01
8.066615670000000238e-01 6.119470000267028809e-01
8.095008780000000348e-01 5.921670198440551758e-01
8.123402459999999881e-01 5.264225602149963379e-01
8.151796700000000229e-01 4.330472648143768311e-01
8.180191500000000282e-01 4.061957299709320068e-01
8.208586860000000041e-01 4.368349611759185791e-01
8.236982790000000332e-01 4.011041224002838135e-01
8.265379269999999501e-01 4.135304689407348633e-01
8.293776320000000313e-01 3.699136078357696533e-01
8.322173940000000547e-01 3.586300909519195557e-01
8.350572109999999659e-01 3.607936501502990723e-01
8.378970850000000414e-01 3.683076202869415283e-01
8.407370149999999764e-01 3.708286285400390625e-01
8.435770009999999930e-01 3.667183220386505127e-01
8.464170429999999801e-01 3.678057193756103516e-01
8.492571420000000204e-01 3.459100127220153809e-01
8.520972970000000313e-01 3.382234573364257812e-01
8.549375080000000127e-01 3.157193958759307861e-01
8.577777749999999646e-01 3.358924686908721924e-01
8.606180989999999698e-01 3.283558785915374756e-01
8.634584789999999455e-01 3.210348486900329590e-01
8.662989150000000027e-01 2.955280840396881104e-01
8.691394070000000305e-01 3.033958971500396729e-01
8.719799560000000005e-01 3.024679124355316162e-01
8.748205610000000521e-01 2.950593829154968262e-01
8.776612219999999631e-01 2.927879393100738525e-01
8.805019389999999557e-01 2.805991172790527344e-01
8.833427130000000016e-01 2.698770463466644287e-01
8.861835430000000180e-01 2.679361104965209961e-01
8.890244290000000049e-01 2.605293989181518555e-01
8.918653709999999624e-01 2.448374181985855103e-01
8.947063699999999731e-01 2.091323882341384888e-01
8.975474239999999826e-01 1.686690449714660645e-01
9.003885350000000454e-01 1.493972986936569214e-01
9.032297030000000504e-01 1.685825139284133911e-01
9.060709260000000542e-01 1.733667999505996704e-01
9.089122060000000003e-01 1.425005197525024414e-01
9.117535420000000279e-01 1.409360170364379883e-01
9.145949340000000261e-01 1.312825381755828857e-01
9.174363819999999947e-01 1.288423091173171997e-01
9.202778870000000166e-01 1.511412113904953003e-01
9.231194480000000091e-01 1.399204581975936890e-01
9.259610649999999721e-01 1.318624317646026611e-01
9.288027380000000166e-01 9.234932810068130493e-02
9.316444680000000034e-01 4.816192761063575745e-02
9.344862539999999607e-01 2.736665308475494385e-02
9.373280959999999995e-01 3.300794959068298340e-02
9.401699940000000089e-01 4.825926572084426880e-02
9.430119489999999605e-01 4.246337339282035828e-02
9.458539599999999936e-01 4.074285551905632019e-02
9.486960269999999973e-01 4.015281796455383301e-02
9.515381499999999715e-01 4.302649572491645813e-02
9.543803299999999989e-01 4.400032758712768555e-02
9.572225659999999969e-01 4.656058177351951599e-02
9.600648579999999654e-01 5.010055005550384521e-02
9.629072060000000155e-01 5.723346397280693054e-02
9.657496110000000078e-01 6.477707624435424805e-02
9.685920709999999989e-01 8.821444958448410034e-02
9.714345880000000433e-01 9.307110309600830078e-02
9.742771620000000299e-01 7.909249514341354370e-02
9.771197910000000153e-01 8.232655376195907593e-02
9.799624770000000540e-01 8.886919915676116943e-02
9.828052189999999522e-01 1.010868176817893982e-01
9.856480170000000429e-01 9.818729013204574585e-02
9.884908709999999932e-01 1.028906852006912231e-01
9.913337819999999967e-01 1.062644571065902710e-01
9.941767489999999707e-01 1.078299656510353088e-01
9.970197720000000263e-01 1.070670560002326965e-01
9.998628510000000524e-01 1.040098071098327637e-01
1.002705986999999910e+00 1.078294441103935242e-01
1.005549178999999960e+00 1.006388068199157715e-01
1.008392426999999980e+00 1.061225384473800659e-01
1.011235730999999971e+00 1.045597121119499207e-01
1.014079092000000015e+00 1.020519360899925232e-01
1.016922509000000030e+00 1.057505533099174500e-01
1.019765982000000015e+00 1.046067848801612854e-01
1.022609510999999971e+00 1.045114696025848389e-01
1.025453096999999980e+00 1.046762317419052124e-01
1.028296738999999960e+00 1.076426953077316284e-01
1.031140436999999910e+00 9.921758621931076050e-02
1.033984191000000052e+00 9.981710463762283325e-02
1.036828002000000026e+00 1.018864884972572327e-01
1.039671868000000110e+00 1.057084202766418457e-01
1.042515791000000025e+00 1.001089885830879211e-01
1.045359770999999993e+00 1.056327968835830688e-01
