3.615872339999999796e-01 1.244802474975585938e+00
3.644177160000000026e-01 1.449382781982421875e+00
3.672482539999999962e-01 1.538682460784912109e+00
3.700788480000000158e-01 1.573347806930541992e+00
3.729094980000000059e-01 1.404109120368957520e+00
3.757402049999999938e-01 1.476116180419921875e+00
3.785709680000000077e-01 1.640502572059631348e+00
3.814017869999999921e-01 1.412392735481262207e+00
3.842326620000000026e-01 1.289641857147216797e+00
3.870635940000000108e-01 1.429916977882385254e+00
3.898945819999999896e-01 1.594810605049133301e+00
3.927256259999999943e-01 1.416317582130432129e+00
3.955567260000000251e-01 1.437643885612487793e+00
3.983878829999999982e-01 1.820128560066223145e+00
4.012190950000000256e-01 2.271160602569580078e+00
4.040503639999999952e-01 2.276370525360107422e+00
4.068816900000000181e-01 2.221118450164794922e+00
4.097130709999999842e-01 2.252486228942871094e+00
4.125445090000000037e-01 2.345130205154418945e+00
4.153760029999999936e-01 2.362771511077880859e+00
4.182075530000000096e-01 2.309873819351196289e+00
4.210391589999999962e-01 2.339248657226562500e+00
4.238708219999999804e-01 2.279483795166015625e+00
4.267025409999999908e-01 2.240051031112670898e+00
4.295343160000000271e-01 2.047245740890502930e+00
4.323661469999999785e-01 2.161092281341552734e+00
4.351980349999999831e-01 2.356955766677856445e+00
4.380299790000000137e-01 2.398881196975708008e+00
4.408619790000000149e-01 2.474266052246093750e+00
4.436940349999999866e-01 2.619440317153930664e+00
4.465261480000000116e-01 2.654344797134399414e+00
4.493583170000000071e-01 2.801545381546020508e+00
4.521905419999999731e-01 2.820620536804199219e+00
4.550228230000000207e-01 2.790061950683593750e+00
4.578551610000000105e-01 2.859687328338623047e+00
4.606875550000000263e-01 2.869930744171142578e+00
4.635200050000000127e-01 2.900147676467895508e+00
4.663525110000000251e-01 2.848643779754638672e+00
4.691850739999999798e-01 2.847480773925781250e+00
4.720176919999999887e-01 2.889296293258666992e+00
4.748503669999999954e-01 2.927217006683349609e+00
4.776830989999999999e-01 2.964828014373779297e+00
4.805158860000000032e-01 3.024833440780639648e+00
4.833487300000000042e-01 3.001355648040771484e+00
4.861816299999999758e-01 2.751870632171630859e+00
4.890145859999999733e-01 2.889298200607299805e+00
4.918475979999999970e-01 2.950512886047363281e+00
4.946806670000000183e-01 3.015398025512695312e+00
4.975137920000000102e-01 3.029532909393310547e+00
5.003469729999999727e-01 2.959449291229248047e+00
5.031802100000000166e-01 2.942751884460449219e+00
5.060135040000000028e-01 3.039392232894897461e+00
5.088468539999999596e-01 3.064531564712524414e+00
5.116802599999999979e-01 3.092879533767700195e+00
5.145137220000000067e-01 3.016449928283691406e+00
5.173472409999999577e-01 2.869205474853515625e+00
5.201808159999999903e-01 2.984813451766967773e+00
5.230144469999999934e-01 3.120411157608032227e+00
5.258481339999999671e-01 3.121564626693725586e+00
5.286818779999999940e-01 3.172391176223754883e+00
5.315156779999999914e-01 3.275267362594604492e+00
5.343495339999999594e-01 3.268237352371215820e+00
5.371834460000000089e-01 3.320735216140747070e+00
5.400174150000000006e-01 3.251456499099731445e+00
5.428514389999999912e-01 3.284713983535766602e+00
5.456855200000000350e-01 3.344798803329467773e+00
5.485196580000000210e-01 3.343227863311767578e+00
5.513538510000000059e-01 3.372488260269165039e+00
5.541881010000000440e-01 3.409307241439819336e+00
5.570224070000000527e-01 3.380358695983886719e+00
5.598567690000000319e-01 3.340625762939453125e+00
5.626911869999999816e-01 3.391647338867187500e+00
5.655256619999999845e-01 3.373523473739624023e+00
5.683601929999999580e-01 3.345530748367309570e+00
5.711947800000000131e-01 3.309902429580688477e+00
5.740294230000000386e-01 3.362918615341186523e+00
5.768641230000000064e-01 3.332241535186767578e+00
5.796988789999999447e-01 3.352314472198486328e+00
5.825336909999999646e-01 3.419226169586181641e+00
5.853685589999999550e-01 3.396410465240478516e+00
5.882034839999999987e-01 3.168406963348388672e+00
5.910384650000000129e-01 3.026428222656250000e+00
5.938735019999999976e-01 3.083978176116943359e+00
5.967085949999999528e-01 3.082972764968872070e+00
5.995437449999999613e-01 3.042935848236083984e+00
6.023789510000000513e-01 3.014726161956787109e+00
6.052142130000000009e-01 3.026954412460327148e+00
6.080495310000000320e-01 2.979480981826782227e+00
6.108849060000000053e-01 2.881365299224853516e+00
6.137203359999999774e-01 2.807381391525268555e+00
6.165558230000000028e-01 2.786659479141235352e+00
6.193913669999999705e-01 2.862372398376464844e+00
6.222269660000000480e-01 2.845589160919189453e+00
6.250626219999999567e-01 2.768667459487915039e+00
6.278983339999999469e-01 2.700625658035278320e+00
6.307341020000000187e-01 2.693997144699096680e+00
6.335699259999999500e-01 2.720552444458007812e+00
6.364058070000000455e-01 2.748336315155029297e+00
6.392417440000000006e-01 2.763692855834960938e+00
6.420777370000000372e-01 2.731096029281616211e+00
6.449137860000000444e-01 2.694542646408081055e+00
6.477498919999999938e-01 2.575849056243896484e+00
6.505860540000000247e-01 2.564101934432983398e+00
6.534222720000000262e-01 2.553570508956909180e+00
6.562585459999999982e-01 2.359011173248291016e+00
6.590948770000000234e-01 2.456861257553100586e+00
6.619312640000000192e-01 2.525871276855468750e+00
6.647677069999999855e-01 2.500667333602905273e+00
6.676042060000000333e-01 2.486911535263061523e+00
6.704407620000000234e-01 2.453197002410888672e+00
6.732773739999999840e-01 2.431651830673217773e+00
6.761140420000000262e-01 2.421347379684448242e+00
6.789507660000000389e-01 2.403092145919799805e+00
6.817875469999999938e-01 2.379916906356811523e+00
6.846243829999999475e-01 2.290577888488769531e+00
6.874612759999999545e-01 1.923027634620666504e+00
6.902982260000000148e-01 1.950958013534545898e+00
6.931352309999999628e-01 1.994840860366821289e+00
6.959722929999999641e-01 2.007249355316162109e+00
6.988094110000000470e-01 1.982597589492797852e+00
7.016465849999999893e-01 1.882926464080810547e+00
7.044838150000000132e-01 1.879818677902221680e+00
7.073211019999999793e-01 1.847126603126525879e+00
7.101584450000000270e-01 1.784977674484252930e+00
7.129958440000000452e-01 1.686188936233520508e+00
7.158332990000000340e-01 1.431466817855834961e+00
7.186708109999999650e-01 1.047220706939697266e+00
7.215083789999999775e-01 1.076691627502441406e+00
7.243460029999999605e-01 9.809773564338684082e-01
7.271836830000000251e-01 8.928290009498596191e-01
7.300214200000000320e-01 8.396243453025817871e-01
7.328592130000000093e-01 8.573342561721801758e-01
7.356970619999999572e-01 8.508772253990173340e-01
7.385349669999999866e-01 8.287422060966491699e-01
7.413729289999999583e-01 8.318614363670349121e-01
7.442109470000000115e-01 8.448006510734558105e-01
7.470490210000000353e-01 8.389288783073425293e-01
7.498871510000000296e-01 8.272325396537780762e-01
7.527253379999999661e-01 8.220562338829040527e-01
7.555635800000000124e-01 8.143752813339233398e-01
7.584018790000000010e-01 6.709842085838317871e-01
7.612402350000000428e-01 3.201659619808197021e-01
7.640786459999999725e-01 3.862696886062622070e-01
7.669171139999999554e-01 6.116195321083068848e-01
7.697556380000000198e-01 7.445462942123413086e-01
7.725942180000000548e-01 7.765220999717712402e-01
7.754328539999999492e-01 7.840253710746765137e-01
7.782715470000000080e-01 7.778868675231933594e-01
7.811102960000000373e-01 7.820520401000976562e-01
7.839491010000000371e-01 7.843911051750183105e-01
7.867879620000000074e-01 7.727266550064086914e-01
7.896268800000000310e-01 7.501504421234130859e-01
7.924658540000000251e-01 7.540773153305053711e-01
7.953048839999999897e-01 7.600172162055969238e-01
7.981439700000000359e-01 7.717572450637817383e-01
8.009831130000000243e-01 7.689424753189086914e-01
8.038223119999999833e-01 7.718699574470520020e-01
8.066615670000000238e-01 7.834808230400085449e-01
8.095008780000000348e-01 7.486729025840759277e-01
8.123402459999999881e-01 6.717047691345214844e-01
8.151796700000000229e-01 5.520533919334411621e-01
8.180191500000000282e-01 5.210230350494384766e-01
8.208586860000000041e-01 5.558023452758789062e-01
8.236982790000000332e-01 5.098980665206909180e-01
8.265379269999999501e-01 5.265650749206542969e-01
8.293776320000000313e-01 4.727882742881774902e-01
8.322173940000000547e-01 4.525113701820373535e-01
8.350572109999999659e-01 4.592991769313812256e-01
8.378970850000000414e-01 4.665474295616149902e-01
8.407370149999999764e-01 4.691442549228668213e-01
8.435770009999999930e-01 4.674330651760101318e-01
8.464170429999999801e-01 4.612427949905395508e-01
8.492571420000000204e-01 4.407759904861450195e-01
8.520972970000000313e-01 4.250406324863433838e-01
8.549375080000000127e-01 4.009254574775695801e-01
8.577777749999999646e-01 4.218890368938446045e-01
8.606180989999999698e-01 4.165820181369781494e-01
8.634584789999999455e-01 4.147767126560211182e-01
8.662989150000000027e-01 3.768639266490936279e-01
8.691394070000000305e-01 3.844846487045288086e-01
8.719799560000000005e-01 3.824470639228820801e-01
8.748205610000000521e-01 3.747404217720031738e-01
8.776612219999999631e-01 3.655681014060974121e-01
8.805019389999999557e-01 3.503499627113342285e-01
8.833427130000000016e-01 3.460830152034759521e-01
8.861835430000000180e-01 3.321137726306915283e-01
8.890244290000000049e-01 3.253024816513061523e-01
8.918653709999999624e-01 3.032243251800537109e-01
8.947063699999999731e-01 2.630990445613861084e-01
8.975474239999999826e-01 2.088663876056671143e-01
9.003885350000000454e-01 1.913578212261199951e-01
9.032297030000000504e-01 2.174637764692306519e-01
9.060709260000000542e-01 2.188742309808731079e-01
9.089122060000000003e-01 1.765727102756500244e-01
9.117535420000000279e-01 1.762364655733108521e-01
9.145949340000000261e-01 1.623286157846450806e-01
9.174363819999999947e-01 1.639725118875503540e-01
9.202778870000000166e-01 1.863374263048171997e-01
9.231194480000000091e-01 1.752384305000305176e-01
9.259610649999999721e-01 1.627563089132308960e-01
9.288027380000000166e-01 1.171459928154945374e-01
9.316444680000000034e-01 6.645578145980834961e-02
9.344862539999999607e-01 4.210798069834709167e-02
9.373280959999999995e-01 4.282737150788307190e-02
9.401699940000000089e-01 6.457015126943588257e-02
9.430119489999999605e-01 5.668714642524719238e-02
9.458539599999999936e-01 5.138982459902763367e-02
9.486960269999999973e-01 5.534000322222709656e-02
9.515381499999999715e-01 5.691854283213615417e-02
9.543803299999999989e-01 5.797852203249931335e-02
9.572225659999999969e-01 6.045989319682121277e-02
9.600648579999999654e-01 6.294257193803787231e-02
9.629072060000000155e-01 7.939598709344863892e-02
9.657496110000000078e-01 8.228620141744613647e-02
9.685920709999999989e-01 1.019988209009170532e-01
9.714345880000000433e-01 1.080629155039787292e-01
9.742771620000000299e-01 9.838306158781051636e-02
9.771197910000000153e-01 9.964425861835479736e-02
9.799624770000000540e-01 1.058403700590133667e-01
9.828052189999999522e-01 1.160766333341598511e-01
9.856480170000000429e-01 1.233014836907386780e-01
9.884908709999999932e-01 1.295451074838638306e-01
9.913337819999999967e-01 1.283369362354278564e-01
9.941767489999999707e-01 1.315885782241821289e-01
9.970197720000000263e-01 1.337973624467849731e-01
9.998628510000000524e-01 1.348732262849807739e-01
1.002705986999999910e+00 1.299228370189666748e-01
1.005549178999999960e+00 1.296859085559844971e-01
1.008392426999999980e+00 1.346518099308013916e-01
1.011235730999999971e+00 1.341632306575775146e-01
1.014079092000000015e+00 1.258764415979385376e-01
1.016922509000000030e+00 1.365941911935806274e-01
1.019765982000000015e+00 1.275077462196350098e-01
1.022609510999999971e+00 1.394011229276657104e-01
1.025453096999999980e+00 1.325228363275527954e-01
1.028296738999999960e+00 1.427531838417053223e-01
1.031140436999999910e+00 1.372508406639099121e-01
1.033984191000000052e+00 1.539069414138793945e-01
1.036828002000000026e+00 1.406786143779754639e-01
1.039671868000000110e+00 1.572732180356979370e-01
1.042515791000000025e+00 1.451142430305480957e-01
1.045359770999999993e+00 1.546042561531066895e-01
