3.615872339999999796e-01 1.255342006683349609e+00
3.644177160000000026e-01 1.451476573944091797e+00
3.672482539999999962e-01 1.566401958465576172e+00
3.700788480000000158e-01 1.562209844589233398e+00
3.729094980000000059e-01 1.423819780349731445e+00
3.757402049999999938e-01 1.451586604118347168e+00
3.785709680000000077e-01 1.651816844940185547e+00
3.814017869999999921e-01 1.420612931251525879e+00
3.842326620000000026e-01 1.293737769126892090e+00
3.870635940000000108e-01 1.432654380798339844e+00
3.898945819999999896e-01 1.606662034988403320e+00
3.927256259999999943e-01 1.437849879264831543e+00
3.955567260000000251e-01 1.480003476142883301e+00
3.983878829999999982e-01 1.827838063240051270e+00
4.012190950000000256e-01 2.270678997039794922e+00
4.040503639999999952e-01 2.259524106979370117e+00
4.068816900000000181e-01 2.271719932556152344e+00
4.097130709999999842e-01 2.307599782943725586e+00
4.125445090000000037e-01 2.374736547470092773e+00
4.153760029999999936e-01 2.400285720825195312e+00
4.182075530000000096e-01 2.360286951065063477e+00
4.210391589999999962e-01 2.366772174835205078e+00
4.238708219999999804e-01 2.328562259674072266e+00
4.267025409999999908e-01 2.287098646163940430e+00
4.295343160000000271e-01 2.056727647781372070e+00
4.323661469999999785e-01 2.197820425033569336e+00
4.351980349999999831e-01 2.392827272415161133e+00
4.380299790000000137e-01 2.442456960678100586e+00
4.408619790000000149e-01 2.485149621963500977e+00
4.436940349999999866e-01 2.637243270874023438e+00
4.465261480000000116e-01 2.668095111846923828e+00
4.493583170000000071e-01 2.821203947067260742e+00
4.521905419999999731e-01 2.856076955795288086e+00
4.550228230000000207e-01 2.822430849075317383e+00
4.578551610000000105e-01 2.872600078582763672e+00
4.606875550000000263e-01 2.901409626007080078e+00
4.635200050000000127e-01 2.934132099151611328e+00
4.663525110000000251e-01 2.868100881576538086e+00
4.691850739999999798e-01 2.864042520523071289e+00
4.720176919999999887e-01 2.894213914871215820e+00
4.748503669999999954e-01 2.939378976821899414e+00
4.776830989999999999e-01 2.967628717422485352e+00
4.805158860000000032e-01 3.030440092086791992e+00
4.833487300000000042e-01 2.992039442062377930e+00
4.861816299999999758e-01 2.756734609603881836e+00
4.890145859999999733e-01 2.880206584930419922e+00
4.918475979999999970e-01 2.945147752761840820e+00
4.946806670000000183e-01 3.034065246582031250e+00
4.975137920000000102e-01 3.029280900955200195e+00
5.003469729999999727e-01 2.964668750762939453e+00
5.031802100000000166e-01 2.941300153732299805e+00
5.060135040000000028e-01 3.021833419799804688e+00
5.088468539999999596e-01 3.041073799133300781e+00
5.116802599999999979e-01 3.067035675048828125e+00
5.145137220000000067e-01 3.001522779464721680e+00
5.173472409999999577e-01 2.848322868347167969e+00
5.201808159999999903e-01 2.972915172576904297e+00
5.230144469999999934e-01 3.100764036178588867e+00
5.258481339999999671e-01 3.105430126190185547e+00
5.286818779999999940e-01 3.150045156478881836e+00
5.315156779999999914e-01 3.240735292434692383e+00
5.343495339999999594e-01 3.230320692062377930e+00
5.371834460000000089e-01 3.281771659851074219e+00
5.400174150000000006e-01 3.215311050415039062e+00
5.428514389999999912e-01 3.235463857650756836e+00
5.456855200000000350e-01 3.296080350875854492e+00
5.485196580000000210e-01 3.309370040893554688e+00
5.513538510000000059e-01 3.342368364334106445e+00
5.541881010000000440e-01 3.367832660675048828e+00
5.570224070000000527e-01 3.335876226425170898e+00
5.598567690000000319e-01 3.280719280242919922e+00
5.626911869999999816e-01 3.337114572525024414e+00
5.655256619999999845e-01 3.318701267242431641e+00
5.683601929999999580e-01 3.293412685394287109e+00
5.711947800000000131e-01 3.263267278671264648e+00
5.740294230000000386e-01 3.308068037033081055e+00
5.768641230000000064e-01 3.274506568908691406e+00
5.796988789999999447e-01 3.283130645751953125e+00
5.825336909999999646e-01 3.360815286636352539e+00
5.853685589999999550e-01 3.316602468490600586e+00
5.882034839999999987e-01 3.088969707489013672e+00
5.910384650000000129e-01 2.959840059280395508e+00
5.938735019999999976e-01 3.011670112609863281e+00
5.967085949999999528e-01 2.982040405273437500e+00
5.995437449999999613e-01 2.945965290069580078e+00
6.023789510000000513e-01 2.896853446960449219e+00
6.052142130000000009e-01 2.907068729400634766e+00
6.080495310000000320e-01 2.853460550308227539e+00
6.108849060000000053e-01 2.769843816757202148e+00
6.137203359999999774e-01 2.680257320404052734e+00
6.165558230000000028e-01 2.662775516510009766e+00
6.193913669999999705e-01 2.727494478225708008e+00
6.222269660000000480e-01 2.718465805053710938e+00
6.250626219999999567e-01 2.643273830413818359e+00
6.278983339999999469e-01 2.580015659332275391e+00
6.307341020000000187e-01 2.560640573501586914e+00
6.335699259999999500e-01 2.589792013168334961e+00
6.364058070000000455e-01 2.617571830749511719e+00
6.392417440000000006e-01 2.620474338531494141e+00
6.420777370000000372e-01 2.594228029251098633e+00
6.449137860000000444e-01 2.546080827713012695e+00
6.477498919999999938e-01 2.429927110671997070e+00
6.505860540000000247e-01 2.419095277786254883e+00
6.534222720000000262e-01 2.412783145904541016e+00
6.562585459999999982e-01 2.211338758468627930e+00
6.590948770000000234e-01 2.316591739654541016e+00
6.619312640000000192e-01 2.377206325531005859e+00
6.647677069999999855e-01 2.354692935943603516e+00
6.676042060000000333e-01 2.344002962112426758e+00
6.704407620000000234e-01 2.310404777526855469e+00
6.732773739999999840e-01 2.287771701812744141e+00
6.761140420000000262e-01 2.274938106536865234e+00
6.789507660000000389e-01 2.253912448883056641e+00
6.817875469999999938e-01 2.229692697525024414e+00
6.846243829999999475e-01 2.149682521820068359e+00
6.874612759999999545e-01 1.779546976089477539e+00
6.902982260000000148e-01 1.807322859764099121e+00
6.931352309999999628e-01 1.832731246948242188e+00
6.959722929999999641e-01 1.834070563316345215e+00
6.988094110000000470e-01 1.811075329780578613e+00
7.016465849999999893e-01 1.712649941444396973e+00
7.044838150000000132e-01 1.702100038528442383e+00
7.073211019999999793e-01 1.665790915489196777e+00
7.101584450000000270e-01 1.606484055519104004e+00
7.129958440000000452e-01 1.508819937705993652e+00
7.158332990000000340e-01 1.266193866729736328e+00
7.186708109999999650e-01 9.166476130485534668e-01
7.215083789999999775e-01 9.448779225349426270e-01
7.243460029999999605e-01 8.565223217010498047e-01
7.271836830000000251e-01 7.800522446632385254e-01
7.300214200000000320e-01 7.307043075561523438e-01
7.328592130000000093e-01 7.378423213958740234e-01
7.356970619999999572e-01 7.362509369850158691e-01
7.385349669999999866e-01 7.183819413185119629e-01
7.413729289999999583e-01 7.211406230926513672e-01
7.442109470000000115e-01 7.314060926437377930e-01
7.470490210000000353e-01 7.253147959709167480e-01
7.498871510000000296e-01 7.157143354415893555e-01
7.527253379999999661e-01 7.096899747848510742e-01
7.555635800000000124e-01 7.001157999038696289e-01
7.584018790000000010e-01 5.795326232910156250e-01
7.612402350000000428e-01 2.705222964286804199e-01
7.640786459999999725e-01 3.200940787792205811e-01
7.669171139999999554e-01 5.193409919738769531e-01
7.697556380000000198e-01 6.386641263961791992e-01
7.725942180000000548e-01 6.584572196006774902e-01
7.754328539999999492e-01 6.710071563720703125e-01
7.782715470000000080e-01 6.662647128105163574e-01
7.811102960000000373e-01 6.677309274673461914e-01
7.839491010000000371e-01 6.701908707618713379e-01
7.867879620000000074e-01 6.578670144081115723e-01
7.896268800000000310e-01 6.319679617881774902e-01
7.924658540000000251e-01 6.430470347404479980e-01
7.953048839999999897e-01 6.492518186569213867e-01
7.981439700000000359e-01 6.509453058242797852e-01
8.009831130000000243e-01 6.494445204734802246e-01
8.038223119999999833e-01 6.465171575546264648e-01
8.066615670000000238e-01 6.621347069740295410e-01
8.095008780000000348e-01 6.267901659011840820e-01
8.123402459999999881e-01 5.657269358634948730e-01
8.151796700000000229e-01 4.606859385967254639e-01
8.180191500000000282e-01 4.356905221939086914e-01
8.208586860000000041e-01 4.667688608169555664e-01
8.236982790000000332e-01 4.264510869979858398e-01
8.265379269999999501e-01 4.469764530658721924e-01
8.293776320000000313e-01 4.001489877700805664e-01
8.322173940000000547e-01 3.789963424205780029e-01
8.350572109999999659e-01 3.841210305690765381e-01
8.378970850000000414e-01 3.990700840950012207e-01
8.407370149999999764e-01 3.989582061767578125e-01
8.435770009999999930e-01 3.956078886985778809e-01
8.464170429999999801e-01 3.883440494537353516e-01
8.492571420000000204e-01 3.728983700275421143e-01
8.520972970000000313e-01 3.622580766677856445e-01
8.549375080000000127e-01 3.395570218563079834e-01
8.577777749999999646e-01 3.631644248962402344e-01
8.606180989999999698e-01 3.512794673442840576e-01
8.634584789999999455e-01 3.503643870353698730e-01
8.662989150000000027e-01 3.182603418827056885e-01
8.691394070000000305e-01 3.300876021385192871e-01
8.719799560000000005e-01 3.281758725643157959e-01
8.748205610000000521e-01 3.178464472293853760e-01
8.776612219999999631e-01 3.090404570102691650e-01
8.805019389999999557e-01 2.981797456741333008e-01
8.833427130000000016e-01 2.989032864570617676e-01
8.861835430000000180e-01 2.846522629261016846e-01
8.890244290000000049e-01 2.780616283416748047e-01
8.918653709999999624e-01 2.599109709262847900e-01
8.947063699999999731e-01 2.217791974544525146e-01
8.975474239999999826e-01 1.777827888727188110e-01
9.003885350000000454e-01 1.604107022285461426e-01
9.032297030000000504e-01 1.839699745178222656e-01
9.060709260000000542e-01 1.890156567096710205e-01
9.089122060000000003e-01 1.524027287960052490e-01
9.117535420000000279e-01 1.501989066600799561e-01
9.145949340000000261e-01 1.387251913547515869e-01
9.174363819999999947e-01 1.379354745149612427e-01
9.202778870000000166e-01 1.620557010173797607e-01
9.231194480000000091e-01 1.521513909101486206e-01
9.259610649999999721e-01 1.384316682815551758e-01
9.288027380000000166e-01 1.000111401081085205e-01
9.316444680000000034e-01 5.559863522648811340e-02
9.344862539999999607e-01 3.303122892975807190e-02
9.373280959999999995e-01 3.206362575292587280e-02
9.401699940000000089e-01 5.172028392553329468e-02
9.430119489999999605e-01 4.914478957653045654e-02
9.458539599999999936e-01 4.168974980711936951e-02
9.486960269999999973e-01 4.508214443922042847e-02
9.515381499999999715e-01 4.887923598289489746e-02
9.543803299999999989e-01 4.595676064491271973e-02
9.572225659999999969e-01 5.261070653796195984e-02
9.600648579999999654e-01 5.417061224579811096e-02
9.629072060000000155e-01 6.509301811456680298e-02
9.657496110000000078e-01 6.621470302343368530e-02
9.685920709999999989e-01 8.639514446258544922e-02
9.714345880000000433e-01 9.352555125951766968e-02
9.742771620000000299e-01 8.283327519893646240e-02
9.771197910000000153e-01 8.589044958353042603e-02
9.799624770000000540e-01 9.388934820890426636e-02
9.828052189999999522e-01 1.012051627039909363e-01
9.856480170000000429e-01 1.067732274532318115e-01
9.884908709999999932e-01 1.112499386072158813e-01
9.913337819999999967e-01 1.128708422183990479e-01
9.941767489999999707e-01 1.167756915092468262e-01
9.970197720000000263e-01 1.185124665498733521e-01
9.998628510000000524e-01 1.186687126755714417e-01
1.002705986999999910e+00 1.178833246231079102e-01
1.005549178999999960e+00 1.047603935003280640e-01
1.008392426999999980e+00 1.112235039472579956e-01
1.011235730999999971e+00 1.168276518583297729e-01
1.014079092000000015e+00 1.096867024898529053e-01
1.016922509000000030e+00 1.199399530887603760e-01
1.019765982000000015e+00 1.151688471436500549e-01
1.022609510999999971e+00 1.128987446427345276e-01
1.025453096999999980e+00 1.166318953037261963e-01
1.028296738999999960e+00 1.088473722338676453e-01
1.031140436999999910e+00 1.220574975013732910e-01
1.033984191000000052e+00 1.128526851534843445e-01
1.036828002000000026e+00 1.187556385993957520e-01
1.039671868000000110e+00 1.193044334650039673e-01
1.042515791000000025e+00 1.125658676028251648e-01
1.045359770999999993e+00 1.257661432027816772e-01
