3.615872339999999796e-01 1.300301194190979004e+00
3.644177160000000026e-01 1.470845937728881836e+00
3.672482539999999962e-01 1.621366262435913086e+00
3.700788480000000158e-01 1.582196831703186035e+00
3.729094980000000059e-01 1.375927805900573730e+00
3.757402049999999938e-01 1.479672789573669434e+00
3.785709680000000077e-01 1.608729004859924316e+00
3.814017869999999921e-01 1.398119926452636719e+00
3.842326620000000026e-01 1.314867138862609863e+00
3.870635940000000108e-01 1.455727458000183105e+00
3.898945819999999896e-01 1.628074049949645996e+00
3.927256259999999943e-01 1.422845125198364258e+00
3.955567260000000251e-01 1.427892208099365234e+00
3.983878829999999982e-01 1.824166417121887207e+00
4.012190950000000256e-01 2.244389772415161133e+00
4.040503639999999952e-01 2.236018419265747070e+00
4.068816900000000181e-01 2.187186956405639648e+00
4.097130709999999842e-01 2.272977352142333984e+00
4.125445090000000037e-01 2.356086254119873047e+00
4.153760029999999936e-01 2.351920843124389648e+00
4.182075530000000096e-01 2.295383214950561523e+00
4.210391589999999962e-01 2.303687572479248047e+00
4.238708219999999804e-01 2.271832466125488281e+00
4.267025409999999908e-01 2.211527824401855469e+00
4.295343160000000271e-01 2.001321315765380859e+00
4.323661469999999785e-01 2.141277313232421875e+00
4.351980349999999831e-01 2.330441713333129883e+00
4.380299790000000137e-01 2.362344980239868164e+00
4.408619790000000149e-01 2.458186388015747070e+00
4.436940349999999866e-01 2.577035427093505859e+00
4.465261480000000116e-01 2.603260278701782227e+00
4.493583170000000071e-01 2.739197015762329102e+00
4.521905419999999731e-01 2.775357246398925781e+00
4.550228230000000207e-01 2.736155271530151367e+00
4.578551610000000105e-01 2.807469844818115234e+00
4.606875550000000263e-01 2.830682754516601562e+00
4.635200050000000127e-01 2.835835933685302734e+00
4.663525110000000251e-01 2.777967214584350586e+00
4.691850739999999798e-01 2.767163038253784180e+00
4.720176919999999887e-01 2.808470726013183594e+00
4.748503669999999954e-01 2.853221178054809570e+00
4.776830989999999999e-01 2.884331226348876953e+00
4.805158860000000032e-01 2.948251247406005859e+00
4.833487300000000042e-01 2.916405916213989258e+00
4.861816299999999758e-01 2.686563014984130859e+00
4.890145859999999733e-01 2.796790122985839844e+00
4.918475979999999970e-01 2.870288372039794922e+00
4.946806670000000183e-01 2.936312913894653320e+00
4.975137920000000102e-01 2.949744462966918945e+00
5.003469729999999727e-01 2.876448869705200195e+00
5.031802100000000166e-01 2.851658344268798828e+00
5.060135040000000028e-01 2.931231260299682617e+00
5.088468539999999596e-01 2.954872608184814453e+00
5.116802599999999979e-01 2.977103710174560547e+00
5.145137220000000067e-01 2.923321247100830078e+00
5.173472409999999577e-01 2.754905462265014648e+00
5.201808159999999903e-01 2.885656118392944336e+00
5.230144469999999934e-01 3.014683723449707031e+00
5.258481339999999671e-01 3.010989189147949219e+00
5.286818779999999940e-01 3.048624038696289062e+00
5.315156779999999914e-01 3.149743795394897461e+00
5.343495339999999594e-01 3.149813890457153320e+00
5.371834460000000089e-01 3.186371803283691406e+00
5.400174150000000006e-01 3.128624200820922852e+00
5.428514389999999912e-01 3.143409252166748047e+00
5.456855200000000350e-01 3.193449020385742188e+00
5.485196580000000210e-01 3.214076042175292969e+00
5.513538510000000059e-01 3.242970943450927734e+00
5.541881010000000440e-01 3.270564794540405273e+00
5.570224070000000527e-01 3.243700504302978516e+00
5.598567690000000319e-01 3.183802604675292969e+00
5.626911869999999816e-01 3.240514278411865234e+00
5.655256619999999845e-01 3.223234415054321289e+00
5.683601929999999580e-01 3.199994564056396484e+00
5.711947800000000131e-01 3.166884660720825195e+00
5.740294230000000386e-01 3.212752819061279297e+00
5.768641230000000064e-01 3.176724672317504883e+00
5.796988789999999447e-01 3.190431356430053711e+00
5.825336909999999646e-01 3.258411407470703125e+00
5.853685589999999550e-01 3.214336395263671875e+00
5.882034839999999987e-01 2.995765924453735352e+00
5.910384650000000129e-01 2.866602659225463867e+00
5.938735019999999976e-01 2.907352447509765625e+00
5.967085949999999528e-01 2.884459257125854492e+00
5.995437449999999613e-01 2.849683284759521484e+00
6.023789510000000513e-01 2.800973653793334961e+00
6.052142130000000009e-01 2.805460453033447266e+00
6.080495310000000320e-01 2.763202428817749023e+00
6.108849060000000053e-01 2.635332345962524414e+00
6.137203359999999774e-01 2.578467607498168945e+00
6.165558230000000028e-01 2.560362100601196289e+00
6.193913669999999705e-01 2.633406400680541992e+00
6.222269660000000480e-01 2.620428800582885742e+00
6.250626219999999567e-01 2.543891906738281250e+00
6.278983339999999469e-01 2.483979701995849609e+00
6.307341020000000187e-01 2.459734678268432617e+00
6.335699259999999500e-01 2.484698772430419922e+00
6.364058070000000455e-01 2.512042522430419922e+00
6.392417440000000006e-01 2.520657539367675781e+00
6.420777370000000372e-01 2.488463640213012695e+00
6.449137860000000444e-01 2.455644845962524414e+00
6.477498919999999938e-01 2.338207721710205078e+00
6.505860540000000247e-01 2.321789503097534180e+00
6.534222720000000262e-01 2.312903642654418945e+00
6.562585459999999982e-01 2.120515346527099609e+00
6.590948770000000234e-01 2.216406106948852539e+00
6.619312640000000192e-01 2.274294853210449219e+00
6.647677069999999855e-01 2.248764038085937500e+00
6.676042060000000333e-01 2.234079599380493164e+00
6.704407620000000234e-01 2.208910942077636719e+00
6.732773739999999840e-01 2.183062314987182617e+00
6.761140420000000262e-01 2.162828445434570312e+00
6.789507660000000389e-01 2.155954360961914062e+00
6.817875469999999938e-01 2.120649576187133789e+00
6.846243829999999475e-01 2.042715072631835938e+00
6.874612759999999545e-01 1.714471697807312012e+00
6.902982260000000148e-01 1.724921345710754395e+00
6.931352309999999628e-01 1.750959873199462891e+00
6.959722929999999641e-01 1.754769325256347656e+00
6.988094110000000470e-01 1.734867691993713379e+00
7.016465849999999893e-01 1.630808591842651367e+00
7.044838150000000132e-01 1.623363494873046875e+00
7.073211019999999793e-01 1.582250356674194336e+00
7.101584450000000270e-01 1.513986945152282715e+00
7.129958440000000452e-01 1.416459918022155762e+00
7.158332990000000340e-01 1.199423313140869141e+00
7.186708109999999650e-01 8.707797527313232422e-01
7.215083789999999775e-01 8.893666267395019531e-01
7.243460029999999605e-01 8.173342347145080566e-01
7.271836830000000251e-01 7.331207990646362305e-01
7.300214200000000320e-01 6.854608058929443359e-01
7.328592130000000093e-01 7.014883160591125488e-01
7.356970619999999572e-01 6.925121545791625977e-01
7.385349669999999866e-01 6.758279800415039062e-01
7.413729289999999583e-01 6.741967797279357910e-01
7.442109470000000115e-01 6.877388954162597656e-01
7.470490210000000353e-01 6.831917762756347656e-01
7.498871510000000296e-01 6.720816493034362793e-01
7.527253379999999661e-01 6.629810929298400879e-01
7.555635800000000124e-01 6.564106345176696777e-01
7.584018790000000010e-01 5.354853868484497070e-01
7.612402350000000428e-01 2.537329196929931641e-01
7.640786459999999725e-01 3.077690899372100830e-01
7.669171139999999554e-01 4.945306181907653809e-01
7.697556380000000198e-01 5.999754667282104492e-01
7.725942180000000548e-01 6.221027970314025879e-01
7.754328539999999492e-01 6.225695013999938965e-01
7.782715470000000080e-01 6.209967136383056641e-01
7.811102960000000373e-01 6.216487884521484375e-01
7.839491010000000371e-01 6.252665519714355469e-01
7.867879620000000074e-01 6.131280064582824707e-01
7.896268800000000310e-01 5.962859988212585449e-01
7.924658540000000251e-01 5.979156494140625000e-01
7.953048839999999897e-01 5.996026992797851562e-01
7.981439700000000359e-01 6.057521700859069824e-01
8.009831130000000243e-01 5.956056118011474609e-01
8.038223119999999833e-01 6.008218526840209961e-01
8.066615670000000238e-01 6.143436431884765625e-01
8.095008780000000348e-01 5.900482535362243652e-01
8.123402459999999881e-01 5.231385231018066406e-01
8.151796700000000229e-01 4.285798966884613037e-01
8.180191500000000282e-01 4.094585776329040527e-01
8.208586860000000041e-01 4.318661391735076904e-01
8.236982790000000332e-01 4.009567201137542725e-01
8.265379269999999501e-01 4.161773025989532471e-01
8.293776320000000313e-01 3.721199631690979004e-01
8.322173940000000547e-01 3.615574240684509277e-01
8.350572109999999659e-01 3.675642609596252441e-01
8.378970850000000414e-01 3.711792230606079102e-01
8.407370149999999764e-01 3.733740746974945068e-01
8.435770009999999930e-01 3.753195405006408691e-01
8.464170429999999801e-01 3.657834231853485107e-01
8.492571420000000204e-01 3.510720431804656982e-01
8.520972970000000313e-01 3.373098075389862061e-01
8.549375080000000127e-01 3.199852705001831055e-01
8.577777749999999646e-01 3.403354287147521973e-01
8.606180989999999698e-01 3.360267281532287598e-01
8.634584789999999455e-01 3.266564309597015381e-01
8.662989150000000027e-01 3.009659349918365479e-01
8.691394070000000305e-01 3.068030774593353271e-01
8.719799560000000005e-01 3.053984344005584717e-01
8.748205610000000521e-01 2.996942698955535889e-01
8.776612219999999631e-01 2.929534018039703369e-01
8.805019389999999557e-01 2.852665185928344727e-01
8.833427130000000016e-01 2.812687456607818604e-01
8.861835430000000180e-01 2.649735808372497559e-01
8.890244290000000049e-01 2.635322511196136475e-01
8.918653709999999624e-01 2.470152527093887329e-01
8.947063699999999731e-01 2.118149250745773315e-01
8.975474239999999826e-01 1.674683839082717896e-01
9.003885350000000454e-01 1.520559191703796387e-01
9.032297030000000504e-01 1.783817708492279053e-01
9.060709260000000542e-01 1.741934567689895630e-01
9.089122060000000003e-01 1.427777260541915894e-01
9.117535420000000279e-01 1.435852646827697754e-01
9.145949340000000261e-01 1.310048848390579224e-01
9.174363819999999947e-01 1.319545358419418335e-01
9.202778870000000166e-01 1.529366523027420044e-01
9.231194480000000091e-01 1.459518373012542725e-01
9.259610649999999721e-01 1.312427073717117310e-01
9.288027380000000166e-01 9.511121362447738647e-02
9.316444680000000034e-01 5.344066023826599121e-02
9.344862539999999607e-01 2.889867685735225677e-02
9.373280959999999995e-01 3.233257308602333069e-02
9.401699940000000089e-01 5.030367523431777954e-02
9.430119489999999605e-01 4.182475432753562927e-02
9.458539599999999936e-01 3.797020018100738525e-02
9.486960269999999973e-01 4.272781684994697571e-02
9.515381499999999715e-01 4.267681762576103210e-02
9.543803299999999989e-01 4.618582502007484436e-02
9.572225659999999969e-01 4.942844435572624207e-02
9.600648579999999654e-01 5.026027932763099670e-02
9.629072060000000155e-01 5.968480557203292847e-02
9.657496110000000078e-01 6.941585987806320190e-02
9.685920709999999989e-01 8.974106609821319580e-02
9.714345880000000433e-01 9.181341528892517090e-02
9.742771620000000299e-01 7.677356153726577759e-02
9.771197910000000153e-01 8.524454385042190552e-02
9.799624770000000540e-01 9.198477864265441895e-02
9.828052189999999522e-01 9.930701553821563721e-02
9.856480170000000429e-01 1.065161526203155518e-01
9.884908709999999932e-01 1.125613152980804443e-01
9.913337819999999967e-01 1.110422611236572266e-01
9.941767489999999707e-01 1.129154860973358154e-01
9.970197720000000263e-01 1.122496798634529114e-01
9.998628510000000524e-01 1.056742966175079346e-01
1.002705986999999910e+00 1.125871464610099792e-01
1.005549178999999960e+00 1.015252918004989624e-01
1.008392426999999980e+00 1.128854006528854370e-01
1.011235730999999971e+00 1.111104488372802734e-01
1.014079092000000015e+00 1.087255626916885376e-01
1.016922509000000030e+00 1.098141148686408997e-01
1.019765982000000015e+00 1.108018457889556885e-01
1.022609510999999971e+00 1.084219515323638916e-01
1.025453096999999980e+00 1.070245876908302307e-01
1.028296738999999960e+00 1.083694174885749817e-01
1.031140436999999910e+00 1.127242818474769592e-01
1.033984191000000052e+00 1.174324229359626770e-01
1.036828002000000026e+00 1.100228056311607361e-01
1.039671868000000110e+00 1.207722499966621399e-01
1.042515791000000025e+00 1.113753542304039001e-01
1.045359770999999993e+00 1.131245568394660950e-01
