3.615872339999999796e-01 1.327690958976745605e+00
3.644177160000000026e-01 1.431497931480407715e+00
3.672482539999999962e-01 1.602547645568847656e+00
3.700788480000000158e-01 1.575652241706848145e+00
3.729094980000000059e-01 1.425187230110168457e+00
3.757402049999999938e-01 1.536239862442016602e+00
3.785709680000000077e-01 1.642549872398376465e+00
3.814017869999999921e-01 1.431360006332397461e+00
3.842326620000000026e-01 1.307842612266540527e+00
3.870635940000000108e-01 1.413545370101928711e+00
3.898945819999999896e-01 1.599550724029541016e+00
3.927256259999999943e-01 1.401340961456298828e+00
3.955567260000000251e-01 1.454709291458129883e+00
3.983878829999999982e-01 1.843474149703979492e+00
4.012190950000000256e-01 2.273334503173828125e+00
4.040503639999999952e-01 2.260683059692382812e+00
4.068816900000000181e-01 2.240238428115844727e+00
4.097130709999999842e-01 2.252306699752807617e+00
4.125445090000000037e-01 2.390627622604370117e+00
4.153760029999999936e-01 2.388927221298217773e+00
4.182075530000000096e-01 2.314220905303955078e+00
4.210391589999999962e-01 2.347750663757324219e+00
4.238708219999999804e-01 2.302731513977050781e+00
4.267025409999999908e-01 2.236036539077758789e+00
4.295343160000000271e-01 2.040776252746582031e+00
4.323661469999999785e-01 2.167542219161987305e+00
4.351980349999999831e-01 2.374781608581542969e+00
4.380299790000000137e-01 2.414725780487060547e+00
4.408619790000000149e-01 2.475814104080200195e+00
4.436940349999999866e-01 2.627497911453247070e+00
4.465261480000000116e-01 2.644564151763916016e+00
4.493583170000000071e-01 2.803057193756103516e+00
4.521905419999999731e-01 2.814565896987915039e+00
4.550228230000000207e-01 2.791047573089599609e+00
4.578551610000000105e-01 2.854048490524291992e+00
4.606875550000000263e-01 2.871080160140991211e+00
4.635200050000000127e-01 2.895078659057617188e+00
4.663525110000000251e-01 2.842898130416870117e+00
4.691850739999999798e-01 2.842336654663085938e+00
4.720176919999999887e-01 2.881446838378906250e+00
4.748503669999999954e-01 2.914672613143920898e+00
4.776830989999999999e-01 2.936355829238891602e+00
4.805158860000000032e-01 3.012805700302124023e+00
4.833487300000000042e-01 2.978392124176025391e+00
4.861816299999999758e-01 2.752694129943847656e+00
4.890145859999999733e-01 2.867713451385498047e+00
4.918475979999999970e-01 2.945286750793457031e+00
4.946806670000000183e-01 2.994601249694824219e+00
4.975137920000000102e-01 3.018658161163330078e+00
5.003469729999999727e-01 2.941673278808593750e+00
5.031802100000000166e-01 2.919335126876831055e+00
5.060135040000000028e-01 3.019957542419433594e+00
5.088468539999999596e-01 3.008741617202758789e+00
5.116802599999999979e-01 3.052573919296264648e+00
5.145137220000000067e-01 2.976858377456665039e+00
5.173472409999999577e-01 2.821083545684814453e+00
5.201808159999999903e-01 2.950207948684692383e+00
5.230144469999999934e-01 3.080689430236816406e+00
5.258481339999999671e-01 3.086635112762451172e+00
5.286818779999999940e-01 3.121686220169067383e+00
5.315156779999999914e-01 3.236303567886352539e+00
5.343495339999999594e-01 3.222410440444946289e+00
5.371834460000000089e-01 3.261916399002075195e+00
5.400174150000000006e-01 3.199498176574707031e+00
5.428514389999999912e-01 3.215325832366943359e+00
5.456855200000000350e-01 3.282236576080322266e+00
5.485196580000000210e-01 3.295472383499145508e+00
5.513538510000000059e-01 3.337437152862548828e+00
5.541881010000000440e-01 3.356433391571044922e+00
5.570224070000000527e-01 3.318533658981323242e+00
5.598567690000000319e-01 3.273092508316040039e+00
5.626911869999999816e-01 3.320508956909179688e+00
5.655256619999999845e-01 3.324568748474121094e+00
5.683601929999999580e-01 3.282308578491210938e+00
5.711947800000000131e-01 3.253245353698730469e+00
5.740294230000000386e-01 3.299292802810668945e+00
5.768641230000000064e-01 3.276677370071411133e+00
5.796988789999999447e-01 3.293962001800537109e+00
5.825336909999999646e-01 3.359804153442382812e+00
5.853685589999999550e-01 3.316766500473022461e+00
5.882034839999999987e-01 3.106530427932739258e+00
5.910384650000000129e-01 2.964759588241577148e+00
5.938735019999999976e-01 3.026983022689819336e+00
5.967085949999999528e-01 3.016164541244506836e+00
5.995437449999999613e-01 2.986945629119873047e+00
6.023789510000000513e-01 2.957988023757934570e+00
6.052142130000000009e-01 2.969394922256469727e+00
6.080495310000000320e-01 2.920401096343994141e+00
6.108849060000000053e-01 2.832322835922241211e+00
6.137203359999999774e-01 2.731077909469604492e+00
6.165558230000000028e-01 2.728568077087402344e+00
6.193913669999999705e-01 2.802104711532592773e+00
6.222269660000000480e-01 2.793378353118896484e+00
6.250626219999999567e-01 2.723919868469238281e+00
6.278983339999999469e-01 2.652107000350952148e+00
6.307341020000000187e-01 2.632731437683105469e+00
6.335699259999999500e-01 2.662583351135253906e+00
6.364058070000000455e-01 2.700091361999511719e+00
6.392417440000000006e-01 2.707444190979003906e+00
6.420777370000000372e-01 2.671113967895507812e+00
6.449137860000000444e-01 2.641515731811523438e+00
6.477498919999999938e-01 2.513978004455566406e+00
6.505860540000000247e-01 2.510211944580078125e+00
6.534222720000000262e-01 2.508912563323974609e+00
6.562585459999999982e-01 2.301005125045776367e+00
6.590948770000000234e-01 2.411346912384033203e+00
6.619312640000000192e-01 2.476931571960449219e+00
6.647677069999999855e-01 2.463622570037841797e+00
6.676042060000000333e-01 2.445462465286254883e+00
6.704407620000000234e-01 2.411975145339965820e+00
6.732773739999999840e-01 2.392259120941162109e+00
6.761140420000000262e-01 2.384637355804443359e+00
6.789507660000000389e-01 2.372368574142456055e+00
6.817875469999999938e-01 2.341405153274536133e+00
6.846243829999999475e-01 2.254797458648681641e+00
6.874612759999999545e-01 1.898330926895141602e+00
6.902982260000000148e-01 1.915413022041320801e+00
6.931352309999999628e-01 1.957149624824523926e+00
6.959722929999999641e-01 1.968027710914611816e+00
6.988094110000000470e-01 1.960416078567504883e+00
7.016465849999999893e-01 1.849532604217529297e+00
7.044838150000000132e-01 1.854318618774414062e+00
7.073211019999999793e-01 1.834517598152160645e+00
7.101584450000000270e-01 1.760527133941650391e+00
7.129958440000000452e-01 1.662533760070800781e+00
7.158332990000000340e-01 1.418560624122619629e+00
7.186708109999999650e-01 1.028975009918212891e+00
7.215083789999999775e-01 1.061017394065856934e+00
7.243460029999999605e-01 9.693319797515869141e-01
7.271836830000000251e-01 8.840172290802001953e-01
7.300214200000000320e-01 8.312886953353881836e-01
7.328592130000000093e-01 8.574223518371582031e-01
7.356970619999999572e-01 8.448879718780517578e-01
7.385349669999999866e-01 8.264076113700866699e-01
7.413729289999999583e-01 8.298819065093994141e-01
7.442109470000000115e-01 8.381292819976806641e-01
7.470490210000000353e-01 8.382151126861572266e-01
7.498871510000000296e-01 8.216373324394226074e-01
7.527253379999999661e-01 8.184960484504699707e-01
7.555635800000000124e-01 8.115552067756652832e-01
7.584018790000000010e-01 6.644642353057861328e-01
7.612402350000000428e-01 3.079937994480133057e-01
7.640786459999999725e-01 3.743752539157867432e-01
7.669171139999999554e-01 6.018065214157104492e-01
7.697556380000000198e-01 7.383276224136352539e-01
7.725942180000000548e-01 7.691452503204345703e-01
7.754328539999999492e-01 7.720303535461425781e-01
7.782715470000000080e-01 7.746664881706237793e-01
7.811102960000000373e-01 7.732979059219360352e-01
7.839491010000000371e-01 7.770619988441467285e-01
7.867879620000000074e-01 7.630637288093566895e-01
7.896268800000000310e-01 7.332530617713928223e-01
7.924658540000000251e-01 7.406724095344543457e-01
7.953048839999999897e-01 7.517989873886108398e-01
7.981439700000000359e-01 7.584517002105712891e-01
8.009831130000000243e-01 7.517050504684448242e-01
8.038223119999999833e-01 7.534077167510986328e-01
8.066615670000000238e-01 7.751150727272033691e-01
8.095008780000000348e-01 7.437893152236938477e-01
8.123402459999999881e-01 6.599475145339965820e-01
8.151796700000000229e-01 5.360350608825683594e-01
8.180191500000000282e-01 5.128067731857299805e-01
8.208586860000000041e-01 5.455778837203979492e-01
8.236982790000000332e-01 5.077104568481445312e-01
8.265379269999999501e-01 5.256345272064208984e-01
8.293776320000000313e-01 4.627523422241210938e-01
8.322173940000000547e-01 4.515039324760437012e-01
8.350572109999999659e-01 4.542227685451507568e-01
8.378970850000000414e-01 4.696728289127349854e-01
8.407370149999999764e-01 4.650730788707733154e-01
8.435770009999999930e-01 4.600159525871276855e-01
8.464170429999999801e-01 4.616040587425231934e-01
8.492571420000000204e-01 4.339373111724853516e-01
8.520972970000000313e-01 4.174416959285736084e-01
8.549375080000000127e-01 3.912441730499267578e-01
8.577777749999999646e-01 4.175799489021301270e-01
8.606180989999999698e-01 4.121095240116119385e-01
8.634584789999999455e-01 4.048059284687042236e-01
8.662989150000000027e-01 3.712543845176696777e-01
8.691394070000000305e-01 3.796467185020446777e-01
8.719799560000000005e-01 3.831155300140380859e-01
8.748205610000000521e-01 3.686174154281616211e-01
8.776612219999999631e-01 3.609783649444580078e-01
8.805019389999999557e-01 3.445969820022583008e-01
8.833427130000000016e-01 3.337259888648986816e-01
8.861835430000000180e-01 3.297945857048034668e-01
8.890244290000000049e-01 3.200252056121826172e-01
8.918653709999999624e-01 3.049959540367126465e-01
8.947063699999999731e-01 2.563381493091583252e-01
8.975474239999999826e-01 2.047046869993209839e-01
9.003885350000000454e-01 1.838749051094055176e-01
9.032297030000000504e-01 2.110749334096908569e-01
9.060709260000000542e-01 2.124828994274139404e-01
9.089122060000000003e-01 1.724441945552825928e-01
9.117535420000000279e-01 1.717466413974761963e-01
9.145949340000000261e-01 1.605357527732849121e-01
9.174363819999999947e-01 1.551937907934188843e-01
9.202778870000000166e-01 1.826368868350982666e-01
9.231194480000000091e-01 1.747413426637649536e-01
9.259610649999999721e-01 1.552216559648513794e-01
9.288027380000000166e-01 1.105209141969680786e-01
9.316444680000000034e-01 5.641482025384902954e-02
9.344862539999999607e-01 3.134398162364959717e-02
9.373280959999999995e-01 3.631738200783729553e-02
9.401699940000000089e-01 5.421006307005882263e-02
9.430119489999999605e-01 4.795590043067932129e-02
9.458539599999999936e-01 4.559633508324623108e-02
9.486960269999999973e-01 4.817644879221916199e-02
9.515381499999999715e-01 4.578339681029319763e-02
9.543803299999999989e-01 4.724838212132453918e-02
9.572225659999999969e-01 5.428053811192512512e-02
9.600648579999999654e-01 6.203602626919746399e-02
9.629072060000000155e-01 6.875521689653396606e-02
9.657496110000000078e-01 7.373648881912231445e-02
9.685920709999999989e-01 1.021122708916664124e-01
9.714345880000000433e-01 1.036009714007377625e-01
9.742771620000000299e-01 9.034322947263717651e-02
9.771197910000000153e-01 9.756386280059814453e-02
9.799624770000000540e-01 1.008548736572265625e-01
9.828052189999999522e-01 1.109876632690429688e-01
9.856480170000000429e-01 1.183880195021629333e-01
9.884908709999999932e-01 1.253384947776794434e-01
9.913337819999999967e-01 1.306552886962890625e-01
9.941767489999999707e-01 1.327565312385559082e-01
9.970197720000000263e-01 1.308468580245971680e-01
9.998628510000000524e-01 1.275907307863235474e-01
1.002705986999999910e+00 1.260903924703598022e-01
1.005549178999999960e+00 1.283227950334548950e-01
1.008392426999999980e+00 1.216505765914916992e-01
1.011235730999999971e+00 1.219557896256446838e-01
1.014079092000000015e+00 1.273994892835617065e-01
1.016922509000000030e+00 1.264442950487136841e-01
1.019765982000000015e+00 1.308933496475219727e-01
1.022609510999999971e+00 1.306370049715042114e-01
1.025453096999999980e+00 1.244655027985572815e-01
1.028296738999999960e+00 1.302806437015533447e-01
1.031140436999999910e+00 1.294921934604644775e-01
1.033984191000000052e+00 1.241776198148727417e-01
1.036828002000000026e+00 1.255451589822769165e-01
1.039671868000000110e+00 1.263050734996795654e-01
1.042515791000000025e+00 1.357256323099136353e-01
1.045359770999999993e+00 1.330920308828353882e-01
