3.615872339999999796e-01 1.239524722099304199e+00
3.644177160000000026e-01 1.459091782569885254e+00
3.672482539999999962e-01 1.578289866447448730e+00
3.700788480000000158e-01 1.596914768218994141e+00
3.729094980000000059e-01 1.415550589561462402e+00
3.757402049999999938e-01 1.493514776229858398e+00
3.785709680000000077e-01 1.631096601486206055e+00
3.814017869999999921e-01 1.421509385108947754e+00
3.842326620000000026e-01 1.276436448097229004e+00
3.870635940000000108e-01 1.434319972991943359e+00
3.898945819999999896e-01 1.611205935478210449e+00
3.927256259999999943e-01 1.419456005096435547e+00
3.955567260000000251e-01 1.433518886566162109e+00
3.983878829999999982e-01 1.837994933128356934e+00
4.012190950000000256e-01 2.272949934005737305e+00
4.040503639999999952e-01 2.275023698806762695e+00
4.068816900000000181e-01 2.240445852279663086e+00
4.097130709999999842e-01 2.290545463562011719e+00
4.125445090000000037e-01 2.364572763442993164e+00
4.153760029999999936e-01 2.418646812438964844e+00
4.182075530000000096e-01 2.319874048233032227e+00
4.210391589999999962e-01 2.366065502166748047e+00
4.238708219999999804e-01 2.319914340972900391e+00
4.267025409999999908e-01 2.264141082763671875e+00
4.295343160000000271e-01 2.066469669342041016e+00
4.323661469999999785e-01 2.194243907928466797e+00
4.351980349999999831e-01 2.409930229187011719e+00
4.380299790000000137e-01 2.438120126724243164e+00
4.408619790000000149e-01 2.528928756713867188e+00
4.436940349999999866e-01 2.643761396408081055e+00
4.465261480000000116e-01 2.685718774795532227e+00
4.493583170000000071e-01 2.854831695556640625e+00
4.521905419999999731e-01 2.864727020263671875e+00
4.550228230000000207e-01 2.836563348770141602e+00
4.578551610000000105e-01 2.907253742218017578e+00
4.606875550000000263e-01 2.912970542907714844e+00
4.635200050000000127e-01 2.962111473083496094e+00
4.663525110000000251e-01 2.898975849151611328e+00
4.691850739999999798e-01 2.892681837081909180e+00
4.720176919999999887e-01 2.939363479614257812e+00
4.748503669999999954e-01 2.979705095291137695e+00
4.776830989999999999e-01 3.014927625656127930e+00
4.805158860000000032e-01 3.074730634689331055e+00
4.833487300000000042e-01 3.042474508285522461e+00
4.861816299999999758e-01 2.811423063278198242e+00
4.890145859999999733e-01 2.934343576431274414e+00
4.918475979999999970e-01 3.016717433929443359e+00
4.946806670000000183e-01 3.069179296493530273e+00
4.975137920000000102e-01 3.089486837387084961e+00
5.003469729999999727e-01 3.020979404449462891e+00
5.031802100000000166e-01 3.000622987747192383e+00
5.060135040000000028e-01 3.088055610656738281e+00
5.088468539999999596e-01 3.101302862167358398e+00
5.116802599999999979e-01 3.153456449508666992e+00
5.145137220000000067e-01 3.079223632812500000e+00
5.173472409999999577e-01 2.912857055664062500e+00
5.201808159999999903e-01 3.045113563537597656e+00
5.230144469999999934e-01 3.177704572677612305e+00
5.258481339999999671e-01 3.186493396759033203e+00
5.286818779999999940e-01 3.230249881744384766e+00
5.315156779999999914e-01 3.354313373565673828e+00
5.343495339999999594e-01 3.334983110427856445e+00
5.371834460000000089e-01 3.388658046722412109e+00
5.400174150000000006e-01 3.316454410552978516e+00
5.428514389999999912e-01 3.342359066009521484e+00
5.456855200000000350e-01 3.399548053741455078e+00
5.485196580000000210e-01 3.406805276870727539e+00
5.513538510000000059e-01 3.447928428649902344e+00
5.541881010000000440e-01 3.474356889724731445e+00
5.570224070000000527e-01 3.447192192077636719e+00
5.598567690000000319e-01 3.400859832763671875e+00
5.626911869999999816e-01 3.440313816070556641e+00
5.655256619999999845e-01 3.446604490280151367e+00
5.683601929999999580e-01 3.406464576721191406e+00
5.711947800000000131e-01 3.374714851379394531e+00
5.740294230000000386e-01 3.418838024139404297e+00
5.768641230000000064e-01 3.404313325881958008e+00
5.796988789999999447e-01 3.418051719665527344e+00
5.825336909999999646e-01 3.494108915328979492e+00
5.853685589999999550e-01 3.455824851989746094e+00
5.882034839999999987e-01 3.231426239013671875e+00
5.910384650000000129e-01 3.106783628463745117e+00
5.938735019999999976e-01 3.161369800567626953e+00
5.967085949999999528e-01 3.158081531524658203e+00
5.995437449999999613e-01 3.134798526763916016e+00
6.023789510000000513e-01 3.105701923370361328e+00
6.052142130000000009e-01 3.119042873382568359e+00
6.080495310000000320e-01 3.073855161666870117e+00
6.108849060000000053e-01 2.953022480010986328e+00
6.137203359999999774e-01 2.908358812332153320e+00
6.165558230000000028e-01 2.877849102020263672e+00
6.193913669999999705e-01 2.948889970779418945e+00
6.222269660000000480e-01 2.940372228622436523e+00
6.250626219999999567e-01 2.877029895782470703e+00
6.278983339999999469e-01 2.797833919525146484e+00
6.307341020000000187e-01 2.777849197387695312e+00
6.335699259999999500e-01 2.814709186553955078e+00
6.364058070000000455e-01 2.851360082626342773e+00
6.392417440000000006e-01 2.861732244491577148e+00
6.420777370000000372e-01 2.827220201492309570e+00
6.449137860000000444e-01 2.782601118087768555e+00
6.477498919999999938e-01 2.661617994308471680e+00
6.505860540000000247e-01 2.653539657592773438e+00
6.534222720000000262e-01 2.645702838897705078e+00
6.562585459999999982e-01 2.439298152923583984e+00
6.590948770000000234e-01 2.559621572494506836e+00
6.619312640000000192e-01 2.624648571014404297e+00
6.647677069999999855e-01 2.603120326995849609e+00
6.676042060000000333e-01 2.588348388671875000e+00
6.704407620000000234e-01 2.564811706542968750e+00
6.732773739999999840e-01 2.537603855133056641e+00
6.761140420000000262e-01 2.528099298477172852e+00
6.789507660000000389e-01 2.510178804397583008e+00
6.817875469999999938e-01 2.497506618499755859e+00
6.846243829999999475e-01 2.399698734283447266e+00
6.874612759999999545e-01 2.015332460403442383e+00
6.902982260000000148e-01 2.042188167572021484e+00
6.931352309999999628e-01 2.085988283157348633e+00
6.959722929999999641e-01 2.107306718826293945e+00
6.988094110000000470e-01 2.092511653900146484e+00
7.016465849999999893e-01 1.984906196594238281e+00
7.044838150000000132e-01 1.994518280029296875e+00
7.073211019999999793e-01 1.964447617530822754e+00
7.101584450000000270e-01 1.899484276771545410e+00
7.129958440000000452e-01 1.791484475135803223e+00
7.158332990000000340e-01 1.528719425201416016e+00
7.186708109999999650e-01 1.123299360275268555e+00
7.215083789999999775e-01 1.152814269065856934e+00
7.243460029999999605e-01 1.066273331642150879e+00
7.271836830000000251e-01 9.710288047790527344e-01
7.300214200000000320e-01 9.116218686103820801e-01
7.328592130000000093e-01 9.320151805877685547e-01
7.356970619999999572e-01 9.366617202758789062e-01
7.385349669999999866e-01 9.119883179664611816e-01
7.413729289999999583e-01 9.125632643699645996e-01
7.442109470000000115e-01 9.279800653457641602e-01
7.470490210000000353e-01 9.236081242561340332e-01
7.498871510000000296e-01 9.133966565132141113e-01
7.527253379999999661e-01 9.052882790565490723e-01
7.555635800000000124e-01 8.975511193275451660e-01
7.584018790000000010e-01 7.285809516906738281e-01
7.612402350000000428e-01 3.438932299613952637e-01
7.640786459999999725e-01 4.130072295665740967e-01
7.669171139999999554e-01 6.705152392387390137e-01
7.697556380000000198e-01 8.213807940483093262e-01
7.725942180000000548e-01 8.566819429397583008e-01
7.754328539999999492e-01 8.564506769180297852e-01
7.782715470000000080e-01 8.615661263465881348e-01
7.811102960000000373e-01 8.583208918571472168e-01
7.839491010000000371e-01 8.631188869476318359e-01
7.867879620000000074e-01 8.589749932289123535e-01
7.896268800000000310e-01 8.261587023735046387e-01
7.924658540000000251e-01 8.259354233741760254e-01
7.953048839999999897e-01 8.411777615547180176e-01
7.981439700000000359e-01 8.503746986389160156e-01
8.009831130000000243e-01 8.364601731300354004e-01
8.038223119999999833e-01 8.428365588188171387e-01
8.066615670000000238e-01 8.633521199226379395e-01
8.095008780000000348e-01 8.215752243995666504e-01
8.123402459999999881e-01 7.330945134162902832e-01
8.151796700000000229e-01 6.016925573348999023e-01
8.180191500000000282e-01 5.680926442146301270e-01
8.208586860000000041e-01 6.092219352722167969e-01
8.236982790000000332e-01 5.599803924560546875e-01
8.265379269999999501e-01 5.808339118957519531e-01
8.293776320000000313e-01 5.180551409721374512e-01
8.322173940000000547e-01 4.944926798343658447e-01
8.350572109999999659e-01 5.047422051429748535e-01
8.378970850000000414e-01 5.137358903884887695e-01
8.407370149999999764e-01 5.159799456596374512e-01
8.435770009999999930e-01 5.165157914161682129e-01
8.464170429999999801e-01 5.153725147247314453e-01
8.492571420000000204e-01 4.869701266288757324e-01
8.520972970000000313e-01 4.644804298877716064e-01
8.549375080000000127e-01 4.393295347690582275e-01
8.577777749999999646e-01 4.717074930667877197e-01
8.606180989999999698e-01 4.567854702472686768e-01
8.634584789999999455e-01 4.520983099937438965e-01
8.662989150000000027e-01 4.154119193553924561e-01
8.691394070000000305e-01 4.285568296909332275e-01
8.719799560000000005e-01 4.253334105014801025e-01
8.748205610000000521e-01 4.151256084442138672e-01
8.776612219999999631e-01 4.005910754203796387e-01
8.805019389999999557e-01 3.888026177883148193e-01
8.833427130000000016e-01 3.819680809974670410e-01
8.861835430000000180e-01 3.648935556411743164e-01
8.890244290000000049e-01 3.597654998302459717e-01
8.918653709999999624e-01 3.389360606670379639e-01
8.947063699999999731e-01 2.872560620307922363e-01
8.975474239999999826e-01 2.323666960000991821e-01
9.003885350000000454e-01 2.066842019557952881e-01
9.032297030000000504e-01 2.333606183528900146e-01
9.060709260000000542e-01 2.397940009832382202e-01
9.089122060000000003e-01 1.912605762481689453e-01
9.117535420000000279e-01 1.891655176877975464e-01
9.145949340000000261e-01 1.758719980716705322e-01
9.174363819999999947e-01 1.774349808692932129e-01
9.202778870000000166e-01 2.033888995647430420e-01
9.231194480000000091e-01 1.923307627439498901e-01
9.259610649999999721e-01 1.758497059345245361e-01
9.288027380000000166e-01 1.237576752901077271e-01
9.316444680000000034e-01 6.568592041730880737e-02
9.344862539999999607e-01 4.149009287357330322e-02
9.373280959999999995e-01 4.324629902839660645e-02
9.401699940000000089e-01 6.761472672224044800e-02
9.430119489999999605e-01 5.671151727437973022e-02
9.458539599999999936e-01 4.791313409805297852e-02
9.486960269999999973e-01 5.829219892621040344e-02
9.515381499999999715e-01 5.681291595101356506e-02
9.543803299999999989e-01 5.659601092338562012e-02
9.572225659999999969e-01 6.024683639407157898e-02
9.600648579999999654e-01 6.310267746448516846e-02
9.629072060000000155e-01 7.499710470438003540e-02
9.657496110000000078e-01 8.146616816520690918e-02
9.685920709999999989e-01 1.097901612520217896e-01
9.714345880000000433e-01 1.169714555144309998e-01
9.742771620000000299e-01 1.004185900092124939e-01
9.771197910000000153e-01 1.065221354365348816e-01
9.799624770000000540e-01 1.141360402107238770e-01
9.828052189999999522e-01 1.274767220020294189e-01
9.856480170000000429e-01 1.352127641439437866e-01
9.884908709999999932e-01 1.420613825321197510e-01
9.913337819999999967e-01 1.408368051052093506e-01
9.941767489999999707e-01 1.421592384576797485e-01
9.970197720000000263e-01 1.455360352993011475e-01
9.998628510000000524e-01 1.419271975755691528e-01
1.002705986999999910e+00 1.385147124528884888e-01
1.005549178999999960e+00 1.341319382190704346e-01
1.008392426999999980e+00 1.386959701776504517e-01
1.011235730999999971e+00 1.395845860242843628e-01
1.014079092000000015e+00 1.421881318092346191e-01
1.016922509000000030e+00 1.456328034400939941e-01
1.019765982000000015e+00 1.422849148511886597e-01
1.022609510999999971e+00 1.481716334819793701e-01
1.025453096999999980e+00 1.428552865982055664e-01
1.028296738999999960e+00 1.401595175266265869e-01
1.031140436999999910e+00 1.462548375129699707e-01
1.033984191000000052e+00 1.498966813087463379e-01
1.036828002000000026e+00 1.550301462411880493e-01
1.039671868000000110e+00 1.398977190256118774e-01
1.042515791000000025e+00 1.497784256935119629e-01
1.045359770999999993e+00 1.613173782825469971e-01
