3.615872339999999796e-01 1.315345406532287598e+00
3.644177160000000026e-01 1.426916003227233887e+00
3.672482539999999962e-01 1.548851370811462402e+00
3.700788480000000158e-01 1.570255994796752930e+00
3.729094980000000059e-01 1.373640418052673340e+00
3.757402049999999938e-01 1.495129108428955078e+00
3.785709680000000077e-01 1.676642537117004395e+00
3.814017869999999921e-01 1.404945015907287598e+00
3.842326620000000026e-01 1.297591924667358398e+00
3.870635940000000108e-01 1.439758658409118652e+00
3.898945819999999896e-01 1.608955502510070801e+00
3.927256259999999943e-01 1.417958498001098633e+00
3.955567260000000251e-01 1.444908976554870605e+00
3.983878829999999982e-01 1.843675374984741211e+00
4.012190950000000256e-01 2.281004667282104492e+00
4.040503639999999952e-01 2.268512964248657227e+00
4.068816900000000181e-01 2.223792076110839844e+00
4.097130709999999842e-01 2.269175291061401367e+00
4.125445090000000037e-01 2.336165904998779297e+00
4.153760029999999936e-01 2.389302968978881836e+00
4.182075530000000096e-01 2.325463294982910156e+00
4.210391589999999962e-01 2.324609756469726562e+00
4.238708219999999804e-01 2.273272275924682617e+00
4.267025409999999908e-01 2.245677709579467773e+00
4.295343160000000271e-01 2.028205156326293945e+00
4.323661469999999785e-01 2.144006013870239258e+00
4.351980349999999831e-01 2.368695259094238281e+00
4.380299790000000137e-01 2.369201660156250000e+00
4.408619790000000149e-01 2.455922126770019531e+00
4.436940349999999866e-01 2.603621959686279297e+00
4.465261480000000116e-01 2.640396118164062500e+00
4.493583170000000071e-01 2.776429653167724609e+00
4.521905419999999731e-01 2.814943075180053711e+00
4.550228230000000207e-01 2.774281263351440430e+00
4.578551610000000105e-01 2.843715429306030273e+00
4.606875550000000263e-01 2.862463235855102539e+00
4.635200050000000127e-01 2.885137796401977539e+00
4.663525110000000251e-01 2.820250272750854492e+00
4.691850739999999798e-01 2.817952871322631836e+00
4.720176919999999887e-01 2.858573913574218750e+00
4.748503669999999954e-01 2.908976078033447266e+00
4.776830989999999999e-01 2.917356491088867188e+00
4.805158860000000032e-01 2.982332944869995117e+00
4.833487300000000042e-01 2.976259469985961914e+00
4.861816299999999758e-01 2.727169990539550781e+00
4.890145859999999733e-01 2.846640348434448242e+00
4.918475979999999970e-01 2.923235416412353516e+00
4.946806670000000183e-01 2.984022378921508789e+00
4.975137920000000102e-01 2.992517232894897461e+00
5.003469729999999727e-01 2.921166658401489258e+00
5.031802100000000166e-01 2.907366991043090820e+00
5.060135040000000028e-01 2.996227502822875977e+00
5.088468539999999596e-01 3.011424541473388672e+00
5.116802599999999979e-01 3.042096376419067383e+00
5.145137220000000067e-01 2.963410377502441406e+00
5.173472409999999577e-01 2.810204267501831055e+00
5.201808159999999903e-01 2.947802066802978516e+00
5.230144469999999934e-01 3.079728364944458008e+00
5.258481339999999671e-01 3.077234983444213867e+00
5.286818779999999940e-01 3.116258382797241211e+00
5.315156779999999914e-01 3.230018138885498047e+00
5.343495339999999594e-01 3.217895269393920898e+00
5.371834460000000089e-01 3.251141548156738281e+00
5.400174150000000006e-01 3.199267387390136719e+00
5.428514389999999912e-01 3.213300704956054688e+00
5.456855200000000350e-01 3.273700714111328125e+00
5.485196580000000210e-01 3.291562318801879883e+00
5.513538510000000059e-01 3.328642129898071289e+00
5.541881010000000440e-01 3.354158163070678711e+00
5.570224070000000527e-01 3.304352760314941406e+00
5.598567690000000319e-01 3.262669324874877930e+00
5.626911869999999816e-01 3.321479558944702148e+00
5.655256619999999845e-01 3.301327943801879883e+00
5.683601929999999580e-01 3.293677091598510742e+00
5.711947800000000131e-01 3.241793632507324219e+00
5.740294230000000386e-01 3.293827295303344727e+00
5.768641230000000064e-01 3.259091854095458984e+00
5.796988789999999447e-01 3.276797056198120117e+00
5.825336909999999646e-01 3.356351137161254883e+00
5.853685589999999550e-01 3.312092542648315430e+00
5.882034839999999987e-01 3.093597888946533203e+00
5.910384650000000129e-01 2.964232683181762695e+00
5.938735019999999976e-01 3.021670579910278320e+00
5.967085949999999528e-01 3.011111497879028320e+00
5.995437449999999613e-01 2.984911680221557617e+00
6.023789510000000513e-01 2.948161602020263672e+00
6.052142130000000009e-01 2.957392215728759766e+00
6.080495310000000320e-01 2.900280952453613281e+00
6.108849060000000053e-01 2.821973085403442383e+00
6.137203359999999774e-01 2.739988088607788086e+00
6.165558230000000028e-01 2.714976310729980469e+00
6.193913669999999705e-01 2.793457269668579102e+00
6.222269660000000480e-01 2.777091503143310547e+00
6.250626219999999567e-01 2.706925630569458008e+00
6.278983339999999469e-01 2.647677659988403320e+00
6.307341020000000187e-01 2.624385118484497070e+00
6.335699259999999500e-01 2.654410123825073242e+00
6.364058070000000455e-01 2.678449630737304688e+00
6.392417440000000006e-01 2.694195508956909180e+00
6.420777370000000372e-01 2.656695365905761719e+00
6.449137860000000444e-01 2.617557048797607422e+00
6.477498919999999938e-01 2.498891830444335938e+00
6.505860540000000247e-01 2.490637540817260742e+00
6.534222720000000262e-01 2.487045049667358398e+00
6.562585459999999982e-01 2.290268421173095703e+00
6.590948770000000234e-01 2.399451255798339844e+00
6.619312640000000192e-01 2.466840267181396484e+00
6.647677069999999855e-01 2.442440271377563477e+00
6.676042060000000333e-01 2.429421186447143555e+00
6.704407620000000234e-01 2.395356893539428711e+00
6.732773739999999840e-01 2.372424602508544922e+00
6.761140420000000262e-01 2.365927934646606445e+00
6.789507660000000389e-01 2.342881917953491211e+00
6.817875469999999938e-01 2.328256368637084961e+00
6.846243829999999475e-01 2.237140417098999023e+00
6.874612759999999545e-01 1.877326488494873047e+00
6.902982260000000148e-01 1.903432965278625488e+00
6.931352309999999628e-01 1.935760736465454102e+00
6.959722929999999641e-01 1.953926563262939453e+00
6.988094110000000470e-01 1.931492328643798828e+00
7.016465849999999893e-01 1.833561420440673828e+00
7.044838150000000132e-01 1.832409858703613281e+00
7.073211019999999793e-01 1.799348831176757812e+00
7.101584450000000270e-01 1.731043457984924316e+00
7.129958440000000452e-01 1.633383750915527344e+00
7.158332990000000340e-01 1.391296148300170898e+00
7.186708109999999650e-01 1.012991428375244141e+00
7.215083789999999775e-01 1.039394974708557129e+00
7.243460029999999605e-01 9.515769481658935547e-01
7.271836830000000251e-01 8.627481460571289062e-01
7.300214200000000320e-01 7.981109619140625000e-01
7.328592130000000093e-01 8.246225714683532715e-01
7.356970619999999572e-01 8.161185979843139648e-01
7.385349669999999866e-01 8.020664453506469727e-01
7.413729289999999583e-01 8.027901053428649902e-01
7.442109470000000115e-01 8.118601441383361816e-01
7.470490210000000353e-01 8.088567852973937988e-01
7.498871510000000296e-01 7.934845685958862305e-01
7.527253379999999661e-01 7.887891530990600586e-01
7.555635800000000124e-01 7.760541439056396484e-01
7.584018790000000010e-01 6.390272974967956543e-01
7.612402350000000428e-01 2.964259684085845947e-01
7.640786459999999725e-01 3.604474961757659912e-01
7.669171139999999554e-01 5.876556038856506348e-01
7.697556380000000198e-01 7.176571488380432129e-01
7.725942180000000548e-01 7.369418740272521973e-01
7.754328539999999492e-01 7.395469546318054199e-01
7.782715470000000080e-01 7.448807954788208008e-01
7.811102960000000373e-01 7.505753040313720703e-01
7.839491010000000371e-01 7.506294846534729004e-01
7.867879620000000074e-01 7.344987392425537109e-01
7.896268800000000310e-01 7.180702686309814453e-01
7.924658540000000251e-01 7.092656493186950684e-01
7.953048839999999897e-01 7.233951687812805176e-01
7.981439700000000359e-01 7.365121245384216309e-01
8.009831130000000243e-01 7.256106734275817871e-01
8.038223119999999833e-01 7.330047488212585449e-01
8.066615670000000238e-01 7.487245798110961914e-01
8.095008780000000348e-01 7.131789922714233398e-01
8.123402459999999881e-01 6.413496732711791992e-01
8.151796700000000229e-01 5.187744498252868652e-01
8.180191500000000282e-01 4.948693513870239258e-01
8.208586860000000041e-01 5.229625105857849121e-01
8.236982790000000332e-01 4.799230396747589111e-01
8.265379269999999501e-01 4.981687963008880615e-01
8.293776320000000313e-01 4.506139457225799561e-01
8.322173940000000547e-01 4.236159622669219971e-01
8.350572109999999659e-01 4.325421750545501709e-01
8.378970850000000414e-01 4.428619742393493652e-01
8.407370149999999764e-01 4.441510438919067383e-01
8.435770009999999930e-01 4.418641924858093262e-01
8.464170429999999801e-01 4.344434738159179688e-01
8.492571420000000204e-01 4.144925177097320557e-01
8.520972970000000313e-01 3.980866372585296631e-01
8.549375080000000127e-01 3.706658184528350830e-01
8.577777749999999646e-01 4.018724858760833740e-01
8.606180989999999698e-01 3.902630209922790527e-01
8.634584789999999455e-01 3.834422826766967773e-01
8.662989150000000027e-01 3.478635847568511963e-01
8.691394070000000305e-01 3.561653792858123779e-01
8.719799560000000005e-01 3.544696271419525146e-01
8.748205610000000521e-01 3.452908098697662354e-01
8.776612219999999631e-01 3.392239212989807129e-01
8.805019389999999557e-01 3.234558105468750000e-01
8.833427130000000016e-01 3.192338645458221436e-01
8.861835430000000180e-01 3.110627532005310059e-01
8.890244290000000049e-01 3.048523664474487305e-01
8.918653709999999624e-01 2.861301004886627197e-01
8.947063699999999731e-01 2.414648979902267456e-01
8.975474239999999826e-01 1.901306360960006714e-01
9.003885350000000454e-01 1.760409623384475708e-01
9.032297030000000504e-01 1.989551484584808350e-01
9.060709260000000542e-01 1.998434364795684814e-01
9.089122060000000003e-01 1.603882014751434326e-01
9.117535420000000279e-01 1.628558784723281860e-01
9.145949340000000261e-01 1.458155214786529541e-01
9.174363819999999947e-01 1.497552543878555298e-01
9.202778870000000166e-01 1.733711212873458862e-01
9.231194480000000091e-01 1.597580760717391968e-01
9.259610649999999721e-01 1.458929628133773804e-01
9.288027380000000166e-01 1.070182248950004578e-01
9.316444680000000034e-01 5.486914888024330139e-02
9.344862539999999607e-01 3.365892916917800903e-02
9.373280959999999995e-01 3.334882110357284546e-02
9.401699940000000089e-01 5.696243792772293091e-02
9.430119489999999605e-01 4.511169716715812683e-02
9.458539599999999936e-01 4.035991802811622620e-02
9.486960269999999973e-01 4.503508657217025757e-02
9.515381499999999715e-01 4.755629599094390869e-02
9.543803299999999989e-01 4.611073806881904602e-02
9.572225659999999969e-01 5.114847049117088318e-02
9.600648579999999654e-01 5.496850237250328064e-02
9.629072060000000155e-01 6.062982603907585144e-02
9.657496110000000078e-01 6.710244715213775635e-02
9.685920709999999989e-01 9.036113321781158447e-02
9.714345880000000433e-01 9.435248374938964844e-02
9.742771620000000299e-01 8.221763372421264648e-02
9.771197910000000153e-01 8.747912198305130005e-02
9.799624770000000540e-01 9.312234818935394287e-02
9.828052189999999522e-01 9.819136559963226318e-02
9.856480170000000429e-01 1.072937846183776855e-01
9.884908709999999932e-01 1.156662330031394958e-01
9.913337819999999967e-01 1.189822703599929810e-01
9.941767489999999707e-01 1.160948947072029114e-01
9.970197720000000263e-01 1.206008419394493103e-01
9.998628510000000524e-01 1.182117462158203125e-01
1.002705986999999910e+00 1.178239136934280396e-01
1.005549178999999960e+00 1.081771701574325562e-01
1.008392426999999980e+00 1.132698431611061096e-01
1.011235730999999971e+00 1.126008704304695129e-01
1.014079092000000015e+00 1.173819750547409058e-01
1.016922509000000030e+00 1.103375852108001709e-01
1.019765982000000015e+00 1.205211132764816284e-01
1.022609510999999971e+00 1.158992424607276917e-01
1.025453096999999980e+00 1.191247478127479553e-01
1.028296738999999960e+00 1.124511063098907471e-01
1.031140436999999910e+00 1.261452436447143555e-01
1.033984191000000052e+00 1.201799511909484863e-01
1.036828002000000026e+00 1.121788546442985535e-01
1.039671868000000110e+00 1.219384893774986267e-01
1.042515791000000025e+00 1.176654323935508728e-01
1.045359770999999993e+00 1.267146319150924683e-01
