3.615872339999999796e-01 1.265537738800048828e+00
3.644177160000000026e-01 1.500892877578735352e+00
3.672482539999999962e-01 1.546574950218200684e+00
3.700788480000000158e-01 1.555811643600463867e+00
3.729094980000000059e-01 1.391569256782531738e+00
3.757402049999999938e-01 1.506264209747314453e+00
3.785709680000000077e-01 1.658155322074890137e+00
3.814017869999999921e-01 1.411356329917907715e+00
3.842326620000000026e-01 1.300174474716186523e+00
3.870635940000000108e-01 1.428755998611450195e+00
3.898945819999999896e-01 1.614217400550842285e+00
3.927256259999999943e-01 1.412886381149291992e+00
3.955567260000000251e-01 1.457999229431152344e+00
3.983878829999999982e-01 1.800336599349975586e+00
4.012190950000000256e-01 2.249284267425537109e+00
4.040503639999999952e-01 2.246348619461059570e+00
4.068816900000000181e-01 2.219497680664062500e+00
4.097130709999999842e-01 2.260799884796142578e+00
4.125445090000000037e-01 2.390011072158813477e+00
4.153760029999999936e-01 2.386331796646118164e+00
4.182075530000000096e-01 2.315740346908569336e+00
4.210391589999999962e-01 2.343098640441894531e+00
4.238708219999999804e-01 2.296395301818847656e+00
4.267025409999999908e-01 2.245701074600219727e+00
4.295343160000000271e-01 2.009789943695068359e+00
4.323661469999999785e-01 2.169094324111938477e+00
4.351980349999999831e-01 2.367643117904663086e+00
4.380299790000000137e-01 2.400923967361450195e+00
4.408619790000000149e-01 2.475707292556762695e+00
4.436940349999999866e-01 2.632077455520629883e+00
4.465261480000000116e-01 2.639643192291259766e+00
4.493583170000000071e-01 2.803644895553588867e+00
4.521905419999999731e-01 2.818218708038330078e+00
4.550228230000000207e-01 2.795421361923217773e+00
4.578551610000000105e-01 2.845127344131469727e+00
4.606875550000000263e-01 2.868683099746704102e+00
4.635200050000000127e-01 2.907261610031127930e+00
4.663525110000000251e-01 2.865661382675170898e+00
4.691850739999999798e-01 2.844175100326538086e+00
4.720176919999999887e-01 2.884345054626464844e+00
4.748503669999999954e-01 2.930840492248535156e+00
4.776830989999999999e-01 2.955306291580200195e+00
4.805158860000000032e-01 3.029449701309204102e+00
4.833487300000000042e-01 2.990380048751831055e+00
4.861816299999999758e-01 2.772351980209350586e+00
4.890145859999999733e-01 2.875645875930786133e+00
4.918475979999999970e-01 2.952430009841918945e+00
4.946806670000000183e-01 3.008356094360351562e+00
4.975137920000000102e-01 3.028345346450805664e+00
5.003469729999999727e-01 2.970905065536499023e+00
5.031802100000000166e-01 2.935003995895385742e+00
5.060135040000000028e-01 3.024852037429809570e+00
5.088468539999999596e-01 3.037371635437011719e+00
5.116802599999999979e-01 3.080930948257446289e+00
5.145137220000000067e-01 3.007484674453735352e+00
5.173472409999999577e-01 2.857192754745483398e+00
5.201808159999999903e-01 2.979986667633056641e+00
5.230144469999999934e-01 3.103251695632934570e+00
5.258481339999999671e-01 3.115386009216308594e+00
5.286818779999999940e-01 3.154693365097045898e+00
5.315156779999999914e-01 3.272274255752563477e+00
5.343495339999999594e-01 3.257224798202514648e+00
5.371834460000000089e-01 3.308531522750854492e+00
5.400174150000000006e-01 3.245876789093017578e+00
5.428514389999999912e-01 3.271253824234008789e+00
5.456855200000000350e-01 3.332934141159057617e+00
5.485196580000000210e-01 3.344665527343750000e+00
5.513538510000000059e-01 3.366892576217651367e+00
5.541881010000000440e-01 3.390662670135498047e+00
5.570224070000000527e-01 3.366942882537841797e+00
5.598567690000000319e-01 3.320149183273315430e+00
5.626911869999999816e-01 3.372228622436523438e+00
5.655256619999999845e-01 3.357470273971557617e+00
5.683601929999999580e-01 3.322420597076416016e+00
5.711947800000000131e-01 3.300826787948608398e+00
5.740294230000000386e-01 3.350211858749389648e+00
5.768641230000000064e-01 3.322109937667846680e+00
5.796988789999999447e-01 3.324604272842407227e+00
5.825336909999999646e-01 3.392634630203247070e+00
5.853685589999999550e-01 3.368088960647583008e+00
5.882034839999999987e-01 3.125824213027954102e+00
5.910384650000000129e-01 3.003238201141357422e+00
5.938735019999999976e-01 3.053711414337158203e+00
5.967085949999999528e-01 3.039065361022949219e+00
5.995437449999999613e-01 3.006881237030029297e+00
6.023789510000000513e-01 2.976482868194580078e+00
6.052142130000000009e-01 2.987604141235351562e+00
6.080495310000000320e-01 2.940593481063842773e+00
6.108849060000000053e-01 2.842425107955932617e+00
6.137203359999999774e-01 2.774947881698608398e+00
6.165558230000000028e-01 2.744150638580322266e+00
6.193913669999999705e-01 2.815977573394775391e+00
6.222269660000000480e-01 2.794235706329345703e+00
6.250626219999999567e-01 2.733284473419189453e+00
6.278983339999999469e-01 2.662546873092651367e+00
6.307341020000000187e-01 2.640296459197998047e+00
6.335699259999999500e-01 2.671500682830810547e+00
6.364058070000000455e-01 2.702502727508544922e+00
6.392417440000000006e-01 2.710109710693359375e+00
6.420777370000000372e-01 2.675096035003662109e+00
6.449137860000000444e-01 2.638364791870117188e+00
6.477498919999999938e-01 2.527569293975830078e+00
6.505860540000000247e-01 2.504123210906982422e+00
6.534222720000000262e-01 2.499497175216674805e+00
6.562585459999999982e-01 2.296521186828613281e+00
6.590948770000000234e-01 2.402575492858886719e+00
6.619312640000000192e-01 2.467580556869506836e+00
6.647677069999999855e-01 2.445365905761718750e+00
6.676042060000000333e-01 2.425342082977294922e+00
6.704407620000000234e-01 2.392147064208984375e+00
6.732773739999999840e-01 2.368150472640991211e+00
6.761140420000000262e-01 2.350200653076171875e+00
6.789507660000000389e-01 2.343694686889648438e+00
6.817875469999999938e-01 2.309112787246704102e+00
6.846243829999999475e-01 2.230187892913818359e+00
6.874612759999999545e-01 1.870392084121704102e+00
6.902982260000000148e-01 1.901361465454101562e+00
6.931352309999999628e-01 1.933904647827148438e+00
6.959722929999999641e-01 1.946424126625061035e+00
6.988094110000000470e-01 1.930940866470336914e+00
7.016465849999999893e-01 1.822232246398925781e+00
7.044838150000000132e-01 1.820921421051025391e+00
7.073211019999999793e-01 1.788621902465820312e+00
7.101584450000000270e-01 1.722200036048889160e+00
7.129958440000000452e-01 1.629399657249450684e+00
7.158332990000000340e-01 1.374919891357421875e+00
7.186708109999999650e-01 1.003908991813659668e+00
7.215083789999999775e-01 1.031172752380371094e+00
7.243460029999999605e-01 9.441400766372680664e-01
7.271836830000000251e-01 8.545974493026733398e-01
7.300214200000000320e-01 8.007243275642395020e-01
7.328592130000000093e-01 8.206925988197326660e-01
7.356970619999999572e-01 8.136773109436035156e-01
7.385349669999999866e-01 7.903104424476623535e-01
7.413729289999999583e-01 8.010062575340270996e-01
7.442109470000000115e-01 8.095063567161560059e-01
7.470490210000000353e-01 8.110206127166748047e-01
7.498871510000000296e-01 7.999243140220642090e-01
7.527253379999999661e-01 7.930507659912109375e-01
7.555635800000000124e-01 7.789930105209350586e-01
7.584018790000000010e-01 6.440166234970092773e-01
7.612402350000000428e-01 3.018498122692108154e-01
7.640786459999999725e-01 3.717411458492279053e-01
7.669171139999999554e-01 5.908589959144592285e-01
7.697556380000000198e-01 7.180609703063964844e-01
7.725942180000000548e-01 7.431873083114624023e-01
7.754328539999999492e-01 7.526187896728515625e-01
7.782715470000000080e-01 7.575020790100097656e-01
7.811102960000000373e-01 7.539444565773010254e-01
7.839491010000000371e-01 7.517005801200866699e-01
7.867879620000000074e-01 7.422411441802978516e-01
7.896268800000000310e-01 7.244456410408020020e-01
7.924658540000000251e-01 7.247039079666137695e-01
7.953048839999999897e-01 7.318512797355651855e-01
7.981439700000000359e-01 7.412343025207519531e-01
8.009831130000000243e-01 7.299712300300598145e-01
8.038223119999999833e-01 7.367349863052368164e-01
8.066615670000000238e-01 7.500216364860534668e-01
8.095008780000000348e-01 7.134905457496643066e-01
8.123402459999999881e-01 6.372283697128295898e-01
8.151796700000000229e-01 5.268661975860595703e-01
8.180191500000000282e-01 4.979550838470458984e-01
8.208586860000000041e-01 5.324965715408325195e-01
8.236982790000000332e-01 4.847478568553924561e-01
8.265379269999999501e-01 5.098382830619812012e-01
8.293776320000000313e-01 4.508058428764343262e-01
8.322173940000000547e-01 4.374954998493194580e-01
8.350572109999999659e-01 4.443683326244354248e-01
8.378970850000000414e-01 4.523996114730834961e-01
8.407370149999999764e-01 4.542910158634185791e-01
8.435770009999999930e-01 4.501187503337860107e-01
8.464170429999999801e-01 4.496368765830993652e-01
8.492571420000000204e-01 4.255076348781585693e-01
8.520972970000000313e-01 4.055873453617095947e-01
8.549375080000000127e-01 3.890140652656555176e-01
8.577777749999999646e-01 4.118466079235076904e-01
8.606180989999999698e-01 4.075911939144134521e-01
8.634584789999999455e-01 3.973871171474456787e-01
8.662989150000000027e-01 3.651797473430633545e-01
8.691394070000000305e-01 3.741464316844940186e-01
8.719799560000000005e-01 3.711287379264831543e-01
8.748205610000000521e-01 3.602817952632904053e-01
8.776612219999999631e-01 3.554043471813201904e-01
8.805019389999999557e-01 3.419871330261230469e-01
8.833427130000000016e-01 3.355492651462554932e-01
8.861835430000000180e-01 3.234720826148986816e-01
8.890244290000000049e-01 3.178727030754089355e-01
8.918653709999999624e-01 3.024552166461944580e-01
8.947063699999999731e-01 2.520513832569122314e-01
8.975474239999999826e-01 2.069175690412521362e-01
9.003885350000000454e-01 1.832778006792068481e-01
9.032297030000000504e-01 2.140997350215911865e-01
9.060709260000000542e-01 2.112115621566772461e-01
9.089122060000000003e-01 1.765566021203994751e-01
9.117535420000000279e-01 1.749370694160461426e-01
9.145949340000000261e-01 1.633155941963195801e-01
9.174363819999999947e-01 1.592419147491455078e-01
9.202778870000000166e-01 1.839849650859832764e-01
9.231194480000000091e-01 1.710471063852310181e-01
9.259610649999999721e-01 1.593779772520065308e-01
9.288027380000000166e-01 1.168253347277641296e-01
9.316444680000000034e-01 6.731278449296951294e-02
9.344862539999999607e-01 4.124853014945983887e-02
9.373280959999999995e-01 4.494243860244750977e-02
9.401699940000000089e-01 6.653027236461639404e-02
9.430119489999999605e-01 5.275902897119522095e-02
9.458539599999999936e-01 5.109224095940589905e-02
9.486960269999999973e-01 5.514854192733764648e-02
9.515381499999999715e-01 5.483376979827880859e-02
9.543803299999999989e-01 5.874184519052505493e-02
9.572225659999999969e-01 6.311589479446411133e-02
9.600648579999999654e-01 6.311790645122528076e-02
9.629072060000000155e-01 7.366348057985305786e-02
9.657496110000000078e-01 8.100970834493637085e-02
9.685920709999999989e-01 1.034028157591819763e-01
9.714345880000000433e-01 1.088533774018287659e-01
9.742771620000000299e-01 9.817343950271606445e-02
9.771197910000000153e-01 1.002385914325714111e-01
9.799624770000000540e-01 1.090089753270149231e-01
9.828052189999999522e-01 1.137596294283866882e-01
9.856480170000000429e-01 1.266123503446578979e-01
9.884908709999999932e-01 1.304988712072372437e-01
9.913337819999999967e-01 1.302791386842727661e-01
9.941767489999999707e-01 1.325422078371047974e-01
9.970197720000000263e-01 1.339321732521057129e-01
9.998628510000000524e-01 1.306758522987365723e-01
1.002705986999999910e+00 1.293621063232421875e-01
1.005549178999999960e+00 1.268928945064544678e-01
1.008392426999999980e+00 1.296826303005218506e-01
1.011235730999999971e+00 1.302164345979690552e-01
1.014079092000000015e+00 1.366242617368698120e-01
1.016922509000000030e+00 1.330167055130004883e-01
1.019765982000000015e+00 1.338906884193420410e-01
1.022609510999999971e+00 1.342842578887939453e-01
1.025453096999999980e+00 1.365340352058410645e-01
1.028296738999999960e+00 1.394601613283157349e-01
1.031140436999999910e+00 1.462784856557846069e-01
1.033984191000000052e+00 1.397240608930587769e-01
1.036828002000000026e+00 1.490604579448699951e-01
1.039671868000000110e+00 1.499281227588653564e-01
1.042515791000000025e+00 1.623088270425796509e-01
1.045359770999999993e+00 1.422084420919418335e-01
