3.615872339999999796e-01 1.303923130035400391e+00
3.644177160000000026e-01 1.471035718917846680e+00
3.672482539999999962e-01 1.566671252250671387e+00
3.700788480000000158e-01 1.562093257904052734e+00
3.729094980000000059e-01 1.452943325042724609e+00
3.757402049999999938e-01 1.496809601783752441e+00
3.785709680000000077e-01 1.696734070777893066e+00
3.814017869999999921e-01 1.430735707283020020e+00
3.842326620000000026e-01 1.323017954826354980e+00
3.870635940000000108e-01 1.448399782180786133e+00
3.898945819999999896e-01 1.618083238601684570e+00
3.927256259999999943e-01 1.418398737907409668e+00
3.955567260000000251e-01 1.476319909095764160e+00
3.983878829999999982e-01 1.857962965965270996e+00
4.012190950000000256e-01 2.287337779998779297e+00
4.040503639999999952e-01 2.274941682815551758e+00
4.068816900000000181e-01 2.230178117752075195e+00
4.097130709999999842e-01 2.301831245422363281e+00
4.125445090000000037e-01 2.374693155288696289e+00
4.153760029999999936e-01 2.371792554855346680e+00
4.182075530000000096e-01 2.335650920867919922e+00
4.210391589999999962e-01 2.362695932388305664e+00
4.238708219999999804e-01 2.320308208465576172e+00
4.267025409999999908e-01 2.258055210113525391e+00
4.295343160000000271e-01 2.073733329772949219e+00
4.323661469999999785e-01 2.202501535415649414e+00
4.351980349999999831e-01 2.397413492202758789e+00
4.380299790000000137e-01 2.422401666641235352e+00
4.408619790000000149e-01 2.488991737365722656e+00
4.436940349999999866e-01 2.655424118041992188e+00
4.465261480000000116e-01 2.663436889648437500e+00
4.493583170000000071e-01 2.827925682067871094e+00
4.521905419999999731e-01 2.841355800628662109e+00
4.550228230000000207e-01 2.810984134674072266e+00
4.578551610000000105e-01 2.858472585678100586e+00
4.606875550000000263e-01 2.892978906631469727e+00
4.635200050000000127e-01 2.899827957153320312e+00
4.663525110000000251e-01 2.856592416763305664e+00
4.691850739999999798e-01 2.847713232040405273e+00
4.720176919999999887e-01 2.875581502914428711e+00
4.748503669999999954e-01 2.927420616149902344e+00
4.776830989999999999e-01 2.967240095138549805e+00
4.805158860000000032e-01 3.022286653518676758e+00
4.833487300000000042e-01 3.009304761886596680e+00
4.861816299999999758e-01 2.767214536666870117e+00
4.890145859999999733e-01 2.890706539154052734e+00
4.918475979999999970e-01 2.971971035003662109e+00
4.946806670000000183e-01 3.027415990829467773e+00
4.975137920000000102e-01 3.039086818695068359e+00
5.003469729999999727e-01 2.964926242828369141e+00
5.031802100000000166e-01 2.949703931808471680e+00
5.060135040000000028e-01 3.037300348281860352e+00
5.088468539999999596e-01 3.049600601196289062e+00
5.116802599999999979e-01 3.079733610153198242e+00
5.145137220000000067e-01 3.013240337371826172e+00
5.173472409999999577e-01 2.849799394607543945e+00
5.201808159999999903e-01 2.981327295303344727e+00
5.230144469999999934e-01 3.127180099487304688e+00
5.258481339999999671e-01 3.128687620162963867e+00
5.286818779999999940e-01 3.167736053466796875e+00
5.315156779999999914e-01 3.278788805007934570e+00
5.343495339999999594e-01 3.265176296234130859e+00
5.371834460000000089e-01 3.309107065200805664e+00
5.400174150000000006e-01 3.241138935089111328e+00
5.428514389999999912e-01 3.271674156188964844e+00
5.456855200000000350e-01 3.335725784301757812e+00
5.485196580000000210e-01 3.339849233627319336e+00
5.513538510000000059e-01 3.371273994445800781e+00
5.541881010000000440e-01 3.398719549179077148e+00
5.570224070000000527e-01 3.367091417312622070e+00
5.598567690000000319e-01 3.324939727783203125e+00
5.626911869999999816e-01 3.369540691375732422e+00
5.655256619999999845e-01 3.371729850769042969e+00
5.683601929999999580e-01 3.342727661132812500e+00
5.711947800000000131e-01 3.301056623458862305e+00
5.740294230000000386e-01 3.347988843917846680e+00
5.768641230000000064e-01 3.314483642578125000e+00
5.796988789999999447e-01 3.330863952636718750e+00
5.825336909999999646e-01 3.396141052246093750e+00
5.853685589999999550e-01 3.354158163070678711e+00
5.882034839999999987e-01 3.141550540924072266e+00
5.910384650000000129e-01 3.005584478378295898e+00
5.938735019999999976e-01 3.054835796356201172e+00
5.967085949999999528e-01 3.035709857940673828e+00
5.995437449999999613e-01 3.004673719406127930e+00
6.023789510000000513e-01 2.962069749832153320e+00
6.052142130000000009e-01 2.982904672622680664e+00
6.080495310000000320e-01 2.924282073974609375e+00
6.108849060000000053e-01 2.839318752288818359e+00
6.137203359999999774e-01 2.761797904968261719e+00
6.165558230000000028e-01 2.731882333755493164e+00
6.193913669999999705e-01 2.804204225540161133e+00
6.222269660000000480e-01 2.795537233352661133e+00
6.250626219999999567e-01 2.714644193649291992e+00
6.278983339999999469e-01 2.648808002471923828e+00
6.307341020000000187e-01 2.635772466659545898e+00
6.335699259999999500e-01 2.665624380111694336e+00
6.364058070000000455e-01 2.686073541641235352e+00
6.392417440000000006e-01 2.689640045166015625e+00
6.420777370000000372e-01 2.663742065429687500e+00
6.449137860000000444e-01 2.637671947479248047e+00
6.477498919999999938e-01 2.510147809982299805e+00
6.505860540000000247e-01 2.498600482940673828e+00
6.534222720000000262e-01 2.488233089447021484e+00
6.562585459999999982e-01 2.283276081085205078e+00
6.590948770000000234e-01 2.392829656600952148e+00
6.619312640000000192e-01 2.455935955047607422e+00
6.647677069999999855e-01 2.426517009735107422e+00
6.676042060000000333e-01 2.410074710845947266e+00
6.704407620000000234e-01 2.382922172546386719e+00
6.732773739999999840e-01 2.360108375549316406e+00
6.761140420000000262e-01 2.341627359390258789e+00
6.789507660000000389e-01 2.327612638473510742e+00
6.817875469999999938e-01 2.305541992187500000e+00
6.846243829999999475e-01 2.221197843551635742e+00
6.874612759999999545e-01 1.857282519340515137e+00
6.902982260000000148e-01 1.884746670722961426e+00
6.931352309999999628e-01 1.925180077552795410e+00
6.959722929999999641e-01 1.937464833259582520e+00
6.988094110000000470e-01 1.912281274795532227e+00
7.016465849999999893e-01 1.814420223236083984e+00
7.044838150000000132e-01 1.817446827888488770e+00
7.073211019999999793e-01 1.775774002075195312e+00
7.101584450000000270e-01 1.711590051651000977e+00
7.129958440000000452e-01 1.615067005157470703e+00
7.158332990000000340e-01 1.376548647880554199e+00
7.186708109999999650e-01 9.913446307182312012e-01
7.215083789999999775e-01 1.033447861671447754e+00
7.243460029999999605e-01 9.476355910301208496e-01
7.271836830000000251e-01 8.586779832839965820e-01
7.300214200000000320e-01 8.162484169006347656e-01
7.328592130000000093e-01 8.295077681541442871e-01
7.356970619999999572e-01 8.313608169555664062e-01
7.385349669999999866e-01 8.077500462532043457e-01
7.413729289999999583e-01 8.127654790878295898e-01
7.442109470000000115e-01 8.258434534072875977e-01
7.470490210000000353e-01 8.286093473434448242e-01
7.498871510000000296e-01 8.087122440338134766e-01
7.527253379999999661e-01 8.054509162902832031e-01
7.555635800000000124e-01 8.027319312095642090e-01
7.584018790000000010e-01 6.612011194229125977e-01
7.612402350000000428e-01 3.153645992279052734e-01
7.640786459999999725e-01 3.805635273456573486e-01
7.669171139999999554e-01 6.064028739929199219e-01
7.697556380000000198e-01 7.348819971084594727e-01
7.725942180000000548e-01 7.628247141838073730e-01
7.754328539999999492e-01 7.620943784713745117e-01
7.782715470000000080e-01 7.651470303535461426e-01
7.811102960000000373e-01 7.676479816436767578e-01
7.839491010000000371e-01 7.652411460876464844e-01
7.867879620000000074e-01 7.570830583572387695e-01
7.896268800000000310e-01 7.322697639465332031e-01
7.924658540000000251e-01 7.365584373474121094e-01
7.953048839999999897e-01 7.450366616249084473e-01
7.981439700000000359e-01 7.502392530441284180e-01
8.009831130000000243e-01 7.431410551071166992e-01
8.038223119999999833e-01 7.477586865425109863e-01
8.066615670000000238e-01 7.625434994697570801e-01
8.095008780000000348e-01 7.318109869956970215e-01
8.123402459999999881e-01 6.553863286972045898e-01
8.151796700000000229e-01 5.411433577537536621e-01
8.180191500000000282e-01 5.076792240142822266e-01
8.208586860000000041e-01 5.452909469604492188e-01
8.236982790000000332e-01 5.019181370735168457e-01
8.265379269999999501e-01 5.229312181472778320e-01
8.293776320000000313e-01 4.677794873714447021e-01
8.322173940000000547e-01 4.538175761699676514e-01
8.350572109999999659e-01 4.616792798042297363e-01
8.378970850000000414e-01 4.736367166042327881e-01
8.407370149999999764e-01 4.739668965339660645e-01
8.435770009999999930e-01 4.697146117687225342e-01
8.464170429999999801e-01 4.682505428791046143e-01
8.492571420000000204e-01 4.450090825557708740e-01
8.520972970000000313e-01 4.280958473682403564e-01
8.549375080000000127e-01 4.036798477172851562e-01
8.577777749999999646e-01 4.273472726345062256e-01
8.606180989999999698e-01 4.264692068099975586e-01
8.634584789999999455e-01 4.185568988323211670e-01
8.662989150000000027e-01 3.876508772373199463e-01
8.691394070000000305e-01 3.951143920421600342e-01
8.719799560000000005e-01 3.882665038108825684e-01
8.748205610000000521e-01 3.819886147975921631e-01
8.776612219999999631e-01 3.756797015666961670e-01
8.805019389999999557e-01 3.571498095989227295e-01
8.833427130000000016e-01 3.597659468650817871e-01
8.861835430000000180e-01 3.426880240440368652e-01
8.890244290000000049e-01 3.378682136535644531e-01
8.918653709999999624e-01 3.219180405139923096e-01
8.947063699999999731e-01 2.710779905319213867e-01
8.975474239999999826e-01 2.194532006978988647e-01
9.003885350000000454e-01 2.006608992815017700e-01
9.032297030000000504e-01 2.300334870815277100e-01
9.060709260000000542e-01 2.299056947231292725e-01
9.089122060000000003e-01 1.862217783927917480e-01
9.117535420000000279e-01 1.893823742866516113e-01
9.145949340000000261e-01 1.707847714424133301e-01
9.174363819999999947e-01 1.792937070131301880e-01
9.202778870000000166e-01 2.025688141584396362e-01
9.231194480000000091e-01 1.900405883789062500e-01
9.259610649999999721e-01 1.790526509284973145e-01
9.288027380000000166e-01 1.286097764968872070e-01
9.316444680000000034e-01 7.177218049764633179e-02
9.344862539999999607e-01 4.055650904774665833e-02
9.373280959999999995e-01 4.495099559426307678e-02
9.401699940000000089e-01 7.328271120786666870e-02
9.430119489999999605e-01 6.096524745225906372e-02
9.458539599999999936e-01 5.668714269995689392e-02
9.486960269999999973e-01 6.396491080522537231e-02
9.515381499999999715e-01 6.132390350103378296e-02
9.543803299999999989e-01 6.603863090276718140e-02
9.572225659999999969e-01 6.938781589269638062e-02
9.600648579999999654e-01 7.067232578992843628e-02
9.629072060000000155e-01 8.482163399457931519e-02
9.657496110000000078e-01 9.220615029335021973e-02
9.685920709999999989e-01 1.175921037793159485e-01
9.714345880000000433e-01 1.256512701511383057e-01
9.742771620000000299e-01 1.110643744468688965e-01
9.771197910000000153e-01 1.152014210820198059e-01
9.799624770000000540e-01 1.183423623442649841e-01
9.828052189999999522e-01 1.352558881044387817e-01
9.856480170000000429e-01 1.424171179533004761e-01
9.884908709999999932e-01 1.484002023935317993e-01
9.913337819999999967e-01 1.457976400852203369e-01
9.941767489999999707e-01 1.519782245159149170e-01
9.970197720000000263e-01 1.564121544361114502e-01
9.998628510000000524e-01 1.514567583799362183e-01
1.002705986999999910e+00 1.519949734210968018e-01
1.005549178999999960e+00 1.465249061584472656e-01
1.008392426999999980e+00 1.500335484743118286e-01
1.011235730999999971e+00 1.548797041177749634e-01
1.014079092000000015e+00 1.631759256124496460e-01
1.016922509000000030e+00 1.549422144889831543e-01
1.019765982000000015e+00 1.543279737234115601e-01
1.022609510999999971e+00 1.654207408428192139e-01
1.025453096999999980e+00 1.583168953657150269e-01
1.028296738999999960e+00 1.628596186637878418e-01
1.031140436999999910e+00 1.692542135715484619e-01
1.033984191000000052e+00 1.584102362394332886e-01
1.036828002000000026e+00 1.697259843349456787e-01
1.039671868000000110e+00 1.616711467504501343e-01
1.042515791000000025e+00 1.697564870119094849e-01
1.045359770999999993e+00 1.673474162817001343e-01
