3.615872339999999796e-01 1.358766555786132812e+00
3.644177160000000026e-01 1.453914761543273926e+00
3.672482539999999962e-01 1.553799629211425781e+00
3.700788480000000158e-01 1.570425629615783691e+00
3.729094980000000059e-01 1.390674114227294922e+00
3.757402049999999938e-01 1.487110018730163574e+00
3.785709680000000077e-01 1.642740607261657715e+00
3.814017869999999921e-01 1.411422133445739746e+00
3.842326620000000026e-01 1.293211102485656738e+00
3.870635940000000108e-01 1.441998243331909180e+00
3.898945819999999896e-01 1.600398063659667969e+00
3.927256259999999943e-01 1.426463365554809570e+00
3.955567260000000251e-01 1.450710654258728027e+00
3.983878829999999982e-01 1.820535898208618164e+00
4.012190950000000256e-01 2.228944540023803711e+00
4.040503639999999952e-01 2.232476234436035156e+00
4.068816900000000181e-01 2.206924200057983398e+00
4.097130709999999842e-01 2.239526033401489258e+00
4.125445090000000037e-01 2.342914104461669922e+00
4.153760029999999936e-01 2.343381881713867188e+00
4.182075530000000096e-01 2.318339586257934570e+00
4.210391589999999962e-01 2.302191734313964844e+00
4.238708219999999804e-01 2.282709121704101562e+00
4.267025409999999908e-01 2.232690811157226562e+00
4.295343160000000271e-01 2.015490531921386719e+00
4.323661469999999785e-01 2.159069776535034180e+00
4.351980349999999831e-01 2.346458196640014648e+00
4.380299790000000137e-01 2.372306346893310547e+00
4.408619790000000149e-01 2.453454971313476562e+00
4.436940349999999866e-01 2.579810857772827148e+00
4.465261480000000116e-01 2.613173007965087891e+00
4.493583170000000071e-01 2.762908458709716797e+00
4.521905419999999731e-01 2.789439439773559570e+00
4.550228230000000207e-01 2.771369934082031250e+00
4.578551610000000105e-01 2.824725627899169922e+00
4.606875550000000263e-01 2.856829881668090820e+00
4.635200050000000127e-01 2.890478610992431641e+00
4.663525110000000251e-01 2.806098937988281250e+00
4.691850739999999798e-01 2.816986799240112305e+00
4.720176919999999887e-01 2.851281642913818359e+00
4.748503669999999954e-01 2.898916959762573242e+00
4.776830989999999999e-01 2.915337085723876953e+00
4.805158860000000032e-01 2.991034746170043945e+00
4.833487300000000042e-01 2.968044519424438477e+00
4.861816299999999758e-01 2.727480411529541016e+00
4.890145859999999733e-01 2.842179775238037109e+00
4.918475979999999970e-01 2.915083646774291992e+00
4.946806670000000183e-01 2.980309724807739258e+00
4.975137920000000102e-01 2.999387979507446289e+00
5.003469729999999727e-01 2.928198099136352539e+00
5.031802100000000166e-01 2.899495840072631836e+00
5.060135040000000028e-01 2.989186525344848633e+00
5.088468539999999596e-01 3.012174844741821289e+00
5.116802599999999979e-01 3.040538311004638672e+00
5.145137220000000067e-01 2.974041938781738281e+00
5.173472409999999577e-01 2.817356348037719727e+00
5.201808159999999903e-01 2.948148250579833984e+00
5.230144469999999934e-01 3.076479434967041016e+00
5.258481339999999671e-01 3.081294775009155273e+00
5.286818779999999940e-01 3.117274284362792969e+00
5.315156779999999914e-01 3.224809169769287109e+00
5.343495339999999594e-01 3.211263179779052734e+00
5.371834460000000089e-01 3.242370128631591797e+00
5.400174150000000006e-01 3.196466684341430664e+00
5.428514389999999912e-01 3.228255510330200195e+00
5.456855200000000350e-01 3.280419349670410156e+00
5.485196580000000210e-01 3.284348011016845703e+00
5.513538510000000059e-01 3.325139760971069336e+00
5.541881010000000440e-01 3.343838691711425781e+00
5.570224070000000527e-01 3.309258222579956055e+00
5.598567690000000319e-01 3.263473510742187500e+00
5.626911869999999816e-01 3.318852186203002930e+00
5.655256619999999845e-01 3.309963464736938477e+00
5.683601929999999580e-01 3.275757789611816406e+00
5.711947800000000131e-01 3.249225854873657227e+00
5.740294230000000386e-01 3.289197683334350586e+00
5.768641230000000064e-01 3.262923717498779297e+00
5.796988789999999447e-01 3.268139362335205078e+00
5.825336909999999646e-01 3.351314306259155273e+00
5.853685589999999550e-01 3.297802925109863281e+00
5.882034839999999987e-01 3.081976652145385742e+00
5.910384650000000129e-01 2.946918725967407227e+00
5.938735019999999976e-01 2.991188049316406250e+00
5.967085949999999528e-01 2.974331617355346680e+00
5.995437449999999613e-01 2.933467388153076172e+00
6.023789510000000513e-01 2.900831937789916992e+00
6.052142130000000009e-01 2.901546716690063477e+00
6.080495310000000320e-01 2.844866752624511719e+00
6.108849060000000053e-01 2.727823257446289062e+00
6.137203359999999774e-01 2.675180912017822266e+00
6.165558230000000028e-01 2.654422044754028320e+00
6.193913669999999705e-01 2.718288898468017578e+00
6.222269660000000480e-01 2.710485219955444336e+00
6.250626219999999567e-01 2.635633707046508789e+00
6.278983339999999469e-01 2.565200090408325195e+00
6.307341020000000187e-01 2.556249618530273438e+00
6.335699259999999500e-01 2.585490703582763672e+00
6.364058070000000455e-01 2.603127241134643555e+00
6.392417440000000006e-01 2.614506006240844727e+00
6.420777370000000372e-01 2.584278583526611328e+00
6.449137860000000444e-01 2.540580034255981445e+00
6.477498919999999938e-01 2.422810554504394531e+00
6.505860540000000247e-01 2.414084434509277344e+00
6.534222720000000262e-01 2.404379367828369141e+00
6.562585459999999982e-01 2.209084510803222656e+00
6.590948770000000234e-01 2.309896707534790039e+00
6.619312640000000192e-01 2.363612413406372070e+00
6.647677069999999855e-01 2.342846632003784180e+00
6.676042060000000333e-01 2.325478315353393555e+00
6.704407620000000234e-01 2.293614864349365234e+00
6.732773739999999840e-01 2.268710851669311523e+00
6.761140420000000262e-01 2.257339239120483398e+00
6.789507660000000389e-01 2.241390705108642578e+00
6.817875469999999938e-01 2.218461751937866211e+00
6.846243829999999475e-01 2.124289035797119141e+00
6.874612759999999545e-01 1.784114718437194824e+00
6.902982260000000148e-01 1.807512044906616211e+00
6.931352309999999628e-01 1.837702751159667969e+00
6.959722929999999641e-01 1.847621798515319824e+00
6.988094110000000470e-01 1.815404534339904785e+00
7.016465849999999893e-01 1.721080064773559570e+00
7.044838150000000132e-01 1.714156866073608398e+00
7.073211019999999793e-01 1.665425062179565430e+00
7.101584450000000270e-01 1.606892704963684082e+00
7.129958440000000452e-01 1.501422286033630371e+00
7.158332990000000340e-01 1.267077088356018066e+00
7.186708109999999650e-01 9.241092205047607422e-01
7.215083789999999775e-01 9.439005851745605469e-01
7.243460029999999605e-01 8.575128316879272461e-01
7.271836830000000251e-01 7.732263207435607910e-01
7.300214200000000320e-01 7.220699191093444824e-01
7.328592130000000093e-01 7.346208691596984863e-01
7.356970619999999572e-01 7.312821745872497559e-01
7.385349669999999866e-01 7.026755213737487793e-01
7.413729289999999583e-01 7.104775905609130859e-01
7.442109470000000115e-01 7.156859040260314941e-01
7.470490210000000353e-01 7.113070487976074219e-01
7.498871510000000296e-01 7.015503048896789551e-01
7.527253379999999661e-01 6.963819861412048340e-01
7.555635800000000124e-01 6.767386794090270996e-01
7.584018790000000010e-01 5.647667050361633301e-01
7.612402350000000428e-01 2.646166086196899414e-01
7.640786459999999725e-01 3.235570192337036133e-01
7.669171139999999554e-01 5.165792703628540039e-01
7.697556380000000198e-01 6.241521835327148438e-01
7.725942180000000548e-01 6.470755934715270996e-01
7.754328539999999492e-01 6.526435017585754395e-01
7.782715470000000080e-01 6.563420295715332031e-01
7.811102960000000373e-01 6.557409763336181641e-01
7.839491010000000371e-01 6.559492945671081543e-01
7.867879620000000074e-01 6.421271562576293945e-01
7.896268800000000310e-01 6.253308653831481934e-01
7.924658540000000251e-01 6.277714371681213379e-01
7.953048839999999897e-01 6.380330324172973633e-01
7.981439700000000359e-01 6.419425010681152344e-01
8.009831130000000243e-01 6.364127397537231445e-01
8.038223119999999833e-01 6.392760872840881348e-01
8.066615670000000238e-01 6.458653211593627930e-01
8.095008780000000348e-01 6.206586956977844238e-01
8.123402459999999881e-01 5.559525489807128906e-01
8.151796700000000229e-01 4.557927548885345459e-01
8.180191500000000282e-01 4.305694401264190674e-01
8.208586860000000041e-01 4.576620757579803467e-01
8.236982790000000332e-01 4.238050878047943115e-01
8.265379269999999501e-01 4.375787675380706787e-01
8.293776320000000313e-01 3.889693617820739746e-01
8.322173940000000547e-01 3.763428926467895508e-01
8.350572109999999659e-01 3.774778544902801514e-01
8.378970850000000414e-01 3.901078701019287109e-01
8.407370149999999764e-01 3.854688704013824463e-01
8.435770009999999930e-01 3.803641796112060547e-01
8.464170429999999801e-01 3.801642358303070068e-01
8.492571420000000204e-01 3.633925020694732666e-01
8.520972970000000313e-01 3.461656272411346436e-01
8.549375080000000127e-01 3.292124271392822266e-01
8.577777749999999646e-01 3.506494164466857910e-01
8.606180989999999698e-01 3.418324589729309082e-01
8.634584789999999455e-01 3.362194895744323730e-01
8.662989150000000027e-01 3.075402975082397461e-01
8.691394070000000305e-01 3.185479342937469482e-01
8.719799560000000005e-01 3.112291097640991211e-01
8.748205610000000521e-01 3.031921684741973877e-01
8.776612219999999631e-01 2.987674176692962646e-01
8.805019389999999557e-01 2.870000898838043213e-01
8.833427130000000016e-01 2.823066115379333496e-01
8.861835430000000180e-01 2.740840017795562744e-01
8.890244290000000049e-01 2.642186284065246582e-01
8.918653709999999624e-01 2.491094917058944702e-01
8.947063699999999731e-01 2.133276015520095825e-01
8.975474239999999826e-01 1.710797101259231567e-01
9.003885350000000454e-01 1.539317220449447632e-01
9.032297030000000504e-01 1.766927093267440796e-01
9.060709260000000542e-01 1.730940937995910645e-01
9.089122060000000003e-01 1.428441256284713745e-01
9.117535420000000279e-01 1.422627568244934082e-01
9.145949340000000261e-01 1.305484026670455933e-01
9.174363819999999947e-01 1.311454325914382935e-01
9.202778870000000166e-01 1.511306166648864746e-01
9.231194480000000091e-01 1.424426883459091187e-01
9.259610649999999721e-01 1.317494809627532959e-01
9.288027380000000166e-01 8.926163613796234131e-02
9.316444680000000034e-01 5.470622703433036804e-02
9.344862539999999607e-01 2.806355245411396027e-02
9.373280959999999995e-01 3.190793842077255249e-02
9.401699940000000089e-01 5.391142144799232483e-02
9.430119489999999605e-01 4.494405165314674377e-02
9.458539599999999936e-01 3.630180284380912781e-02
9.486960269999999973e-01 4.313538223505020142e-02
9.515381499999999715e-01 4.213995113968849182e-02
9.543803299999999989e-01 4.041462391614913940e-02
9.572225659999999969e-01 4.731523618102073669e-02
9.600648579999999654e-01 4.995809122920036316e-02
9.629072060000000155e-01 5.349549651145935059e-02
9.657496110000000078e-01 5.867845937609672546e-02
9.685920709999999989e-01 7.770949602127075195e-02
9.714345880000000433e-01 9.038014709949493408e-02
9.742771620000000299e-01 8.030283451080322266e-02
9.771197910000000153e-01 7.881499826908111572e-02
9.799624770000000540e-01 8.733723312616348267e-02
9.828052189999999522e-01 9.306925535202026367e-02
9.856480170000000429e-01 1.049508824944496155e-01
9.884908709999999932e-01 1.048852950334548950e-01
9.913337819999999967e-01 1.057325080037117004e-01
9.941767489999999707e-01 1.040197163820266724e-01
9.970197720000000263e-01 1.067775338888168335e-01
9.998628510000000524e-01 1.079306006431579590e-01
1.002705986999999910e+00 9.992637485265731812e-02
1.005549178999999960e+00 1.012492179870605469e-01
1.008392426999999980e+00 1.017096340656280518e-01
1.011235730999999971e+00 1.039966717362403870e-01
1.014079092000000015e+00 1.008977293968200684e-01
1.016922509000000030e+00 1.006327494978904724e-01
1.019765982000000015e+00 1.000373959541320801e-01
1.022609510999999971e+00 1.072609722614288330e-01
1.025453096999999980e+00 1.047044023871421814e-01
1.028296738999999960e+00 1.079069525003433228e-01
1.031140436999999910e+00 1.052570044994354248e-01
1.033984191000000052e+00 1.011679172515869141e-01
1.036828002000000026e+00 9.960137307643890381e-02
1.039671868000000110e+00 9.808048605918884277e-02
1.042515791000000025e+00 1.099702417850494385e-01
1.045359770999999993e+00 1.025748848915100098e-01
