3.615872339999999796e-01 1.261451959609985352e+00
3.644177160000000026e-01 1.406694412231445312e+00
3.672482539999999962e-01 1.571283936500549316e+00
3.700788480000000158e-01 1.579228401184082031e+00
3.729094980000000059e-01 1.414149761199951172e+00
3.757402049999999938e-01 1.524533748626708984e+00
3.785709680000000077e-01 1.657796025276184082e+00
3.814017869999999921e-01 1.427398324012756348e+00
3.842326620000000026e-01 1.338945031166076660e+00
3.870635940000000108e-01 1.416649222373962402e+00
3.898945819999999896e-01 1.604773759841918945e+00
3.927256259999999943e-01 1.421688556671142578e+00
3.955567260000000251e-01 1.435703039169311523e+00
3.983878829999999982e-01 1.834117531776428223e+00
4.012190950000000256e-01 2.277933835983276367e+00
4.040503639999999952e-01 2.257592916488647461e+00
4.068816900000000181e-01 2.208542823791503906e+00
4.097130709999999842e-01 2.295496463775634766e+00
4.125445090000000037e-01 2.370820522308349609e+00
4.153760029999999936e-01 2.364609003067016602e+00
4.182075530000000096e-01 2.353090524673461914e+00
4.210391589999999962e-01 2.344119310379028320e+00
4.238708219999999804e-01 2.301683425903320312e+00
4.267025409999999908e-01 2.248541116714477539e+00
4.295343160000000271e-01 2.036961793899536133e+00
4.323661469999999785e-01 2.165606260299682617e+00
4.351980349999999831e-01 2.367808818817138672e+00
4.380299790000000137e-01 2.394749879837036133e+00
4.408619790000000149e-01 2.472465753555297852e+00
4.436940349999999866e-01 2.638836145401000977e+00
4.465261480000000116e-01 2.644379138946533203e+00
4.493583170000000071e-01 2.785316944122314453e+00
4.521905419999999731e-01 2.825348138809204102e+00
4.550228230000000207e-01 2.790068626403808594e+00
4.578551610000000105e-01 2.857930183410644531e+00
4.606875550000000263e-01 2.882532358169555664e+00
4.635200050000000127e-01 2.902154922485351562e+00
4.663525110000000251e-01 2.840001583099365234e+00
4.691850739999999798e-01 2.835878372192382812e+00
4.720176919999999887e-01 2.879840373992919922e+00
4.748503669999999954e-01 2.923448801040649414e+00
4.776830989999999999e-01 2.948769330978393555e+00
4.805158860000000032e-01 3.021521806716918945e+00
4.833487300000000042e-01 2.989538669586181641e+00
4.861816299999999758e-01 2.758739948272705078e+00
4.890145859999999733e-01 2.862208604812622070e+00
4.918475979999999970e-01 2.947114944458007812e+00
4.946806670000000183e-01 2.992195606231689453e+00
4.975137920000000102e-01 3.017319440841674805e+00
5.003469729999999727e-01 2.931447505950927734e+00
5.031802100000000166e-01 2.915429592132568359e+00
5.060135040000000028e-01 3.009772539138793945e+00
5.088468539999999596e-01 3.033501863479614258e+00
5.116802599999999979e-01 3.072148323059082031e+00
5.145137220000000067e-01 3.000787019729614258e+00
5.173472409999999577e-01 2.839594125747680664e+00
5.201808159999999903e-01 2.970896720886230469e+00
5.230144469999999934e-01 3.100111484527587891e+00
5.258481339999999671e-01 3.106373071670532227e+00
5.286818779999999940e-01 3.140613079071044922e+00
5.315156779999999914e-01 3.246361017227172852e+00
5.343495339999999594e-01 3.243229866027832031e+00
5.371834460000000089e-01 3.275517940521240234e+00
5.400174150000000006e-01 3.219080924987792969e+00
5.428514389999999912e-01 3.241517066955566406e+00
5.456855200000000350e-01 3.308550357818603516e+00
5.485196580000000210e-01 3.322295427322387695e+00
5.513538510000000059e-01 3.335950613021850586e+00
5.541881010000000440e-01 3.369744062423706055e+00
5.570224070000000527e-01 3.336086034774780273e+00
5.598567690000000319e-01 3.284329891204833984e+00
5.626911869999999816e-01 3.331350564956665039e+00
5.655256619999999845e-01 3.337990283966064453e+00
5.683601929999999580e-01 3.294111728668212891e+00
5.711947800000000131e-01 3.263333797454833984e+00
5.740294230000000386e-01 3.311690807342529297e+00
5.768641230000000064e-01 3.286273717880249023e+00
5.796988789999999447e-01 3.288200855255126953e+00
5.825336909999999646e-01 3.369833707809448242e+00
5.853685589999999550e-01 3.326229333877563477e+00
5.882034839999999987e-01 3.102143049240112305e+00
5.910384650000000129e-01 2.964336395263671875e+00
5.938735019999999976e-01 3.006326675415039062e+00
5.967085949999999528e-01 2.998315095901489258e+00
5.995437449999999613e-01 2.951235532760620117e+00
6.023789510000000513e-01 2.916566848754882812e+00
6.052142130000000009e-01 2.923955917358398438e+00
6.080495310000000320e-01 2.886082410812377930e+00
6.108849060000000053e-01 2.762365818023681641e+00
6.137203359999999774e-01 2.677235364913940430e+00
6.165558230000000028e-01 2.662537097930908203e+00
6.193913669999999705e-01 2.731281042098999023e+00
6.222269660000000480e-01 2.722028493881225586e+00
6.250626219999999567e-01 2.650520801544189453e+00
6.278983339999999469e-01 2.581894159317016602e+00
6.307341020000000187e-01 2.561878204345703125e+00
6.335699259999999500e-01 2.596085071563720703e+00
6.364058070000000455e-01 2.621632814407348633e+00
6.392417440000000006e-01 2.630020141601562500e+00
6.420777370000000372e-01 2.596424102783203125e+00
6.449137860000000444e-01 2.553117036819458008e+00
6.477498919999999938e-01 2.436068773269653320e+00
6.505860540000000247e-01 2.425362110137939453e+00
6.534222720000000262e-01 2.415446281433105469e+00
6.562585459999999982e-01 2.210134983062744141e+00
6.590948770000000234e-01 2.315316438674926758e+00
6.619312640000000192e-01 2.365314960479736328e+00
6.647677069999999855e-01 2.345164775848388672e+00
6.676042060000000333e-01 2.328243017196655273e+00
6.704407620000000234e-01 2.297817707061767578e+00
6.732773739999999840e-01 2.265373706817626953e+00
6.761140420000000262e-01 2.254267215728759766e+00
6.789507660000000389e-01 2.238348722457885742e+00
6.817875469999999938e-01 2.222217321395874023e+00
6.846243829999999475e-01 2.139241695404052734e+00
6.874612759999999545e-01 1.792303681373596191e+00
6.902982260000000148e-01 1.803686380386352539e+00
6.931352309999999628e-01 1.840276241302490234e+00
6.959722929999999641e-01 1.859016180038452148e+00
6.988094110000000470e-01 1.833775162696838379e+00
7.016465849999999893e-01 1.736752867698669434e+00
7.044838150000000132e-01 1.721879720687866211e+00
7.073211019999999793e-01 1.687924861907958984e+00
7.101584450000000270e-01 1.616815567016601562e+00
7.129958440000000452e-01 1.517307758331298828e+00
7.158332990000000340e-01 1.281080007553100586e+00
7.186708109999999650e-01 9.290308952331542969e-01
7.215083789999999775e-01 9.470034837722778320e-01
7.243460029999999605e-01 8.640556335449218750e-01
7.271836830000000251e-01 7.782774567604064941e-01
7.300214200000000320e-01 7.319385409355163574e-01
7.328592130000000093e-01 7.434002161026000977e-01
7.356970619999999572e-01 7.340107560157775879e-01
7.385349669999999866e-01 7.165822386741638184e-01
7.413729289999999583e-01 7.121209502220153809e-01
7.442109470000000115e-01 7.150940299034118652e-01
7.470490210000000353e-01 7.175534963607788086e-01
7.498871510000000296e-01 7.090982794761657715e-01
7.527253379999999661e-01 7.013997435569763184e-01
7.555635800000000124e-01 6.973894834518432617e-01
7.584018790000000010e-01 5.724045634269714355e-01
7.612402350000000428e-01 2.693251371383666992e-01
7.640786459999999725e-01 3.235320746898651123e-01
7.669171139999999554e-01 5.144326686859130859e-01
7.697556380000000198e-01 6.257457137107849121e-01
7.725942180000000548e-01 6.523148417472839355e-01
7.754328539999999492e-01 6.586188077926635742e-01
7.782715470000000080e-01 6.590573191642761230e-01
7.811102960000000373e-01 6.629380583763122559e-01
7.839491010000000371e-01 6.627294421195983887e-01
7.867879620000000074e-01 6.483365893363952637e-01
7.896268800000000310e-01 6.312038898468017578e-01
7.924658540000000251e-01 6.292451024055480957e-01
7.953048839999999897e-01 6.347252130508422852e-01
7.981439700000000359e-01 6.476774811744689941e-01
8.009831130000000243e-01 6.390810608863830566e-01
8.038223119999999833e-01 6.394429802894592285e-01
8.066615670000000238e-01 6.508227586746215820e-01
8.095008780000000348e-01 6.320639252662658691e-01
8.123402459999999881e-01 5.608004927635192871e-01
8.151796700000000229e-01 4.523385167121887207e-01
8.180191500000000282e-01 4.331848323345184326e-01
8.208586860000000041e-01 4.611364603042602539e-01
8.236982790000000332e-01 4.277780652046203613e-01
8.265379269999999501e-01 4.372247159481048584e-01
8.293776320000000313e-01 3.996908962726593018e-01
8.322173940000000547e-01 3.756499588489532471e-01
8.350572109999999659e-01 3.818370401859283447e-01
8.378970850000000414e-01 3.892014920711517334e-01
8.407370149999999764e-01 3.948447108268737793e-01
8.435770009999999930e-01 3.905445635318756104e-01
8.464170429999999801e-01 3.892669081687927246e-01
8.492571420000000204e-01 3.659550249576568604e-01
8.520972970000000313e-01 3.527458608150482178e-01
8.549375080000000127e-01 3.327693939208984375e-01
8.577777749999999646e-01 3.500955700874328613e-01
8.606180989999999698e-01 3.485594391822814941e-01
8.634584789999999455e-01 3.416954874992370605e-01
8.662989150000000027e-01 3.165296018123626709e-01
8.691394070000000305e-01 3.177470862865447998e-01
8.719799560000000005e-01 3.207610547542572021e-01
8.748205610000000521e-01 3.126535415649414062e-01
8.776612219999999631e-01 3.013224899768829346e-01
8.805019389999999557e-01 2.889123857021331787e-01
8.833427130000000016e-01 2.879883646965026855e-01
8.861835430000000180e-01 2.756252288818359375e-01
8.890244290000000049e-01 2.709722518920898438e-01
8.918653709999999624e-01 2.561689615249633789e-01
8.947063699999999731e-01 2.147959768772125244e-01
8.975474239999999826e-01 1.748005598783493042e-01
9.003885350000000454e-01 1.531085222959518433e-01
9.032297030000000504e-01 1.750565171241760254e-01
9.060709260000000542e-01 1.817378550767898560e-01
9.089122060000000003e-01 1.475414335727691650e-01
9.117535420000000279e-01 1.442279070615768433e-01
9.145949340000000261e-01 1.362607181072235107e-01
9.174363819999999947e-01 1.352032124996185303e-01
9.202778870000000166e-01 1.549764126539230347e-01
9.231194480000000091e-01 1.441816389560699463e-01
9.259610649999999721e-01 1.355044394731521606e-01
9.288027380000000166e-01 9.494152665138244629e-02
9.316444680000000034e-01 5.390504375100135803e-02
9.344862539999999607e-01 2.820237353444099426e-02
9.373280959999999995e-01 3.132023289799690247e-02
9.401699940000000089e-01 5.096480995416641235e-02
9.430119489999999605e-01 4.208854958415031433e-02
9.458539599999999936e-01 3.756702318787574768e-02
9.486960269999999973e-01 4.370135813951492310e-02
9.515381499999999715e-01 4.293465614318847656e-02
9.543803299999999989e-01 4.151606187224388123e-02
9.572225659999999969e-01 4.677487909793853760e-02
9.600648579999999654e-01 4.965292289853096008e-02
9.629072060000000155e-01 5.792309343814849854e-02
9.657496110000000078e-01 6.121962890028953552e-02
9.685920709999999989e-01 8.729399740695953369e-02
9.714345880000000433e-01 8.964434266090393066e-02
9.742771620000000299e-01 7.988233119249343872e-02
9.771197910000000153e-01 8.210413902997970581e-02
9.799624770000000540e-01 8.778732270002365112e-02
9.828052189999999522e-01 9.764327853918075562e-02
9.856480170000000429e-01 1.013055443763732910e-01
9.884908709999999932e-01 1.031529083847999573e-01
9.913337819999999967e-01 1.087818294763565063e-01
9.941767489999999707e-01 1.124676987528800964e-01
9.970197720000000263e-01 1.058752462267875671e-01
9.998628510000000524e-01 1.107104048132896423e-01
1.002705986999999910e+00 1.069659963250160217e-01
1.005549178999999960e+00 1.052006483078002930e-01
1.008392426999999980e+00 1.029143780469894409e-01
1.011235730999999971e+00 1.112258434295654297e-01
1.014079092000000015e+00 1.039490923285484314e-01
1.016922509000000030e+00 1.147799268364906311e-01
1.019765982000000015e+00 1.059700548648834229e-01
1.022609510999999971e+00 1.097571924328804016e-01
1.025453096999999980e+00 1.133966967463493347e-01
1.028296738999999960e+00 1.124232560396194458e-01
1.031140436999999910e+00 1.040141656994819641e-01
1.033984191000000052e+00 1.067231148481369019e-01
1.036828002000000026e+00 1.073837056756019592e-01
1.039671868000000110e+00 1.023096889257431030e-01
1.042515791000000025e+00 1.187075003981590271e-01
1.045359770999999993e+00 1.107623279094696045e-01
