3.615872339999999796e-01 1.268482446670532227e+00
3.644177160000000026e-01 1.461357831954956055e+00
3.672482539999999962e-01 1.558837890625000000e+00
3.700788480000000158e-01 1.564566850662231445e+00
3.729094980000000059e-01 1.443415760993957520e+00
3.757402049999999938e-01 1.505505561828613281e+00
3.785709680000000077e-01 1.654735684394836426e+00
3.814017869999999921e-01 1.400460720062255859e+00
3.842326620000000026e-01 1.307066679000854492e+00
3.870635940000000108e-01 1.467577815055847168e+00
3.898945819999999896e-01 1.623266577720642090e+00
3.927256259999999943e-01 1.423231482505798340e+00
3.955567260000000251e-01 1.444274663925170898e+00
3.983878829999999982e-01 1.857962965965270996e+00
4.012190950000000256e-01 2.300652503967285156e+00
4.040503639999999952e-01 2.270116090774536133e+00
4.068816900000000181e-01 2.227527856826782227e+00
4.097130709999999842e-01 2.281926870346069336e+00
4.125445090000000037e-01 2.367895841598510742e+00
4.153760029999999936e-01 2.380198955535888672e+00
4.182075530000000096e-01 2.338005304336547852e+00
4.210391589999999962e-01 2.349139928817749023e+00
4.238708219999999804e-01 2.296080827713012695e+00
4.267025409999999908e-01 2.265009641647338867e+00
4.295343160000000271e-01 2.051633834838867188e+00
4.323661469999999785e-01 2.189294576644897461e+00
4.351980349999999831e-01 2.383119821548461914e+00
4.380299790000000137e-01 2.407805919647216797e+00
4.408619790000000149e-01 2.478607177734375000e+00
4.436940349999999866e-01 2.624628543853759766e+00
4.465261480000000116e-01 2.643512964248657227e+00
4.493583170000000071e-01 2.793132543563842773e+00
4.521905419999999731e-01 2.827862739562988281e+00
4.550228230000000207e-01 2.808852672576904297e+00
4.578551610000000105e-01 2.840336561203002930e+00
4.606875550000000263e-01 2.873445510864257812e+00
4.635200050000000127e-01 2.892282485961914062e+00
4.663525110000000251e-01 2.847956418991088867e+00
4.691850739999999798e-01 2.834777832031250000e+00
4.720176919999999887e-01 2.856154441833496094e+00
4.748503669999999954e-01 2.916433095932006836e+00
4.776830989999999999e-01 2.952671527862548828e+00
4.805158860000000032e-01 2.995766162872314453e+00
4.833487300000000042e-01 2.998521327972412109e+00
4.861816299999999758e-01 2.760407209396362305e+00
4.890145859999999733e-01 2.878354549407958984e+00
4.918475979999999970e-01 2.944678306579589844e+00
4.946806670000000183e-01 3.008182048797607422e+00
4.975137920000000102e-01 3.022018671035766602e+00
5.003469729999999727e-01 2.947121620178222656e+00
5.031802100000000166e-01 2.920475006103515625e+00
5.060135040000000028e-01 3.009227514266967773e+00
5.088468539999999596e-01 3.019705295562744141e+00
5.116802599999999979e-01 3.067184686660766602e+00
5.145137220000000067e-01 2.989765167236328125e+00
5.173472409999999577e-01 2.835067510604858398e+00
5.201808159999999903e-01 2.968725442886352539e+00
5.230144469999999934e-01 3.105747699737548828e+00
5.258481339999999671e-01 3.113408327102661133e+00
5.286818779999999940e-01 3.141007661819458008e+00
5.315156779999999914e-01 3.244989633560180664e+00
5.343495339999999594e-01 3.237845897674560547e+00
5.371834460000000089e-01 3.278682947158813477e+00
5.400174150000000006e-01 3.216135025024414062e+00
5.428514389999999912e-01 3.244261503219604492e+00
5.456855200000000350e-01 3.308699369430541992e+00
5.485196580000000210e-01 3.318880319595336914e+00
5.513538510000000059e-01 3.348592758178710938e+00
5.541881010000000440e-01 3.369850873947143555e+00
5.570224070000000527e-01 3.332685708999633789e+00
5.598567690000000319e-01 3.300627231597900391e+00
5.626911869999999816e-01 3.346078872680664062e+00
5.655256619999999845e-01 3.342401742935180664e+00
5.683601929999999580e-01 3.312341213226318359e+00
5.711947800000000131e-01 3.271612644195556641e+00
5.740294230000000386e-01 3.321141481399536133e+00
5.768641230000000064e-01 3.272155284881591797e+00
5.796988789999999447e-01 3.301132440567016602e+00
5.825336909999999646e-01 3.380617856979370117e+00
5.853685589999999550e-01 3.331681013107299805e+00
5.882034839999999987e-01 3.114043235778808594e+00
5.910384650000000129e-01 2.984756231307983398e+00
5.938735019999999976e-01 3.024716854095458984e+00
5.967085949999999528e-01 3.015897274017333984e+00
5.995437449999999613e-01 2.969703435897827148e+00
6.023789510000000513e-01 2.933702707290649414e+00
6.052142130000000009e-01 2.956094980239868164e+00
6.080495310000000320e-01 2.917139291763305664e+00
6.108849060000000053e-01 2.830645322799682617e+00
6.137203359999999774e-01 2.736723184585571289e+00
6.165558230000000028e-01 2.709396600723266602e+00
6.193913669999999705e-01 2.770956039428710938e+00
6.222269660000000480e-01 2.765190362930297852e+00
6.250626219999999567e-01 2.695036411285400391e+00
6.278983339999999469e-01 2.627511501312255859e+00
6.307341020000000187e-01 2.603774309158325195e+00
6.335699259999999500e-01 2.637179851531982422e+00
6.364058070000000455e-01 2.661674499511718750e+00
6.392417440000000006e-01 2.670725345611572266e+00
6.420777370000000372e-01 2.638065576553344727e+00
6.449137860000000444e-01 2.608529567718505859e+00
6.477498919999999938e-01 2.481700420379638672e+00
6.505860540000000247e-01 2.471370458602905273e+00
6.534222720000000262e-01 2.467760801315307617e+00
6.562585459999999982e-01 2.259279489517211914e+00
6.590948770000000234e-01 2.368876695632934570e+00
6.619312640000000192e-01 2.426281213760375977e+00
6.647677069999999855e-01 2.404323816299438477e+00
6.676042060000000333e-01 2.388545989990234375e+00
6.704407620000000234e-01 2.354377508163452148e+00
6.732773739999999840e-01 2.332952976226806641e+00
6.761140420000000262e-01 2.317563295364379883e+00
6.789507660000000389e-01 2.300209760665893555e+00
6.817875469999999938e-01 2.278018712997436523e+00
6.846243829999999475e-01 2.193928241729736328e+00
6.874612759999999545e-01 1.837278485298156738e+00
6.902982260000000148e-01 1.870746493339538574e+00
6.931352309999999628e-01 1.898638486862182617e+00
6.959722929999999641e-01 1.916970133781433105e+00
6.988094110000000470e-01 1.888659596443176270e+00
7.016465849999999893e-01 1.789037346839904785e+00
7.044838150000000132e-01 1.793544650077819824e+00
7.073211019999999793e-01 1.753184199333190918e+00
7.101584450000000270e-01 1.681760311126708984e+00
7.129958440000000452e-01 1.585098862648010254e+00
7.158332990000000340e-01 1.345045924186706543e+00
7.186708109999999650e-01 9.785519838333129883e-01
7.215083789999999775e-01 1.000584602355957031e+00
7.243460029999999605e-01 9.232299923896789551e-01
7.271836830000000251e-01 8.331115841865539551e-01
7.300214200000000320e-01 7.850885987281799316e-01
7.328592130000000093e-01 8.004236817359924316e-01
7.356970619999999572e-01 7.949876785278320312e-01
7.385349669999999866e-01 7.744622230529785156e-01
7.413729289999999583e-01 7.794398665428161621e-01
7.442109470000000115e-01 7.879511713981628418e-01
7.470490210000000353e-01 7.903605103492736816e-01
7.498871510000000296e-01 7.690219283103942871e-01
7.527253379999999661e-01 7.651264667510986328e-01
7.555635800000000124e-01 7.620740532875061035e-01
7.584018790000000010e-01 6.312975883483886719e-01
7.612402350000000428e-01 3.027919232845306396e-01
7.640786459999999725e-01 3.622839450836181641e-01
7.669171139999999554e-01 5.754073858261108398e-01
7.697556380000000198e-01 7.012667059898376465e-01
7.725942180000000548e-01 7.219683527946472168e-01
7.754328539999999492e-01 7.329232692718505859e-01
7.782715470000000080e-01 7.235122323036193848e-01
7.811102960000000373e-01 7.301760911941528320e-01
7.839491010000000371e-01 7.226696014404296875e-01
7.867879620000000074e-01 7.237390875816345215e-01
7.896268800000000310e-01 6.981983780860900879e-01
7.924658540000000251e-01 6.967302560806274414e-01
7.953048839999999897e-01 7.104740142822265625e-01
7.981439700000000359e-01 7.142376303672790527e-01
8.009831130000000243e-01 7.101203799247741699e-01
8.038223119999999833e-01 7.076875567436218262e-01
8.066615670000000238e-01 7.266093492507934570e-01
8.095008780000000348e-01 6.979194879531860352e-01
8.123402459999999881e-01 6.238183379173278809e-01
8.151796700000000229e-01 5.125226378440856934e-01
8.180191500000000282e-01 4.857828021049499512e-01
8.208586860000000041e-01 5.167398452758789062e-01
8.236982790000000332e-01 4.776717424392700195e-01
8.265379269999999501e-01 4.976679980754852295e-01
8.293776320000000313e-01 4.408058524131774902e-01
8.322173940000000547e-01 4.298125505447387695e-01
8.350572109999999659e-01 4.335066378116607666e-01
8.378970850000000414e-01 4.450687170028686523e-01
8.407370149999999764e-01 4.414243102073669434e-01
8.435770009999999930e-01 4.371757209300994873e-01
8.464170429999999801e-01 4.383991360664367676e-01
8.492571420000000204e-01 4.178807437419891357e-01
8.520972970000000313e-01 3.995331823825836182e-01
8.549375080000000127e-01 3.762186169624328613e-01
8.577777749999999646e-01 4.006487429141998291e-01
8.606180989999999698e-01 3.917565941810607910e-01
8.634584789999999455e-01 3.892681598663330078e-01
8.662989150000000027e-01 3.594889342784881592e-01
8.691394070000000305e-01 3.671431839466094971e-01
8.719799560000000005e-01 3.631149530410766602e-01
8.748205610000000521e-01 3.535444438457489014e-01
8.776612219999999631e-01 3.471913337707519531e-01
8.805019389999999557e-01 3.356708884239196777e-01
8.833427130000000016e-01 3.331105709075927734e-01
8.861835430000000180e-01 3.216672241687774658e-01
8.890244290000000049e-01 3.121661543846130371e-01
8.918653709999999624e-01 2.983907461166381836e-01
8.947063699999999731e-01 2.493078857660293579e-01
8.975474239999999826e-01 2.032152712345123291e-01
9.003885350000000454e-01 1.844345182180404663e-01
9.032297030000000504e-01 2.103163301944732666e-01
9.060709260000000542e-01 2.090779989957809448e-01
9.089122060000000003e-01 1.717254668474197388e-01
9.117535420000000279e-01 1.753185391426086426e-01
9.145949340000000261e-01 1.568855494260787964e-01
9.174363819999999947e-01 1.603542268276214600e-01
9.202778870000000166e-01 1.803454011678695679e-01
9.231194480000000091e-01 1.708140820264816284e-01
9.259610649999999721e-01 1.576803028583526611e-01
9.288027380000000166e-01 1.205121278762817383e-01
9.316444680000000034e-01 6.483688950538635254e-02
9.344862539999999607e-01 3.843056410551071167e-02
9.373280959999999995e-01 4.063835367560386658e-02
9.401699940000000089e-01 6.382688134908676147e-02
9.430119489999999605e-01 5.716571584343910217e-02
9.458539599999999936e-01 5.005910620093345642e-02
9.486960269999999973e-01 5.394843220710754395e-02
9.515381499999999715e-01 5.142725259065628052e-02
9.543803299999999989e-01 6.050566211342811584e-02
9.572225659999999969e-01 6.296631693840026855e-02
9.600648579999999654e-01 6.958226114511489868e-02
9.629072060000000155e-01 7.296484708786010742e-02
9.657496110000000078e-01 8.159512281417846680e-02
9.685920709999999989e-01 1.050193607807159424e-01
9.714345880000000433e-01 1.103922650218009949e-01
9.742771620000000299e-01 9.921240806579589844e-02
9.771197910000000153e-01 1.041357591748237610e-01
9.799624770000000540e-01 1.086487844586372375e-01
9.828052189999999522e-01 1.143036708235740662e-01
9.856480170000000429e-01 1.277502924203872681e-01
9.884908709999999932e-01 1.333640515804290771e-01
9.913337819999999967e-01 1.288806647062301636e-01
9.941767489999999707e-01 1.321549713611602783e-01
9.970197720000000263e-01 1.335339546203613281e-01
9.998628510000000524e-01 1.346548944711685181e-01
1.002705986999999910e+00 1.361673921346664429e-01
1.005549178999999960e+00 1.312240809202194214e-01
1.008392426999999980e+00 1.327851712703704834e-01
1.011235730999999971e+00 1.335268020629882812e-01
1.014079092000000015e+00 1.353755742311477661e-01
1.016922509000000030e+00 1.374436020851135254e-01
1.019765982000000015e+00 1.337733715772628784e-01
1.022609510999999971e+00 1.432693600654602051e-01
1.025453096999999980e+00 1.443032026290893555e-01
1.028296738999999960e+00 1.402181684970855713e-01
1.031140436999999910e+00 1.471405923366546631e-01
1.033984191000000052e+00 1.439682692289352417e-01
1.036828002000000026e+00 1.465155929327011108e-01
1.039671868000000110e+00 1.383531987667083740e-01
1.042515791000000025e+00 1.473463773727416992e-01
1.045359770999999993e+00 1.564334481954574585e-01
