3.615872339999999796e-01 1.294867753982543945e+00
3.644177160000000026e-01 1.440016627311706543e+00
3.672482539999999962e-01 1.557163476943969727e+00
3.700788480000000158e-01 1.565984129905700684e+00
3.729094980000000059e-01 1.387299776077270508e+00
3.757402049999999938e-01 1.517758846282958984e+00
3.785709680000000077e-01 1.663244009017944336e+00
3.814017869999999921e-01 1.404652357101440430e+00
3.842326620000000026e-01 1.288293004035949707e+00
3.870635940000000108e-01 1.431453824043273926e+00
3.898945819999999896e-01 1.587362647056579590e+00
3.927256259999999943e-01 1.408497452735900879e+00
3.955567260000000251e-01 1.441497325897216797e+00
3.983878829999999982e-01 1.829516291618347168e+00
4.012190950000000256e-01 2.263150453567504883e+00
4.040503639999999952e-01 2.243366241455078125e+00
4.068816900000000181e-01 2.234846591949462891e+00
4.097130709999999842e-01 2.256273984909057617e+00
4.125445090000000037e-01 2.347143650054931641e+00
4.153760029999999936e-01 2.364004611968994141e+00
4.182075530000000096e-01 2.329101800918579102e+00
4.210391589999999962e-01 2.323286056518554688e+00
4.238708219999999804e-01 2.276228189468383789e+00
4.267025409999999908e-01 2.246196985244750977e+00
4.295343160000000271e-01 2.039905786514282227e+00
4.323661469999999785e-01 2.173789262771606445e+00
4.351980349999999831e-01 2.357396841049194336e+00
4.380299790000000137e-01 2.391124248504638672e+00
4.408619790000000149e-01 2.458437204360961914e+00
4.436940349999999866e-01 2.612385034561157227e+00
4.465261480000000116e-01 2.641024112701416016e+00
4.493583170000000071e-01 2.782685279846191406e+00
4.521905419999999731e-01 2.806543350219726562e+00
4.550228230000000207e-01 2.789316654205322266e+00
4.578551610000000105e-01 2.853226661682128906e+00
4.606875550000000263e-01 2.856589794158935547e+00
4.635200050000000127e-01 2.894741058349609375e+00
4.663525110000000251e-01 2.850290060043334961e+00
4.691850739999999798e-01 2.828219890594482422e+00
4.720176919999999887e-01 2.877981185913085938e+00
4.748503669999999954e-01 2.917337179183959961e+00
4.776830989999999999e-01 2.945540428161621094e+00
4.805158860000000032e-01 3.008925437927246094e+00
4.833487300000000042e-01 2.993237972259521484e+00
4.861816299999999758e-01 2.759957551956176758e+00
4.890145859999999733e-01 2.887953042984008789e+00
4.918475979999999970e-01 2.950490713119506836e+00
4.946806670000000183e-01 3.005307197570800781e+00
4.975137920000000102e-01 3.028280973434448242e+00
5.003469729999999727e-01 2.962422132492065430e+00
5.031802100000000166e-01 2.946725130081176758e+00
5.060135040000000028e-01 3.045712232589721680e+00
5.088468539999999596e-01 3.043980121612548828e+00
5.116802599999999979e-01 3.084510087966918945e+00
5.145137220000000067e-01 3.017667055130004883e+00
5.173472409999999577e-01 2.861559867858886719e+00
5.201808159999999903e-01 2.988586664199829102e+00
5.230144469999999934e-01 3.121573448181152344e+00
5.258481339999999671e-01 3.129078626632690430e+00
5.286818779999999940e-01 3.165690183639526367e+00
5.315156779999999914e-01 3.271368265151977539e+00
5.343495339999999594e-01 3.270311117172241211e+00
5.371834460000000089e-01 3.312736511230468750e+00
5.400174150000000006e-01 3.263867139816284180e+00
5.428514389999999912e-01 3.283621311187744141e+00
5.456855200000000350e-01 3.337345600128173828e+00
5.485196580000000210e-01 3.346943616867065430e+00
5.513538510000000059e-01 3.378458023071289062e+00
5.541881010000000440e-01 3.409871101379394531e+00
5.570224070000000527e-01 3.374044895172119141e+00
5.598567690000000319e-01 3.334835767745971680e+00
5.626911869999999816e-01 3.382220745086669922e+00
5.655256619999999845e-01 3.378901720046997070e+00
5.683601929999999580e-01 3.351258754730224609e+00
5.711947800000000131e-01 3.307778120040893555e+00
5.740294230000000386e-01 3.356491088867187500e+00
5.768641230000000064e-01 3.326477289199829102e+00
5.796988789999999447e-01 3.341857671737670898e+00
5.825336909999999646e-01 3.426953554153442383e+00
5.853685589999999550e-01 3.386997222900390625e+00
5.882034839999999987e-01 3.164515256881713867e+00
5.910384650000000129e-01 3.032058954238891602e+00
5.938735019999999976e-01 3.089660406112670898e+00
5.967085949999999528e-01 3.075669765472412109e+00
5.995437449999999613e-01 3.044485569000244141e+00
6.023789510000000513e-01 3.013155460357666016e+00
6.052142130000000009e-01 3.029699802398681641e+00
6.080495310000000320e-01 2.988292455673217773e+00
6.108849060000000053e-01 2.874142646789550781e+00
6.137203359999999774e-01 2.811386823654174805e+00
6.165558230000000028e-01 2.779946327209472656e+00
6.193913669999999705e-01 2.853025913238525391e+00
6.222269660000000480e-01 2.838977336883544922e+00
6.250626219999999567e-01 2.770550251007080078e+00
6.278983339999999469e-01 2.709117174148559570e+00
6.307341020000000187e-01 2.686637639999389648e+00
6.335699259999999500e-01 2.720812797546386719e+00
6.364058070000000455e-01 2.744978666305541992e+00
6.392417440000000006e-01 2.751046180725097656e+00
6.420777370000000372e-01 2.721290111541748047e+00
6.449137860000000444e-01 2.690081119537353516e+00
6.477498919999999938e-01 2.567915916442871094e+00
6.505860540000000247e-01 2.557410240173339844e+00
6.534222720000000262e-01 2.549260139465332031e+00
6.562585459999999982e-01 2.341523170471191406e+00
6.590948770000000234e-01 2.459025621414184570e+00
6.619312640000000192e-01 2.519429683685302734e+00
6.647677069999999855e-01 2.497385740280151367e+00
6.676042060000000333e-01 2.485271453857421875e+00
6.704407620000000234e-01 2.449290752410888672e+00
6.732773739999999840e-01 2.418375492095947266e+00
6.761140420000000262e-01 2.416228294372558594e+00
6.789507660000000389e-01 2.396203041076660156e+00
6.817875469999999938e-01 2.374802112579345703e+00
6.846243829999999475e-01 2.286851882934570312e+00
6.874612759999999545e-01 1.926188945770263672e+00
6.902982260000000148e-01 1.949381232261657715e+00
6.931352309999999628e-01 1.984642267227172852e+00
6.959722929999999641e-01 2.006295680999755859e+00
6.988094110000000470e-01 1.985594153404235840e+00
7.016465849999999893e-01 1.885806322097778320e+00
7.044838150000000132e-01 1.879217863082885742e+00
7.073211019999999793e-01 1.847536683082580566e+00
7.101584450000000270e-01 1.796144723892211914e+00
7.129958440000000452e-01 1.685330510139465332e+00
7.158332990000000340e-01 1.431294560432434082e+00
7.186708109999999650e-01 1.048230409622192383e+00
7.215083789999999775e-01 1.082314372062683105e+00
7.243460029999999605e-01 9.853047132492065430e-01
7.271836830000000251e-01 8.947790265083312988e-01
7.300214200000000320e-01 8.430818915367126465e-01
7.328592130000000093e-01 8.635797500610351562e-01
7.356970619999999572e-01 8.577490448951721191e-01
7.385349669999999866e-01 8.421651721000671387e-01
7.413729289999999583e-01 8.420593142509460449e-01
7.442109470000000115e-01 8.477266430854797363e-01
7.470490210000000353e-01 8.523787260055541992e-01
7.498871510000000296e-01 8.425576686859130859e-01
7.527253379999999661e-01 8.344008326530456543e-01
7.555635800000000124e-01 8.212894201278686523e-01
7.584018790000000010e-01 6.765908598899841309e-01
7.612402350000000428e-01 3.153274655342102051e-01
7.640786459999999725e-01 3.874827921390533447e-01
7.669171139999999554e-01 6.203469634056091309e-01
7.697556380000000198e-01 7.595331072807312012e-01
7.725942180000000548e-01 7.791392803192138672e-01
7.754328539999999492e-01 7.884339690208435059e-01
7.782715470000000080e-01 7.908513545989990234e-01
7.811102960000000373e-01 7.938020825386047363e-01
7.839491010000000371e-01 7.892865538597106934e-01
7.867879620000000074e-01 7.779587507247924805e-01
7.896268800000000310e-01 7.589223980903625488e-01
7.924658540000000251e-01 7.672985792160034180e-01
7.953048839999999897e-01 7.650213241577148438e-01
7.981439700000000359e-01 7.801427245140075684e-01
8.009831130000000243e-01 7.722116112709045410e-01
8.038223119999999833e-01 7.754679322242736816e-01
8.066615670000000238e-01 7.836834192276000977e-01
8.095008780000000348e-01 7.535380125045776367e-01
8.123402459999999881e-01 6.769450306892395020e-01
8.151796700000000229e-01 5.527064800262451172e-01
8.180191500000000282e-01 5.206335186958312988e-01
8.208586860000000041e-01 5.577310919761657715e-01
8.236982790000000332e-01 5.123373270034790039e-01
8.265379269999999501e-01 5.359454751014709473e-01
8.293776320000000313e-01 4.776886105537414551e-01
8.322173940000000547e-01 4.596601724624633789e-01
8.350572109999999659e-01 4.659146964550018311e-01
8.378970850000000414e-01 4.758667647838592529e-01
8.407370149999999764e-01 4.759251475334167480e-01
8.435770009999999930e-01 4.722353518009185791e-01
8.464170429999999801e-01 4.676512777805328369e-01
8.492571420000000204e-01 4.493649005889892578e-01
8.520972970000000313e-01 4.273419082164764404e-01
8.549375080000000127e-01 4.030374586582183838e-01
8.577777749999999646e-01 4.317221939563751221e-01
8.606180989999999698e-01 4.253481924533843994e-01
8.634584789999999455e-01 4.162186384201049805e-01
8.662989150000000027e-01 3.807134032249450684e-01
8.691394070000000305e-01 3.961074352264404297e-01
8.719799560000000005e-01 3.866721689701080322e-01
8.748205610000000521e-01 3.810477554798126221e-01
8.776612219999999631e-01 3.744757473468780518e-01
8.805019389999999557e-01 3.588017523288726807e-01
8.833427130000000016e-01 3.510611057281494141e-01
8.861835430000000180e-01 3.394325673580169678e-01
8.890244290000000049e-01 3.307044208049774170e-01
8.918653709999999624e-01 3.163693547248840332e-01
8.947063699999999731e-01 2.650753557682037354e-01
8.975474239999999826e-01 2.100457400083541870e-01
9.003885350000000454e-01 1.920514404773712158e-01
9.032297030000000504e-01 2.179456651210784912e-01
9.060709260000000542e-01 2.189670503139495850e-01
9.089122060000000003e-01 1.806682497262954712e-01
9.117535420000000279e-01 1.789080202579498291e-01
9.145949340000000261e-01 1.629456281661987305e-01
9.174363819999999947e-01 1.627212464809417725e-01
9.202778870000000166e-01 1.871656328439712524e-01
9.231194480000000091e-01 1.760813444852828979e-01
9.259610649999999721e-01 1.626564860343933105e-01
9.288027380000000166e-01 1.197750195860862732e-01
9.316444680000000034e-01 6.644024699926376343e-02
9.344862539999999607e-01 3.893542289733886719e-02
9.373280959999999995e-01 4.369837045669555664e-02
9.401699940000000089e-01 6.572587043046951294e-02
9.430119489999999605e-01 5.628250539302825928e-02
9.458539599999999936e-01 5.032376572489738464e-02
9.486960269999999973e-01 5.043353512883186340e-02
9.515381499999999715e-01 5.582567676901817322e-02
9.543803299999999989e-01 5.859270691871643066e-02
9.572225659999999969e-01 6.003195792436599731e-02
9.600648579999999654e-01 6.340016424655914307e-02
9.629072060000000155e-01 7.246194034814834595e-02
9.657496110000000078e-01 8.316832780838012695e-02
9.685920709999999989e-01 1.015328466892242432e-01
9.714345880000000433e-01 1.111416295170783997e-01
9.742771620000000299e-01 9.664494544267654419e-02
9.771197910000000153e-01 1.004598364233970642e-01
9.799624770000000540e-01 1.041992828249931335e-01
9.828052189999999522e-01 1.161497011780738831e-01
9.856480170000000429e-01 1.238236725330352783e-01
9.884908709999999932e-01 1.294724941253662109e-01
9.913337819999999967e-01 1.358091533184051514e-01
9.941767489999999707e-01 1.334917694330215454e-01
9.970197720000000263e-01 1.383058428764343262e-01
9.998628510000000524e-01 1.372461020946502686e-01
1.002705986999999910e+00 1.306745857000350952e-01
1.005549178999999960e+00 1.240737587213516235e-01
1.008392426999999980e+00 1.310024410486221313e-01
1.011235730999999971e+00 1.354814767837524414e-01
1.014079092000000015e+00 1.344579160213470459e-01
1.016922509000000030e+00 1.328949034214019775e-01
1.019765982000000015e+00 1.379104703664779663e-01
1.022609510999999971e+00 1.393843591213226318e-01
1.025453096999999980e+00 1.331441402435302734e-01
1.028296738999999960e+00 1.375333219766616821e-01
1.031140436999999910e+00 1.397077441215515137e-01
1.033984191000000052e+00 1.424477547407150269e-01
1.036828002000000026e+00 1.415258496999740601e-01
1.039671868000000110e+00 1.384023129940032959e-01
1.042515791000000025e+00 1.475972235202789307e-01
1.045359770999999993e+00 1.362831741571426392e-01
