3.615872339999999796e-01 1.305678606033325195e+00
3.644177160000000026e-01 1.436800122261047363e+00
3.672482539999999962e-01 1.562837004661560059e+00
3.700788480000000158e-01 1.551209092140197754e+00
3.729094980000000059e-01 1.384551286697387695e+00
3.757402049999999938e-01 1.501723766326904297e+00
3.785709680000000077e-01 1.605924606323242188e+00
3.814017869999999921e-01 1.444644212722778320e+00
3.842326620000000026e-01 1.277453422546386719e+00
3.870635940000000108e-01 1.415695190429687500e+00
3.898945819999999896e-01 1.602698564529418945e+00
3.927256259999999943e-01 1.410120725631713867e+00
3.955567260000000251e-01 1.445518255233764648e+00
3.983878829999999982e-01 1.807374715805053711e+00
4.012190950000000256e-01 2.250228881835937500e+00
4.040503639999999952e-01 2.238962411880493164e+00
4.068816900000000181e-01 2.165861129760742188e+00
4.097130709999999842e-01 2.260604143142700195e+00
4.125445090000000037e-01 2.326577901840209961e+00
4.153760029999999936e-01 2.335733413696289062e+00
4.182075530000000096e-01 2.277008295059204102e+00
4.210391589999999962e-01 2.292581796646118164e+00
4.238708219999999804e-01 2.269548177719116211e+00
4.267025409999999908e-01 2.208853244781494141e+00
4.295343160000000271e-01 2.000809669494628906e+00
4.323661469999999785e-01 2.114705801010131836e+00
4.351980349999999831e-01 2.312205314636230469e+00
4.380299790000000137e-01 2.338989973068237305e+00
4.408619790000000149e-01 2.407284975051879883e+00
4.436940349999999866e-01 2.565461397171020508e+00
4.465261480000000116e-01 2.580085515975952148e+00
4.493583170000000071e-01 2.738026142120361328e+00
4.521905419999999731e-01 2.763196706771850586e+00
4.550228230000000207e-01 2.719374656677246094e+00
4.578551610000000105e-01 2.779890775680541992e+00
4.606875550000000263e-01 2.792891025543212891e+00
4.635200050000000127e-01 2.817016839981079102e+00
4.663525110000000251e-01 2.765636682510375977e+00
4.691850739999999798e-01 2.751455783843994141e+00
4.720176919999999887e-01 2.805737018585205078e+00
4.748503669999999954e-01 2.840871810913085938e+00
4.776830989999999999e-01 2.881127834320068359e+00
4.805158860000000032e-01 2.933623075485229492e+00
4.833487300000000042e-01 2.906679630279541016e+00
4.861816299999999758e-01 2.665011644363403320e+00
4.890145859999999733e-01 2.792839765548706055e+00
4.918475979999999970e-01 2.865183830261230469e+00
4.946806670000000183e-01 2.920933008193969727e+00
4.975137920000000102e-01 2.938594341278076172e+00
5.003469729999999727e-01 2.860279321670532227e+00
5.031802100000000166e-01 2.842449665069580078e+00
5.060135040000000028e-01 2.934127330780029297e+00
5.088468539999999596e-01 2.943856000900268555e+00
5.116802599999999979e-01 2.976956129074096680e+00
5.145137220000000067e-01 2.913725376129150391e+00
5.173472409999999577e-01 2.754593849182128906e+00
5.201808159999999903e-01 2.868850946426391602e+00
5.230144469999999934e-01 2.996517419815063477e+00
5.258481339999999671e-01 3.001535892486572266e+00
5.286818779999999940e-01 3.043376922607421875e+00
5.315156779999999914e-01 3.148782491683959961e+00
5.343495339999999594e-01 3.131229400634765625e+00
5.371834460000000089e-01 3.176084041595458984e+00
5.400174150000000006e-01 3.122054576873779297e+00
5.428514389999999912e-01 3.137053489685058594e+00
5.456855200000000350e-01 3.191879510879516602e+00
5.485196580000000210e-01 3.202295780181884766e+00
5.513538510000000059e-01 3.226019620895385742e+00
5.541881010000000440e-01 3.265514135360717773e+00
5.570224070000000527e-01 3.219756841659545898e+00
5.598567690000000319e-01 3.183269023895263672e+00
5.626911869999999816e-01 3.234126091003417969e+00
5.655256619999999845e-01 3.222165107727050781e+00
5.683601929999999580e-01 3.182362794876098633e+00
5.711947800000000131e-01 3.158348083496093750e+00
5.740294230000000386e-01 3.206525325775146484e+00
5.768641230000000064e-01 3.173195123672485352e+00
5.796988789999999447e-01 3.181941509246826172e+00
5.825336909999999646e-01 3.247709989547729492e+00
5.853685589999999550e-01 3.210190057754516602e+00
5.882034839999999987e-01 2.997104883193969727e+00
5.910384650000000129e-01 2.852263927459716797e+00
5.938735019999999976e-01 2.902501821517944336e+00
5.967085949999999528e-01 2.876237392425537109e+00
5.995437449999999613e-01 2.836503982543945312e+00
6.023789510000000513e-01 2.793482065200805664e+00
6.052142130000000009e-01 2.802603960037231445e+00
6.080495310000000320e-01 2.760196447372436523e+00
6.108849060000000053e-01 2.630503892898559570e+00
6.137203359999999774e-01 2.544863700866699219e+00
6.165558230000000028e-01 2.539374828338623047e+00
6.193913669999999705e-01 2.616400718688964844e+00
6.222269660000000480e-01 2.609212398529052734e+00
6.250626219999999567e-01 2.535399436950683594e+00
6.278983339999999469e-01 2.480461120605468750e+00
6.307341020000000187e-01 2.449427843093872070e+00
6.335699259999999500e-01 2.484218120574951172e+00
6.364058070000000455e-01 2.498623609542846680e+00
6.392417440000000006e-01 2.508590459823608398e+00
6.420777370000000372e-01 2.472357749938964844e+00
6.449137860000000444e-01 2.452956199645996094e+00
6.477498919999999938e-01 2.326312780380249023e+00
6.505860540000000247e-01 2.312413454055786133e+00
6.534222720000000262e-01 2.305555343627929688e+00
6.562585459999999982e-01 2.110501050949096680e+00
6.590948770000000234e-01 2.204564094543457031e+00
6.619312640000000192e-01 2.264308929443359375e+00
6.647677069999999855e-01 2.245390892028808594e+00
6.676042060000000333e-01 2.224297046661376953e+00
6.704407620000000234e-01 2.198993921279907227e+00
6.732773739999999840e-01 2.176292181015014648e+00
6.761140420000000262e-01 2.163021802902221680e+00
6.789507660000000389e-01 2.150874853134155273e+00
6.817875469999999938e-01 2.125475883483886719e+00
6.846243829999999475e-01 2.041703462600708008e+00
6.874612759999999545e-01 1.705345034599304199e+00
6.902982260000000148e-01 1.718405604362487793e+00
6.931352309999999628e-01 1.740013957023620605e+00
6.959722929999999641e-01 1.744455456733703613e+00
6.988094110000000470e-01 1.723630905151367188e+00
7.016465849999999893e-01 1.621366381645202637e+00
7.044838150000000132e-01 1.615483760833740234e+00
7.073211019999999793e-01 1.575972914695739746e+00
7.101584450000000270e-01 1.510275244712829590e+00
7.129958440000000452e-01 1.420863628387451172e+00
7.158332990000000340e-01 1.200311779975891113e+00
7.186708109999999650e-01 8.700723648071289062e-01
7.215083789999999775e-01 8.831502199172973633e-01
7.243460029999999605e-01 8.052650094032287598e-01
7.271836830000000251e-01 7.283587455749511719e-01
7.300214200000000320e-01 6.795741915702819824e-01
7.328592130000000093e-01 6.885901689529418945e-01
7.356970619999999572e-01 6.855856180191040039e-01
7.385349669999999866e-01 6.654269099235534668e-01
7.413729289999999583e-01 6.659750938415527344e-01
7.442109470000000115e-01 6.705209016799926758e-01
7.470490210000000353e-01 6.713961958885192871e-01
7.498871510000000296e-01 6.563441753387451172e-01
7.527253379999999661e-01 6.461526155471801758e-01
7.555635800000000124e-01 6.492037177085876465e-01
7.584018790000000010e-01 5.382845401763916016e-01
7.612402350000000428e-01 2.513450980186462402e-01
7.640786459999999725e-01 2.986298799514770508e-01
7.669171139999999554e-01 4.753900170326232910e-01
7.697556380000000198e-01 5.865328907966613770e-01
7.725942180000000548e-01 6.043341755867004395e-01
7.754328539999999492e-01 6.071021556854248047e-01
7.782715470000000080e-01 6.108522415161132812e-01
7.811102960000000373e-01 6.132027506828308105e-01
7.839491010000000371e-01 6.164647936820983887e-01
7.867879620000000074e-01 6.066322326660156250e-01
7.896268800000000310e-01 5.861839652061462402e-01
7.924658540000000251e-01 5.829672217369079590e-01
7.953048839999999897e-01 5.921490788459777832e-01
7.981439700000000359e-01 5.987113118171691895e-01
8.009831130000000243e-01 5.897980332374572754e-01
8.038223119999999833e-01 5.918414592742919922e-01
8.066615670000000238e-01 6.065514683723449707e-01
8.095008780000000348e-01 5.799427628517150879e-01
8.123402459999999881e-01 5.232592225074768066e-01
8.151796700000000229e-01 4.310986101627349854e-01
8.180191500000000282e-01 4.017054438591003418e-01
8.208586860000000041e-01 4.344388544559478760e-01
8.236982790000000332e-01 3.918199539184570312e-01
8.265379269999999501e-01 4.102725982666015625e-01
8.293776320000000313e-01 3.697232604026794434e-01
8.322173940000000547e-01 3.522604405879974365e-01
8.350572109999999659e-01 3.605812489986419678e-01
8.378970850000000414e-01 3.701780736446380615e-01
8.407370149999999764e-01 3.617252111434936523e-01
8.435770009999999930e-01 3.595256209373474121e-01
8.464170429999999801e-01 3.613432347774505615e-01
8.492571420000000204e-01 3.435843586921691895e-01
8.520972970000000313e-01 3.292137086391448975e-01
8.549375080000000127e-01 3.076427578926086426e-01
8.577777749999999646e-01 3.320032358169555664e-01
8.606180989999999698e-01 3.258235156536102295e-01
8.634584789999999455e-01 3.191789090633392334e-01
8.662989150000000027e-01 2.934011816978454590e-01
8.691394070000000305e-01 3.000239729881286621e-01
8.719799560000000005e-01 2.973477244377136230e-01
8.748205610000000521e-01 2.871386706829071045e-01
8.776612219999999631e-01 2.787469029426574707e-01
8.805019389999999557e-01 2.736143469810485840e-01
8.833427130000000016e-01 2.663620114326477051e-01
8.861835430000000180e-01 2.590847909450531006e-01
8.890244290000000049e-01 2.521030008792877197e-01
8.918653709999999624e-01 2.407399415969848633e-01
8.947063699999999731e-01 2.056851536035537720e-01
8.975474239999999826e-01 1.650901287794113159e-01
9.003885350000000454e-01 1.433119475841522217e-01
9.032297030000000504e-01 1.657987385988235474e-01
9.060709260000000542e-01 1.678424179553985596e-01
9.089122060000000003e-01 1.399176865816116333e-01
9.117535420000000279e-01 1.383909583091735840e-01
9.145949340000000261e-01 1.309140175580978394e-01
9.174363819999999947e-01 1.255109310150146484e-01
9.202778870000000166e-01 1.497424393892288208e-01
9.231194480000000091e-01 1.370920091867446899e-01
9.259610649999999721e-01 1.299107670783996582e-01
9.288027380000000166e-01 9.320310503244400024e-02
9.316444680000000034e-01 5.075528845191001892e-02
9.344862539999999607e-01 3.360422700643539429e-02
9.373280959999999995e-01 3.145029023289680481e-02
9.401699940000000089e-01 5.146142467856407166e-02
9.430119489999999605e-01 4.367370530962944031e-02
9.458539599999999936e-01 3.951580449938774109e-02
9.486960269999999973e-01 3.928196057677268982e-02
9.515381499999999715e-01 4.408372938632965088e-02
9.543803299999999989e-01 4.099145531654357910e-02
9.572225659999999969e-01 4.901361092925071716e-02
9.600648579999999654e-01 5.048257112503051758e-02
9.629072060000000155e-01 6.109127774834632874e-02
9.657496110000000078e-01 6.317904591560363770e-02
9.685920709999999989e-01 8.198868483304977417e-02
9.714345880000000433e-01 8.614632487297058105e-02
9.742771620000000299e-01 8.022665232419967651e-02
9.771197910000000153e-01 7.882846146821975708e-02
9.799624770000000540e-01 8.535081893205642700e-02
9.828052189999999522e-01 8.966148644685745239e-02
9.856480170000000429e-01 9.589532762765884399e-02
9.884908709999999932e-01 1.024665310978889465e-01
9.913337819999999967e-01 1.052523404359817505e-01
9.941767489999999707e-01 1.008994281291961670e-01
9.970197720000000263e-01 1.016625538468360901e-01
9.998628510000000524e-01 1.005366966128349304e-01
1.002705986999999910e+00 1.015311330556869507e-01
1.005549178999999960e+00 9.912088513374328613e-02
1.008392426999999980e+00 9.710957854986190796e-02
1.011235730999999971e+00 1.006671339273452759e-01
1.014079092000000015e+00 9.790253639221191406e-02
1.016922509000000030e+00 1.024919077754020691e-01
1.019765982000000015e+00 1.072200462222099304e-01
1.022609510999999971e+00 1.081032827496528625e-01
1.025453096999999980e+00 9.903625398874282837e-02
1.028296738999999960e+00 1.051258221268653870e-01
1.031140436999999910e+00 1.105399951338768005e-01
1.033984191000000052e+00 1.083934009075164795e-01
1.036828002000000026e+00 9.931213408708572388e-02
1.039671868000000110e+00 1.034835055470466614e-01
1.042515791000000025e+00 1.046575307846069336e-01
1.045359770999999993e+00 9.737096726894378662e-02
