3.615872339999999796e-01 1.300357818603515625e+00
3.644177160000000026e-01 1.486955881118774414e+00
3.672482539999999962e-01 1.585216641426086426e+00
3.700788480000000158e-01 1.602400779724121094e+00
3.729094980000000059e-01 1.441913843154907227e+00
3.757402049999999938e-01 1.526152968406677246e+00
3.785709680000000077e-01 1.650666832923889160e+00
3.814017869999999921e-01 1.420050859451293945e+00
3.842326620000000026e-01 1.309701681137084961e+00
3.870635940000000108e-01 1.433037161827087402e+00
3.898945819999999896e-01 1.631379127502441406e+00
3.927256259999999943e-01 1.432941555976867676e+00
3.955567260000000251e-01 1.478743314743041992e+00
3.983878829999999982e-01 1.843579530715942383e+00
4.012190950000000256e-01 2.271395921707153320e+00
4.040503639999999952e-01 2.295727491378784180e+00
4.068816900000000181e-01 2.242427349090576172e+00
4.097130709999999842e-01 2.299987316131591797e+00
4.125445090000000037e-01 2.388174295425415039e+00
4.153760029999999936e-01 2.373879194259643555e+00
4.182075530000000096e-01 2.347872972488403320e+00
4.210391589999999962e-01 2.364359855651855469e+00
4.238708219999999804e-01 2.324477434158325195e+00
4.267025409999999908e-01 2.269378185272216797e+00
4.295343160000000271e-01 2.061773300170898438e+00
4.323661469999999785e-01 2.231038093566894531e+00
4.351980349999999831e-01 2.396613359451293945e+00
4.380299790000000137e-01 2.434130430221557617e+00
4.408619790000000149e-01 2.523148536682128906e+00
4.436940349999999866e-01 2.634512662887573242e+00
4.465261480000000116e-01 2.683219194412231445e+00
4.493583170000000071e-01 2.843229055404663086e+00
4.521905419999999731e-01 2.864844799041748047e+00
4.550228230000000207e-01 2.823952436447143555e+00
4.578551610000000105e-01 2.893454074859619141e+00
4.606875550000000263e-01 2.901262044906616211e+00
4.635200050000000127e-01 2.936197042465209961e+00
4.663525110000000251e-01 2.875573158264160156e+00
4.691850739999999798e-01 2.877114534378051758e+00
4.720176919999999887e-01 2.905481815338134766e+00
4.748503669999999954e-01 2.947930097579956055e+00
4.776830989999999999e-01 2.983554363250732422e+00
4.805158860000000032e-01 3.045597791671752930e+00
4.833487300000000042e-01 3.015467882156372070e+00
4.861816299999999758e-01 2.804189443588256836e+00
4.890145859999999733e-01 2.911894798278808594e+00
4.918475979999999970e-01 2.977764606475830078e+00
4.946806670000000183e-01 3.047562837600708008e+00
4.975137920000000102e-01 3.060843229293823242e+00
5.003469729999999727e-01 2.995619535446166992e+00
5.031802100000000166e-01 2.965039491653442383e+00
5.060135040000000028e-01 3.061623096466064453e+00
5.088468539999999596e-01 3.076220035552978516e+00
5.116802599999999979e-01 3.105222225189208984e+00
5.145137220000000067e-01 3.036634683609008789e+00
5.173472409999999577e-01 2.883146047592163086e+00
5.201808159999999903e-01 3.010314702987670898e+00
5.230144469999999934e-01 3.144604682922363281e+00
5.258481339999999671e-01 3.147901773452758789e+00
5.286818779999999940e-01 3.187906265258789062e+00
5.315156779999999914e-01 3.296498298645019531e+00
5.343495339999999594e-01 3.286695957183837891e+00
5.371834460000000089e-01 3.337451696395874023e+00
5.400174150000000006e-01 3.263213872909545898e+00
5.428514389999999912e-01 3.296136379241943359e+00
5.456855200000000350e-01 3.363033056259155273e+00
5.485196580000000210e-01 3.365515232086181641e+00
5.513538510000000059e-01 3.385308265686035156e+00
5.541881010000000440e-01 3.424044847488403320e+00
5.570224070000000527e-01 3.386174440383911133e+00
5.598567690000000319e-01 3.345325708389282227e+00
5.626911869999999816e-01 3.391687154769897461e+00
5.655256619999999845e-01 3.382155895233154297e+00
5.683601929999999580e-01 3.349558115005493164e+00
5.711947800000000131e-01 3.310748338699340820e+00
5.740294230000000386e-01 3.366084814071655273e+00
5.768641230000000064e-01 3.328892946243286133e+00
5.796988789999999447e-01 3.338484287261962891e+00
5.825336909999999646e-01 3.415289878845214844e+00
5.853685589999999550e-01 3.377806663513183594e+00
5.882034839999999987e-01 3.158623218536376953e+00
5.910384650000000129e-01 3.014118432998657227e+00
5.938735019999999976e-01 3.057920455932617188e+00
5.967085949999999528e-01 3.046527862548828125e+00
5.995437449999999613e-01 3.005325555801391602e+00
6.023789510000000513e-01 2.961187839508056641e+00
6.052142130000000009e-01 2.964884757995605469e+00
6.080495310000000320e-01 2.933804750442504883e+00
6.108849060000000053e-01 2.800000905990600586e+00
6.137203359999999774e-01 2.736770391464233398e+00
6.165558230000000028e-01 2.720146179199218750e+00
6.193913669999999705e-01 2.801608085632324219e+00
6.222269660000000480e-01 2.778994798660278320e+00
6.250626219999999567e-01 2.701911926269531250e+00
6.278983339999999469e-01 2.635783195495605469e+00
6.307341020000000187e-01 2.622203588485717773e+00
6.335699259999999500e-01 2.647830963134765625e+00
6.364058070000000455e-01 2.674531459808349609e+00
6.392417440000000006e-01 2.682586669921875000e+00
6.420777370000000372e-01 2.652430772781372070e+00
6.449137860000000444e-01 2.612918138504028320e+00
6.477498919999999938e-01 2.495785951614379883e+00
6.505860540000000247e-01 2.476971864700317383e+00
6.534222720000000262e-01 2.470544576644897461e+00
6.562585459999999982e-01 2.270621299743652344e+00
6.590948770000000234e-01 2.379247903823852539e+00
6.619312640000000192e-01 2.430692195892333984e+00
6.647677069999999855e-01 2.411023855209350586e+00
6.676042060000000333e-01 2.385176420211791992e+00
6.704407620000000234e-01 2.349663734436035156e+00
6.732773739999999840e-01 2.331414222717285156e+00
6.761140420000000262e-01 2.322988986968994141e+00
6.789507660000000389e-01 2.301095485687255859e+00
6.817875469999999938e-01 2.274296283721923828e+00
6.846243829999999475e-01 2.192922592163085938e+00
6.874612759999999545e-01 1.839204788208007812e+00
6.902982260000000148e-01 1.859829902648925781e+00
6.931352309999999628e-01 1.895105838775634766e+00
6.959722929999999641e-01 1.920445561408996582e+00
6.988094110000000470e-01 1.891054868698120117e+00
7.016465849999999893e-01 1.781394481658935547e+00
7.044838150000000132e-01 1.780349731445312500e+00
7.073211019999999793e-01 1.741564989089965820e+00
7.101584450000000270e-01 1.676247715950012207e+00
7.129958440000000452e-01 1.575199007987976074e+00
7.158332990000000340e-01 1.334841370582580566e+00
7.186708109999999650e-01 9.633623361587524414e-01
7.215083789999999775e-01 9.919360280036926270e-01
7.243460029999999605e-01 9.089474678039550781e-01
7.271836830000000251e-01 8.195661306381225586e-01
7.300214200000000320e-01 7.673714756965637207e-01
7.328592130000000093e-01 7.837572693824768066e-01
7.356970619999999572e-01 7.841159701347351074e-01
7.385349669999999866e-01 7.568479776382446289e-01
7.413729289999999583e-01 7.621218562126159668e-01
7.442109470000000115e-01 7.708227038383483887e-01
7.470490210000000353e-01 7.665165066719055176e-01
7.498871510000000296e-01 7.535904049873352051e-01
7.527253379999999661e-01 7.519857287406921387e-01
7.555635800000000124e-01 7.364025712013244629e-01
7.584018790000000010e-01 6.101727485656738281e-01
7.612402350000000428e-01 2.854098975658416748e-01
7.640786459999999725e-01 3.456279337406158447e-01
7.669171139999999554e-01 5.495352745056152344e-01
7.697556380000000198e-01 6.729918122291564941e-01
7.725942180000000548e-01 7.019316554069519043e-01
7.754328539999999492e-01 7.031461596488952637e-01
7.782715470000000080e-01 7.026342749595642090e-01
7.811102960000000373e-01 7.078777551651000977e-01
7.839491010000000371e-01 6.996010541915893555e-01
7.867879620000000074e-01 6.955714225769042969e-01
7.896268800000000310e-01 6.716614365577697754e-01
7.924658540000000251e-01 6.760657429695129395e-01
7.953048839999999897e-01 6.846792697906494141e-01
7.981439700000000359e-01 6.856400370597839355e-01
8.009831130000000243e-01 6.833640933036804199e-01
8.038223119999999833e-01 6.854836344718933105e-01
8.066615670000000238e-01 6.997321248054504395e-01
8.095008780000000348e-01 6.718026995658874512e-01
8.123402459999999881e-01 5.962015986442565918e-01
8.151796700000000229e-01 4.922494590282440186e-01
8.180191500000000282e-01 4.601160883903503418e-01
8.208586860000000041e-01 4.946349561214447021e-01
8.236982790000000332e-01 4.568313360214233398e-01
8.265379269999999501e-01 4.763022065162658691e-01
8.293776320000000313e-01 4.194486439228057861e-01
8.322173940000000547e-01 4.080891311168670654e-01
8.350572109999999659e-01 4.171027839183807373e-01
8.378970850000000414e-01 4.208542704582214355e-01
8.407370149999999764e-01 4.251888692378997803e-01
8.435770009999999930e-01 4.255717694759368896e-01
8.464170429999999801e-01 4.177803695201873779e-01
8.492571420000000204e-01 3.965634405612945557e-01
8.520972970000000313e-01 3.850430846214294434e-01
8.549375080000000127e-01 3.660346269607543945e-01
8.577777749999999646e-01 3.891558051109313965e-01
8.606180989999999698e-01 3.831091821193695068e-01
8.634584789999999455e-01 3.755679130554199219e-01
8.662989150000000027e-01 3.452238738536834717e-01
8.691394070000000305e-01 3.556718230247497559e-01
8.719799560000000005e-01 3.449621498584747314e-01
8.748205610000000521e-01 3.420045077800750732e-01
8.776612219999999631e-01 3.332588970661163330e-01
8.805019389999999557e-01 3.235825002193450928e-01
8.833427130000000016e-01 3.148042559623718262e-01
8.861835430000000180e-01 3.066739737987518311e-01
8.890244290000000049e-01 3.009812235832214355e-01
8.918653709999999624e-01 2.856836318969726562e-01
8.947063699999999731e-01 2.469568103551864624e-01
8.975474239999999826e-01 1.924085021018981934e-01
9.003885350000000454e-01 1.720957905054092407e-01
9.032297030000000504e-01 1.989305764436721802e-01
9.060709260000000542e-01 1.965101212263107300e-01
9.089122060000000003e-01 1.580037474632263184e-01
9.117535420000000279e-01 1.634129583835601807e-01
9.145949340000000261e-01 1.489964276552200317e-01
9.174363819999999947e-01 1.511164307594299316e-01
9.202778870000000166e-01 1.743876636028289795e-01
9.231194480000000091e-01 1.625922769308090210e-01
9.259610649999999721e-01 1.516815423965454102e-01
9.288027380000000166e-01 1.126564368605613708e-01
9.316444680000000034e-01 5.750862509012222290e-02
9.344862539999999607e-01 3.356516361236572266e-02
9.373280959999999995e-01 3.735976666212081909e-02
9.401699940000000089e-01 5.756660550832748413e-02
9.430119489999999605e-01 5.010252445936203003e-02
9.458539599999999936e-01 4.304422810673713684e-02
9.486960269999999973e-01 4.739375039935112000e-02
9.515381499999999715e-01 4.992762207984924316e-02
9.543803299999999989e-01 5.119173228740692139e-02
9.572225659999999969e-01 5.303843691945075989e-02
9.600648579999999654e-01 5.596335232257843018e-02
9.629072060000000155e-01 6.678945571184158325e-02
9.657496110000000078e-01 7.696785032749176025e-02
9.685920709999999989e-01 1.022615358233451843e-01
9.714345880000000433e-01 1.052420064806938171e-01
9.742771620000000299e-01 9.203061461448669434e-02
9.771197910000000153e-01 9.761611372232437134e-02
9.799624770000000540e-01 1.022827699780464172e-01
9.828052189999999522e-01 1.160945072770118713e-01
9.856480170000000429e-01 1.246731355786323547e-01
9.884908709999999932e-01 1.228730306029319763e-01
9.913337819999999967e-01 1.271567791700363159e-01
9.941767489999999707e-01 1.299774050712585449e-01
9.970197720000000263e-01 1.342086195945739746e-01
9.998628510000000524e-01 1.315854638814926147e-01
1.002705986999999910e+00 1.306597441434860229e-01
1.005549178999999960e+00 1.235494911670684814e-01
1.008392426999999980e+00 1.252773851156234741e-01
1.011235730999999971e+00 1.277577579021453857e-01
1.014079092000000015e+00 1.247890070080757141e-01
1.016922509000000030e+00 1.245651915669441223e-01
1.019765982000000015e+00 1.294226199388504028e-01
1.022609510999999971e+00 1.311906874179840088e-01
1.025453096999999980e+00 1.284802258014678955e-01
1.028296738999999960e+00 1.291101425886154175e-01
1.031140436999999910e+00 1.259868592023849487e-01
1.033984191000000052e+00 1.312113106250762939e-01
1.036828002000000026e+00 1.302977651357650757e-01
1.039671868000000110e+00 1.234099492430686951e-01
1.042515791000000025e+00 1.248024627566337585e-01
1.045359770999999993e+00 1.296354532241821289e-01
