3.615872339999999796e-01 1.274529099464416504e+00
3.644177160000000026e-01 1.404299497604370117e+00
3.672482539999999962e-01 1.564020991325378418e+00
3.700788480000000158e-01 1.544312477111816406e+00
3.729094980000000059e-01 1.377426266670227051e+00
3.757402049999999938e-01 1.509510159492492676e+00
3.785709680000000077e-01 1.614512085914611816e+00
3.814017869999999921e-01 1.427954673767089844e+00
3.842326620000000026e-01 1.282058715820312500e+00
3.870635940000000108e-01 1.416488766670227051e+00
3.898945819999999896e-01 1.617693781852722168e+00
3.927256259999999943e-01 1.411051392555236816e+00
3.955567260000000251e-01 1.429785847663879395e+00
3.983878829999999982e-01 1.814216732978820801e+00
4.012190950000000256e-01 2.252874612808227539e+00
4.040503639999999952e-01 2.276274681091308594e+00
4.068816900000000181e-01 2.202383995056152344e+00
4.097130709999999842e-01 2.261207580566406250e+00
4.125445090000000037e-01 2.365130186080932617e+00
4.153760029999999936e-01 2.356413364410400391e+00
4.182075530000000096e-01 2.317680597305297852e+00
4.210391589999999962e-01 2.346165895462036133e+00
4.238708219999999804e-01 2.282628774642944336e+00
4.267025409999999908e-01 2.249454259872436523e+00
4.295343160000000271e-01 2.042768716812133789e+00
4.323661469999999785e-01 2.164769411087036133e+00
4.351980349999999831e-01 2.363125562667846680e+00
4.380299790000000137e-01 2.394660949707031250e+00
4.408619790000000149e-01 2.483377218246459961e+00
4.436940349999999866e-01 2.628206014633178711e+00
4.465261480000000116e-01 2.644360780715942383e+00
4.493583170000000071e-01 2.798706531524658203e+00
4.521905419999999731e-01 2.808527469635009766e+00
4.550228230000000207e-01 2.793661355972290039e+00
4.578551610000000105e-01 2.850827932357788086e+00
4.606875550000000263e-01 2.864026308059692383e+00
4.635200050000000127e-01 2.904032945632934570e+00
4.663525110000000251e-01 2.839729070663452148e+00
4.691850739999999798e-01 2.841154575347900391e+00
4.720176919999999887e-01 2.878150701522827148e+00
4.748503669999999954e-01 2.917686939239501953e+00
4.776830989999999999e-01 2.945046186447143555e+00
4.805158860000000032e-01 3.010583162307739258e+00
4.833487300000000042e-01 2.993618249893188477e+00
4.861816299999999758e-01 2.748494148254394531e+00
4.890145859999999733e-01 2.871518373489379883e+00
4.918475979999999970e-01 2.936645746231079102e+00
4.946806670000000183e-01 3.004822731018066406e+00
4.975137920000000102e-01 3.032050848007202148e+00
5.003469729999999727e-01 2.948315858840942383e+00
5.031802100000000166e-01 2.929726123809814453e+00
5.060135040000000028e-01 3.011231660842895508e+00
5.088468539999999596e-01 3.038006782531738281e+00
5.116802599999999979e-01 3.070632219314575195e+00
5.145137220000000067e-01 3.009278774261474609e+00
5.173472409999999577e-01 2.842311382293701172e+00
5.201808159999999903e-01 2.966990470886230469e+00
5.230144469999999934e-01 3.094503402709960938e+00
5.258481339999999671e-01 3.108243703842163086e+00
5.286818779999999940e-01 3.135995626449584961e+00
5.315156779999999914e-01 3.254234552383422852e+00
5.343495339999999594e-01 3.240126132965087891e+00
5.371834460000000089e-01 3.290175676345825195e+00
5.400174150000000006e-01 3.229127168655395508e+00
5.428514389999999912e-01 3.255861520767211914e+00
5.456855200000000350e-01 3.311770915985107422e+00
5.485196580000000210e-01 3.323796749114990234e+00
5.513538510000000059e-01 3.350739717483520508e+00
5.541881010000000440e-01 3.377517700195312500e+00
5.570224070000000527e-01 3.346058845520019531e+00
5.598567690000000319e-01 3.290511369705200195e+00
5.626911869999999816e-01 3.353685140609741211e+00
5.655256619999999845e-01 3.353314876556396484e+00
5.683601929999999580e-01 3.298715591430664062e+00
5.711947800000000131e-01 3.278904676437377930e+00
5.740294230000000386e-01 3.314487934112548828e+00
5.768641230000000064e-01 3.284725666046142578e+00
5.796988789999999447e-01 3.313585042953491211e+00
5.825336909999999646e-01 3.368249654769897461e+00
5.853685589999999550e-01 3.330434560775756836e+00
5.882034839999999987e-01 3.113981962203979492e+00
5.910384650000000129e-01 2.970755577087402344e+00
5.938735019999999976e-01 3.023371458053588867e+00
5.967085949999999528e-01 3.002942800521850586e+00
5.995437449999999613e-01 2.961313247680664062e+00
6.023789510000000513e-01 2.927511215209960938e+00
6.052142130000000009e-01 2.940491437911987305e+00
6.080495310000000320e-01 2.914543628692626953e+00
6.108849060000000053e-01 2.755611419677734375e+00
6.137203359999999774e-01 2.671045064926147461e+00
6.165558230000000028e-01 2.667451620101928711e+00
6.193913669999999705e-01 2.745856761932373047e+00
6.222269660000000480e-01 2.740549564361572266e+00
6.250626219999999567e-01 2.661823987960815430e+00
6.278983339999999469e-01 2.601961851119995117e+00
6.307341020000000187e-01 2.573960065841674805e+00
6.335699259999999500e-01 2.604191780090332031e+00
6.364058070000000455e-01 2.631520986557006836e+00
6.392417440000000006e-01 2.634853839874267578e+00
6.420777370000000372e-01 2.601222991943359375e+00
6.449137860000000444e-01 2.572892665863037109e+00
6.477498919999999938e-01 2.449327468872070312e+00
6.505860540000000247e-01 2.431441068649291992e+00
6.534222720000000262e-01 2.428974628448486328e+00
6.562585459999999982e-01 2.220638513565063477e+00
6.590948770000000234e-01 2.318370342254638672e+00
6.619312640000000192e-01 2.381506919860839844e+00
6.647677069999999855e-01 2.356954574584960938e+00
6.676042060000000333e-01 2.340540647506713867e+00
6.704407620000000234e-01 2.308678865432739258e+00
6.732773739999999840e-01 2.286386013031005859e+00
6.761140420000000262e-01 2.268857717514038086e+00
6.789507660000000389e-01 2.249998569488525391e+00
6.817875469999999938e-01 2.231570959091186523e+00
6.846243829999999475e-01 2.151700019836425781e+00
6.874612759999999545e-01 1.802740693092346191e+00
6.902982260000000148e-01 1.821518540382385254e+00
6.931352309999999628e-01 1.854706168174743652e+00
6.959722929999999641e-01 1.868563413619995117e+00
6.988094110000000470e-01 1.847026824951171875e+00
7.016465849999999893e-01 1.747792005538940430e+00
7.044838150000000132e-01 1.736257314682006836e+00
7.073211019999999793e-01 1.697798371315002441e+00
7.101584450000000270e-01 1.632711291313171387e+00
7.129958440000000452e-01 1.533958554267883301e+00
7.158332990000000340e-01 1.291870474815368652e+00
7.186708109999999650e-01 9.346301555633544922e-01
7.215083789999999775e-01 9.565190076828002930e-01
7.243460029999999605e-01 8.770372271537780762e-01
7.271836830000000251e-01 7.860815525054931641e-01
7.300214200000000320e-01 7.412075996398925781e-01
7.328592130000000093e-01 7.456861734390258789e-01
7.356970619999999572e-01 7.421519756317138672e-01
7.385349669999999866e-01 7.177723050117492676e-01
7.413729289999999583e-01 7.235029935836791992e-01
7.442109470000000115e-01 7.268700599670410156e-01
7.470490210000000353e-01 7.301740646362304688e-01
7.498871510000000296e-01 7.181506752967834473e-01
7.527253379999999661e-01 7.083452343940734863e-01
7.555635800000000124e-01 7.020131349563598633e-01
7.584018790000000010e-01 5.794702768325805664e-01
7.612402350000000428e-01 2.704652845859527588e-01
7.640786459999999725e-01 3.240364491939544678e-01
7.669171139999999554e-01 5.250400304794311523e-01
7.697556380000000198e-01 6.321914196014404297e-01
7.725942180000000548e-01 6.609039306640625000e-01
7.754328539999999492e-01 6.601784825325012207e-01
7.782715470000000080e-01 6.708185076713562012e-01
7.811102960000000373e-01 6.664198637008666992e-01
7.839491010000000371e-01 6.705107092857360840e-01
7.867879620000000074e-01 6.651067733764648438e-01
7.896268800000000310e-01 6.396777033805847168e-01
7.924658540000000251e-01 6.403632760047912598e-01
7.953048839999999897e-01 6.482514739036560059e-01
7.981439700000000359e-01 6.527559757232666016e-01
8.009831130000000243e-01 6.417064666748046875e-01
8.038223119999999833e-01 6.493635177612304688e-01
8.066615670000000238e-01 6.609556674957275391e-01
8.095008780000000348e-01 6.368168592453002930e-01
8.123402459999999881e-01 5.677917003631591797e-01
8.151796700000000229e-01 4.702931344509124756e-01
8.180191500000000282e-01 4.364309608936309814e-01
8.208586860000000041e-01 4.630740284919738770e-01
8.236982790000000332e-01 4.330743253231048584e-01
8.265379269999999501e-01 4.477857351303100586e-01
8.293776320000000313e-01 3.988726437091827393e-01
8.322173940000000547e-01 3.793689310550689697e-01
8.350572109999999659e-01 3.903306424617767334e-01
8.378970850000000414e-01 3.943181037902832031e-01
8.407370149999999764e-01 3.941296339035034180e-01
8.435770009999999930e-01 3.913483321666717529e-01
8.464170429999999801e-01 3.908060491085052490e-01
8.492571420000000204e-01 3.705300688743591309e-01
8.520972970000000313e-01 3.545786738395690918e-01
8.549375080000000127e-01 3.367421030998229980e-01
8.577777749999999646e-01 3.578115999698638916e-01
8.606180989999999698e-01 3.539314866065979004e-01
8.634584789999999455e-01 3.470682203769683838e-01
8.662989150000000027e-01 3.164381086826324463e-01
8.691394070000000305e-01 3.251726925373077393e-01
8.719799560000000005e-01 3.222570419311523438e-01
8.748205610000000521e-01 3.141010403633117676e-01
8.776612219999999631e-01 3.078518509864807129e-01
8.805019389999999557e-01 2.975589931011199951e-01
8.833427130000000016e-01 2.875590622425079346e-01
8.861835430000000180e-01 2.800009250640869141e-01
8.890244290000000049e-01 2.779921293258666992e-01
8.918653709999999624e-01 2.606786489486694336e-01
8.947063699999999731e-01 2.209620177745819092e-01
8.975474239999999826e-01 1.767923086881637573e-01
9.003885350000000454e-01 1.575989872217178345e-01
9.032297030000000504e-01 1.813444644212722778e-01
9.060709260000000542e-01 1.816268116235733032e-01
9.089122060000000003e-01 1.480827033519744873e-01
9.117535420000000279e-01 1.502244025468826294e-01
9.145949340000000261e-01 1.358395963907241821e-01
9.174363819999999947e-01 1.345996558666229248e-01
9.202778870000000166e-01 1.603925526142120361e-01
9.231194480000000091e-01 1.473854929208755493e-01
9.259610649999999721e-01 1.365466713905334473e-01
9.288027380000000166e-01 9.528255462646484375e-02
9.316444680000000034e-01 5.288255214691162109e-02
9.344862539999999607e-01 2.815484814345836639e-02
9.373280959999999995e-01 3.230987861752510071e-02
9.401699940000000089e-01 5.052238702774047852e-02
9.430119489999999605e-01 4.475296661257743835e-02
9.458539599999999936e-01 3.830256313085556030e-02
9.486960269999999973e-01 4.540653526782989502e-02
9.515381499999999715e-01 4.271249473094940186e-02
9.543803299999999989e-01 4.335401579737663269e-02
9.572225659999999969e-01 4.617976769804954529e-02
9.600648579999999654e-01 5.075952038168907166e-02
9.629072060000000155e-01 5.844710767269134521e-02
9.657496110000000078e-01 6.750576198101043701e-02
9.685920709999999989e-01 8.753091096878051758e-02
9.714345880000000433e-01 9.085758775472640991e-02
9.742771620000000299e-01 7.796545326709747314e-02
9.771197910000000153e-01 8.703464269638061523e-02
9.799624770000000540e-01 9.300527721643447876e-02
9.828052189999999522e-01 1.014855876564979553e-01
9.856480170000000429e-01 1.085006073117256165e-01
9.884908709999999932e-01 1.091977581381797791e-01
9.913337819999999967e-01 1.124111488461494446e-01
9.941767489999999707e-01 1.092546880245208740e-01
9.970197720000000263e-01 1.169923841953277588e-01
9.998628510000000524e-01 1.080914586782455444e-01
1.002705986999999910e+00 1.108983457088470459e-01
1.005549178999999960e+00 1.067942902445793152e-01
1.008392426999999980e+00 1.060317754745483398e-01
1.011235730999999971e+00 1.095081493258476257e-01
1.014079092000000015e+00 1.090937331318855286e-01
1.016922509000000030e+00 1.117642372846603394e-01
1.019765982000000015e+00 1.134971305727958679e-01
1.022609510999999971e+00 1.129678189754486084e-01
1.025453096999999980e+00 1.062860786914825439e-01
1.028296738999999960e+00 1.208857148885726929e-01
1.031140436999999910e+00 1.015929281711578369e-01
1.033984191000000052e+00 1.095794960856437683e-01
1.036828002000000026e+00 1.034952998161315918e-01
1.039671868000000110e+00 1.211516112089157104e-01
1.042515791000000025e+00 1.155962124466896057e-01
1.045359770999999993e+00 1.099862307310104370e-01
