3.615872339999999796e-01 1.291004419326782227e+00
3.644177160000000026e-01 1.507691740989685059e+00
3.672482539999999962e-01 1.591528058052062988e+00
3.700788480000000158e-01 1.620445013046264648e+00
3.729094980000000059e-01 1.399775743484497070e+00
3.757402049999999938e-01 1.535336256027221680e+00
3.785709680000000077e-01 1.654863119125366211e+00
3.814017869999999921e-01 1.411317110061645508e+00
3.842326620000000026e-01 1.304911851882934570e+00
3.870635940000000108e-01 1.403697729110717773e+00
3.898945819999999896e-01 1.637524485588073730e+00
3.927256259999999943e-01 1.421365976333618164e+00
3.955567260000000251e-01 1.449621200561523438e+00
3.983878829999999982e-01 1.842049598693847656e+00
4.012190950000000256e-01 2.265676736831665039e+00
4.040503639999999952e-01 2.269306898117065430e+00
4.068816900000000181e-01 2.223296165466308594e+00
4.097130709999999842e-01 2.276928186416625977e+00
4.125445090000000037e-01 2.340477943420410156e+00
4.153760029999999936e-01 2.380572557449340820e+00
4.182075530000000096e-01 2.337692975997924805e+00
4.210391589999999962e-01 2.322064876556396484e+00
4.238708219999999804e-01 2.288551807403564453e+00
4.267025409999999908e-01 2.242579221725463867e+00
4.295343160000000271e-01 2.035729169845581055e+00
4.323661469999999785e-01 2.182754993438720703e+00
4.351980349999999831e-01 2.370390653610229492e+00
4.380299790000000137e-01 2.382657527923583984e+00
4.408619790000000149e-01 2.475778102874755859e+00
4.436940349999999866e-01 2.617154121398925781e+00
4.465261480000000116e-01 2.639678955078125000e+00
4.493583170000000071e-01 2.777630329132080078e+00
4.521905419999999731e-01 2.821686029434204102e+00
4.550228230000000207e-01 2.783555269241333008e+00
4.578551610000000105e-01 2.843049287796020508e+00
4.606875550000000263e-01 2.868625164031982422e+00
4.635200050000000127e-01 2.883701324462890625e+00
4.663525110000000251e-01 2.823811769485473633e+00
4.691850739999999798e-01 2.814112424850463867e+00
4.720176919999999887e-01 2.857648372650146484e+00
4.748503669999999954e-01 2.905869722366333008e+00
4.776830989999999999e-01 2.919103384017944336e+00
4.805158860000000032e-01 2.991691589355468750e+00
4.833487300000000042e-01 2.965841531753540039e+00
4.861816299999999758e-01 2.726831197738647461e+00
4.890145859999999733e-01 2.851485729217529297e+00
4.918475979999999970e-01 2.922709703445434570e+00
4.946806670000000183e-01 2.985476970672607422e+00
4.975137920000000102e-01 2.996871232986450195e+00
5.003469729999999727e-01 2.913066864013671875e+00
5.031802100000000166e-01 2.902705669403076172e+00
5.060135040000000028e-01 2.980282306671142578e+00
5.088468539999999596e-01 3.008506774902343750e+00
5.116802599999999979e-01 3.030573129653930664e+00
5.145137220000000067e-01 2.957207441329956055e+00
5.173472409999999577e-01 2.807326793670654297e+00
5.201808159999999903e-01 2.931700944900512695e+00
5.230144469999999934e-01 3.060063600540161133e+00
5.258481339999999671e-01 3.060494422912597656e+00
5.286818779999999940e-01 3.099227666854858398e+00
5.315156779999999914e-01 3.204625844955444336e+00
5.343495339999999594e-01 3.184899568557739258e+00
5.371834460000000089e-01 3.231436252593994141e+00
5.400174150000000006e-01 3.164690732955932617e+00
5.428514389999999912e-01 3.200645208358764648e+00
5.456855200000000350e-01 3.245151281356811523e+00
5.485196580000000210e-01 3.258934259414672852e+00
5.513538510000000059e-01 3.296446084976196289e+00
5.541881010000000440e-01 3.321173667907714844e+00
5.570224070000000527e-01 3.279067754745483398e+00
5.598567690000000319e-01 3.235191822052001953e+00
5.626911869999999816e-01 3.288080453872680664e+00
5.655256619999999845e-01 3.270095348358154297e+00
5.683601929999999580e-01 3.246568441390991211e+00
5.711947800000000131e-01 3.213591814041137695e+00
5.740294230000000386e-01 3.260859251022338867e+00
5.768641230000000064e-01 3.217597007751464844e+00
5.796988789999999447e-01 3.242878913879394531e+00
5.825336909999999646e-01 3.300796985626220703e+00
5.853685589999999550e-01 3.259531736373901367e+00
5.882034839999999987e-01 3.042274236679077148e+00
5.910384650000000129e-01 2.913379430770874023e+00
5.938735019999999976e-01 2.953114509582519531e+00
5.967085949999999528e-01 2.939574241638183594e+00
5.995437449999999613e-01 2.884436368942260742e+00
6.023789510000000513e-01 2.856636762619018555e+00
6.052142130000000009e-01 2.861751079559326172e+00
6.080495310000000320e-01 2.804419040679931641e+00
6.108849060000000053e-01 2.705662727355957031e+00
6.137203359999999774e-01 2.640749454498291016e+00
6.165558230000000028e-01 2.626209020614624023e+00
6.193913669999999705e-01 2.691124677658081055e+00
6.222269660000000480e-01 2.680149793624877930e+00
6.250626219999999567e-01 2.603164672851562500e+00
6.278983339999999469e-01 2.542018890380859375e+00
6.307341020000000187e-01 2.509124279022216797e+00
6.335699259999999500e-01 2.543662071228027344e+00
6.364058070000000455e-01 2.567451953887939453e+00
6.392417440000000006e-01 2.577287673950195312e+00
6.420777370000000372e-01 2.549504280090332031e+00
6.449137860000000444e-01 2.510362148284912109e+00
6.477498919999999938e-01 2.386651277542114258e+00
6.505860540000000247e-01 2.374415874481201172e+00
6.534222720000000262e-01 2.366221427917480469e+00
6.562585459999999982e-01 2.175352334976196289e+00
6.590948770000000234e-01 2.275045633316040039e+00
6.619312640000000192e-01 2.327739000320434570e+00
6.647677069999999855e-01 2.310678958892822266e+00
6.676042060000000333e-01 2.295610189437866211e+00
6.704407620000000234e-01 2.270818710327148438e+00
6.732773739999999840e-01 2.254270553588867188e+00
6.761140420000000262e-01 2.225142002105712891e+00
6.789507660000000389e-01 2.213192939758300781e+00
6.817875469999999938e-01 2.190004110336303711e+00
6.846243829999999475e-01 2.113379955291748047e+00
6.874612759999999545e-01 1.758092164993286133e+00
6.902982260000000148e-01 1.773075222969055176e+00
6.931352309999999628e-01 1.805466651916503906e+00
6.959722929999999641e-01 1.808128118515014648e+00
6.988094110000000470e-01 1.788063764572143555e+00
7.016465849999999893e-01 1.676548361778259277e+00
7.044838150000000132e-01 1.682078242301940918e+00
7.073211019999999793e-01 1.637669563293457031e+00
7.101584450000000270e-01 1.580195546150207520e+00
7.129958440000000452e-01 1.476387739181518555e+00
7.158332990000000340e-01 1.241983413696289062e+00
7.186708109999999650e-01 9.139680862426757812e-01
7.215083789999999775e-01 9.295420050621032715e-01
7.243460029999999605e-01 8.481121659278869629e-01
7.271836830000000251e-01 7.646260261535644531e-01
7.300214200000000320e-01 7.163463234901428223e-01
7.328592130000000093e-01 7.320103645324707031e-01
7.356970619999999572e-01 7.262793779373168945e-01
7.385349669999999866e-01 7.097658514976501465e-01
7.413729289999999583e-01 7.127393484115600586e-01
7.442109470000000115e-01 7.274082303047180176e-01
7.470490210000000353e-01 7.255200147628784180e-01
7.498871510000000296e-01 7.115949392318725586e-01
7.527253379999999661e-01 7.005161046981811523e-01
7.555635800000000124e-01 6.953933835029602051e-01
7.584018790000000010e-01 5.697719454765319824e-01
7.612402350000000428e-01 2.662840187549591064e-01
7.640786459999999725e-01 3.237121999263763428e-01
7.669171139999999554e-01 5.163973569869995117e-01
7.697556380000000198e-01 6.316188573837280273e-01
7.725942180000000548e-01 6.568732261657714844e-01
7.754328539999999492e-01 6.590648293495178223e-01
7.782715470000000080e-01 6.562714576721191406e-01
7.811102960000000373e-01 6.571784615516662598e-01
7.839491010000000371e-01 6.578513383865356445e-01
7.867879620000000074e-01 6.471656560897827148e-01
7.896268800000000310e-01 6.322718858718872070e-01
7.924658540000000251e-01 6.314366459846496582e-01
7.953048839999999897e-01 6.292976140975952148e-01
7.981439700000000359e-01 6.388558149337768555e-01
8.009831130000000243e-01 6.283301711082458496e-01
8.038223119999999833e-01 6.393955349922180176e-01
8.066615670000000238e-01 6.450431346893310547e-01
8.095008780000000348e-01 6.196182370185852051e-01
8.123402459999999881e-01 5.539896488189697266e-01
8.151796700000000229e-01 4.564224183559417725e-01
8.180191500000000282e-01 4.286241233348846436e-01
8.208586860000000041e-01 4.640858173370361328e-01
8.236982790000000332e-01 4.229522049427032471e-01
8.265379269999999501e-01 4.381560087203979492e-01
8.293776320000000313e-01 3.968406617641448975e-01
8.322173940000000547e-01 3.866375386714935303e-01
8.350572109999999659e-01 3.942978382110595703e-01
8.378970850000000414e-01 4.012961685657501221e-01
8.407370149999999764e-01 3.982435762882232666e-01
8.435770009999999930e-01 4.004462361335754395e-01
8.464170429999999801e-01 3.968358039855957031e-01
8.492571420000000204e-01 3.770327866077423096e-01
8.520972970000000313e-01 3.568016290664672852e-01
8.549375080000000127e-01 3.383149504661560059e-01
8.577777749999999646e-01 3.642946183681488037e-01
8.606180989999999698e-01 3.579672574996948242e-01
8.634584789999999455e-01 3.531094193458557129e-01
8.662989150000000027e-01 3.224083781242370605e-01
8.691394070000000305e-01 3.313861787319183350e-01
8.719799560000000005e-01 3.295227289199829102e-01
8.748205610000000521e-01 3.219846785068511963e-01
8.776612219999999631e-01 3.106333017349243164e-01
8.805019389999999557e-01 3.005180656909942627e-01
8.833427130000000016e-01 2.964245676994323730e-01
8.861835430000000180e-01 2.899785339832305908e-01
8.890244290000000049e-01 2.816875874996185303e-01
8.918653709999999624e-01 2.686831057071685791e-01
8.947063699999999731e-01 2.273193597793579102e-01
8.975474239999999826e-01 1.844532340764999390e-01
9.003885350000000454e-01 1.632221490144729614e-01
9.032297030000000504e-01 1.887449175119400024e-01
9.060709260000000542e-01 1.870559900999069214e-01
9.089122060000000003e-01 1.554067134857177734e-01
9.117535420000000279e-01 1.522938609123229980e-01
9.145949340000000261e-01 1.424404680728912354e-01
9.174363819999999947e-01 1.453576236963272095e-01
9.202778870000000166e-01 1.641260385513305664e-01
9.231194480000000091e-01 1.536835134029388428e-01
9.259610649999999721e-01 1.444738656282424927e-01
9.288027380000000166e-01 1.028949022293090820e-01
9.316444680000000034e-01 5.537099018692970276e-02
9.344862539999999607e-01 2.992151863873004913e-02
9.373280959999999995e-01 3.680828586220741272e-02
9.401699940000000089e-01 5.524578690528869629e-02
9.430119489999999605e-01 4.640740528702735901e-02
9.458539599999999936e-01 4.125258326530456543e-02
9.486960269999999973e-01 4.404142126441001892e-02
9.515381499999999715e-01 4.477909952402114868e-02
9.543803299999999989e-01 4.795466735959053040e-02
9.572225659999999969e-01 4.973435029387474060e-02
9.600648579999999654e-01 5.692819505929946899e-02
9.629072060000000155e-01 6.529127061367034912e-02
9.657496110000000078e-01 7.471559941768646240e-02
9.685920709999999989e-01 9.839968383312225342e-02
9.714345880000000433e-01 1.057089343667030334e-01
9.742771620000000299e-01 8.786859363317489624e-02
9.771197910000000153e-01 9.172572195529937744e-02
9.799624770000000540e-01 1.005391925573348999e-01
9.828052189999999522e-01 1.102110221982002258e-01
9.856480170000000429e-01 1.170459166169166565e-01
9.884908709999999932e-01 1.203736662864685059e-01
9.913337819999999967e-01 1.211834698915481567e-01
9.941767489999999707e-01 1.248138993978500366e-01
9.970197720000000263e-01 1.224438548088073730e-01
9.998628510000000524e-01 1.273798048496246338e-01
1.002705986999999910e+00 1.157905384898185730e-01
1.005549178999999960e+00 1.174965947866439819e-01
1.008392426999999980e+00 1.217423304915428162e-01
1.011235730999999971e+00 1.206704378128051758e-01
1.014079092000000015e+00 1.240901350975036621e-01
1.016922509000000030e+00 1.227336153388023376e-01
1.019765982000000015e+00 1.244028657674789429e-01
1.022609510999999971e+00 1.205394193530082703e-01
1.025453096999999980e+00 1.204713061451911926e-01
1.028296738999999960e+00 1.225677803158760071e-01
1.031140436999999910e+00 1.231069639325141907e-01
1.033984191000000052e+00 1.225831955671310425e-01
1.036828002000000026e+00 1.269122064113616943e-01
1.039671868000000110e+00 1.206156387925148010e-01
1.042515791000000025e+00 1.276100128889083862e-01
1.045359770999999993e+00 1.198615431785583496e-01
