3.615872339999999796e-01 1.279715657234191895e+00
3.644177160000000026e-01 1.446237921714782715e+00
3.672482539999999962e-01 1.569881081581115723e+00
3.700788480000000158e-01 1.539722919464111328e+00
3.729094980000000059e-01 1.389735937118530273e+00
3.757402049999999938e-01 1.484027862548828125e+00
3.785709680000000077e-01 1.630093216896057129e+00
3.814017869999999921e-01 1.384819865226745605e+00
3.842326620000000026e-01 1.275975346565246582e+00
3.870635940000000108e-01 1.424783706665039062e+00
3.898945819999999896e-01 1.608093857765197754e+00
3.927256259999999943e-01 1.398473858833312988e+00
3.955567260000000251e-01 1.459090709686279297e+00
3.983878829999999982e-01 1.843049168586730957e+00
4.012190950000000256e-01 2.263173818588256836e+00
4.040503639999999952e-01 2.237447261810302734e+00
4.068816900000000181e-01 2.199277400970458984e+00
4.097130709999999842e-01 2.226294755935668945e+00
4.125445090000000037e-01 2.357876777648925781e+00
4.153760029999999936e-01 2.361765384674072266e+00
4.182075530000000096e-01 2.294475317001342773e+00
4.210391589999999962e-01 2.318757772445678711e+00
4.238708219999999804e-01 2.271103620529174805e+00
4.267025409999999908e-01 2.231878519058227539e+00
4.295343160000000271e-01 2.026841640472412109e+00
4.323661469999999785e-01 2.172079324722290039e+00
4.351980349999999831e-01 2.350512027740478516e+00
4.380299790000000137e-01 2.368439435958862305e+00
4.408619790000000149e-01 2.461184740066528320e+00
4.436940349999999866e-01 2.585320711135864258e+00
4.465261480000000116e-01 2.615445375442504883e+00
4.493583170000000071e-01 2.757215261459350586e+00
4.521905419999999731e-01 2.776901721954345703e+00
4.550228230000000207e-01 2.765630245208740234e+00
4.578551610000000105e-01 2.820541381835937500e+00
4.606875550000000263e-01 2.840399265289306641e+00
4.635200050000000127e-01 2.864168167114257812e+00
4.663525110000000251e-01 2.799679279327392578e+00
4.691850739999999798e-01 2.790838956832885742e+00
4.720176919999999887e-01 2.828900098800659180e+00
4.748503669999999954e-01 2.890612840652465820e+00
4.776830989999999999e-01 2.918828964233398438e+00
4.805158860000000032e-01 2.963947296142578125e+00
4.833487300000000042e-01 2.944904565811157227e+00
4.861816299999999758e-01 2.706438541412353516e+00
4.890145859999999733e-01 2.838948726654052734e+00
4.918475979999999970e-01 2.911174535751342773e+00
4.946806670000000183e-01 2.958987236022949219e+00
4.975137920000000102e-01 2.976258039474487305e+00
5.003469729999999727e-01 2.898362159729003906e+00
5.031802100000000166e-01 2.891260623931884766e+00
5.060135040000000028e-01 2.973997592926025391e+00
5.088468539999999596e-01 2.986534833908081055e+00
5.116802599999999979e-01 3.024875402450561523e+00
5.145137220000000067e-01 2.947695255279541016e+00
5.173472409999999577e-01 2.793848752975463867e+00
5.201808159999999903e-01 2.912606000900268555e+00
5.230144469999999934e-01 3.049284458160400391e+00
5.258481339999999671e-01 3.051860809326171875e+00
5.286818779999999940e-01 3.093611001968383789e+00
5.315156779999999914e-01 3.195092439651489258e+00
5.343495339999999594e-01 3.183303117752075195e+00
5.371834460000000089e-01 3.226598501205444336e+00
5.400174150000000006e-01 3.163791656494140625e+00
5.428514389999999912e-01 3.191878080368041992e+00
5.456855200000000350e-01 3.249334335327148438e+00
5.485196580000000210e-01 3.253239154815673828e+00
5.513538510000000059e-01 3.291105747222900391e+00
5.541881010000000440e-01 3.317662715911865234e+00
5.570224070000000527e-01 3.278192043304443359e+00
5.598567690000000319e-01 3.239301919937133789e+00
5.626911869999999816e-01 3.285042762756347656e+00
5.655256619999999845e-01 3.274021625518798828e+00
5.683601929999999580e-01 3.241007089614868164e+00
5.711947800000000131e-01 3.224350690841674805e+00
5.740294230000000386e-01 3.257216691970825195e+00
5.768641230000000064e-01 3.223497390747070312e+00
5.796988789999999447e-01 3.234149932861328125e+00
5.825336909999999646e-01 3.308508634567260742e+00
5.853685589999999550e-01 3.257587671279907227e+00
5.882034839999999987e-01 3.033458948135375977e+00
5.910384650000000129e-01 2.918610811233520508e+00
5.938735019999999976e-01 2.959543228149414062e+00
5.967085949999999528e-01 2.949289321899414062e+00
5.995437449999999613e-01 2.892934560775756836e+00
6.023789510000000513e-01 2.851998805999755859e+00
6.052142130000000009e-01 2.858176469802856445e+00
6.080495310000000320e-01 2.818253517150878906e+00
6.108849060000000053e-01 2.703353881835937500e+00
6.137203359999999774e-01 2.642221450805664062e+00
6.165558230000000028e-01 2.623981952667236328e+00
6.193913669999999705e-01 2.689044475555419922e+00
6.222269660000000480e-01 2.677932500839233398e+00
6.250626219999999567e-01 2.609729528427124023e+00
6.278983339999999469e-01 2.540292739868164062e+00
6.307341020000000187e-01 2.532148122787475586e+00
6.335699259999999500e-01 2.553234338760375977e+00
6.364058070000000455e-01 2.574952602386474609e+00
6.392417440000000006e-01 2.577037811279296875e+00
6.420777370000000372e-01 2.544574260711669922e+00
6.449137860000000444e-01 2.515380382537841797e+00
6.477498919999999938e-01 2.393651485443115234e+00
6.505860540000000247e-01 2.384159088134765625e+00
6.534222720000000262e-01 2.381740570068359375e+00
6.562585459999999982e-01 2.180372714996337891e+00
6.590948770000000234e-01 2.282119035720825195e+00
6.619312640000000192e-01 2.338169813156127930e+00
6.647677069999999855e-01 2.316722154617309570e+00
6.676042060000000333e-01 2.305783987045288086e+00
6.704407620000000234e-01 2.277019500732421875e+00
6.732773739999999840e-01 2.254435777664184570e+00
6.761140420000000262e-01 2.239236831665039062e+00
6.789507660000000389e-01 2.217837810516357422e+00
6.817875469999999938e-01 2.201062202453613281e+00
6.846243829999999475e-01 2.104921579360961914e+00
6.874612759999999545e-01 1.757911205291748047e+00
6.902982260000000148e-01 1.790897011756896973e+00
6.931352309999999628e-01 1.813109874725341797e+00
6.959722929999999641e-01 1.823530435562133789e+00
6.988094110000000470e-01 1.796966195106506348e+00
7.016465849999999893e-01 1.689775705337524414e+00
7.044838150000000132e-01 1.690795183181762695e+00
7.073211019999999793e-01 1.642001390457153320e+00
7.101584450000000270e-01 1.581339478492736816e+00
7.129958440000000452e-01 1.476768016815185547e+00
7.158332990000000340e-01 1.243338465690612793e+00
7.186708109999999650e-01 9.107659459114074707e-01
7.215083789999999775e-01 9.351223111152648926e-01
7.243460029999999605e-01 8.449809551239013672e-01
7.271836830000000251e-01 7.695130705833435059e-01
7.300214200000000320e-01 7.224394679069519043e-01
7.328592130000000093e-01 7.397667169570922852e-01
7.356970619999999572e-01 7.305815219879150391e-01
7.385349669999999866e-01 7.051821947097778320e-01
7.413729289999999583e-01 7.090079784393310547e-01
7.442109470000000115e-01 7.202670574188232422e-01
7.470490210000000353e-01 7.195419073104858398e-01
7.498871510000000296e-01 7.122634053230285645e-01
7.527253379999999661e-01 6.933147907257080078e-01
7.555635800000000124e-01 6.911866068840026855e-01
7.584018790000000010e-01 5.627794265747070312e-01
7.612402350000000428e-01 2.631197571754455566e-01
7.640786459999999725e-01 3.301563560962677002e-01
7.669171139999999554e-01 5.252375602722167969e-01
7.697556380000000198e-01 6.299562454223632812e-01
7.725942180000000548e-01 6.527962088584899902e-01
7.754328539999999492e-01 6.540972590446472168e-01
7.782715470000000080e-01 6.624831557273864746e-01
7.811102960000000373e-01 6.570932269096374512e-01
7.839491010000000371e-01 6.624670624732971191e-01
7.867879620000000074e-01 6.491836309432983398e-01
7.896268800000000310e-01 6.270697712898254395e-01
7.924658540000000251e-01 6.293731331825256348e-01
7.953048839999999897e-01 6.357606649398803711e-01
7.981439700000000359e-01 6.394270062446594238e-01
8.009831130000000243e-01 6.419034600257873535e-01
8.038223119999999833e-01 6.326722502708435059e-01
8.066615670000000238e-01 6.455820798873901367e-01
8.095008780000000348e-01 6.263678669929504395e-01
8.123402459999999881e-01 5.594388246536254883e-01
8.151796700000000229e-01 4.562410712242126465e-01
8.180191500000000282e-01 4.284686744213104248e-01
8.208586860000000041e-01 4.619252383708953857e-01
8.236982790000000332e-01 4.228036105632781982e-01
8.265379269999999501e-01 4.411622285842895508e-01
8.293776320000000313e-01 3.926446139812469482e-01
8.322173940000000547e-01 3.835610747337341309e-01
8.350572109999999659e-01 3.866539299488067627e-01
8.378970850000000414e-01 3.893074691295623779e-01
8.407370149999999764e-01 3.982143998146057129e-01
8.435770009999999930e-01 3.927715420722961426e-01
8.464170429999999801e-01 3.930223882198333740e-01
8.492571420000000204e-01 3.664028644561767578e-01
8.520972970000000313e-01 3.553031980991363525e-01
8.549375080000000127e-01 3.343769609928131104e-01
8.577777749999999646e-01 3.566091358661651611e-01
8.606180989999999698e-01 3.500584661960601807e-01
8.634584789999999455e-01 3.477306365966796875e-01
8.662989150000000027e-01 3.164004385471343994e-01
8.691394070000000305e-01 3.243150711059570312e-01
8.719799560000000005e-01 3.233913183212280273e-01
8.748205610000000521e-01 3.114615082740783691e-01
8.776612219999999631e-01 3.075321614742279053e-01
8.805019389999999557e-01 2.953543961048126221e-01
8.833427130000000016e-01 2.903259992599487305e-01
8.861835430000000180e-01 2.806698679924011230e-01
8.890244290000000049e-01 2.740386724472045898e-01
8.918653709999999624e-01 2.607357800006866455e-01
8.947063699999999731e-01 2.209486216306686401e-01
8.975474239999999826e-01 1.765781641006469727e-01
9.003885350000000454e-01 1.590029448270797729e-01
9.032297030000000504e-01 1.825997978448867798e-01
9.060709260000000542e-01 1.819463372230529785e-01
9.089122060000000003e-01 1.509689092636108398e-01
9.117535420000000279e-01 1.512442529201507568e-01
9.145949340000000261e-01 1.403234153985977173e-01
9.174363819999999947e-01 1.374291330575942993e-01
9.202778870000000166e-01 1.595958024263381958e-01
9.231194480000000091e-01 1.524607092142105103e-01
9.259610649999999721e-01 1.368434876203536987e-01
9.288027380000000166e-01 9.679822623729705811e-02
9.316444680000000034e-01 5.206270143389701843e-02
9.344862539999999607e-01 2.738267555832862854e-02
9.373280959999999995e-01 3.229913860559463501e-02
9.401699940000000089e-01 5.060552805662155151e-02
9.430119489999999605e-01 4.947573319077491760e-02
9.458539599999999936e-01 3.980055078864097595e-02
9.486960269999999973e-01 4.544613510370254517e-02
9.515381499999999715e-01 4.739785566926002502e-02
9.543803299999999989e-01 4.205508157610893250e-02
9.572225659999999969e-01 4.754697158932685852e-02
9.600648579999999654e-01 5.082348361611366272e-02
9.629072060000000155e-01 5.914194881916046143e-02
9.657496110000000078e-01 6.698811799287796021e-02
9.685920709999999989e-01 8.742125332355499268e-02
9.714345880000000433e-01 9.908051043748855591e-02
9.742771620000000299e-01 8.464697748422622681e-02
9.771197910000000153e-01 8.673729002475738525e-02
9.799624770000000540e-01 9.652923047542572021e-02
9.828052189999999522e-01 1.027288436889648438e-01
9.856480170000000429e-01 1.104978024959564209e-01
9.884908709999999932e-01 1.038559526205062866e-01
9.913337819999999967e-01 1.150046959519386292e-01
9.941767489999999707e-01 1.124916747212409973e-01
9.970197720000000263e-01 1.160857304930686951e-01
9.998628510000000524e-01 1.156050562858581543e-01
1.002705986999999910e+00 1.088232994079589844e-01
1.005549178999999960e+00 1.092897877097129822e-01
1.008392426999999980e+00 1.108344122767448425e-01
1.011235730999999971e+00 1.127168834209442139e-01
1.014079092000000015e+00 1.112168505787849426e-01
1.016922509000000030e+00 1.108708605170249939e-01
1.019765982000000015e+00 1.169538274407386780e-01
1.022609510999999971e+00 1.126558482646942139e-01
1.025453096999999980e+00 1.162330806255340576e-01
1.028296738999999960e+00 1.214167475700378418e-01
1.031140436999999910e+00 1.088715717196464539e-01
1.033984191000000052e+00 1.141660884022712708e-01
1.036828002000000026e+00 1.181912794709205627e-01
1.039671868000000110e+00 1.012953668832778931e-01
1.042515791000000025e+00 1.026904135942459106e-01
1.045359770999999993e+00 9.457542002201080322e-02
