3.615872339999999796e-01 1.266572952270507812e+00
3.644177160000000026e-01 1.419131398200988770e+00
3.672482539999999962e-01 1.560207605361938477e+00
3.700788480000000158e-01 1.591653227806091309e+00
3.729094980000000059e-01 1.442016243934631348e+00
3.757402049999999938e-01 1.526378512382507324e+00
3.785709680000000077e-01 1.658352851867675781e+00
3.814017869999999921e-01 1.417353749275207520e+00
3.842326620000000026e-01 1.293803095817565918e+00
3.870635940000000108e-01 1.451561689376831055e+00
3.898945819999999896e-01 1.635107517242431641e+00
3.927256259999999943e-01 1.419278621673583984e+00
3.955567260000000251e-01 1.454946637153625488e+00
3.983878829999999982e-01 1.831798076629638672e+00
4.012190950000000256e-01 2.260387420654296875e+00
4.040503639999999952e-01 2.275259971618652344e+00
4.068816900000000181e-01 2.219079494476318359e+00
4.097130709999999842e-01 2.297984361648559570e+00
4.125445090000000037e-01 2.370528697967529297e+00
4.153760029999999936e-01 2.388860225677490234e+00
4.182075530000000096e-01 2.341332197189331055e+00
4.210391589999999962e-01 2.362143039703369141e+00
4.238708219999999804e-01 2.305103540420532227e+00
4.267025409999999908e-01 2.265056133270263672e+00
4.295343160000000271e-01 2.057163000106811523e+00
4.323661469999999785e-01 2.180676698684692383e+00
4.351980349999999831e-01 2.404295921325683594e+00
4.380299790000000137e-01 2.413969278335571289e+00
4.408619790000000149e-01 2.506246805191040039e+00
4.436940349999999866e-01 2.642707824707031250e+00
4.465261480000000116e-01 2.688578128814697266e+00
4.493583170000000071e-01 2.852079153060913086e+00
4.521905419999999731e-01 2.857809782028198242e+00
4.550228230000000207e-01 2.839209556579589844e+00
4.578551610000000105e-01 2.904673099517822266e+00
4.606875550000000263e-01 2.911973953247070312e+00
4.635200050000000127e-01 2.947216510772705078e+00
4.663525110000000251e-01 2.881349563598632812e+00
4.691850739999999798e-01 2.878369808197021484e+00
4.720176919999999887e-01 2.924438238143920898e+00
4.748503669999999954e-01 2.975697040557861328e+00
4.776830989999999999e-01 3.008586883544921875e+00
4.805158860000000032e-01 3.061360597610473633e+00
4.833487300000000042e-01 3.037667274475097656e+00
4.861816299999999758e-01 2.796226263046264648e+00
4.890145859999999733e-01 2.922073125839233398e+00
4.918475979999999970e-01 3.005283594131469727e+00
4.946806670000000183e-01 3.062143325805664062e+00
4.975137920000000102e-01 3.072687387466430664e+00
5.003469729999999727e-01 3.003930807113647461e+00
5.031802100000000166e-01 2.983655691146850586e+00
5.060135040000000028e-01 3.083513975143432617e+00
5.088468539999999596e-01 3.092826843261718750e+00
5.116802599999999979e-01 3.134783744812011719e+00
5.145137220000000067e-01 3.072395324707031250e+00
5.173472409999999577e-01 2.904002666473388672e+00
5.201808159999999903e-01 3.032697200775146484e+00
5.230144469999999934e-01 3.170202016830444336e+00
5.258481339999999671e-01 3.178402662277221680e+00
5.286818779999999940e-01 3.228499412536621094e+00
5.315156779999999914e-01 3.318262815475463867e+00
5.343495339999999594e-01 3.325828552246093750e+00
5.371834460000000089e-01 3.366334915161132812e+00
5.400174150000000006e-01 3.297013998031616211e+00
5.428514389999999912e-01 3.334805250167846680e+00
5.456855200000000350e-01 3.394508361816406250e+00
5.485196580000000210e-01 3.401972770690917969e+00
5.513538510000000059e-01 3.432759761810302734e+00
5.541881010000000440e-01 3.458479881286621094e+00
5.570224070000000527e-01 3.439567327499389648e+00
5.598567690000000319e-01 3.386441469192504883e+00
5.626911869999999816e-01 3.440887689590454102e+00
5.655256619999999845e-01 3.426390409469604492e+00
5.683601929999999580e-01 3.399847269058227539e+00
5.711947800000000131e-01 3.372886180877685547e+00
5.740294230000000386e-01 3.412991523742675781e+00
5.768641230000000064e-01 3.391019582748413086e+00
5.796988789999999447e-01 3.401507854461669922e+00
5.825336909999999646e-01 3.477401018142700195e+00
5.853685589999999550e-01 3.437831878662109375e+00
5.882034839999999987e-01 3.229060173034667969e+00
5.910384650000000129e-01 3.093677043914794922e+00
5.938735019999999976e-01 3.147203922271728516e+00
5.967085949999999528e-01 3.146327495574951172e+00
5.995437449999999613e-01 3.118632316589355469e+00
6.023789510000000513e-01 3.089532375335693359e+00
6.052142130000000009e-01 3.112369298934936523e+00
6.080495310000000320e-01 3.063168287277221680e+00
6.108849060000000053e-01 2.966530323028564453e+00
6.137203359999999774e-01 2.881271362304687500e+00
6.165558230000000028e-01 2.864772558212280273e+00
6.193913669999999705e-01 2.936254262924194336e+00
6.222269660000000480e-01 2.929130792617797852e+00
6.250626219999999567e-01 2.847779512405395508e+00
6.278983339999999469e-01 2.785345077514648438e+00
6.307341020000000187e-01 2.765623092651367188e+00
6.335699259999999500e-01 2.793170690536499023e+00
6.364058070000000455e-01 2.832907199859619141e+00
6.392417440000000006e-01 2.844218969345092773e+00
6.420777370000000372e-01 2.805337190628051758e+00
6.449137860000000444e-01 2.770907640457153320e+00
6.477498919999999938e-01 2.639341115951538086e+00
6.505860540000000247e-01 2.632247686386108398e+00
6.534222720000000262e-01 2.628292083740234375e+00
6.562585459999999982e-01 2.427136421203613281e+00
6.590948770000000234e-01 2.543581962585449219e+00
6.619312640000000192e-01 2.601485252380371094e+00
6.647677069999999855e-01 2.586334228515625000e+00
6.676042060000000333e-01 2.564947366714477539e+00
6.704407620000000234e-01 2.547205448150634766e+00
6.732773739999999840e-01 2.514645338058471680e+00
6.761140420000000262e-01 2.506766080856323242e+00
6.789507660000000389e-01 2.492815494537353516e+00
6.817875469999999938e-01 2.470091819763183594e+00
6.846243829999999475e-01 2.383492231369018555e+00
6.874612759999999545e-01 2.002053976058959961e+00
6.902982260000000148e-01 2.026138067245483398e+00
6.931352309999999628e-01 2.070299625396728516e+00
6.959722929999999641e-01 2.091361999511718750e+00
6.988094110000000470e-01 2.077060222625732422e+00
7.016465849999999893e-01 1.968594074249267578e+00
7.044838150000000132e-01 1.975434660911560059e+00
7.073211019999999793e-01 1.948098301887512207e+00
7.101584450000000270e-01 1.891225576400756836e+00
7.129958440000000452e-01 1.786720633506774902e+00
7.158332990000000340e-01 1.517482161521911621e+00
7.186708109999999650e-01 1.107927799224853516e+00
7.215083789999999775e-01 1.145167350769042969e+00
7.243460029999999605e-01 1.057505965232849121e+00
7.271836830000000251e-01 9.623900055885314941e-01
7.300214200000000320e-01 8.997864127159118652e-01
7.328592130000000093e-01 9.195971488952636719e-01
7.356970619999999572e-01 9.211357235908508301e-01
7.385349669999999866e-01 9.008399844169616699e-01
7.413729289999999583e-01 9.048042893409729004e-01
7.442109470000000115e-01 9.160499572753906250e-01
7.470490210000000353e-01 9.219935536384582520e-01
7.498871510000000296e-01 9.044406414031982422e-01
7.527253379999999661e-01 9.003584980964660645e-01
7.555635800000000124e-01 8.878585696220397949e-01
7.584018790000000010e-01 7.197337746620178223e-01
7.612402350000000428e-01 3.414593636989593506e-01
7.640786459999999725e-01 4.130083024501800537e-01
7.669171139999999554e-01 6.701183319091796875e-01
7.697556380000000198e-01 8.204469680786132812e-01
7.725942180000000548e-01 8.458269238471984863e-01
7.754328539999999492e-01 8.508991599082946777e-01
7.782715470000000080e-01 8.575950264930725098e-01
7.811102960000000373e-01 8.563952445983886719e-01
7.839491010000000371e-01 8.590873479843139648e-01
7.867879620000000074e-01 8.436072468757629395e-01
7.896268800000000310e-01 8.233035206794738770e-01
7.924658540000000251e-01 8.249487876892089844e-01
7.953048839999999897e-01 8.312036395072937012e-01
7.981439700000000359e-01 8.380464315414428711e-01
8.009831130000000243e-01 8.320811390876770020e-01
8.038223119999999833e-01 8.311328887939453125e-01
8.066615670000000238e-01 8.576177358627319336e-01
8.095008780000000348e-01 8.180878162384033203e-01
8.123402459999999881e-01 7.288010120391845703e-01
8.151796700000000229e-01 5.971856117248535156e-01
8.180191500000000282e-01 5.662448406219482422e-01
8.208586860000000041e-01 6.023218631744384766e-01
8.236982790000000332e-01 5.573062896728515625e-01
8.265379269999999501e-01 5.787206888198852539e-01
8.293776320000000313e-01 5.141639709472656250e-01
8.322173940000000547e-01 4.927951991558074951e-01
8.350572109999999659e-01 5.001901984214782715e-01
8.378970850000000414e-01 5.141268968582153320e-01
8.407370149999999764e-01 5.098950266838073730e-01
8.435770009999999930e-01 5.074945688247680664e-01
8.464170429999999801e-01 5.060684680938720703e-01
8.492571420000000204e-01 4.789233803749084473e-01
8.520972970000000313e-01 4.602781534194946289e-01
8.549375080000000127e-01 4.375845789909362793e-01
8.577777749999999646e-01 4.610776603221893311e-01
8.606180989999999698e-01 4.549056589603424072e-01
8.634584789999999455e-01 4.447197616100311279e-01
8.662989150000000027e-01 4.124701321125030518e-01
8.691394070000000305e-01 4.208110868930816650e-01
8.719799560000000005e-01 4.198164641857147217e-01
8.748205610000000521e-01 4.083859324455261230e-01
8.776612219999999631e-01 3.933448195457458496e-01
8.805019389999999557e-01 3.870022296905517578e-01
8.833427130000000016e-01 3.798727989196777344e-01
8.861835430000000180e-01 3.594835996627807617e-01
8.890244290000000049e-01 3.553641736507415771e-01
8.918653709999999624e-01 3.343475461006164551e-01
8.947063699999999731e-01 2.789156138896942139e-01
8.975474239999999826e-01 2.240905016660690308e-01
9.003885350000000454e-01 2.060876786708831787e-01
9.032297030000000504e-01 2.322830706834793091e-01
9.060709260000000542e-01 2.332761734724044800e-01
9.089122060000000003e-01 1.872716546058654785e-01
9.117535420000000279e-01 1.860836297273635864e-01
9.145949340000000261e-01 1.720153391361236572e-01
9.174363819999999947e-01 1.705635935068130493e-01
9.202778870000000166e-01 1.993993520736694336e-01
9.231194480000000091e-01 1.893429607152938843e-01
9.259610649999999721e-01 1.679986268281936646e-01
9.288027380000000166e-01 1.211168467998504639e-01
9.316444680000000034e-01 6.625032424926757812e-02
9.344862539999999607e-01 3.853702172636985779e-02
9.373280959999999995e-01 4.288192093372344971e-02
9.401699940000000089e-01 6.515646725893020630e-02
9.430119489999999605e-01 5.387945100665092468e-02
9.458539599999999936e-01 5.037833750247955322e-02
9.486960269999999973e-01 5.467504635453224182e-02
9.515381499999999715e-01 5.221517011523246765e-02
9.543803299999999989e-01 5.518928542733192444e-02
9.572225659999999969e-01 5.848364904522895813e-02
9.600648579999999654e-01 6.179815903306007385e-02
9.629072060000000155e-01 7.323623448610305786e-02
9.657496110000000078e-01 8.214085549116134644e-02
9.685920709999999989e-01 1.011028662323951721e-01
9.714345880000000433e-01 1.134117543697357178e-01
9.742771620000000299e-01 9.814926236867904663e-02
9.771197910000000153e-01 1.010718122124671936e-01
9.799624770000000540e-01 1.073936671018600464e-01
9.828052189999999522e-01 1.210932657122612000e-01
9.856480170000000429e-01 1.304425746202468872e-01
9.884908709999999932e-01 1.344155967235565186e-01
9.913337819999999967e-01 1.319984346628189087e-01
9.941767489999999707e-01 1.393648386001586914e-01
9.970197720000000263e-01 1.395069211721420288e-01
9.998628510000000524e-01 1.357959359884262085e-01
1.002705986999999910e+00 1.340837478637695312e-01
1.005549178999999960e+00 1.298323720693588257e-01
1.008392426999999980e+00 1.320171654224395752e-01
1.011235730999999971e+00 1.377839446067810059e-01
1.014079092000000015e+00 1.360742300748825073e-01
1.016922509000000030e+00 1.436121910810470581e-01
1.019765982000000015e+00 1.460346430540084839e-01
1.022609510999999971e+00 1.414900124073028564e-01
1.025453096999999980e+00 1.361503452062606812e-01
1.028296738999999960e+00 1.418089866638183594e-01
1.031140436999999910e+00 1.386699229478836060e-01
1.033984191000000052e+00 1.464112102985382080e-01
1.036828002000000026e+00 1.434602588415145874e-01
1.039671868000000110e+00 1.371144503355026245e-01
1.042515791000000025e+00 1.458320468664169312e-01
1.045359770999999993e+00 1.530286073684692383e-01
