3.615872339999999796e-01 1.275693893432617188e+00
3.644177160000000026e-01 1.451513648033142090e+00
3.672482539999999962e-01 1.583061814308166504e+00
3.700788480000000158e-01 1.553272962570190430e+00
3.729094980000000059e-01 1.421106934547424316e+00
3.757402049999999938e-01 1.495603084564208984e+00
3.785709680000000077e-01 1.652485370635986328e+00
3.814017869999999921e-01 1.426015257835388184e+00
3.842326620000000026e-01 1.276788949966430664e+00
3.870635940000000108e-01 1.447253584861755371e+00
3.898945819999999896e-01 1.586453437805175781e+00
3.927256259999999943e-01 1.393892526626586914e+00
3.955567260000000251e-01 1.427754044532775879e+00
3.983878829999999982e-01 1.828426957130432129e+00
4.012190950000000256e-01 2.256411790847778320e+00
4.040503639999999952e-01 2.230024814605712891e+00
4.068816900000000181e-01 2.190457582473754883e+00
4.097130709999999842e-01 2.243662834167480469e+00
4.125445090000000037e-01 2.346845149993896484e+00
4.153760029999999936e-01 2.355448722839355469e+00
4.182075530000000096e-01 2.329668283462524414e+00
4.210391589999999962e-01 2.311949014663696289e+00
4.238708219999999804e-01 2.262170314788818359e+00
4.267025409999999908e-01 2.211707592010498047e+00
4.295343160000000271e-01 2.027168035507202148e+00
4.323661469999999785e-01 2.157404422760009766e+00
4.351980349999999831e-01 2.347112894058227539e+00
4.380299790000000137e-01 2.363529443740844727e+00
4.408619790000000149e-01 2.451615810394287109e+00
4.436940349999999866e-01 2.594100475311279297e+00
4.465261480000000116e-01 2.596437931060791016e+00
4.493583170000000071e-01 2.743673563003540039e+00
4.521905419999999731e-01 2.768942832946777344e+00
4.550228230000000207e-01 2.750550746917724609e+00
4.578551610000000105e-01 2.799199342727661133e+00
4.606875550000000263e-01 2.821064233779907227e+00
4.635200050000000127e-01 2.837231397628784180e+00
4.663525110000000251e-01 2.785719156265258789e+00
4.691850739999999798e-01 2.785920619964599609e+00
4.720176919999999887e-01 2.814739227294921875e+00
4.748503669999999954e-01 2.867684841156005859e+00
4.776830989999999999e-01 2.894534349441528320e+00
4.805158860000000032e-01 2.960723400115966797e+00
4.833487300000000042e-01 2.928505897521972656e+00
4.861816299999999758e-01 2.701052427291870117e+00
4.890145859999999733e-01 2.807977437973022461e+00
4.918475979999999970e-01 2.879224777221679688e+00
4.946806670000000183e-01 2.950074195861816406e+00
4.975137920000000102e-01 2.960423469543457031e+00
5.003469729999999727e-01 2.873850584030151367e+00
5.031802100000000166e-01 2.854912996292114258e+00
5.060135040000000028e-01 2.952363014221191406e+00
5.088468539999999596e-01 2.965406417846679688e+00
5.116802599999999979e-01 2.998704671859741211e+00
5.145137220000000067e-01 2.915020227432250977e+00
5.173472409999999577e-01 2.763278007507324219e+00
5.201808159999999903e-01 2.893238544464111328e+00
5.230144469999999934e-01 3.009295463562011719e+00
5.258481339999999671e-01 3.021989583969116211e+00
5.286818779999999940e-01 3.061580896377563477e+00
5.315156779999999914e-01 3.157586574554443359e+00
5.343495339999999594e-01 3.144014358520507812e+00
5.371834460000000089e-01 3.182564020156860352e+00
5.400174150000000006e-01 3.122541904449462891e+00
5.428514389999999912e-01 3.160501956939697266e+00
5.456855200000000350e-01 3.212724685668945312e+00
5.485196580000000210e-01 3.215400457382202148e+00
5.513538510000000059e-01 3.240639448165893555e+00
5.541881010000000440e-01 3.265344142913818359e+00
5.570224070000000527e-01 3.232462167739868164e+00
5.598567690000000319e-01 3.189578533172607422e+00
5.626911869999999816e-01 3.240096807479858398e+00
5.655256619999999845e-01 3.233029603958129883e+00
5.683601929999999580e-01 3.202803134918212891e+00
5.711947800000000131e-01 3.164530277252197266e+00
5.740294230000000386e-01 3.211127758026123047e+00
5.768641230000000064e-01 3.191395759582519531e+00
5.796988789999999447e-01 3.193649768829345703e+00
5.825336909999999646e-01 3.256282567977905273e+00
5.853685589999999550e-01 3.219058036804199219e+00
5.882034839999999987e-01 2.995158195495605469e+00
5.910384650000000129e-01 2.873877286911010742e+00
5.938735019999999976e-01 2.913158178329467773e+00
5.967085949999999528e-01 2.882847070693969727e+00
5.995437449999999613e-01 2.850761413574218750e+00
6.023789510000000513e-01 2.809345245361328125e+00
6.052142130000000009e-01 2.815562486648559570e+00
6.080495310000000320e-01 2.773462057113647461e+00
6.108849060000000053e-01 2.680057764053344727e+00
6.137203359999999774e-01 2.593096494674682617e+00
6.165558230000000028e-01 2.578385591506958008e+00
6.193913669999999705e-01 2.632599115371704102e+00
6.222269660000000480e-01 2.621019363403320312e+00
6.250626219999999567e-01 2.561156511306762695e+00
6.278983339999999469e-01 2.496983289718627930e+00
6.307341020000000187e-01 2.466504335403442383e+00
6.335699259999999500e-01 2.492357254028320312e+00
6.364058070000000455e-01 2.521690368652343750e+00
6.392417440000000006e-01 2.529320716857910156e+00
6.420777370000000372e-01 2.488753080368041992e+00
6.449137860000000444e-01 2.453672170639038086e+00
6.477498919999999938e-01 2.346740961074829102e+00
6.505860540000000247e-01 2.339788675308227539e+00
6.534222720000000262e-01 2.327708959579467773e+00
6.562585459999999982e-01 2.134061336517333984e+00
6.590948770000000234e-01 2.223567008972167969e+00
6.619312640000000192e-01 2.286984920501708984e+00
6.647677069999999855e-01 2.265782594680786133e+00
6.676042060000000333e-01 2.244726419448852539e+00
6.704407620000000234e-01 2.213792800903320312e+00
6.732773739999999840e-01 2.193937301635742188e+00
6.761140420000000262e-01 2.181788206100463867e+00
6.789507660000000389e-01 2.164425849914550781e+00
6.817875469999999938e-01 2.139524936676025391e+00
6.846243829999999475e-01 2.049399375915527344e+00
6.874612759999999545e-01 1.722865343093872070e+00
6.902982260000000148e-01 1.730601310729980469e+00
6.931352309999999628e-01 1.765283465385437012e+00
6.959722929999999641e-01 1.766707777976989746e+00
6.988094110000000470e-01 1.744359970092773438e+00
7.016465849999999893e-01 1.641598105430603027e+00
7.044838150000000132e-01 1.636662364006042480e+00
7.073211019999999793e-01 1.599569678306579590e+00
7.101584450000000270e-01 1.536544919013977051e+00
7.129958440000000452e-01 1.437387347221374512e+00
7.158332990000000340e-01 1.212460637092590332e+00
7.186708109999999650e-01 8.789432644844055176e-01
7.215083789999999775e-01 8.994008898735046387e-01
7.243460029999999605e-01 8.200874328613281250e-01
7.271836830000000251e-01 7.457258105278015137e-01
7.300214200000000320e-01 6.929998993873596191e-01
7.328592130000000093e-01 7.077846527099609375e-01
7.356970619999999572e-01 7.001990675926208496e-01
7.385349669999999866e-01 6.847093701362609863e-01
7.413729289999999583e-01 6.847492456436157227e-01
7.442109470000000115e-01 6.902858018875122070e-01
7.470490210000000353e-01 6.920192837715148926e-01
7.498871510000000296e-01 6.762657165527343750e-01
7.527253379999999661e-01 6.660851240158081055e-01
7.555635800000000124e-01 6.634590625762939453e-01
7.584018790000000010e-01 5.420790314674377441e-01
7.612402350000000428e-01 2.551944553852081299e-01
7.640786459999999725e-01 3.143586814403533936e-01
7.669171139999999554e-01 5.003063082695007324e-01
7.697556380000000198e-01 6.051108837127685547e-01
7.725942180000000548e-01 6.264190673828125000e-01
7.754328539999999492e-01 6.302986741065979004e-01
7.782715470000000080e-01 6.305016279220581055e-01
7.811102960000000373e-01 6.319184303283691406e-01
7.839491010000000371e-01 6.303929686546325684e-01
7.867879620000000074e-01 6.204804778099060059e-01
7.896268800000000310e-01 6.092413067817687988e-01
7.924658540000000251e-01 6.045852899551391602e-01
7.953048839999999897e-01 6.081866025924682617e-01
7.981439700000000359e-01 6.168649196624755859e-01
8.009831130000000243e-01 6.151343584060668945e-01
8.038223119999999833e-01 6.129345297813415527e-01
8.066615670000000238e-01 6.213539242744445801e-01
8.095008780000000348e-01 5.988408327102661133e-01
8.123402459999999881e-01 5.330894589424133301e-01
8.151796700000000229e-01 4.391926527023315430e-01
8.180191500000000282e-01 4.160065054893493652e-01
8.208586860000000041e-01 4.424670040607452393e-01
8.236982790000000332e-01 4.084616601467132568e-01
8.265379269999999501e-01 4.237116873264312744e-01
8.293776320000000313e-01 3.766792416572570801e-01
8.322173940000000547e-01 3.659548461437225342e-01
8.350572109999999659e-01 3.701179623603820801e-01
8.378970850000000414e-01 3.780341446399688721e-01
8.407370149999999764e-01 3.811532557010650635e-01
8.435770009999999930e-01 3.766771256923675537e-01
8.464170429999999801e-01 3.734005391597747803e-01
8.492571420000000204e-01 3.504471182823181152e-01
8.520972970000000313e-01 3.361449837684631348e-01
8.549375080000000127e-01 3.216364979743957520e-01
8.577777749999999646e-01 3.417261242866516113e-01
8.606180989999999698e-01 3.372006118297576904e-01
8.634584789999999455e-01 3.260351121425628662e-01
8.662989150000000027e-01 2.995685636997222900e-01
8.691394070000000305e-01 3.131729662418365479e-01
8.719799560000000005e-01 3.059647977352142334e-01
8.748205610000000521e-01 2.982228994369506836e-01
8.776612219999999631e-01 2.920165359973907471e-01
8.805019389999999557e-01 2.807140648365020752e-01
8.833427130000000016e-01 2.774096429347991943e-01
8.861835430000000180e-01 2.674525380134582520e-01
8.890244290000000049e-01 2.628094851970672607e-01
8.918653709999999624e-01 2.472953051328659058e-01
8.947063699999999731e-01 2.116429358720779419e-01
8.975474239999999826e-01 1.697088181972503662e-01
9.003885350000000454e-01 1.522376537322998047e-01
9.032297030000000504e-01 1.732834875583648682e-01
9.060709260000000542e-01 1.747263520956039429e-01
9.089122060000000003e-01 1.444449424743652344e-01
9.117535420000000279e-01 1.411124169826507568e-01
9.145949340000000261e-01 1.336864382028579712e-01
9.174363819999999947e-01 1.342915892601013184e-01
9.202778870000000166e-01 1.532687991857528687e-01
9.231194480000000091e-01 1.429392695426940918e-01
9.259610649999999721e-01 1.330024451017379761e-01
9.288027380000000166e-01 9.553036838769912720e-02
9.316444680000000034e-01 5.263552069664001465e-02
9.344862539999999607e-01 2.820202521979808807e-02
9.373280959999999995e-01 3.111756779253482819e-02
9.401699940000000089e-01 5.255775898694992065e-02
9.430119489999999605e-01 4.522161185741424561e-02
9.458539599999999936e-01 3.993639349937438965e-02
9.486960269999999973e-01 4.179925844073295593e-02
9.515381499999999715e-01 4.418293386697769165e-02
9.543803299999999989e-01 4.445862397551536560e-02
9.572225659999999969e-01 5.100505426526069641e-02
9.600648579999999654e-01 5.431614071130752563e-02
9.629072060000000155e-01 5.866611376404762268e-02
9.657496110000000078e-01 7.025527209043502808e-02
9.685920709999999989e-01 8.695185929536819458e-02
9.714345880000000433e-01 8.799497038125991821e-02
9.742771620000000299e-01 8.382303267717361450e-02
9.771197910000000153e-01 7.960880547761917114e-02
9.799624770000000540e-01 8.759140968322753906e-02
9.828052189999999522e-01 1.009355932474136353e-01
9.856480170000000429e-01 1.026964113116264343e-01
9.884908709999999932e-01 1.041988134384155273e-01
9.913337819999999967e-01 1.076317578554153442e-01
9.941767489999999707e-01 1.089260429143905640e-01
9.970197720000000263e-01 1.129920110106468201e-01
9.998628510000000524e-01 1.097834929823875427e-01
1.002705986999999910e+00 1.156977564096450806e-01
1.005549178999999960e+00 1.076189503073692322e-01
1.008392426999999980e+00 1.093016862869262695e-01
1.011235730999999971e+00 1.101584732532501221e-01
1.014079092000000015e+00 1.043311208486557007e-01
1.016922509000000030e+00 1.162522435188293457e-01
1.019765982000000015e+00 1.099012866616249084e-01
1.022609510999999971e+00 1.107761338353157043e-01
1.025453096999999980e+00 1.134346276521682739e-01
1.028296738999999960e+00 1.045766398310661316e-01
1.031140436999999910e+00 1.098845154047012329e-01
1.033984191000000052e+00 1.071694716811180115e-01
1.036828002000000026e+00 1.127018854022026062e-01
1.039671868000000110e+00 1.051790043711662292e-01
1.042515791000000025e+00 1.085929572582244873e-01
1.045359770999999993e+00 1.179826110601425171e-01
