3.615872339999999796e-01 1.332938909530639648e+00
3.644177160000000026e-01 1.471118092536926270e+00
3.672482539999999962e-01 1.580529451370239258e+00
3.700788480000000158e-01 1.598649740219116211e+00
3.729094980000000059e-01 1.425532102584838867e+00
3.757402049999999938e-01 1.482293128967285156e+00
3.785709680000000077e-01 1.698827743530273438e+00
3.814017869999999921e-01 1.414224028587341309e+00
3.842326620000000026e-01 1.313793659210205078e+00
3.870635940000000108e-01 1.440245270729064941e+00
3.898945819999999896e-01 1.632016301155090332e+00
3.927256259999999943e-01 1.445907354354858398e+00
3.955567260000000251e-01 1.450859427452087402e+00
3.983878829999999982e-01 1.836450099945068359e+00
4.012190950000000256e-01 2.262967348098754883e+00
4.040503639999999952e-01 2.273250818252563477e+00
4.068816900000000181e-01 2.247451066970825195e+00
4.097130709999999842e-01 2.306771039962768555e+00
4.125445090000000037e-01 2.365306377410888672e+00
4.153760029999999936e-01 2.381689548492431641e+00
4.182075530000000096e-01 2.347996473312377930e+00
4.210391589999999962e-01 2.349414587020874023e+00
4.238708219999999804e-01 2.311818838119506836e+00
4.267025409999999908e-01 2.250082015991210938e+00
4.295343160000000271e-01 2.040034294128417969e+00
4.323661469999999785e-01 2.165616512298583984e+00
4.351980349999999831e-01 2.385086536407470703e+00
4.380299790000000137e-01 2.389092922210693359e+00
4.408619790000000149e-01 2.484546184539794922e+00
4.436940349999999866e-01 2.629258632659912109e+00
4.465261480000000116e-01 2.637760162353515625e+00
4.493583170000000071e-01 2.782542467117309570e+00
4.521905419999999731e-01 2.822732925415039062e+00
4.550228230000000207e-01 2.784452438354492188e+00
4.578551610000000105e-01 2.858374834060668945e+00
4.606875550000000263e-01 2.872174978256225586e+00
4.635200050000000127e-01 2.883641242980957031e+00
4.663525110000000251e-01 2.841913700103759766e+00
4.691850739999999798e-01 2.830437183380126953e+00
4.720176919999999887e-01 2.871304512023925781e+00
4.748503669999999954e-01 2.920288324356079102e+00
4.776830989999999999e-01 2.946054458618164062e+00
4.805158860000000032e-01 3.001837253570556641e+00
4.833487300000000042e-01 2.980748414993286133e+00
4.861816299999999758e-01 2.758028507232666016e+00
4.890145859999999733e-01 2.872152566909790039e+00
4.918475979999999970e-01 2.944903612136840820e+00
4.946806670000000183e-01 3.001666307449340820e+00
4.975137920000000102e-01 3.027814865112304688e+00
5.003469729999999727e-01 2.957120418548583984e+00
5.031802100000000166e-01 2.924686908721923828e+00
5.060135040000000028e-01 3.016544818878173828e+00
5.088468539999999596e-01 3.038354635238647461e+00
5.116802599999999979e-01 3.062079906463623047e+00
5.145137220000000067e-01 2.995655298233032227e+00
5.173472409999999577e-01 2.846507787704467773e+00
5.201808159999999903e-01 2.972291469573974609e+00
5.230144469999999934e-01 3.095715761184692383e+00
5.258481339999999671e-01 3.101829528808593750e+00
5.286818779999999940e-01 3.141125440597534180e+00
5.315156779999999914e-01 3.241537094116210938e+00
5.343495339999999594e-01 3.234040260314941406e+00
5.371834460000000089e-01 3.280561685562133789e+00
5.400174150000000006e-01 3.217811584472656250e+00
5.428514389999999912e-01 3.238550901412963867e+00
5.456855200000000350e-01 3.303342819213867188e+00
5.485196580000000210e-01 3.305901288986206055e+00
5.513538510000000059e-01 3.339095830917358398e+00
5.541881010000000440e-01 3.373078107833862305e+00
5.570224070000000527e-01 3.329504251480102539e+00
5.598567690000000319e-01 3.291502714157104492e+00
5.626911869999999816e-01 3.340232610702514648e+00
5.655256619999999845e-01 3.327804565429687500e+00
5.683601929999999580e-01 3.298171758651733398e+00
5.711947800000000131e-01 3.265768051147460938e+00
5.740294230000000386e-01 3.317207813262939453e+00
5.768641230000000064e-01 3.281892299652099609e+00
5.796988789999999447e-01 3.296077728271484375e+00
5.825336909999999646e-01 3.365394592285156250e+00
5.853685589999999550e-01 3.322978496551513672e+00
5.882034839999999987e-01 3.108996152877807617e+00
5.910384650000000129e-01 2.970606088638305664e+00
5.938735019999999976e-01 3.024488687515258789e+00
5.967085949999999528e-01 3.012595653533935547e+00
5.995437449999999613e-01 2.980505228042602539e+00
6.023789510000000513e-01 2.940039157867431641e+00
6.052142130000000009e-01 2.944980859756469727e+00
6.080495310000000320e-01 2.894323110580444336e+00
6.108849060000000053e-01 2.810863971710205078e+00
6.137203359999999774e-01 2.723092555999755859e+00
6.165558230000000028e-01 2.697513341903686523e+00
6.193913669999999705e-01 2.765862941741943359e+00
6.222269660000000480e-01 2.756600618362426758e+00
6.250626219999999567e-01 2.685032367706298828e+00
6.278983339999999469e-01 2.617469787597656250e+00
6.307341020000000187e-01 2.598047256469726562e+00
6.335699259999999500e-01 2.622224092483520508e+00
6.364058070000000455e-01 2.649167776107788086e+00
6.392417440000000006e-01 2.658992528915405273e+00
6.420777370000000372e-01 2.635096549987792969e+00
6.449137860000000444e-01 2.594161987304687500e+00
6.477498919999999938e-01 2.473778009414672852e+00
6.505860540000000247e-01 2.461968660354614258e+00
6.534222720000000262e-01 2.453306674957275391e+00
6.562585459999999982e-01 2.246839523315429688e+00
6.590948770000000234e-01 2.357664346694946289e+00
6.619312640000000192e-01 2.413275480270385742e+00
6.647677069999999855e-01 2.392723560333251953e+00
6.676042060000000333e-01 2.380405664443969727e+00
6.704407620000000234e-01 2.346264123916625977e+00
6.732773739999999840e-01 2.316858530044555664e+00
6.761140420000000262e-01 2.309868097305297852e+00
6.789507660000000389e-01 2.291138887405395508e+00
6.817875469999999938e-01 2.277220010757446289e+00
6.846243829999999475e-01 2.190790414810180664e+00
6.874612759999999545e-01 1.827675104141235352e+00
6.902982260000000148e-01 1.855948448181152344e+00
6.931352309999999628e-01 1.888661623001098633e+00
6.959722929999999641e-01 1.894514918327331543e+00
6.988094110000000470e-01 1.875628709793090820e+00
7.016465849999999893e-01 1.774275064468383789e+00
7.044838150000000132e-01 1.767859578132629395e+00
7.073211019999999793e-01 1.729933261871337891e+00
7.101584450000000270e-01 1.666611671447753906e+00
7.129958440000000452e-01 1.563604831695556641e+00
7.158332990000000340e-01 1.330450892448425293e+00
7.186708109999999650e-01 9.615188837051391602e-01
7.215083789999999775e-01 9.884154200553894043e-01
7.243460029999999605e-01 9.055528044700622559e-01
7.271836830000000251e-01 8.168382048606872559e-01
7.300214200000000320e-01 7.660626769065856934e-01
7.328592130000000093e-01 7.773969769477844238e-01
7.356970619999999572e-01 7.730764150619506836e-01
7.385349669999999866e-01 7.538243532180786133e-01
7.413729289999999583e-01 7.572679519653320312e-01
7.442109470000000115e-01 7.706992626190185547e-01
7.470490210000000353e-01 7.671394944190979004e-01
7.498871510000000296e-01 7.567932605743408203e-01
7.527253379999999661e-01 7.465116381645202637e-01
7.555635800000000124e-01 7.395816445350646973e-01
7.584018790000000010e-01 6.175295114517211914e-01
7.612402350000000428e-01 2.844090163707733154e-01
7.640786459999999725e-01 3.394049108028411865e-01
7.669171139999999554e-01 5.500860214233398438e-01
7.697556380000000198e-01 6.797845363616943359e-01
7.725942180000000548e-01 6.972376108169555664e-01
7.754328539999999492e-01 6.998609900474548340e-01
7.782715470000000080e-01 7.022371292114257812e-01
7.811102960000000373e-01 7.083642482757568359e-01
7.839491010000000371e-01 7.087594270706176758e-01
7.867879620000000074e-01 6.965546011924743652e-01
7.896268800000000310e-01 6.758958697319030762e-01
7.924658540000000251e-01 6.762188076972961426e-01
7.953048839999999897e-01 6.872171163558959961e-01
7.981439700000000359e-01 6.907946467399597168e-01
8.009831130000000243e-01 6.903384327888488770e-01
8.038223119999999833e-01 6.885790824890136719e-01
8.066615670000000238e-01 6.980857849121093750e-01
8.095008780000000348e-01 6.751840114593505859e-01
8.123402459999999881e-01 6.053416728973388672e-01
8.151796700000000229e-01 4.958004355430603027e-01
8.180191500000000282e-01 4.664431214332580566e-01
8.208586860000000041e-01 5.007787942886352539e-01
8.236982790000000332e-01 4.545681178569793701e-01
8.265379269999999501e-01 4.722365736961364746e-01
8.293776320000000313e-01 4.196013510227203369e-01
8.322173940000000547e-01 4.072009325027465820e-01
8.350572109999999659e-01 4.120977222919464111e-01
8.378970850000000414e-01 4.160785377025604248e-01
8.407370149999999764e-01 4.185409843921661377e-01
8.435770009999999930e-01 4.167383611202239990e-01
8.464170429999999801e-01 4.131466150283813477e-01
8.492571420000000204e-01 3.877443969249725342e-01
8.520972970000000313e-01 3.783284723758697510e-01
8.549375080000000127e-01 3.544176220893859863e-01
8.577777749999999646e-01 3.745123744010925293e-01
8.606180989999999698e-01 3.758099377155303955e-01
8.634584789999999455e-01 3.701204359531402588e-01
8.662989150000000027e-01 3.365395367145538330e-01
8.691394070000000305e-01 3.457132577896118164e-01
8.719799560000000005e-01 3.391576111316680908e-01
8.748205610000000521e-01 3.328955173492431641e-01
8.776612219999999631e-01 3.211610913276672363e-01
8.805019389999999557e-01 3.126864433288574219e-01
8.833427130000000016e-01 3.080258965492248535e-01
8.861835430000000180e-01 2.937870025634765625e-01
8.890244290000000049e-01 2.945916354656219482e-01
8.918653709999999624e-01 2.757627367973327637e-01
8.947063699999999731e-01 2.363019883632659912e-01
8.975474239999999826e-01 1.878535896539688110e-01
9.003885350000000454e-01 1.673643887042999268e-01
9.032297030000000504e-01 1.904005110263824463e-01
9.060709260000000542e-01 1.948912143707275391e-01
9.089122060000000003e-01 1.553397029638290405e-01
9.117535420000000279e-01 1.566921323537826538e-01
9.145949340000000261e-01 1.443401128053665161e-01
9.174363819999999947e-01 1.410723477602005005e-01
9.202778870000000166e-01 1.672705262899398804e-01
9.231194480000000091e-01 1.580861955881118774e-01
9.259610649999999721e-01 1.468400061130523682e-01
9.288027380000000166e-01 1.055378913879394531e-01
9.316444680000000034e-01 5.721596255898475647e-02
9.344862539999999607e-01 3.039846383035182953e-02
9.373280959999999995e-01 3.025816008448600769e-02
9.401699940000000089e-01 5.605558678507804871e-02
9.430119489999999605e-01 4.790836572647094727e-02
9.458539599999999936e-01 3.986699506640434265e-02
9.486960269999999973e-01 4.719199985265731812e-02
9.515381499999999715e-01 4.380150139331817627e-02
9.543803299999999989e-01 4.626142606139183044e-02
9.572225659999999969e-01 5.028792098164558411e-02
9.600648579999999654e-01 5.403348803520202637e-02
9.629072060000000155e-01 6.021579727530479431e-02
9.657496110000000078e-01 6.021052226424217224e-02
9.685920709999999989e-01 8.698229491710662842e-02
9.714345880000000433e-01 9.138111770153045654e-02
9.742771620000000299e-01 8.470602333545684814e-02
9.771197910000000153e-01 8.378036320209503174e-02
9.799624770000000540e-01 8.754716813564300537e-02
9.828052189999999522e-01 1.000334396958351135e-01
9.856480170000000429e-01 1.036067381501197815e-01
9.884908709999999932e-01 1.135024800896644592e-01
9.913337819999999967e-01 1.159092709422111511e-01
9.941767489999999707e-01 1.107510998845100403e-01
9.970197720000000263e-01 1.153762489557266235e-01
9.998628510000000524e-01 1.101652905344963074e-01
1.002705986999999910e+00 1.152997612953186035e-01
1.005549178999999960e+00 1.087625250220298767e-01
1.008392426999999980e+00 1.142705157399177551e-01
1.011235730999999971e+00 1.209557130932807922e-01
1.014079092000000015e+00 1.198380142450332642e-01
1.016922509000000030e+00 1.148561164736747742e-01
1.019765982000000015e+00 1.129170730710029602e-01
1.022609510999999971e+00 1.158877834677696228e-01
1.025453096999999980e+00 1.123340353369712830e-01
1.028296738999999960e+00 1.099251732230186462e-01
1.031140436999999910e+00 1.167654693126678467e-01
1.033984191000000052e+00 1.183915659785270691e-01
1.036828002000000026e+00 1.194430217146873474e-01
1.039671868000000110e+00 1.159896925091743469e-01
1.042515791000000025e+00 1.206677258014678955e-01
1.045359770999999993e+00 1.363657116889953613e-01
