3.615872339999999796e-01 1.274927139282226562e+00
3.644177160000000026e-01 1.425786614418029785e+00
3.672482539999999962e-01 1.541648149490356445e+00
3.700788480000000158e-01 1.515971779823303223e+00
3.729094980000000059e-01 1.405823230743408203e+00
3.757402049999999938e-01 1.463071465492248535e+00
3.785709680000000077e-01 1.637017726898193359e+00
3.814017869999999921e-01 1.407972216606140137e+00
3.842326620000000026e-01 1.286049842834472656e+00
3.870635940000000108e-01 1.418254971504211426e+00
3.898945819999999896e-01 1.608086347579956055e+00
3.927256259999999943e-01 1.391819715499877930e+00
3.955567260000000251e-01 1.422407865524291992e+00
3.983878829999999982e-01 1.793827176094055176e+00
4.012190950000000256e-01 2.246073722839355469e+00
4.040503639999999952e-01 2.249582052230834961e+00
4.068816900000000181e-01 2.165504217147827148e+00
4.097130709999999842e-01 2.246141195297241211e+00
4.125445090000000037e-01 2.349564313888549805e+00
4.153760029999999936e-01 2.354934215545654297e+00
4.182075530000000096e-01 2.285770177841186523e+00
4.210391589999999962e-01 2.300128459930419922e+00
4.238708219999999804e-01 2.276055097579956055e+00
4.267025409999999908e-01 2.218592882156372070e+00
4.295343160000000271e-01 2.016572237014770508e+00
4.323661469999999785e-01 2.128735065460205078e+00
4.351980349999999831e-01 2.334478616714477539e+00
4.380299790000000137e-01 2.368985414505004883e+00
4.408619790000000149e-01 2.437795400619506836e+00
4.436940349999999866e-01 2.566672563552856445e+00
4.465261480000000116e-01 2.603964567184448242e+00
4.493583170000000071e-01 2.745151519775390625e+00
4.521905419999999731e-01 2.752057075500488281e+00
4.550228230000000207e-01 2.726669311523437500e+00
4.578551610000000105e-01 2.799374341964721680e+00
4.606875550000000263e-01 2.807081699371337891e+00
4.635200050000000127e-01 2.846840143203735352e+00
4.663525110000000251e-01 2.766040325164794922e+00
4.691850739999999798e-01 2.771178245544433594e+00
4.720176919999999887e-01 2.803519487380981445e+00
4.748503669999999954e-01 2.857976675033569336e+00
4.776830989999999999e-01 2.873838424682617188e+00
4.805158860000000032e-01 2.936495304107666016e+00
4.833487300000000042e-01 2.906721115112304688e+00
4.861816299999999758e-01 2.680915594100952148e+00
4.890145859999999733e-01 2.803518533706665039e+00
4.918475979999999970e-01 2.875849246978759766e+00
4.946806670000000183e-01 2.934402942657470703e+00
4.975137920000000102e-01 2.949580192565917969e+00
5.003469729999999727e-01 2.873533725738525391e+00
5.031802100000000166e-01 2.845418930053710938e+00
5.060135040000000028e-01 2.945456266403198242e+00
5.088468539999999596e-01 2.950993299484252930e+00
5.116802599999999979e-01 2.983118534088134766e+00
5.145137220000000067e-01 2.919582605361938477e+00
5.173472409999999577e-01 2.748418807983398438e+00
5.201808159999999903e-01 2.881218910217285156e+00
5.230144469999999934e-01 3.015598535537719727e+00
5.258481339999999671e-01 3.017139434814453125e+00
5.286818779999999940e-01 3.037273406982421875e+00
5.315156779999999914e-01 3.148916959762573242e+00
5.343495339999999594e-01 3.138731718063354492e+00
5.371834460000000089e-01 3.177677869796752930e+00
5.400174150000000006e-01 3.125197887420654297e+00
5.428514389999999912e-01 3.148168087005615234e+00
5.456855200000000350e-01 3.200092077255249023e+00
5.485196580000000210e-01 3.211047172546386719e+00
5.513538510000000059e-01 3.242569446563720703e+00
5.541881010000000440e-01 3.264825344085693359e+00
5.570224070000000527e-01 3.231513977050781250e+00
5.598567690000000319e-01 3.193660974502563477e+00
5.626911869999999816e-01 3.237004756927490234e+00
5.655256619999999845e-01 3.228619337081909180e+00
5.683601929999999580e-01 3.201617002487182617e+00
5.711947800000000131e-01 3.163085699081420898e+00
5.740294230000000386e-01 3.217319250106811523e+00
5.768641230000000064e-01 3.183171510696411133e+00
5.796988789999999447e-01 3.185558080673217773e+00
5.825336909999999646e-01 3.261875391006469727e+00
5.853685589999999550e-01 3.218654870986938477e+00
5.882034839999999987e-01 3.001291751861572266e+00
5.910384650000000129e-01 2.856753587722778320e+00
5.938735019999999976e-01 2.918221950531005859e+00
5.967085949999999528e-01 2.893759012222290039e+00
5.995437449999999613e-01 2.844182729721069336e+00
6.023789510000000513e-01 2.813814878463745117e+00
6.052142130000000009e-01 2.834513664245605469e+00
6.080495310000000320e-01 2.754914283752441406e+00
6.108849060000000053e-01 2.586468219757080078e+00
6.137203359999999774e-01 2.552197694778442383e+00
6.165558230000000028e-01 2.556583404541015625e+00
6.193913669999999705e-01 2.634500741958618164e+00
6.222269660000000480e-01 2.625006198883056641e+00
6.250626219999999567e-01 2.545159339904785156e+00
6.278983339999999469e-01 2.488903760910034180e+00
6.307341020000000187e-01 2.466778039932250977e+00
6.335699259999999500e-01 2.497604846954345703e+00
6.364058070000000455e-01 2.512483119964599609e+00
6.392417440000000006e-01 2.528852701187133789e+00
6.420777370000000372e-01 2.492396831512451172e+00
6.449137860000000444e-01 2.468108177185058594e+00
6.477498919999999938e-01 2.337776660919189453e+00
6.505860540000000247e-01 2.330145120620727539e+00
6.534222720000000262e-01 2.320094823837280273e+00
6.562585459999999982e-01 2.124723434448242188e+00
6.590948770000000234e-01 2.225436687469482422e+00
6.619312640000000192e-01 2.288640022277832031e+00
6.647677069999999855e-01 2.262092351913452148e+00
6.676042060000000333e-01 2.246268033981323242e+00
6.704407620000000234e-01 2.218169450759887695e+00
6.732773739999999840e-01 2.197787046432495117e+00
6.761140420000000262e-01 2.170003890991210938e+00
6.789507660000000389e-01 2.160557508468627930e+00
6.817875469999999938e-01 2.139636516571044922e+00
6.846243829999999475e-01 2.060227632522583008e+00
6.874612759999999545e-01 1.709817409515380859e+00
6.902982260000000148e-01 1.731277227401733398e+00
6.931352309999999628e-01 1.767855882644653320e+00
6.959722929999999641e-01 1.760645508766174316e+00
6.988094110000000470e-01 1.748910903930664062e+00
7.016465849999999893e-01 1.636676192283630371e+00
7.044838150000000132e-01 1.633298516273498535e+00
7.073211019999999793e-01 1.591451406478881836e+00
7.101584450000000270e-01 1.523061752319335938e+00
7.129958440000000452e-01 1.424060821533203125e+00
7.158332990000000340e-01 1.204750061035156250e+00
7.186708109999999650e-01 8.636400699615478516e-01
7.215083789999999775e-01 8.924482464790344238e-01
7.243460029999999605e-01 8.143466711044311523e-01
7.271836830000000251e-01 7.348806858062744141e-01
7.300214200000000320e-01 6.854503750801086426e-01
7.328592130000000093e-01 6.936010122299194336e-01
7.356970619999999572e-01 6.900830268859863281e-01
7.385349669999999866e-01 6.782644987106323242e-01
7.413729289999999583e-01 6.783134341239929199e-01
7.442109470000000115e-01 6.779219508171081543e-01
7.470490210000000353e-01 6.813563704490661621e-01
7.498871510000000296e-01 6.647719740867614746e-01
7.527253379999999661e-01 6.623048782348632812e-01
7.555635800000000124e-01 6.558484435081481934e-01
7.584018790000000010e-01 5.416845083236694336e-01
7.612402350000000428e-01 2.419678419828414917e-01
7.640786459999999725e-01 3.064191937446594238e-01
7.669171139999999554e-01 4.906533956527709961e-01
7.697556380000000198e-01 6.011400222778320312e-01
7.725942180000000548e-01 6.150811910629272461e-01
7.754328539999999492e-01 6.191628575325012207e-01
7.782715470000000080e-01 6.280640363693237305e-01
7.811102960000000373e-01 6.187958121299743652e-01
7.839491010000000371e-01 6.197986602783203125e-01
7.867879620000000074e-01 6.137189865112304688e-01
7.896268800000000310e-01 5.920807719230651855e-01
7.924658540000000251e-01 5.993064641952514648e-01
7.953048839999999897e-01 6.069706678390502930e-01
7.981439700000000359e-01 6.038933396339416504e-01
8.009831130000000243e-01 6.008689999580383301e-01
8.038223119999999833e-01 5.930987596511840820e-01
8.066615670000000238e-01 6.126188635826110840e-01
8.095008780000000348e-01 5.854592919349670410e-01
8.123402459999999881e-01 5.276522040367126465e-01
8.151796700000000229e-01 4.314307868480682373e-01
8.180191500000000282e-01 4.081579446792602539e-01
8.208586860000000041e-01 4.309221804141998291e-01
8.236982790000000332e-01 4.018394649028778076e-01
8.265379269999999501e-01 4.149719476699829102e-01
8.293776320000000313e-01 3.711754977703094482e-01
8.322173940000000547e-01 3.593892753124237061e-01
8.350572109999999659e-01 3.636662065982818604e-01
8.378970850000000414e-01 3.714979887008666992e-01
8.407370149999999764e-01 3.701302707195281982e-01
8.435770009999999930e-01 3.710834681987762451e-01
8.464170429999999801e-01 3.702953159809112549e-01
8.492571420000000204e-01 3.477376699447631836e-01
8.520972970000000313e-01 3.342162668704986572e-01
8.549375080000000127e-01 3.118262887001037598e-01
8.577777749999999646e-01 3.288480341434478760e-01
8.606180989999999698e-01 3.270891010761260986e-01
8.634584789999999455e-01 3.279292285442352295e-01
8.662989150000000027e-01 3.012529909610748291e-01
8.691394070000000305e-01 3.039189577102661133e-01
8.719799560000000005e-01 3.004828393459320068e-01
8.748205610000000521e-01 2.946005463600158691e-01
8.776612219999999631e-01 2.899994850158691406e-01
8.805019389999999557e-01 2.784611880779266357e-01
8.833427130000000016e-01 2.738566398620605469e-01
8.861835430000000180e-01 2.636906504631042480e-01
8.890244290000000049e-01 2.632938921451568604e-01
8.918653709999999624e-01 2.445165961980819702e-01
8.947063699999999731e-01 2.094270437955856323e-01
8.975474239999999826e-01 1.644640713930130005e-01
9.003885350000000454e-01 1.490945369005203247e-01
9.032297030000000504e-01 1.732204109430313110e-01
9.060709260000000542e-01 1.741921007633209229e-01
9.089122060000000003e-01 1.436568647623062134e-01
9.117535420000000279e-01 1.434887498617172241e-01
9.145949340000000261e-01 1.290532797574996948e-01
9.174363819999999947e-01 1.280012875795364380e-01
9.202778870000000166e-01 1.501928269863128662e-01
9.231194480000000091e-01 1.405991315841674805e-01
9.259610649999999721e-01 1.285161674022674561e-01
9.288027380000000166e-01 9.253972768783569336e-02
9.316444680000000034e-01 5.061115324497222900e-02
9.344862539999999607e-01 3.037878870964050293e-02
9.373280959999999995e-01 3.443870320916175842e-02
9.401699940000000089e-01 5.255132913589477539e-02
9.430119489999999605e-01 4.459333047270774841e-02
9.458539599999999936e-01 3.798868879675865173e-02
9.486960269999999973e-01 4.198407381772994995e-02
9.515381499999999715e-01 4.368226602673530579e-02
9.543803299999999989e-01 4.655518010258674622e-02
9.572225659999999969e-01 4.959787800908088684e-02
9.600648579999999654e-01 5.083999782800674438e-02
9.629072060000000155e-01 5.847078934311866760e-02
9.657496110000000078e-01 6.396189332008361816e-02
9.685920709999999989e-01 8.265081048011779785e-02
9.714345880000000433e-01 8.875353634357452393e-02
9.742771620000000299e-01 7.999623566865921021e-02
9.771197910000000153e-01 8.210159093141555786e-02
9.799624770000000540e-01 8.660504966974258423e-02
9.828052189999999522e-01 9.673195332288742065e-02
9.856480170000000429e-01 9.810289740562438965e-02
9.884908709999999932e-01 1.064823642373085022e-01
9.913337819999999967e-01 1.053397953510284424e-01
9.941767489999999707e-01 1.075532883405685425e-01
9.970197720000000263e-01 1.090307012200355530e-01
9.998628510000000524e-01 1.073694974184036255e-01
1.002705986999999910e+00 1.029329225420951843e-01
1.005549178999999960e+00 1.039212569594383240e-01
1.008392426999999980e+00 1.062081456184387207e-01
1.011235730999999971e+00 1.062214374542236328e-01
1.014079092000000015e+00 1.102543994784355164e-01
1.016922509000000030e+00 9.955171495676040649e-02
1.019765982000000015e+00 1.053249984979629517e-01
1.022609510999999971e+00 1.105738729238510132e-01
1.025453096999999980e+00 9.812407195568084717e-02
1.028296738999999960e+00 1.009225547313690186e-01
1.031140436999999910e+00 1.021245419979095459e-01
1.033984191000000052e+00 1.102611273527145386e-01
1.036828002000000026e+00 9.682380408048629761e-02
1.039671868000000110e+00 9.801376610994338989e-02
1.042515791000000025e+00 1.113881319761276245e-01
1.045359770999999993e+00 1.080792844295501709e-01
