3.615872339999999796e-01 1.287069559097290039e+00
3.644177160000000026e-01 1.483539223670959473e+00
3.672482539999999962e-01 1.548413634300231934e+00
3.700788480000000158e-01 1.556543469429016113e+00
3.729094980000000059e-01 1.412776708602905273e+00
3.757402049999999938e-01 1.480527520179748535e+00
3.785709680000000077e-01 1.626727223396301270e+00
3.814017869999999921e-01 1.406129717826843262e+00
3.842326620000000026e-01 1.286990165710449219e+00
3.870635940000000108e-01 1.437633395195007324e+00
3.898945819999999896e-01 1.629945516586303711e+00
3.927256259999999943e-01 1.393275737762451172e+00
3.955567260000000251e-01 1.434880375862121582e+00
3.983878829999999982e-01 1.807428598403930664e+00
4.012190950000000256e-01 2.246414661407470703e+00
4.040503639999999952e-01 2.241523027420043945e+00
4.068816900000000181e-01 2.184412002563476562e+00
4.097130709999999842e-01 2.242516279220581055e+00
4.125445090000000037e-01 2.348700284957885742e+00
4.153760029999999936e-01 2.356945991516113281e+00
4.182075530000000096e-01 2.280986547470092773e+00
4.210391589999999962e-01 2.338223934173583984e+00
4.238708219999999804e-01 2.247950077056884766e+00
4.267025409999999908e-01 2.213822603225708008e+00
4.295343160000000271e-01 2.002148151397705078e+00
4.323661469999999785e-01 2.136769056320190430e+00
4.351980349999999831e-01 2.331109046936035156e+00
4.380299790000000137e-01 2.358247041702270508e+00
4.408619790000000149e-01 2.432750225067138672e+00
4.436940349999999866e-01 2.580338001251220703e+00
4.465261480000000116e-01 2.590386152267456055e+00
4.493583170000000071e-01 2.754180192947387695e+00
4.521905419999999731e-01 2.753844022750854492e+00
4.550228230000000207e-01 2.720814228057861328e+00
4.578551610000000105e-01 2.804213523864746094e+00
4.606875550000000263e-01 2.810904979705810547e+00
4.635200050000000127e-01 2.833924293518066406e+00
4.663525110000000251e-01 2.780412197113037109e+00
4.691850739999999798e-01 2.778500080108642578e+00
4.720176919999999887e-01 2.801684141159057617e+00
4.748503669999999954e-01 2.857216358184814453e+00
4.776830989999999999e-01 2.882651329040527344e+00
4.805158860000000032e-01 2.943027734756469727e+00
4.833487300000000042e-01 2.927340030670166016e+00
4.861816299999999758e-01 2.676434516906738281e+00
4.890145859999999733e-01 2.810097217559814453e+00
4.918475979999999970e-01 2.879806280136108398e+00
4.946806670000000183e-01 2.933770179748535156e+00
4.975137920000000102e-01 2.954575300216674805e+00
5.003469729999999727e-01 2.872924804687500000e+00
5.031802100000000166e-01 2.861620426177978516e+00
5.060135040000000028e-01 2.942873716354370117e+00
5.088468539999999596e-01 2.958645343780517578e+00
5.116802599999999979e-01 2.986227989196777344e+00
5.145137220000000067e-01 2.916036844253540039e+00
5.173472409999999577e-01 2.761425733566284180e+00
5.201808159999999903e-01 2.875205755233764648e+00
5.230144469999999934e-01 3.017529010772705078e+00
5.258481339999999671e-01 3.014145851135253906e+00
5.286818779999999940e-01 3.051408529281616211e+00
5.315156779999999914e-01 3.154208183288574219e+00
5.343495339999999594e-01 3.143230199813842773e+00
5.371834460000000089e-01 3.180974006652832031e+00
5.400174150000000006e-01 3.129386425018310547e+00
5.428514389999999912e-01 3.155987024307250977e+00
5.456855200000000350e-01 3.204147100448608398e+00
5.485196580000000210e-01 3.212704181671142578e+00
5.513538510000000059e-01 3.247035503387451172e+00
5.541881010000000440e-01 3.272406339645385742e+00
5.570224070000000527e-01 3.237935781478881836e+00
5.598567690000000319e-01 3.186002254486083984e+00
5.626911869999999816e-01 3.246504068374633789e+00
5.655256619999999845e-01 3.234638690948486328e+00
5.683601929999999580e-01 3.195339679718017578e+00
5.711947800000000131e-01 3.168112277984619141e+00
5.740294230000000386e-01 3.209103822708129883e+00
5.768641230000000064e-01 3.185178041458129883e+00
5.796988789999999447e-01 3.191929340362548828e+00
5.825336909999999646e-01 3.258609771728515625e+00
5.853685589999999550e-01 3.217200517654418945e+00
5.882034839999999987e-01 2.992362260818481445e+00
5.910384650000000129e-01 2.861897706985473633e+00
5.938735019999999976e-01 2.915557622909545898e+00
5.967085949999999528e-01 2.889100551605224609e+00
5.995437449999999613e-01 2.838995218276977539e+00
6.023789510000000513e-01 2.806797742843627930e+00
6.052142130000000009e-01 2.808755874633789062e+00
6.080495310000000320e-01 2.772630691528320312e+00
6.108849060000000053e-01 2.662852764129638672e+00
6.137203359999999774e-01 2.595630884170532227e+00
6.165558230000000028e-01 2.569967508316040039e+00
6.193913669999999705e-01 2.629682064056396484e+00
6.222269660000000480e-01 2.624118089675903320e+00
6.250626219999999567e-01 2.553159475326538086e+00
6.278983339999999469e-01 2.486403942108154297e+00
6.307341020000000187e-01 2.463102579116821289e+00
6.335699259999999500e-01 2.493010282516479492e+00
6.364058070000000455e-01 2.518578290939331055e+00
6.392417440000000006e-01 2.522184133529663086e+00
6.420777370000000372e-01 2.487616777420043945e+00
6.449137860000000444e-01 2.456598043441772461e+00
6.477498919999999938e-01 2.336138963699340820e+00
6.505860540000000247e-01 2.328463792800903320e+00
6.534222720000000262e-01 2.319587707519531250e+00
6.562585459999999982e-01 2.124711036682128906e+00
6.590948770000000234e-01 2.224153757095336914e+00
6.619312640000000192e-01 2.280911207199096680e+00
6.647677069999999855e-01 2.256944179534912109e+00
6.676042060000000333e-01 2.245579242706298828e+00
6.704407620000000234e-01 2.208268404006958008e+00
6.732773739999999840e-01 2.192286491394042969e+00
6.761140420000000262e-01 2.179625034332275391e+00
6.789507660000000389e-01 2.156309843063354492e+00
6.817875469999999938e-01 2.132883787155151367e+00
6.846243829999999475e-01 2.048502683639526367e+00
6.874612759999999545e-01 1.716125845909118652e+00
6.902982260000000148e-01 1.730931043624877930e+00
6.931352309999999628e-01 1.754377722740173340e+00
6.959722929999999641e-01 1.758346199989318848e+00
6.988094110000000470e-01 1.734933972358703613e+00
7.016465849999999893e-01 1.629604816436767578e+00
7.044838150000000132e-01 1.619581222534179688e+00
7.073211019999999793e-01 1.580590963363647461e+00
7.101584450000000270e-01 1.523266792297363281e+00
7.129958440000000452e-01 1.426542997360229492e+00
7.158332990000000340e-01 1.204025506973266602e+00
7.186708109999999650e-01 8.731333017349243164e-01
7.215083789999999775e-01 8.873428106307983398e-01
7.243460029999999605e-01 8.138877153396606445e-01
7.271836830000000251e-01 7.301622033119201660e-01
7.300214200000000320e-01 6.836867332458496094e-01
7.328592130000000093e-01 7.024657130241394043e-01
7.356970619999999572e-01 6.901611685752868652e-01
7.385349669999999866e-01 6.737686395645141602e-01
7.413729289999999583e-01 6.780375838279724121e-01
7.442109470000000115e-01 6.804154515266418457e-01
7.470490210000000353e-01 6.827017664909362793e-01
7.498871510000000296e-01 6.693079471588134766e-01
7.527253379999999661e-01 6.685829758644104004e-01
7.555635800000000124e-01 6.533483862876892090e-01
7.584018790000000010e-01 5.398014187812805176e-01
7.612402350000000428e-01 2.513453960418701172e-01
7.640786459999999725e-01 3.085175156593322754e-01
7.669171139999999554e-01 4.879101514816284180e-01
7.697556380000000198e-01 5.997462272644042969e-01
7.725942180000000548e-01 6.238259673118591309e-01
7.754328539999999492e-01 6.178292036056518555e-01
7.782715470000000080e-01 6.217320561408996582e-01
7.811102960000000373e-01 6.227601170539855957e-01
7.839491010000000371e-01 6.254396438598632812e-01
7.867879620000000074e-01 6.132181286811828613e-01
7.896268800000000310e-01 5.933809876441955566e-01
7.924658540000000251e-01 5.970243811607360840e-01
7.953048839999999897e-01 6.020673513412475586e-01
7.981439700000000359e-01 6.046639084815979004e-01
8.009831130000000243e-01 5.984749197959899902e-01
8.038223119999999833e-01 6.013753414154052734e-01
8.066615670000000238e-01 6.120349168777465820e-01
8.095008780000000348e-01 5.875021219253540039e-01
8.123402459999999881e-01 5.255674719810485840e-01
8.151796700000000229e-01 4.306376278400421143e-01
8.180191500000000282e-01 4.105381965637207031e-01
8.208586860000000041e-01 4.356695115566253662e-01
8.236982790000000332e-01 3.984131515026092529e-01
8.265379269999999501e-01 4.154751300811767578e-01
8.293776320000000313e-01 3.695391714572906494e-01
8.322173940000000547e-01 3.574894070625305176e-01
8.350572109999999659e-01 3.632637262344360352e-01
8.378970850000000414e-01 3.736101388931274414e-01
8.407370149999999764e-01 3.673865795135498047e-01
8.435770009999999930e-01 3.698123097419738770e-01
8.464170429999999801e-01 3.685872256755828857e-01
8.492571420000000204e-01 3.489585518836975098e-01
8.520972970000000313e-01 3.350299298763275146e-01
8.549375080000000127e-01 3.154912590980529785e-01
8.577777749999999646e-01 3.347024917602539062e-01
8.606180989999999698e-01 3.326565623283386230e-01
8.634584789999999455e-01 3.268535137176513672e-01
8.662989150000000027e-01 3.022785186767578125e-01
8.691394070000000305e-01 3.079985678195953369e-01
8.719799560000000005e-01 3.042394220829010010e-01
8.748205610000000521e-01 2.954260706901550293e-01
8.776612219999999631e-01 2.896592319011688232e-01
8.805019389999999557e-01 2.818030118942260742e-01
8.833427130000000016e-01 2.725108265876770020e-01
8.861835430000000180e-01 2.591950297355651855e-01
8.890244290000000049e-01 2.616809010505676270e-01
8.918653709999999624e-01 2.418423295021057129e-01
8.947063699999999731e-01 2.081788480281829834e-01
8.975474239999999826e-01 1.686436086893081665e-01
9.003885350000000454e-01 1.497268378734588623e-01
9.032297030000000504e-01 1.698879003524780273e-01
9.060709260000000542e-01 1.701279580593109131e-01
9.089122060000000003e-01 1.443134546279907227e-01
9.117535420000000279e-01 1.399896740913391113e-01
9.145949340000000261e-01 1.322235316038131714e-01
9.174363819999999947e-01 1.296971887350082397e-01
9.202778870000000166e-01 1.485060602426528931e-01
9.231194480000000091e-01 1.432836949825286865e-01
9.259610649999999721e-01 1.345311254262924194e-01
9.288027380000000166e-01 9.426434338092803955e-02
9.316444680000000034e-01 4.897966235876083374e-02
9.344862539999999607e-01 2.921885065734386444e-02
9.373280959999999995e-01 3.004398010671138763e-02
9.401699940000000089e-01 4.695563390851020813e-02
9.430119489999999605e-01 4.220850765705108643e-02
9.458539599999999936e-01 3.763752803206443787e-02
9.486960269999999973e-01 4.328940063714981079e-02
9.515381499999999715e-01 3.645524755120277405e-02
9.543803299999999989e-01 4.658816754817962646e-02
9.572225659999999969e-01 4.771500453352928162e-02
9.600648579999999654e-01 4.586132988333702087e-02
9.629072060000000155e-01 5.687026306986808777e-02
9.657496110000000078e-01 6.537751108407974243e-02
9.685920709999999989e-01 8.343858271837234497e-02
9.714345880000000433e-01 8.648045361042022705e-02
9.742771620000000299e-01 7.965341210365295410e-02
9.771197910000000153e-01 8.347311615943908691e-02
9.799624770000000540e-01 9.048175811767578125e-02
9.828052189999999522e-01 9.268128126859664917e-02
9.856480170000000429e-01 1.038582846522331238e-01
9.884908709999999932e-01 1.050167307257652283e-01
9.913337819999999967e-01 1.049338504672050476e-01
9.941767489999999707e-01 1.081815063953399658e-01
9.970197720000000263e-01 1.060106679797172546e-01
9.998628510000000524e-01 1.064801737666130066e-01
1.002705986999999910e+00 1.012894809246063232e-01
1.005549178999999960e+00 1.065601184964179993e-01
1.008392426999999980e+00 1.055120602250099182e-01
1.011235730999999971e+00 1.054303646087646484e-01
1.014079092000000015e+00 1.073893681168556213e-01
1.016922509000000030e+00 1.076068431138992310e-01
1.019765982000000015e+00 1.083605512976646423e-01
1.022609510999999971e+00 1.048738732933998108e-01
1.025453096999999980e+00 1.133624538779258728e-01
1.028296738999999960e+00 1.072691529989242554e-01
1.031140436999999910e+00 1.059369221329689026e-01
1.033984191000000052e+00 1.026005297899246216e-01
1.036828002000000026e+00 1.036774516105651855e-01
1.039671868000000110e+00 1.062964573502540588e-01
1.042515791000000025e+00 1.121764555573463440e-01
1.045359770999999993e+00 1.136836707592010498e-01
