3.615872339999999796e-01 1.328183650970458984e+00
3.644177160000000026e-01 1.522100210189819336e+00
3.672482539999999962e-01 1.597600936889648438e+00
3.700788480000000158e-01 1.609072327613830566e+00
3.729094980000000059e-01 1.434212088584899902e+00
3.757402049999999938e-01 1.482956647872924805e+00
3.785709680000000077e-01 1.643429279327392578e+00
3.814017869999999921e-01 1.393838644027709961e+00
3.842326620000000026e-01 1.313956379890441895e+00
3.870635940000000108e-01 1.415611743927001953e+00
3.898945819999999896e-01 1.618959307670593262e+00
3.927256259999999943e-01 1.426154136657714844e+00
3.955567260000000251e-01 1.442059040069580078e+00
3.983878829999999982e-01 1.829837560653686523e+00
4.012190950000000256e-01 2.265933990478515625e+00
4.040503639999999952e-01 2.264046907424926758e+00
4.068816900000000181e-01 2.217554330825805664e+00
4.097130709999999842e-01 2.281392812728881836e+00
4.125445090000000037e-01 2.358544826507568359e+00
4.153760029999999936e-01 2.359238624572753906e+00
4.182075530000000096e-01 2.323130846023559570e+00
4.210391589999999962e-01 2.346262454986572266e+00
4.238708219999999804e-01 2.304872274398803711e+00
4.267025409999999908e-01 2.243510246276855469e+00
4.295343160000000271e-01 2.046848297119140625e+00
4.323661469999999785e-01 2.190269708633422852e+00
4.351980349999999831e-01 2.374006032943725586e+00
4.380299790000000137e-01 2.394572496414184570e+00
4.408619790000000149e-01 2.476783037185668945e+00
4.436940349999999866e-01 2.622776031494140625e+00
4.465261480000000116e-01 2.655610084533691406e+00
4.493583170000000071e-01 2.800126314163208008e+00
4.521905419999999731e-01 2.825226545333862305e+00
4.550228230000000207e-01 2.789237499237060547e+00
4.578551610000000105e-01 2.843367338180541992e+00
4.606875550000000263e-01 2.869647741317749023e+00
4.635200050000000127e-01 2.887177228927612305e+00
4.663525110000000251e-01 2.825224161148071289e+00
4.691850739999999798e-01 2.826017379760742188e+00
4.720176919999999887e-01 2.874170780181884766e+00
4.748503669999999954e-01 2.920432806015014648e+00
4.776830989999999999e-01 2.939706802368164062e+00
4.805158860000000032e-01 3.007906675338745117e+00
4.833487300000000042e-01 2.982592344284057617e+00
4.861816299999999758e-01 2.743753910064697266e+00
4.890145859999999733e-01 2.863075971603393555e+00
4.918475979999999970e-01 2.942220926284790039e+00
4.946806670000000183e-01 2.995540857315063477e+00
4.975137920000000102e-01 3.016869544982910156e+00
5.003469729999999727e-01 2.930002212524414062e+00
5.031802100000000166e-01 2.922253131866455078e+00
5.060135040000000028e-01 3.000746965408325195e+00
5.088468539999999596e-01 3.020157098770141602e+00
5.116802599999999979e-01 3.045919418334960938e+00
5.145137220000000067e-01 2.976658582687377930e+00
5.173472409999999577e-01 2.819356918334960938e+00
5.201808159999999903e-01 2.941890239715576172e+00
5.230144469999999934e-01 3.074820995330810547e+00
5.258481339999999671e-01 3.073756933212280273e+00
5.286818779999999940e-01 3.119191884994506836e+00
5.315156779999999914e-01 3.216326951980590820e+00
5.343495339999999594e-01 3.212752103805541992e+00
5.371834460000000089e-01 3.254638433456420898e+00
5.400174150000000006e-01 3.184651613235473633e+00
5.428514389999999912e-01 3.215257406234741211e+00
5.456855200000000350e-01 3.263627529144287109e+00
5.485196580000000210e-01 3.281611204147338867e+00
5.513538510000000059e-01 3.309084177017211914e+00
5.541881010000000440e-01 3.340277194976806641e+00
5.570224070000000527e-01 3.306369781494140625e+00
5.598567690000000319e-01 3.259124755859375000e+00
5.626911869999999816e-01 3.314125299453735352e+00
5.655256619999999845e-01 3.296036243438720703e+00
5.683601929999999580e-01 3.264617919921875000e+00
5.711947800000000131e-01 3.239974737167358398e+00
5.740294230000000386e-01 3.281083106994628906e+00
5.768641230000000064e-01 3.248477458953857422e+00
5.796988789999999447e-01 3.258615732192993164e+00
5.825336909999999646e-01 3.318855524063110352e+00
5.853685589999999550e-01 3.278944969177246094e+00
5.882034839999999987e-01 3.056244850158691406e+00
5.910384650000000129e-01 2.918862819671630859e+00
5.938735019999999976e-01 2.977150440216064453e+00
5.967085949999999528e-01 2.957340955734252930e+00
5.995437449999999613e-01 2.918691396713256836e+00
6.023789510000000513e-01 2.878304719924926758e+00
6.052142130000000009e-01 2.893141746520996094e+00
6.080495310000000320e-01 2.841635704040527344e+00
6.108849060000000053e-01 2.707433938980102539e+00
6.137203359999999774e-01 2.668807744979858398e+00
6.165558230000000028e-01 2.649316072463989258e+00
6.193913669999999705e-01 2.713116407394409180e+00
6.222269660000000480e-01 2.701686859130859375e+00
6.250626219999999567e-01 2.631084918975830078e+00
6.278983339999999469e-01 2.560238599777221680e+00
6.307341020000000187e-01 2.534418821334838867e+00
6.335699259999999500e-01 2.568571805953979492e+00
6.364058070000000455e-01 2.589486598968505859e+00
6.392417440000000006e-01 2.597962141036987305e+00
6.420777370000000372e-01 2.561951875686645508e+00
6.449137860000000444e-01 2.537468433380126953e+00
6.477498919999999938e-01 2.409682273864746094e+00
6.505860540000000247e-01 2.410681247711181641e+00
6.534222720000000262e-01 2.397825956344604492e+00
6.562585459999999982e-01 2.193222045898437500e+00
6.590948770000000234e-01 2.303664445877075195e+00
6.619312640000000192e-01 2.363941669464111328e+00
6.647677069999999855e-01 2.333930969238281250e+00
6.676042060000000333e-01 2.316647291183471680e+00
6.704407620000000234e-01 2.295594453811645508e+00
6.732773739999999840e-01 2.266556978225708008e+00
6.761140420000000262e-01 2.258401632308959961e+00
6.789507660000000389e-01 2.234740018844604492e+00
6.817875469999999938e-01 2.207380056381225586e+00
6.846243829999999475e-01 2.120505571365356445e+00
6.874612759999999545e-01 1.778795719146728516e+00
6.902982260000000148e-01 1.787972688674926758e+00
6.931352309999999628e-01 1.820750832557678223e+00
6.959722929999999641e-01 1.835873484611511230e+00
6.988094110000000470e-01 1.807015895843505859e+00
7.016465849999999893e-01 1.706293463706970215e+00
7.044838150000000132e-01 1.698334693908691406e+00
7.073211019999999793e-01 1.657594442367553711e+00
7.101584450000000270e-01 1.600652694702148438e+00
7.129958440000000452e-01 1.495666861534118652e+00
7.158332990000000340e-01 1.262671589851379395e+00
7.186708109999999650e-01 9.258114695549011230e-01
7.215083789999999775e-01 9.419732689857482910e-01
7.243460029999999605e-01 8.573261499404907227e-01
7.271836830000000251e-01 7.729130387306213379e-01
7.300214200000000320e-01 7.381607890129089355e-01
7.328592130000000093e-01 7.487547993659973145e-01
7.356970619999999572e-01 7.456354498863220215e-01
7.385349669999999866e-01 7.293491363525390625e-01
7.413729289999999583e-01 7.216885685920715332e-01
7.442109470000000115e-01 7.365140318870544434e-01
7.470490210000000353e-01 7.363345026969909668e-01
7.498871510000000296e-01 7.211059331893920898e-01
7.527253379999999661e-01 7.154375910758972168e-01
7.555635800000000124e-01 7.045239806175231934e-01
7.584018790000000010e-01 5.718724131584167480e-01
7.612402350000000428e-01 2.698348164558410645e-01
7.640786459999999725e-01 3.286553025245666504e-01
7.669171139999999554e-01 5.255484580993652344e-01
7.697556380000000198e-01 6.416402459144592285e-01
7.725942180000000548e-01 6.726837754249572754e-01
7.754328539999999492e-01 6.710765361785888672e-01
7.782715470000000080e-01 6.743395328521728516e-01
7.811102960000000373e-01 6.695681214332580566e-01
7.839491010000000371e-01 6.734227538108825684e-01
7.867879620000000074e-01 6.672005653381347656e-01
7.896268800000000310e-01 6.401107311248779297e-01
7.924658540000000251e-01 6.423141956329345703e-01
7.953048839999999897e-01 6.500410437583923340e-01
7.981439700000000359e-01 6.503247022628784180e-01
8.009831130000000243e-01 6.486216187477111816e-01
8.038223119999999833e-01 6.503450870513916016e-01
8.066615670000000238e-01 6.628799438476562500e-01
8.095008780000000348e-01 6.366749405860900879e-01
8.123402459999999881e-01 5.697618722915649414e-01
8.151796700000000229e-01 4.624615311622619629e-01
8.180191500000000282e-01 4.455962479114532471e-01
8.208586860000000041e-01 4.657107591629028320e-01
8.236982790000000332e-01 4.334394931793212891e-01
8.265379269999999501e-01 4.504124224185943604e-01
8.293776320000000313e-01 4.018830955028533936e-01
8.322173940000000547e-01 3.902190327644348145e-01
8.350572109999999659e-01 3.986028730869293213e-01
8.378970850000000414e-01 4.118053913116455078e-01
8.407370149999999764e-01 4.056086838245391846e-01
8.435770009999999930e-01 4.052543342113494873e-01
8.464170429999999801e-01 4.023169577121734619e-01
8.492571420000000204e-01 3.915785253047943115e-01
8.520972970000000313e-01 3.671506643295288086e-01
8.549375080000000127e-01 3.473843932151794434e-01
8.577777749999999646e-01 3.713370859622955322e-01
8.606180989999999698e-01 3.666003942489624023e-01
8.634584789999999455e-01 3.571184873580932617e-01
8.662989150000000027e-01 3.313106596469879150e-01
8.691394070000000305e-01 3.388403952121734619e-01
8.719799560000000005e-01 3.358908891677856445e-01
8.748205610000000521e-01 3.264322876930236816e-01
8.776612219999999631e-01 3.259690403938293457e-01
8.805019389999999557e-01 3.094208836555480957e-01
8.833427130000000016e-01 3.044041097164154053e-01
8.861835430000000180e-01 2.927004098892211914e-01
8.890244290000000049e-01 2.899970114231109619e-01
8.918653709999999624e-01 2.741484642028808594e-01
8.947063699999999731e-01 2.315411865711212158e-01
8.975474239999999826e-01 1.871066540479660034e-01
9.003885350000000454e-01 1.686021983623504639e-01
9.032297030000000504e-01 1.957581341266632080e-01
9.060709260000000542e-01 1.927331835031509399e-01
9.089122060000000003e-01 1.554839164018630981e-01
9.117535420000000279e-01 1.545037329196929932e-01
9.145949340000000261e-01 1.456502079963684082e-01
9.174363819999999947e-01 1.451816409826278687e-01
9.202778870000000166e-01 1.698996126651763916e-01
9.231194480000000091e-01 1.551416516304016113e-01
9.259610649999999721e-01 1.447968333959579468e-01
9.288027380000000166e-01 1.021829470992088318e-01
9.316444680000000034e-01 5.522615835070610046e-02
9.344862539999999607e-01 3.345868736505508423e-02
9.373280959999999995e-01 3.662221506237983704e-02
9.401699940000000089e-01 5.675576627254486084e-02
9.430119489999999605e-01 4.562352225184440613e-02
9.458539599999999936e-01 3.983168303966522217e-02
9.486960269999999973e-01 4.626346379518508911e-02
9.515381499999999715e-01 4.739478975534439087e-02
9.543803299999999989e-01 4.932332411408424377e-02
9.572225659999999969e-01 5.405380949378013611e-02
9.600648579999999654e-01 5.573413893580436707e-02
9.629072060000000155e-01 6.852339953184127808e-02
9.657496110000000078e-01 7.221507281064987183e-02
9.685920709999999989e-01 1.036311611533164978e-01
9.714345880000000433e-01 1.026797741651535034e-01
9.742771620000000299e-01 8.943019807338714600e-02
9.771197910000000153e-01 9.373243153095245361e-02
9.799624770000000540e-01 9.579806774854660034e-02
9.828052189999999522e-01 1.086561605334281921e-01
9.856480170000000429e-01 1.137731373310089111e-01
9.884908709999999932e-01 1.248697936534881592e-01
9.913337819999999967e-01 1.243767142295837402e-01
9.941767489999999707e-01 1.269674897193908691e-01
9.970197720000000263e-01 1.265880167484283447e-01
9.998628510000000524e-01 1.248177289962768555e-01
1.002705986999999910e+00 1.230573803186416626e-01
1.005549178999999960e+00 1.214595139026641846e-01
1.008392426999999980e+00 1.273201406002044678e-01
1.011235730999999971e+00 1.253819167613983154e-01
1.014079092000000015e+00 1.205126047134399414e-01
1.016922509000000030e+00 1.202089637517929077e-01
1.019765982000000015e+00 1.207579225301742554e-01
1.022609510999999971e+00 1.259157061576843262e-01
1.025453096999999980e+00 1.230407878756523132e-01
1.028296738999999960e+00 1.212428286671638489e-01
1.031140436999999910e+00 1.187704205513000488e-01
1.033984191000000052e+00 1.214906424283981323e-01
1.036828002000000026e+00 1.186048761010169983e-01
1.039671868000000110e+00 1.232691556215286255e-01
1.042515791000000025e+00 1.286960244178771973e-01
1.045359770999999993e+00 1.267570406198501587e-01
