3.615872339999999796e-01 1.369939684867858887e+00
3.644177160000000026e-01 1.475790381431579590e+00
3.672482539999999962e-01 1.601706504821777344e+00
3.700788480000000158e-01 1.556649088859558105e+00
3.729094980000000059e-01 1.427284717559814453e+00
3.757402049999999938e-01 1.522121906280517578e+00
3.785709680000000077e-01 1.651840329170227051e+00
3.814017869999999921e-01 1.425472736358642578e+00
3.842326620000000026e-01 1.300075769424438477e+00
3.870635940000000108e-01 1.442168831825256348e+00
3.898945819999999896e-01 1.631559491157531738e+00
3.927256259999999943e-01 1.424418568611145020e+00
3.955567260000000251e-01 1.444494843482971191e+00
3.983878829999999982e-01 1.829160571098327637e+00
4.012190950000000256e-01 2.235668897628784180e+00
4.040503639999999952e-01 2.268642425537109375e+00
4.068816900000000181e-01 2.209902048110961914e+00
4.097130709999999842e-01 2.256600379943847656e+00
4.125445090000000037e-01 2.358403444290161133e+00
4.153760029999999936e-01 2.384221315383911133e+00
4.182075530000000096e-01 2.319540023803710938e+00
4.210391589999999962e-01 2.323787450790405273e+00
4.238708219999999804e-01 2.287796258926391602e+00
4.267025409999999908e-01 2.230175971984863281e+00
4.295343160000000271e-01 2.040006399154663086e+00
4.323661469999999785e-01 2.158334016799926758e+00
4.351980349999999831e-01 2.354131460189819336e+00
4.380299790000000137e-01 2.391663312911987305e+00
4.408619790000000149e-01 2.459012746810913086e+00
4.436940349999999866e-01 2.617559432983398438e+00
4.465261480000000116e-01 2.625400781631469727e+00
4.493583170000000071e-01 2.786443710327148438e+00
4.521905419999999731e-01 2.806868553161621094e+00
4.550228230000000207e-01 2.775828838348388672e+00
4.578551610000000105e-01 2.841868638992309570e+00
4.606875550000000263e-01 2.864023923873901367e+00
4.635200050000000127e-01 2.890578746795654297e+00
4.663525110000000251e-01 2.821186065673828125e+00
4.691850739999999798e-01 2.829903364181518555e+00
4.720176919999999887e-01 2.864635944366455078e+00
4.748503669999999954e-01 2.899760484695434570e+00
4.776830989999999999e-01 2.944843053817749023e+00
4.805158860000000032e-01 2.992779493331909180e+00
4.833487300000000042e-01 2.975670814514160156e+00
4.861816299999999758e-01 2.737510204315185547e+00
4.890145859999999733e-01 2.862725496292114258e+00
4.918475979999999970e-01 2.930248260498046875e+00
4.946806670000000183e-01 2.996973752975463867e+00
4.975137920000000102e-01 3.017075300216674805e+00
5.003469729999999727e-01 2.940587759017944336e+00
5.031802100000000166e-01 2.911455392837524414e+00
5.060135040000000028e-01 3.008970022201538086e+00
5.088468539999999596e-01 3.011779546737670898e+00
5.116802599999999979e-01 3.058214664459228516e+00
5.145137220000000067e-01 2.985581398010253906e+00
5.173472409999999577e-01 2.831014871597290039e+00
5.201808159999999903e-01 2.967859745025634766e+00
5.230144469999999934e-01 3.092593669891357422e+00
5.258481339999999671e-01 3.095601797103881836e+00
5.286818779999999940e-01 3.146325588226318359e+00
5.315156779999999914e-01 3.240111589431762695e+00
5.343495339999999594e-01 3.234973430633544922e+00
5.371834460000000089e-01 3.284375667572021484e+00
5.400174150000000006e-01 3.222192287445068359e+00
5.428514389999999912e-01 3.239674806594848633e+00
5.456855200000000350e-01 3.299688577651977539e+00
5.485196580000000210e-01 3.309342861175537109e+00
5.513538510000000059e-01 3.343447446823120117e+00
5.541881010000000440e-01 3.373814582824707031e+00
5.570224070000000527e-01 3.338250875473022461e+00
5.598567690000000319e-01 3.289148807525634766e+00
5.626911869999999816e-01 3.340663909912109375e+00
5.655256619999999845e-01 3.334283828735351562e+00
5.683601929999999580e-01 3.297415494918823242e+00
5.711947800000000131e-01 3.273052692413330078e+00
5.740294230000000386e-01 3.318325281143188477e+00
5.768641230000000064e-01 3.283675909042358398e+00
5.796988789999999447e-01 3.294053792953491211e+00
5.825336909999999646e-01 3.362811088562011719e+00
5.853685589999999550e-01 3.324893712997436523e+00
5.882034839999999987e-01 3.097687482833862305e+00
5.910384650000000129e-01 2.957089185714721680e+00
5.938735019999999976e-01 3.008095741271972656e+00
5.967085949999999528e-01 2.995149850845336914e+00
5.995437449999999613e-01 2.953643798828125000e+00
6.023789510000000513e-01 2.906482458114624023e+00
6.052142130000000009e-01 2.914866209030151367e+00
6.080495310000000320e-01 2.875279664993286133e+00
6.108849060000000053e-01 2.758006095886230469e+00
6.137203359999999774e-01 2.687932729721069336e+00
6.165558230000000028e-01 2.666691303253173828e+00
6.193913669999999705e-01 2.725498914718627930e+00
6.222269660000000480e-01 2.724383354187011719e+00
6.250626219999999567e-01 2.647284030914306641e+00
6.278983339999999469e-01 2.583998680114746094e+00
6.307341020000000187e-01 2.563147068023681641e+00
6.335699259999999500e-01 2.586656093597412109e+00
6.364058070000000455e-01 2.607838392257690430e+00
6.392417440000000006e-01 2.619119644165039062e+00
6.420777370000000372e-01 2.590801954269409180e+00
6.449137860000000444e-01 2.556890726089477539e+00
6.477498919999999938e-01 2.436631917953491211e+00
6.505860540000000247e-01 2.423730611801147461e+00
6.534222720000000262e-01 2.411149740219116211e+00
6.562585459999999982e-01 2.204845190048217773e+00
6.590948770000000234e-01 2.308909416198730469e+00
6.619312640000000192e-01 2.370262145996093750e+00
6.647677069999999855e-01 2.344373941421508789e+00
6.676042060000000333e-01 2.320158243179321289e+00
6.704407620000000234e-01 2.297670602798461914e+00
6.732773739999999840e-01 2.270250558853149414e+00
6.761140420000000262e-01 2.256970643997192383e+00
6.789507660000000389e-01 2.238113164901733398e+00
6.817875469999999938e-01 2.214826583862304688e+00
6.846243829999999475e-01 2.133002758026123047e+00
6.874612759999999545e-01 1.786845564842224121e+00
6.902982260000000148e-01 1.813055157661437988e+00
6.931352309999999628e-01 1.840878844261169434e+00
6.959722929999999641e-01 1.858567118644714355e+00
6.988094110000000470e-01 1.828612923622131348e+00
7.016465849999999893e-01 1.721418738365173340e+00
7.044838150000000132e-01 1.716587543487548828e+00
7.073211019999999793e-01 1.679754972457885742e+00
7.101584450000000270e-01 1.617013096809387207e+00
7.129958440000000452e-01 1.514063477516174316e+00
7.158332990000000340e-01 1.280039668083190918e+00
7.186708109999999650e-01 9.247384667396545410e-01
7.215083789999999775e-01 9.438332319259643555e-01
7.243460029999999605e-01 8.640918731689453125e-01
7.271836830000000251e-01 7.823804616928100586e-01
7.300214200000000320e-01 7.257647514343261719e-01
7.328592130000000093e-01 7.458960413932800293e-01
7.356970619999999572e-01 7.327438592910766602e-01
7.385349669999999866e-01 7.155320644378662109e-01
7.413729289999999583e-01 7.133440971374511719e-01
7.442109470000000115e-01 7.213396430015563965e-01
7.470490210000000353e-01 7.202231287956237793e-01
7.498871510000000296e-01 7.127546668052673340e-01
7.527253379999999661e-01 7.017520070075988770e-01
7.555635800000000124e-01 6.965107321739196777e-01
7.584018790000000010e-01 5.678787827491760254e-01
7.612402350000000428e-01 2.654218971729278564e-01
7.640786459999999725e-01 3.231765329837799072e-01
7.669171139999999554e-01 5.163441896438598633e-01
7.697556380000000198e-01 6.324537396430969238e-01
7.725942180000000548e-01 6.528544425964355469e-01
7.754328539999999492e-01 6.582919955253601074e-01
7.782715470000000080e-01 6.544819474220275879e-01
7.811102960000000373e-01 6.615189909934997559e-01
7.839491010000000371e-01 6.600077748298645020e-01
7.867879620000000074e-01 6.514631509780883789e-01
7.896268800000000310e-01 6.325192451477050781e-01
7.924658540000000251e-01 6.333634257316589355e-01
7.953048839999999897e-01 6.369826793670654297e-01
7.981439700000000359e-01 6.449776291847229004e-01
8.009831130000000243e-01 6.380343437194824219e-01
8.038223119999999833e-01 6.430872082710266113e-01
8.066615670000000238e-01 6.567837595939636230e-01
8.095008780000000348e-01 6.280387639999389648e-01
8.123402459999999881e-01 5.666144490242004395e-01
8.151796700000000229e-01 4.548494219779968262e-01
8.180191500000000282e-01 4.372238218784332275e-01
8.208586860000000041e-01 4.611601829528808594e-01
8.236982790000000332e-01 4.301446974277496338e-01
8.265379269999999501e-01 4.436865746974945068e-01
8.293776320000000313e-01 3.931685090065002441e-01
8.322173940000000547e-01 3.826090991497039795e-01
8.350572109999999659e-01 3.817419707775115967e-01
8.378970850000000414e-01 3.938208222389221191e-01
8.407370149999999764e-01 3.930978178977966309e-01
8.435770009999999930e-01 3.896489143371582031e-01
8.464170429999999801e-01 3.854368329048156738e-01
8.492571420000000204e-01 3.687414228916168213e-01
8.520972970000000313e-01 3.540197312831878662e-01
8.549375080000000127e-01 3.333119153976440430e-01
8.577777749999999646e-01 3.525376617908477783e-01
8.606180989999999698e-01 3.486054241657257080e-01
8.634584789999999455e-01 3.454822301864624023e-01
8.662989150000000027e-01 3.147380948066711426e-01
8.691394070000000305e-01 3.215428888797760010e-01
8.719799560000000005e-01 3.224149048328399658e-01
8.748205610000000521e-01 3.108588755130767822e-01
8.776612219999999631e-01 3.044258356094360352e-01
8.805019389999999557e-01 2.921931147575378418e-01
8.833427130000000016e-01 2.891844809055328369e-01
8.861835430000000180e-01 2.751697599887847900e-01
8.890244290000000049e-01 2.693712711334228516e-01
8.918653709999999624e-01 2.550155222415924072e-01
8.947063699999999731e-01 2.182919979095458984e-01
8.975474239999999826e-01 1.807972937822341919e-01
9.003885350000000454e-01 1.576796621084213257e-01
9.032297030000000504e-01 1.794386655092239380e-01
9.060709260000000542e-01 1.785843372344970703e-01
9.089122060000000003e-01 1.475498825311660767e-01
9.117535420000000279e-01 1.489142477512359619e-01
9.145949340000000261e-01 1.317762136459350586e-01
9.174363819999999947e-01 1.350485831499099731e-01
9.202778870000000166e-01 1.568005234003067017e-01
9.231194480000000091e-01 1.458216011524200439e-01
9.259610649999999721e-01 1.338279247283935547e-01
9.288027380000000166e-01 9.524769335985183716e-02
9.316444680000000034e-01 5.072224885225296021e-02
9.344862539999999607e-01 2.942143939435482025e-02
9.373280959999999995e-01 3.202378004789352417e-02
9.401699940000000089e-01 5.132447183132171631e-02
9.430119489999999605e-01 4.103835672140121460e-02
9.458539599999999936e-01 4.008454456925392151e-02
9.486960269999999973e-01 3.903992101550102234e-02
9.515381499999999715e-01 4.373206198215484619e-02
9.543803299999999989e-01 4.382076859474182129e-02
9.572225659999999969e-01 4.689583182334899902e-02
9.600648579999999654e-01 4.625507071614265442e-02
9.629072060000000155e-01 5.962838605046272278e-02
9.657496110000000078e-01 6.478071212768554688e-02
9.685920709999999989e-01 8.381973952054977417e-02
9.714345880000000433e-01 9.179810434579849243e-02
9.742771620000000299e-01 7.834126055240631104e-02
9.771197910000000153e-01 8.357507735490798950e-02
9.799624770000000540e-01 8.389135450124740601e-02
9.828052189999999522e-01 9.880580753087997437e-02
9.856480170000000429e-01 1.036403775215148926e-01
9.884908709999999932e-01 1.054294928908348083e-01
9.913337819999999967e-01 1.058160960674285889e-01
9.941767489999999707e-01 1.101925075054168701e-01
9.970197720000000263e-01 1.097686663269996643e-01
9.998628510000000524e-01 1.123297885060310364e-01
1.002705986999999910e+00 1.041481569409370422e-01
1.005549178999999960e+00 1.057660058140754700e-01
1.008392426999999980e+00 1.057085320353507996e-01
1.011235730999999971e+00 1.081367209553718567e-01
1.014079092000000015e+00 1.103518158197402954e-01
1.016922509000000030e+00 1.064786016941070557e-01
1.019765982000000015e+00 1.059539392590522766e-01
1.022609510999999971e+00 1.072750687599182129e-01
1.025453096999999980e+00 1.030608341097831726e-01
1.028296738999999960e+00 1.052537485957145691e-01
1.031140436999999910e+00 1.031988337635993958e-01
1.033984191000000052e+00 1.079416051506996155e-01
1.036828002000000026e+00 1.101893112063407898e-01
1.039671868000000110e+00 1.200295761227607727e-01
1.042515791000000025e+00 1.052048131823539734e-01
1.045359770999999993e+00 1.115844026207923889e-01
