3.615872339999999796e-01 1.286381840705871582e+00
3.644177160000000026e-01 1.450271964073181152e+00
3.672482539999999962e-01 1.522330760955810547e+00
3.700788480000000158e-01 1.599685549736022949e+00
3.729094980000000059e-01 1.446052670478820801e+00
3.757402049999999938e-01 1.493770956993103027e+00
3.785709680000000077e-01 1.650802373886108398e+00
3.814017869999999921e-01 1.432570457458496094e+00
3.842326620000000026e-01 1.314214229583740234e+00
3.870635940000000108e-01 1.426233887672424316e+00
3.898945819999999896e-01 1.617798924446105957e+00
3.927256259999999943e-01 1.415321826934814453e+00
3.955567260000000251e-01 1.468852400779724121e+00
3.983878829999999982e-01 1.818804144859313965e+00
4.012190950000000256e-01 2.270931720733642578e+00
4.040503639999999952e-01 2.263724803924560547e+00
4.068816900000000181e-01 2.198537111282348633e+00
4.097130709999999842e-01 2.257107973098754883e+00
4.125445090000000037e-01 2.360890388488769531e+00
4.153760029999999936e-01 2.353658914566040039e+00
4.182075530000000096e-01 2.326338291168212891e+00
4.210391589999999962e-01 2.336408138275146484e+00
4.238708219999999804e-01 2.263072252273559570e+00
4.267025409999999908e-01 2.244210720062255859e+00
4.295343160000000271e-01 2.021212100982666016e+00
4.323661469999999785e-01 2.175292730331420898e+00
4.351980349999999831e-01 2.364675998687744141e+00
4.380299790000000137e-01 2.388303279876708984e+00
4.408619790000000149e-01 2.476185560226440430e+00
4.436940349999999866e-01 2.619941234588623047e+00
4.465261480000000116e-01 2.640374183654785156e+00
4.493583170000000071e-01 2.792977094650268555e+00
4.521905419999999731e-01 2.787907123565673828e+00
4.550228230000000207e-01 2.777565479278564453e+00
4.578551610000000105e-01 2.832714557647705078e+00
4.606875550000000263e-01 2.863212823867797852e+00
4.635200050000000127e-01 2.893917798995971680e+00
4.663525110000000251e-01 2.836842060089111328e+00
4.691850739999999798e-01 2.823319673538208008e+00
4.720176919999999887e-01 2.860395431518554688e+00
4.748503669999999954e-01 2.899148702621459961e+00
4.776830989999999999e-01 2.947566747665405273e+00
4.805158860000000032e-01 2.992573738098144531e+00
4.833487300000000042e-01 2.970016717910766602e+00
4.861816299999999758e-01 2.752782583236694336e+00
4.890145859999999733e-01 2.847971677780151367e+00
4.918475979999999970e-01 2.935311555862426758e+00
4.946806670000000183e-01 2.994635581970214844e+00
4.975137920000000102e-01 3.009232521057128906e+00
5.003469729999999727e-01 2.938992977142333984e+00
5.031802100000000166e-01 2.905327558517456055e+00
5.060135040000000028e-01 3.004377841949462891e+00
5.088468539999999596e-01 3.012352228164672852e+00
5.116802599999999979e-01 3.052740097045898438e+00
5.145137220000000067e-01 2.992882251739501953e+00
5.173472409999999577e-01 2.817909479141235352e+00
5.201808159999999903e-01 2.950096130371093750e+00
5.230144469999999934e-01 3.085005521774291992e+00
5.258481339999999671e-01 3.089826107025146484e+00
5.286818779999999940e-01 3.129946231842041016e+00
5.315156779999999914e-01 3.234572172164916992e+00
5.343495339999999594e-01 3.221234560012817383e+00
5.371834460000000089e-01 3.259492635726928711e+00
5.400174150000000006e-01 3.209815740585327148e+00
5.428514389999999912e-01 3.231709480285644531e+00
5.456855200000000350e-01 3.287301778793334961e+00
5.485196580000000210e-01 3.299847364425659180e+00
5.513538510000000059e-01 3.325706005096435547e+00
5.541881010000000440e-01 3.359197616577148438e+00
5.570224070000000527e-01 3.314743041992187500e+00
5.598567690000000319e-01 3.264671325683593750e+00
5.626911869999999816e-01 3.332924365997314453e+00
5.655256619999999845e-01 3.318135261535644531e+00
5.683601929999999580e-01 3.287553071975708008e+00
5.711947800000000131e-01 3.252120494842529297e+00
5.740294230000000386e-01 3.309565544128417969e+00
5.768641230000000064e-01 3.266986131668090820e+00
5.796988789999999447e-01 3.291030168533325195e+00
5.825336909999999646e-01 3.351844549179077148e+00
5.853685589999999550e-01 3.305320024490356445e+00
5.882034839999999987e-01 3.087996721267700195e+00
5.910384650000000129e-01 2.949342966079711914e+00
5.938735019999999976e-01 3.006133794784545898e+00
5.967085949999999528e-01 2.987469673156738281e+00
5.995437449999999613e-01 2.946166038513183594e+00
6.023789510000000513e-01 2.906958341598510742e+00
6.052142130000000009e-01 2.906418323516845703e+00
6.080495310000000320e-01 2.866981744766235352e+00
6.108849060000000053e-01 2.744308471679687500e+00
6.137203359999999774e-01 2.695972919464111328e+00
6.165558230000000028e-01 2.664603948593139648e+00
6.193913669999999705e-01 2.738826036453247070e+00
6.222269660000000480e-01 2.722197532653808594e+00
6.250626219999999567e-01 2.647270679473876953e+00
6.278983339999999469e-01 2.583414554595947266e+00
6.307341020000000187e-01 2.565296411514282227e+00
6.335699259999999500e-01 2.592727184295654297e+00
6.364058070000000455e-01 2.618900537490844727e+00
6.392417440000000006e-01 2.627098560333251953e+00
6.420777370000000372e-01 2.591578006744384766e+00
6.449137860000000444e-01 2.558843374252319336e+00
6.477498919999999938e-01 2.445517301559448242e+00
6.505860540000000247e-01 2.424322366714477539e+00
6.534222720000000262e-01 2.418395757675170898e+00
6.562585459999999982e-01 2.219649314880371094e+00
6.590948770000000234e-01 2.312984704971313477e+00
6.619312640000000192e-01 2.377555608749389648e+00
6.647677069999999855e-01 2.363233566284179688e+00
6.676042060000000333e-01 2.337260007858276367e+00
6.704407620000000234e-01 2.310578584671020508e+00
6.732773739999999840e-01 2.289081335067749023e+00
6.761140420000000262e-01 2.270447492599487305e+00
6.789507660000000389e-01 2.252421617507934570e+00
6.817875469999999938e-01 2.227617979049682617e+00
6.846243829999999475e-01 2.144364118576049805e+00
6.874612759999999545e-01 1.796305418014526367e+00
6.902982260000000148e-01 1.811891913414001465e+00
6.931352309999999628e-01 1.849818348884582520e+00
6.959722929999999641e-01 1.855185389518737793e+00
6.988094110000000470e-01 1.841465711593627930e+00
7.016465849999999893e-01 1.735084772109985352e+00
7.044838150000000132e-01 1.724650502204895020e+00
7.073211019999999793e-01 1.686924457550048828e+00
7.101584450000000270e-01 1.617234349250793457e+00
7.129958440000000452e-01 1.521556496620178223e+00
7.158332990000000340e-01 1.280698895454406738e+00
7.186708109999999650e-01 9.337436556816101074e-01
7.215083789999999775e-01 9.500982761383056641e-01
7.243460029999999605e-01 8.656733036041259766e-01
7.271836830000000251e-01 7.809956073760986328e-01
7.300214200000000320e-01 7.394609451293945312e-01
7.328592130000000093e-01 7.456430792808532715e-01
7.356970619999999572e-01 7.405205368995666504e-01
7.385349669999999866e-01 7.149320244789123535e-01
7.413729289999999583e-01 7.141730189323425293e-01
7.442109470000000115e-01 7.256308197975158691e-01
7.470490210000000353e-01 7.324005365371704102e-01
7.498871510000000296e-01 7.046072483062744141e-01
7.527253379999999661e-01 7.040026187896728516e-01
7.555635800000000124e-01 6.992734670639038086e-01
7.584018790000000010e-01 5.704210996627807617e-01
7.612402350000000428e-01 2.714823782444000244e-01
7.640786459999999725e-01 3.216855227947235107e-01
7.669171139999999554e-01 5.096223354339599609e-01
7.697556380000000198e-01 6.360163092613220215e-01
7.725942180000000548e-01 6.613268852233886719e-01
7.754328539999999492e-01 6.557007431983947754e-01
7.782715470000000080e-01 6.598069071769714355e-01
7.811102960000000373e-01 6.654666066169738770e-01
7.839491010000000371e-01 6.651051640510559082e-01
7.867879620000000074e-01 6.545802354812622070e-01
7.896268800000000310e-01 6.358098387718200684e-01
7.924658540000000251e-01 6.357817053794860840e-01
7.953048839999999897e-01 6.413987874984741211e-01
7.981439700000000359e-01 6.523852348327636719e-01
8.009831130000000243e-01 6.443488597869873047e-01
8.038223119999999833e-01 6.440185904502868652e-01
8.066615670000000238e-01 6.615514755249023438e-01
8.095008780000000348e-01 6.349141001701354980e-01
8.123402459999999881e-01 5.601702332496643066e-01
8.151796700000000229e-01 4.601217210292816162e-01
8.180191500000000282e-01 4.415912330150604248e-01
8.208586860000000041e-01 4.634101688861846924e-01
8.236982790000000332e-01 4.265648722648620605e-01
8.265379269999999501e-01 4.391141533851623535e-01
8.293776320000000313e-01 3.991758525371551514e-01
8.322173940000000547e-01 3.808196485042572021e-01
8.350572109999999659e-01 3.853751420974731445e-01
8.378970850000000414e-01 3.926498889923095703e-01
8.407370149999999764e-01 3.962363004684448242e-01
8.435770009999999930e-01 3.889060318470001221e-01
8.464170429999999801e-01 3.887884318828582764e-01
8.492571420000000204e-01 3.671244978904724121e-01
8.520972970000000313e-01 3.548414707183837891e-01
8.549375080000000127e-01 3.326497077941894531e-01
8.577777749999999646e-01 3.521131575107574463e-01
8.606180989999999698e-01 3.474115729331970215e-01
8.634584789999999455e-01 3.387563228607177734e-01
8.662989150000000027e-01 3.159759044647216797e-01
8.691394070000000305e-01 3.158130943775177002e-01
8.719799560000000005e-01 3.175888657569885254e-01
8.748205610000000521e-01 3.093750476837158203e-01
8.776612219999999631e-01 3.041062951087951660e-01
8.805019389999999557e-01 2.950034141540527344e-01
8.833427130000000016e-01 2.889812290668487549e-01
8.861835430000000180e-01 2.782775163650512695e-01
8.890244290000000049e-01 2.676886618137359619e-01
8.918653709999999624e-01 2.526730895042419434e-01
8.947063699999999731e-01 2.116757333278656006e-01
8.975474239999999826e-01 1.730822622776031494e-01
9.003885350000000454e-01 1.552458852529525757e-01
9.032297030000000504e-01 1.769197434186935425e-01
9.060709260000000542e-01 1.777838468551635742e-01
9.089122060000000003e-01 1.441753953695297241e-01
9.117535420000000279e-01 1.437801718711853027e-01
9.145949340000000261e-01 1.323381066322326660e-01
9.174363819999999947e-01 1.353047043085098267e-01
9.202778870000000166e-01 1.527923494577407837e-01
9.231194480000000091e-01 1.465975791215896606e-01
9.259610649999999721e-01 1.329783648252487183e-01
9.288027380000000166e-01 9.100650995969772339e-02
9.316444680000000034e-01 5.034227296710014343e-02
9.344862539999999607e-01 3.097980469465255737e-02
9.373280959999999995e-01 2.979622595012187958e-02
9.401699940000000089e-01 4.949025064706802368e-02
9.430119489999999605e-01 4.478920251131057739e-02
9.458539599999999936e-01 3.798018395900726318e-02
9.486960269999999973e-01 4.004320502281188965e-02
9.515381499999999715e-01 4.186711460351943970e-02
9.543803299999999989e-01 4.342427849769592285e-02
9.572225659999999969e-01 4.436017200350761414e-02
9.600648579999999654e-01 5.009892955422401428e-02
9.629072060000000155e-01 5.736139044165611267e-02
9.657496110000000078e-01 6.390704959630966187e-02
9.685920709999999989e-01 8.440367132425308228e-02
9.714345880000000433e-01 8.835465461015701294e-02
9.742771620000000299e-01 7.734879106283187866e-02
9.771197910000000153e-01 7.891502976417541504e-02
9.799624770000000540e-01 8.586584776639938354e-02
9.828052189999999522e-01 9.539278596639633179e-02
9.856480170000000429e-01 1.029215082526206970e-01
9.884908709999999932e-01 1.090075671672821045e-01
9.913337819999999967e-01 1.063826382160186768e-01
9.941767489999999707e-01 1.053763031959533691e-01
9.970197720000000263e-01 1.060083135962486267e-01
9.998628510000000524e-01 1.058133617043495178e-01
1.002705986999999910e+00 1.069011017680168152e-01
1.005549178999999960e+00 1.036163121461868286e-01
1.008392426999999980e+00 1.059635356068611145e-01
1.011235730999999971e+00 1.062984392046928406e-01
1.014079092000000015e+00 1.056253910064697266e-01
1.016922509000000030e+00 9.957403689622879028e-02
1.019765982000000015e+00 1.053313389420509338e-01
1.022609510999999971e+00 1.029681414365768433e-01
1.025453096999999980e+00 1.040388569235801697e-01
1.028296738999999960e+00 1.022925078868865967e-01
1.031140436999999910e+00 1.071718409657478333e-01
1.033984191000000052e+00 1.188208237290382385e-01
1.036828002000000026e+00 1.082443743944168091e-01
1.039671868000000110e+00 1.115156188607215881e-01
1.042515791000000025e+00 1.132893189787864685e-01
1.045359770999999993e+00 1.040358245372772217e-01
