3.615872339999999796e-01 1.261882424354553223e+00
3.644177160000000026e-01 1.449834346771240234e+00
3.672482539999999962e-01 1.569312214851379395e+00
3.700788480000000158e-01 1.540027976036071777e+00
3.729094980000000059e-01 1.415789246559143066e+00
3.757402049999999938e-01 1.513045310974121094e+00
3.785709680000000077e-01 1.616742134094238281e+00
3.814017869999999921e-01 1.410679936408996582e+00
3.842326620000000026e-01 1.302563309669494629e+00
3.870635940000000108e-01 1.447579741477966309e+00
3.898945819999999896e-01 1.607236385345458984e+00
3.927256259999999943e-01 1.403054118156433105e+00
3.955567260000000251e-01 1.456175088882446289e+00
3.983878829999999982e-01 1.834512233734130859e+00
4.012190950000000256e-01 2.284401178359985352e+00
4.040503639999999952e-01 2.274410486221313477e+00
4.068816900000000181e-01 2.218895435333251953e+00
4.097130709999999842e-01 2.267370939254760742e+00
4.125445090000000037e-01 2.349914789199829102e+00
4.153760029999999936e-01 2.391727447509765625e+00
4.182075530000000096e-01 2.332379579544067383e+00
4.210391589999999962e-01 2.359839439392089844e+00
4.238708219999999804e-01 2.312394857406616211e+00
4.267025409999999908e-01 2.256883621215820312e+00
4.295343160000000271e-01 2.071125984191894531e+00
4.323661469999999785e-01 2.193233013153076172e+00
4.351980349999999831e-01 2.391060829162597656e+00
4.380299790000000137e-01 2.438196420669555664e+00
4.408619790000000149e-01 2.519684314727783203e+00
4.436940349999999866e-01 2.663956165313720703e+00
4.465261480000000116e-01 2.688470363616943359e+00
4.493583170000000071e-01 2.838188171386718750e+00
4.521905419999999731e-01 2.866277933120727539e+00
4.550228230000000207e-01 2.837220430374145508e+00
4.578551610000000105e-01 2.915090560913085938e+00
4.606875550000000263e-01 2.914562702178955078e+00
4.635200050000000127e-01 2.958399772644042969e+00
4.663525110000000251e-01 2.888481140136718750e+00
4.691850739999999798e-01 2.883083343505859375e+00
4.720176919999999887e-01 2.924299955368041992e+00
4.748503669999999954e-01 2.981080770492553711e+00
4.776830989999999999e-01 3.012028455734252930e+00
4.805158860000000032e-01 3.075642108917236328e+00
4.833487300000000042e-01 3.027998208999633789e+00
4.861816299999999758e-01 2.812402725219726562e+00
4.890145859999999733e-01 2.933345794677734375e+00
4.918475979999999970e-01 3.018703699111938477e+00
4.946806670000000183e-01 3.070849895477294922e+00
4.975137920000000102e-01 3.078669548034667969e+00
5.003469729999999727e-01 3.006387472152709961e+00
5.031802100000000166e-01 2.995131015777587891e+00
5.060135040000000028e-01 3.088024854660034180e+00
5.088468539999999596e-01 3.107661485671997070e+00
5.116802599999999979e-01 3.142217636108398438e+00
5.145137220000000067e-01 3.067855119705200195e+00
5.173472409999999577e-01 2.903237819671630859e+00
5.201808159999999903e-01 3.046436786651611328e+00
5.230144469999999934e-01 3.183377981185913086e+00
5.258481339999999671e-01 3.184758424758911133e+00
5.286818779999999940e-01 3.231526374816894531e+00
5.315156779999999914e-01 3.332962274551391602e+00
5.343495339999999594e-01 3.327663421630859375e+00
5.371834460000000089e-01 3.372216224670410156e+00
5.400174150000000006e-01 3.308141708374023438e+00
5.428514389999999912e-01 3.346671819686889648e+00
5.456855200000000350e-01 3.402611970901489258e+00
5.485196580000000210e-01 3.410747528076171875e+00
5.513538510000000059e-01 3.455069303512573242e+00
5.541881010000000440e-01 3.475446701049804688e+00
5.570224070000000527e-01 3.434138059616088867e+00
5.598567690000000319e-01 3.390830516815185547e+00
5.626911869999999816e-01 3.441249847412109375e+00
5.655256619999999845e-01 3.436802148818969727e+00
5.683601929999999580e-01 3.410088062286376953e+00
5.711947800000000131e-01 3.371238708496093750e+00
5.740294230000000386e-01 3.427899837493896484e+00
5.768641230000000064e-01 3.398642301559448242e+00
5.796988789999999447e-01 3.412202358245849609e+00
5.825336909999999646e-01 3.493932485580444336e+00
5.853685589999999550e-01 3.447866678237915039e+00
5.882034839999999987e-01 3.229166507720947266e+00
5.910384650000000129e-01 3.100415229797363281e+00
5.938735019999999976e-01 3.164711475372314453e+00
5.967085949999999528e-01 3.162841796875000000e+00
5.995437449999999613e-01 3.127234935760498047e+00
6.023789510000000513e-01 3.093946695327758789e+00
6.052142130000000009e-01 3.118612289428710938e+00
6.080495310000000320e-01 3.051578044891357422e+00
6.108849060000000053e-01 2.961158752441406250e+00
6.137203359999999774e-01 2.883068323135375977e+00
6.165558230000000028e-01 2.866793394088745117e+00
6.193913669999999705e-01 2.946020841598510742e+00
6.222269660000000480e-01 2.935297012329101562e+00
6.250626219999999567e-01 2.863326072692871094e+00
6.278983339999999469e-01 2.793253898620605469e+00
6.307341020000000187e-01 2.776881694793701172e+00
6.335699259999999500e-01 2.810220956802368164e+00
6.364058070000000455e-01 2.841901779174804688e+00
6.392417440000000006e-01 2.843499183654785156e+00
6.420777370000000372e-01 2.817278146743774414e+00
6.449137860000000444e-01 2.778460741043090820e+00
6.477498919999999938e-01 2.654005050659179688e+00
6.505860540000000247e-01 2.645890474319458008e+00
6.534222720000000262e-01 2.638044834136962891e+00
6.562585459999999982e-01 2.428953886032104492e+00
6.590948770000000234e-01 2.554270982742309570e+00
6.619312640000000192e-01 2.621549129486083984e+00
6.647677069999999855e-01 2.597577571868896484e+00
6.676042060000000333e-01 2.577493906021118164e+00
6.704407620000000234e-01 2.545002222061157227e+00
6.732773739999999840e-01 2.530318260192871094e+00
6.761140420000000262e-01 2.520107984542846680e+00
6.789507660000000389e-01 2.502390384674072266e+00
6.817875469999999938e-01 2.479011535644531250e+00
6.846243829999999475e-01 2.384789705276489258e+00
6.874612759999999545e-01 2.009780168533325195e+00
6.902982260000000148e-01 2.031260013580322266e+00
6.931352309999999628e-01 2.081954717636108398e+00
6.959722929999999641e-01 2.104749202728271484e+00
6.988094110000000470e-01 2.082181930541992188e+00
7.016465849999999893e-01 1.976303219795227051e+00
7.044838150000000132e-01 1.987161517143249512e+00
7.073211019999999793e-01 1.950830221176147461e+00
7.101584450000000270e-01 1.893564224243164062e+00
7.129958440000000452e-01 1.784890174865722656e+00
7.158332990000000340e-01 1.514580011367797852e+00
7.186708109999999650e-01 1.113843560218811035e+00
7.215083789999999775e-01 1.146048426628112793e+00
7.243460029999999605e-01 1.051976203918457031e+00
7.271836830000000251e-01 9.624007344245910645e-01
7.300214200000000320e-01 9.021852612495422363e-01
7.328592130000000093e-01 9.237655401229858398e-01
7.356970619999999572e-01 9.227045178413391113e-01
7.385349669999999866e-01 8.990498781204223633e-01
7.413729289999999583e-01 9.022082090377807617e-01
7.442109470000000115e-01 9.128596186637878418e-01
7.470490210000000353e-01 9.163674712181091309e-01
7.498871510000000296e-01 9.005725383758544922e-01
7.527253379999999661e-01 8.883228302001953125e-01
7.555635800000000124e-01 8.847279548645019531e-01
7.584018790000000010e-01 7.170309424400329590e-01
7.612402350000000428e-01 3.381921052932739258e-01
7.640786459999999725e-01 4.141509234905242920e-01
7.669171139999999554e-01 6.592264175415039062e-01
7.697556380000000198e-01 8.168127536773681641e-01
7.725942180000000548e-01 8.441034555435180664e-01
7.754328539999999492e-01 8.451210260391235352e-01
7.782715470000000080e-01 8.482374548912048340e-01
7.811102960000000373e-01 8.603695631027221680e-01
7.839491010000000371e-01 8.578805923461914062e-01
7.867879620000000074e-01 8.459841012954711914e-01
7.896268800000000310e-01 8.185506463050842285e-01
7.924658540000000251e-01 8.160362243652343750e-01
7.953048839999999897e-01 8.315298557281494141e-01
7.981439700000000359e-01 8.355543017387390137e-01
8.009831130000000243e-01 8.315027952194213867e-01
8.038223119999999833e-01 8.364629149436950684e-01
8.066615670000000238e-01 8.511687517166137695e-01
8.095008780000000348e-01 8.120962977409362793e-01
8.123402459999999881e-01 7.296434640884399414e-01
8.151796700000000229e-01 5.960051417350769043e-01
8.180191500000000282e-01 5.633141398429870605e-01
8.208586860000000041e-01 6.016855239868164062e-01
8.236982790000000332e-01 5.522047281265258789e-01
8.265379269999999501e-01 5.748013257980346680e-01
8.293776320000000313e-01 5.132541060447692871e-01
8.322173940000000547e-01 4.954575002193450928e-01
8.350572109999999659e-01 5.000640749931335449e-01
8.378970850000000414e-01 5.099160671234130859e-01
8.407370149999999764e-01 5.110542178153991699e-01
8.435770009999999930e-01 5.060504674911499023e-01
8.464170429999999801e-01 5.031632781028747559e-01
8.492571420000000204e-01 4.758257567882537842e-01
8.520972970000000313e-01 4.617247879505157471e-01
8.549375080000000127e-01 4.323163628578186035e-01
8.577777749999999646e-01 4.619483947753906250e-01
8.606180989999999698e-01 4.514871537685394287e-01
8.634584789999999455e-01 4.453015923500061035e-01
8.662989150000000027e-01 4.096832275390625000e-01
8.691394070000000305e-01 4.224858283996582031e-01
8.719799560000000005e-01 4.163197875022888184e-01
8.748205610000000521e-01 4.033823907375335693e-01
8.776612219999999631e-01 3.963162302970886230e-01
8.805019389999999557e-01 3.812786936759948730e-01
8.833427130000000016e-01 3.771269619464874268e-01
8.861835430000000180e-01 3.605482876300811768e-01
8.890244290000000049e-01 3.517192006111145020e-01
8.918653709999999624e-01 3.342518508434295654e-01
8.947063699999999731e-01 2.804017066955566406e-01
8.975474239999999826e-01 2.222381085157394409e-01
9.003885350000000454e-01 1.982633918523788452e-01
9.032297030000000504e-01 2.334298938512802124e-01
9.060709260000000542e-01 2.314878702163696289e-01
9.089122060000000003e-01 1.901918649673461914e-01
9.117535420000000279e-01 1.873978972434997559e-01
9.145949340000000261e-01 1.724347323179244995e-01
9.174363819999999947e-01 1.757261604070663452e-01
9.202778870000000166e-01 1.993033438920974731e-01
9.231194480000000091e-01 1.867240965366363525e-01
9.259610649999999721e-01 1.693152338266372681e-01
9.288027380000000166e-01 1.207554787397384644e-01
9.316444680000000034e-01 6.563007831573486328e-02
9.344862539999999607e-01 3.739500418305397034e-02
9.373280959999999995e-01 4.266996309161186218e-02
9.401699940000000089e-01 6.230643764138221741e-02
9.430119489999999605e-01 5.480450391769409180e-02
9.458539599999999936e-01 4.733346030116081238e-02
9.486960269999999973e-01 5.169544741511344910e-02
9.515381499999999715e-01 5.255308374762535095e-02
9.543803299999999989e-01 5.446599423885345459e-02
9.572225659999999969e-01 5.953884124755859375e-02
9.600648579999999654e-01 6.118315458297729492e-02
9.629072060000000155e-01 7.508295029401779175e-02
9.657496110000000078e-01 7.932496070861816406e-02
9.685920709999999989e-01 1.049533337354660034e-01
9.714345880000000433e-01 1.133587807416915894e-01
9.742771620000000299e-01 9.900323301553726196e-02
9.771197910000000153e-01 1.038975343108177185e-01
9.799624770000000540e-01 1.080027222633361816e-01
9.828052189999999522e-01 1.248927488923072815e-01
9.856480170000000429e-01 1.306673735380172729e-01
9.884908709999999932e-01 1.316857635974884033e-01
9.913337819999999967e-01 1.368914544582366943e-01
9.941767489999999707e-01 1.365454196929931641e-01
9.970197720000000263e-01 1.362600475549697876e-01
9.998628510000000524e-01 1.346237659454345703e-01
1.002705986999999910e+00 1.378190517425537109e-01
1.005549178999999960e+00 1.336487531661987305e-01
1.008392426999999980e+00 1.332735717296600342e-01
1.011235730999999971e+00 1.363214105367660522e-01
1.014079092000000015e+00 1.391724050045013428e-01
1.016922509000000030e+00 1.394562721252441406e-01
1.019765982000000015e+00 1.392218768596649170e-01
1.022609510999999971e+00 1.385876238346099854e-01
1.025453096999999980e+00 1.436559408903121948e-01
1.028296738999999960e+00 1.387740671634674072e-01
1.031140436999999910e+00 1.412310004234313965e-01
1.033984191000000052e+00 1.392058134078979492e-01
1.036828002000000026e+00 1.358220577239990234e-01
1.039671868000000110e+00 1.538229882717132568e-01
1.042515791000000025e+00 1.408981978893280029e-01
1.045359770999999993e+00 1.599142700433731079e-01
