3.615872339999999796e-01 1.257657885551452637e+00
3.644177160000000026e-01 1.496322989463806152e+00
3.672482539999999962e-01 1.589478492736816406e+00
3.700788480000000158e-01 1.599634766578674316e+00
3.729094980000000059e-01 1.446452736854553223e+00
3.757402049999999938e-01 1.495815634727478027e+00
3.785709680000000077e-01 1.657082915306091309e+00
3.814017869999999921e-01 1.435757398605346680e+00
3.842326620000000026e-01 1.328113198280334473e+00
3.870635940000000108e-01 1.472032308578491211e+00
3.898945819999999896e-01 1.633071660995483398e+00
3.927256259999999943e-01 1.437731981277465820e+00
3.955567260000000251e-01 1.478162527084350586e+00
3.983878829999999982e-01 1.884222507476806641e+00
4.012190950000000256e-01 2.340134382247924805e+00
4.040503639999999952e-01 2.318535089492797852e+00
4.068816900000000181e-01 2.288841962814331055e+00
4.097130709999999842e-01 2.344591140747070312e+00
4.125445090000000037e-01 2.444137334823608398e+00
4.153760029999999936e-01 2.450078010559082031e+00
4.182075530000000096e-01 2.409861803054809570e+00
4.210391589999999962e-01 2.430728435516357422e+00
4.238708219999999804e-01 2.386778354644775391e+00
4.267025409999999908e-01 2.336534976959228516e+00
4.295343160000000271e-01 2.134654283523559570e+00
4.323661469999999785e-01 2.253019332885742188e+00
4.351980349999999831e-01 2.468324661254882812e+00
4.380299790000000137e-01 2.504175662994384766e+00
4.408619790000000149e-01 2.587368726730346680e+00
4.436940349999999866e-01 2.744756460189819336e+00
4.465261480000000116e-01 2.777611732482910156e+00
4.493583170000000071e-01 2.939831495285034180e+00
4.521905419999999731e-01 2.952345848083496094e+00
4.550228230000000207e-01 2.924319982528686523e+00
4.578551610000000105e-01 2.996325969696044922e+00
4.606875550000000263e-01 3.006815671920776367e+00
4.635200050000000127e-01 3.046019554138183594e+00
4.663525110000000251e-01 2.982358455657958984e+00
4.691850739999999798e-01 2.984125614166259766e+00
4.720176919999999887e-01 3.025517702102661133e+00
4.748503669999999954e-01 3.073954343795776367e+00
4.776830989999999999e-01 3.115566968917846680e+00
4.805158860000000032e-01 3.177872657775878906e+00
4.833487300000000042e-01 3.146700620651245117e+00
4.861816299999999758e-01 2.899264574050903320e+00
4.890145859999999733e-01 3.028168916702270508e+00
4.918475979999999970e-01 3.117971420288085938e+00
4.946806670000000183e-01 3.179765939712524414e+00
4.975137920000000102e-01 3.176419734954833984e+00
5.003469729999999727e-01 3.104556560516357422e+00
5.031802100000000166e-01 3.088572978973388672e+00
5.060135040000000028e-01 3.182642221450805664e+00
5.088468539999999596e-01 3.205715656280517578e+00
5.116802599999999979e-01 3.230446577072143555e+00
5.145137220000000067e-01 3.172010660171508789e+00
5.173472409999999577e-01 2.997289180755615234e+00
5.201808159999999903e-01 3.138116359710693359e+00
5.230144469999999934e-01 3.279040098190307617e+00
5.258481339999999671e-01 3.283783912658691406e+00
5.286818779999999940e-01 3.323224067687988281e+00
5.315156779999999914e-01 3.437350749969482422e+00
5.343495339999999594e-01 3.441047430038452148e+00
5.371834460000000089e-01 3.476724147796630859e+00
5.400174150000000006e-01 3.398903846740722656e+00
5.428514389999999912e-01 3.431183576583862305e+00
5.456855200000000350e-01 3.498865127563476562e+00
5.485196580000000210e-01 3.507669210433959961e+00
5.513538510000000059e-01 3.537093877792358398e+00
5.541881010000000440e-01 3.569702386856079102e+00
5.570224070000000527e-01 3.529165983200073242e+00
5.598567690000000319e-01 3.486421823501586914e+00
5.626911869999999816e-01 3.533452033996582031e+00
5.655256619999999845e-01 3.524632215499877930e+00
5.683601929999999580e-01 3.505860805511474609e+00
5.711947800000000131e-01 3.468625783920288086e+00
5.740294230000000386e-01 3.513826370239257812e+00
5.768641230000000064e-01 3.484361410140991211e+00
5.796988789999999447e-01 3.501821279525756836e+00
5.825336909999999646e-01 3.586369514465332031e+00
5.853685589999999550e-01 3.552574872970581055e+00
5.882034839999999987e-01 3.323208093643188477e+00
5.910384650000000129e-01 3.170477390289306641e+00
5.938735019999999976e-01 3.235338211059570312e+00
5.967085949999999528e-01 3.236550807952880859e+00
5.995437449999999613e-01 3.210635185241699219e+00
6.023789510000000513e-01 3.175004005432128906e+00
6.052142130000000009e-01 3.192688226699829102e+00
6.080495310000000320e-01 3.142322778701782227e+00
6.108849060000000053e-01 3.039713621139526367e+00
6.137203359999999774e-01 2.955376386642456055e+00
6.165558230000000028e-01 2.940607070922851562e+00
6.193913669999999705e-01 3.025135993957519531e+00
6.222269660000000480e-01 3.014065742492675781e+00
6.250626219999999567e-01 2.931110382080078125e+00
6.278983339999999469e-01 2.863174438476562500e+00
6.307341020000000187e-01 2.845765113830566406e+00
6.335699259999999500e-01 2.879030942916870117e+00
6.364058070000000455e-01 2.916515111923217773e+00
6.392417440000000006e-01 2.916748523712158203e+00
6.420777370000000372e-01 2.894227266311645508e+00
6.449137860000000444e-01 2.852953672409057617e+00
6.477498919999999938e-01 2.727790832519531250e+00
6.505860540000000247e-01 2.710459232330322266e+00
6.534222720000000262e-01 2.718648433685302734e+00
6.562585459999999982e-01 2.499084234237670898e+00
6.590948770000000234e-01 2.617025852203369141e+00
6.619312640000000192e-01 2.689137458801269531e+00
6.647677069999999855e-01 2.666567802429199219e+00
6.676042060000000333e-01 2.646040916442871094e+00
6.704407620000000234e-01 2.612961053848266602e+00
6.732773739999999840e-01 2.595460891723632812e+00
6.761140420000000262e-01 2.589206695556640625e+00
6.789507660000000389e-01 2.569432735443115234e+00
6.817875469999999938e-01 2.535825490951538086e+00
6.846243829999999475e-01 2.453775167465209961e+00
6.874612759999999545e-01 2.062449455261230469e+00
6.902982260000000148e-01 2.088142156600952148e+00
6.931352309999999628e-01 2.132169485092163086e+00
6.959722929999999641e-01 2.158448457717895508e+00
6.988094110000000470e-01 2.142703771591186523e+00
7.016465849999999893e-01 2.035177469253540039e+00
7.044838150000000132e-01 2.045116662979125977e+00
7.073211019999999793e-01 2.008819341659545898e+00
7.101584450000000270e-01 1.948369741439819336e+00
7.129958440000000452e-01 1.849598169326782227e+00
7.158332990000000340e-01 1.572690010070800781e+00
7.186708109999999650e-01 1.152523517608642578e+00
7.215083789999999775e-01 1.192745327949523926e+00
7.243460029999999605e-01 1.103817582130432129e+00
7.271836830000000251e-01 1.011078715324401855e+00
7.300214200000000320e-01 9.565050005912780762e-01
7.328592130000000093e-01 9.867331981658935547e-01
7.356970619999999572e-01 9.844068288803100586e-01
7.385349669999999866e-01 9.640836715698242188e-01
7.413729289999999583e-01 9.681941866874694824e-01
7.442109470000000115e-01 9.863358139991760254e-01
7.470490210000000353e-01 9.781234860420227051e-01
7.498871510000000296e-01 9.710587263107299805e-01
7.527253379999999661e-01 9.621953964233398438e-01
7.555635800000000124e-01 9.572190046310424805e-01
7.584018790000000010e-01 7.802439332008361816e-01
7.612402350000000428e-01 3.625676929950714111e-01
7.640786459999999725e-01 4.442990124225616455e-01
7.669171139999999554e-01 7.222816348075866699e-01
7.697556380000000198e-01 8.733495473861694336e-01
7.725942180000000548e-01 9.148626327514648438e-01
7.754328539999999492e-01 9.193009138107299805e-01
7.782715470000000080e-01 9.146887063980102539e-01
7.811102960000000373e-01 9.175736308097839355e-01
7.839491010000000371e-01 9.190162420272827148e-01
7.867879620000000074e-01 9.076145291328430176e-01
7.896268800000000310e-01 8.783909082412719727e-01
7.924658540000000251e-01 8.755618929862976074e-01
7.953048839999999897e-01 8.850844502449035645e-01
7.981439700000000359e-01 8.941261172294616699e-01
8.009831130000000243e-01 8.875217437744140625e-01
8.038223119999999833e-01 8.941498398780822754e-01
8.066615670000000238e-01 9.068008661270141602e-01
8.095008780000000348e-01 8.683578372001647949e-01
8.123402459999999881e-01 7.765981554985046387e-01
8.151796700000000229e-01 6.300562024116516113e-01
8.180191500000000282e-01 6.013712286949157715e-01
8.208586860000000041e-01 6.442179083824157715e-01
8.236982790000000332e-01 6.016163229942321777e-01
8.265379269999999501e-01 6.240795254707336426e-01
8.293776320000000313e-01 5.593478083610534668e-01
8.322173940000000547e-01 5.489574074745178223e-01
8.350572109999999659e-01 5.511069893836975098e-01
8.378970850000000414e-01 5.654761195182800293e-01
8.407370149999999764e-01 5.715264678001403809e-01
8.435770009999999930e-01 5.678702592849731445e-01
8.464170429999999801e-01 5.626933574676513672e-01
8.492571420000000204e-01 5.432249903678894043e-01
8.520972970000000313e-01 5.172348022460937500e-01
8.549375080000000127e-01 4.934121370315551758e-01
8.577777749999999646e-01 5.225838422775268555e-01
8.606180989999999698e-01 5.147356986999511719e-01
8.634584789999999455e-01 5.044968128204345703e-01
8.662989150000000027e-01 4.672461152076721191e-01
8.691394070000000305e-01 4.829744398593902588e-01
8.719799560000000005e-01 4.733550548553466797e-01
8.748205610000000521e-01 4.635328948497772217e-01
8.776612219999999631e-01 4.561024308204650879e-01
8.805019389999999557e-01 4.422354698181152344e-01
8.833427130000000016e-01 4.335601031780242920e-01
8.861835430000000180e-01 4.186966419219970703e-01
8.890244290000000049e-01 4.155839085578918457e-01
8.918653709999999624e-01 3.922217190265655518e-01
8.947063699999999731e-01 3.296887278556823730e-01
8.975474239999999826e-01 2.624728083610534668e-01
9.003885350000000454e-01 2.349595576524734497e-01
9.032297030000000504e-01 2.735725641250610352e-01
9.060709260000000542e-01 2.737458050251007080e-01
9.089122060000000003e-01 2.285516262054443359e-01
9.117535420000000279e-01 2.247409075498580933e-01
9.145949340000000261e-01 2.087835818529129028e-01
9.174363819999999947e-01 2.081210464239120483e-01
9.202778870000000166e-01 2.412602603435516357e-01
9.231194480000000091e-01 2.307119816541671753e-01
9.259610649999999721e-01 2.113151997327804565e-01
9.288027380000000166e-01 1.492600888013839722e-01
9.316444680000000034e-01 7.992921024560928345e-02
9.344862539999999607e-01 4.722677916288375854e-02
9.373280959999999995e-01 4.995065554976463318e-02
9.401699940000000089e-01 8.329977840185165405e-02
9.430119489999999605e-01 6.934838742017745972e-02
9.458539599999999936e-01 6.093801930546760559e-02
9.486960269999999973e-01 6.746673583984375000e-02
9.515381499999999715e-01 6.986025720834732056e-02
9.543803299999999989e-01 7.127688080072402954e-02
9.572225659999999969e-01 8.118213713169097900e-02
9.600648579999999654e-01 8.227483928203582764e-02
9.629072060000000155e-01 9.630096703767776489e-02
9.657496110000000078e-01 1.071157082915306091e-01
9.685920709999999989e-01 1.414858549833297729e-01
9.714345880000000433e-01 1.564710438251495361e-01
9.742771620000000299e-01 1.295833885669708252e-01
9.771197910000000153e-01 1.424698382616043091e-01
9.799624770000000540e-01 1.496169716119766235e-01
9.828052189999999522e-01 1.636953651905059814e-01
9.856480170000000429e-01 1.774373501539230347e-01
9.884908709999999932e-01 1.847211867570877075e-01
9.913337819999999967e-01 1.862687170505523682e-01
9.941767489999999707e-01 1.848321110010147095e-01
9.970197720000000263e-01 1.879081875085830688e-01
9.998628510000000524e-01 1.894063353538513184e-01
1.002705986999999910e+00 1.866888105869293213e-01
1.005549178999999960e+00 1.754510402679443359e-01
1.008392426999999980e+00 1.878162324428558350e-01
1.011235730999999971e+00 1.824611276388168335e-01
1.014079092000000015e+00 1.811470985412597656e-01
1.016922509000000030e+00 1.837640851736068726e-01
1.019765982000000015e+00 1.885136067867279053e-01
1.022609510999999971e+00 1.819616109132766724e-01
1.025453096999999980e+00 1.902893632650375366e-01
1.028296738999999960e+00 1.940927654504776001e-01
1.031140436999999910e+00 1.900353580713272095e-01
1.033984191000000052e+00 1.844196021556854248e-01
1.036828002000000026e+00 1.865787655115127563e-01
1.039671868000000110e+00 1.901702433824539185e-01
1.042515791000000025e+00 1.996836662292480469e-01
1.045359770999999993e+00 2.028615027666091919e-01
