3.615872339999999796e-01 1.321211218833923340e+00
3.644177160000000026e-01 1.444832563400268555e+00
3.672482539999999962e-01 1.570805549621582031e+00
3.700788480000000158e-01 1.586049675941467285e+00
3.729094980000000059e-01 1.420639753341674805e+00
3.757402049999999938e-01 1.469668984413146973e+00
3.785709680000000077e-01 1.626167178153991699e+00
3.814017869999999921e-01 1.393932819366455078e+00
3.842326620000000026e-01 1.282840728759765625e+00
3.870635940000000108e-01 1.429416179656982422e+00
3.898945819999999896e-01 1.612429618835449219e+00
3.927256259999999943e-01 1.399954080581665039e+00
3.955567260000000251e-01 1.446712732315063477e+00
3.983878829999999982e-01 1.839915871620178223e+00
4.012190950000000256e-01 2.227728605270385742e+00
4.040503639999999952e-01 2.260039091110229492e+00
4.068816900000000181e-01 2.203272819519042969e+00
4.097130709999999842e-01 2.289661645889282227e+00
4.125445090000000037e-01 2.355022192001342773e+00
4.153760029999999936e-01 2.352704763412475586e+00
4.182075530000000096e-01 2.298167228698730469e+00
4.210391589999999962e-01 2.325822830200195312e+00
4.238708219999999804e-01 2.284181356430053711e+00
4.267025409999999908e-01 2.238231897354125977e+00
4.295343160000000271e-01 2.030675649642944336e+00
4.323661469999999785e-01 2.176498174667358398e+00
4.351980349999999831e-01 2.364111900329589844e+00
4.380299790000000137e-01 2.391942024230957031e+00
4.408619790000000149e-01 2.490867376327514648e+00
4.436940349999999866e-01 2.610896825790405273e+00
4.465261480000000116e-01 2.647931337356567383e+00
4.493583170000000071e-01 2.804042100906372070e+00
4.521905419999999731e-01 2.799773216247558594e+00
4.550228230000000207e-01 2.785905122756958008e+00
4.578551610000000105e-01 2.837322235107421875e+00
4.606875550000000263e-01 2.867442131042480469e+00
4.635200050000000127e-01 2.897982597351074219e+00
4.663525110000000251e-01 2.833858966827392578e+00
4.691850739999999798e-01 2.833319902420043945e+00
4.720176919999999887e-01 2.863815307617187500e+00
4.748503669999999954e-01 2.928683996200561523e+00
4.776830989999999999e-01 2.943077802658081055e+00
4.805158860000000032e-01 3.015773296356201172e+00
4.833487300000000042e-01 2.969260215759277344e+00
4.861816299999999758e-01 2.764401674270629883e+00
4.890145859999999733e-01 2.865480899810791016e+00
4.918475979999999970e-01 2.945683002471923828e+00
4.946806670000000183e-01 3.004746675491333008e+00
4.975137920000000102e-01 3.022035598754882812e+00
5.003469729999999727e-01 2.944296121597290039e+00
5.031802100000000166e-01 2.928806066513061523e+00
5.060135040000000028e-01 3.010621070861816406e+00
5.088468539999999596e-01 3.029695510864257812e+00
5.116802599999999979e-01 3.064043521881103516e+00
5.145137220000000067e-01 2.994136095046997070e+00
5.173472409999999577e-01 2.839225769042968750e+00
5.201808159999999903e-01 2.970730781555175781e+00
5.230144469999999934e-01 3.106466531753540039e+00
5.258481339999999671e-01 3.110021352767944336e+00
5.286818779999999940e-01 3.146833419799804688e+00
5.315156779999999914e-01 3.252438783645629883e+00
5.343495339999999594e-01 3.247892618179321289e+00
5.371834460000000089e-01 3.286247014999389648e+00
5.400174150000000006e-01 3.233047008514404297e+00
5.428514389999999912e-01 3.254979848861694336e+00
5.456855200000000350e-01 3.317489862442016602e+00
5.485196580000000210e-01 3.327424526214599609e+00
5.513538510000000059e-01 3.345007181167602539e+00
5.541881010000000440e-01 3.372262001037597656e+00
5.570224070000000527e-01 3.342588424682617188e+00
5.598567690000000319e-01 3.301024913787841797e+00
5.626911869999999816e-01 3.351165533065795898e+00
5.655256619999999845e-01 3.334854602813720703e+00
5.683601929999999580e-01 3.318628311157226562e+00
5.711947800000000131e-01 3.269396543502807617e+00
5.740294230000000386e-01 3.322534561157226562e+00
5.768641230000000064e-01 3.288633346557617188e+00
5.796988789999999447e-01 3.301017761230468750e+00
5.825336909999999646e-01 3.373238801956176758e+00
5.853685589999999550e-01 3.333683729171752930e+00
5.882034839999999987e-01 3.110915899276733398e+00
5.910384650000000129e-01 2.974176883697509766e+00
5.938735019999999976e-01 3.021241426467895508e+00
5.967085949999999528e-01 3.004647493362426758e+00
5.995437449999999613e-01 2.960618495941162109e+00
6.023789510000000513e-01 2.928529977798461914e+00
6.052142130000000009e-01 2.933186292648315430e+00
6.080495310000000320e-01 2.890393495559692383e+00
6.108849060000000053e-01 2.780637025833129883e+00
6.137203359999999774e-01 2.697259187698364258e+00
6.165558230000000028e-01 2.680656909942626953e+00
6.193913669999999705e-01 2.750458955764770508e+00
6.222269660000000480e-01 2.734159231185913086e+00
6.250626219999999567e-01 2.661675453186035156e+00
6.278983339999999469e-01 2.599583625793457031e+00
6.307341020000000187e-01 2.574048519134521484e+00
6.335699259999999500e-01 2.606903314590454102e+00
6.364058070000000455e-01 2.633545398712158203e+00
6.392417440000000006e-01 2.631635427474975586e+00
6.420777370000000372e-01 2.605253219604492188e+00
6.449137860000000444e-01 2.568196296691894531e+00
6.477498919999999938e-01 2.449956417083740234e+00
6.505860540000000247e-01 2.441042900085449219e+00
6.534222720000000262e-01 2.429253578186035156e+00
6.562585459999999982e-01 2.231400251388549805e+00
6.590948770000000234e-01 2.328166723251342773e+00
6.619312640000000192e-01 2.381683349609375000e+00
6.647677069999999855e-01 2.361408948898315430e+00
6.676042060000000333e-01 2.326394081115722656e+00
6.704407620000000234e-01 2.309590578079223633e+00
6.732773739999999840e-01 2.292520523071289062e+00
6.761140420000000262e-01 2.276430845260620117e+00
6.789507660000000389e-01 2.249712705612182617e+00
6.817875469999999938e-01 2.223116397857666016e+00
6.846243829999999475e-01 2.139873981475830078e+00
6.874612759999999545e-01 1.799700498580932617e+00
6.902982260000000148e-01 1.821391820907592773e+00
6.931352309999999628e-01 1.857164144515991211e+00
6.959722929999999641e-01 1.874652266502380371e+00
6.988094110000000470e-01 1.856276392936706543e+00
7.016465849999999893e-01 1.740807533264160156e+00
7.044838150000000132e-01 1.742627382278442383e+00
7.073211019999999793e-01 1.698385715484619141e+00
7.101584450000000270e-01 1.632038116455078125e+00
7.129958440000000452e-01 1.527312755584716797e+00
7.158332990000000340e-01 1.289536237716674805e+00
7.186708109999999650e-01 9.329662322998046875e-01
7.215083789999999775e-01 9.564111828804016113e-01
7.243460029999999605e-01 8.724918961524963379e-01
7.271836830000000251e-01 7.876034379005432129e-01
7.300214200000000320e-01 7.341803312301635742e-01
7.328592130000000093e-01 7.552224397659301758e-01
7.356970619999999572e-01 7.484743595123291016e-01
7.385349669999999866e-01 7.233101725578308105e-01
7.413729289999999583e-01 7.314637899398803711e-01
7.442109470000000115e-01 7.321181893348693848e-01
7.470490210000000353e-01 7.347509860992431641e-01
7.498871510000000296e-01 7.168761491775512695e-01
7.527253379999999661e-01 7.125992774963378906e-01
7.555635800000000124e-01 7.052723765373229980e-01
7.584018790000000010e-01 5.731142759323120117e-01
7.612402350000000428e-01 2.748583853244781494e-01
7.640786459999999725e-01 3.255738317966461182e-01
7.669171139999999554e-01 5.235238671302795410e-01
7.697556380000000198e-01 6.400156021118164062e-01
7.725942180000000548e-01 6.648775339126586914e-01
7.754328539999999492e-01 6.690228581428527832e-01
7.782715470000000080e-01 6.655424833297729492e-01
7.811102960000000373e-01 6.767470836639404297e-01
7.839491010000000371e-01 6.608026027679443359e-01
7.867879620000000074e-01 6.608968973159790039e-01
7.896268800000000310e-01 6.381048560142517090e-01
7.924658540000000251e-01 6.408064961433410645e-01
7.953048839999999897e-01 6.485792398452758789e-01
7.981439700000000359e-01 6.520062088966369629e-01
8.009831130000000243e-01 6.462209224700927734e-01
8.038223119999999833e-01 6.485974192619323730e-01
8.066615670000000238e-01 6.642029881477355957e-01
8.095008780000000348e-01 6.362035274505615234e-01
8.123402459999999881e-01 5.637648105621337891e-01
8.151796700000000229e-01 4.631369709968566895e-01
8.180191500000000282e-01 4.398716688156127930e-01
8.208586860000000041e-01 4.683774113655090332e-01
8.236982790000000332e-01 4.309763014316558838e-01
8.265379269999999501e-01 4.485855698585510254e-01
8.293776320000000313e-01 3.957029283046722412e-01
8.322173940000000547e-01 3.813088238239288330e-01
8.350572109999999659e-01 3.858862221240997314e-01
8.378970850000000414e-01 3.937879800796508789e-01
8.407370149999999764e-01 3.974629640579223633e-01
8.435770009999999930e-01 3.931472599506378174e-01
8.464170429999999801e-01 3.909839391708374023e-01
8.492571420000000204e-01 3.674173653125762939e-01
8.520972970000000313e-01 3.581230640411376953e-01
8.549375080000000127e-01 3.381167352199554443e-01
8.577777749999999646e-01 3.627083301544189453e-01
8.606180989999999698e-01 3.503198027610778809e-01
8.634584789999999455e-01 3.443416953086853027e-01
8.662989150000000027e-01 3.229513466358184814e-01
8.691394070000000305e-01 3.251808881759643555e-01
8.719799560000000005e-01 3.201764822006225586e-01
8.748205610000000521e-01 3.142060935497283936e-01
8.776612219999999631e-01 3.072361648082733154e-01
8.805019389999999557e-01 2.958043217658996582e-01
8.833427130000000016e-01 2.881006300449371338e-01
8.861835430000000180e-01 2.801427841186523438e-01
8.890244290000000049e-01 2.775281369686126709e-01
8.918653709999999624e-01 2.619309127330780029e-01
8.947063699999999731e-01 2.214151769876480103e-01
8.975474239999999826e-01 1.745928972959518433e-01
9.003885350000000454e-01 1.612995266914367676e-01
9.032297030000000504e-01 1.820037364959716797e-01
9.060709260000000542e-01 1.814064532518386841e-01
9.089122060000000003e-01 1.449708491563796997e-01
9.117535420000000279e-01 1.473763585090637207e-01
9.145949340000000261e-01 1.359208971261978149e-01
9.174363819999999947e-01 1.368843019008636475e-01
9.202778870000000166e-01 1.577945053577423096e-01
9.231194480000000091e-01 1.462690383195877075e-01
9.259610649999999721e-01 1.335896104574203491e-01
9.288027380000000166e-01 9.651700407266616821e-02
9.316444680000000034e-01 5.064680054783821106e-02
9.344862539999999607e-01 3.076806664466857910e-02
9.373280959999999995e-01 3.369050472974777222e-02
9.401699940000000089e-01 4.984630271792411804e-02
9.430119489999999605e-01 4.138160869479179382e-02
9.458539599999999936e-01 4.080592468380928040e-02
9.486960269999999973e-01 4.618296027183532715e-02
9.515381499999999715e-01 4.262114316225051880e-02
9.543803299999999989e-01 4.568151012063026428e-02
9.572225659999999969e-01 4.518089070916175842e-02
9.600648579999999654e-01 4.833198711276054382e-02
9.629072060000000155e-01 6.018390133976936340e-02
9.657496110000000078e-01 6.704255193471908569e-02
9.685920709999999989e-01 8.689384162425994873e-02
9.714345880000000433e-01 9.452291578054428101e-02
9.742771620000000299e-01 7.738488167524337769e-02
9.771197910000000153e-01 8.295360952615737915e-02
9.799624770000000540e-01 8.653122186660766602e-02
9.828052189999999522e-01 1.004342809319496155e-01
9.856480170000000429e-01 1.058867722749710083e-01
9.884908709999999932e-01 1.104550138115882874e-01
9.913337819999999967e-01 1.080387979745864868e-01
9.941767489999999707e-01 1.142785325646400452e-01
9.970197720000000263e-01 1.117208972573280334e-01
9.998628510000000524e-01 1.064623445272445679e-01
1.002705986999999910e+00 1.073001399636268616e-01
1.005549178999999960e+00 1.000804826617240906e-01
1.008392426999999980e+00 1.090584397315979004e-01
1.011235730999999971e+00 1.066601425409317017e-01
1.014079092000000015e+00 1.089575663208961487e-01
1.016922509000000030e+00 1.097206398844718933e-01
1.019765982000000015e+00 1.081945672631263733e-01
1.022609510999999971e+00 1.072056815028190613e-01
1.025453096999999980e+00 1.112974584102630615e-01
1.028296738999999960e+00 1.030437350273132324e-01
1.031140436999999910e+00 1.115005612373352051e-01
1.033984191000000052e+00 1.114590689539909363e-01
1.036828002000000026e+00 1.095915287733078003e-01
1.039671868000000110e+00 1.067764312028884888e-01
1.042515791000000025e+00 1.189977005124092102e-01
1.045359770999999993e+00 9.894879907369613647e-02
