3.615872339999999796e-01 1.281490921974182129e+00
3.644177160000000026e-01 1.470300078392028809e+00
3.672482539999999962e-01 1.537632942199707031e+00
3.700788480000000158e-01 1.558156371116638184e+00
3.729094980000000059e-01 1.401178479194641113e+00
3.757402049999999938e-01 1.469492316246032715e+00
3.785709680000000077e-01 1.628000855445861816e+00
3.814017869999999921e-01 1.411189913749694824e+00
3.842326620000000026e-01 1.284609675407409668e+00
3.870635940000000108e-01 1.414961576461791992e+00
3.898945819999999896e-01 1.585691809654235840e+00
3.927256259999999943e-01 1.420338392257690430e+00
3.955567260000000251e-01 1.453099846839904785e+00
3.983878829999999982e-01 1.827954649925231934e+00
4.012190950000000256e-01 2.221771955490112305e+00
4.040503639999999952e-01 2.216911315917968750e+00
4.068816900000000181e-01 2.207282066345214844e+00
4.097130709999999842e-01 2.244532585144042969e+00
4.125445090000000037e-01 2.332072734832763672e+00
4.153760029999999936e-01 2.332511425018310547e+00
4.182075530000000096e-01 2.294732809066772461e+00
4.210391589999999962e-01 2.316987514495849609e+00
4.238708219999999804e-01 2.272196769714355469e+00
4.267025409999999908e-01 2.214539289474487305e+00
4.295343160000000271e-01 1.999968647956848145e+00
4.323661469999999785e-01 2.153551816940307617e+00
4.351980349999999831e-01 2.337678670883178711e+00
4.380299790000000137e-01 2.369464874267578125e+00
4.408619790000000149e-01 2.447118759155273438e+00
4.436940349999999866e-01 2.587283611297607422e+00
4.465261480000000116e-01 2.607829332351684570e+00
4.493583170000000071e-01 2.752442359924316406e+00
4.521905419999999731e-01 2.768186807632446289e+00
4.550228230000000207e-01 2.727147340774536133e+00
4.578551610000000105e-01 2.809156179428100586e+00
4.606875550000000263e-01 2.803512811660766602e+00
4.635200050000000127e-01 2.831300258636474609e+00
4.663525110000000251e-01 2.780365467071533203e+00
4.691850739999999798e-01 2.776446104049682617e+00
4.720176919999999887e-01 2.800585985183715820e+00
4.748503669999999954e-01 2.865596055984497070e+00
4.776830989999999999e-01 2.873597621917724609e+00
4.805158860000000032e-01 2.949705362319946289e+00
4.833487300000000042e-01 2.920006275177001953e+00
4.861816299999999758e-01 2.690542459487915039e+00
4.890145859999999733e-01 2.808821439743041992e+00
4.918475979999999970e-01 2.872183322906494141e+00
4.946806670000000183e-01 2.946657419204711914e+00
4.975137920000000102e-01 2.950451612472534180e+00
5.003469729999999727e-01 2.887117147445678711e+00
5.031802100000000166e-01 2.850467681884765625e+00
5.060135040000000028e-01 2.935916185379028320e+00
5.088468539999999596e-01 2.953600168228149414e+00
5.116802599999999979e-01 2.971308946609497070e+00
5.145137220000000067e-01 2.915304183959960938e+00
5.173472409999999577e-01 2.752765655517578125e+00
5.201808159999999903e-01 2.881649732589721680e+00
5.230144469999999934e-01 3.007128000259399414e+00
5.258481339999999671e-01 3.014959335327148438e+00
5.286818779999999940e-01 3.053125143051147461e+00
5.315156779999999914e-01 3.165353298187255859e+00
5.343495339999999594e-01 3.134671926498413086e+00
5.371834460000000089e-01 3.179011106491088867e+00
5.400174150000000006e-01 3.120200634002685547e+00
5.428514389999999912e-01 3.142798185348510742e+00
5.456855200000000350e-01 3.199398756027221680e+00
5.485196580000000210e-01 3.214356899261474609e+00
5.513538510000000059e-01 3.239678382873535156e+00
5.541881010000000440e-01 3.267220020294189453e+00
5.570224070000000527e-01 3.242269754409790039e+00
5.598567690000000319e-01 3.187068700790405273e+00
5.626911869999999816e-01 3.242383480072021484e+00
5.655256619999999845e-01 3.226977825164794922e+00
5.683601929999999580e-01 3.195406913757324219e+00
5.711947800000000131e-01 3.153819561004638672e+00
5.740294230000000386e-01 3.214333772659301758e+00
5.768641230000000064e-01 3.180853843688964844e+00
5.796988789999999447e-01 3.192725181579589844e+00
5.825336909999999646e-01 3.257891178131103516e+00
5.853685589999999550e-01 3.209160089492797852e+00
5.882034839999999987e-01 2.988489389419555664e+00
5.910384650000000129e-01 2.856655836105346680e+00
5.938735019999999976e-01 2.911119222640991211e+00
5.967085949999999528e-01 2.884489297866821289e+00
5.995437449999999613e-01 2.833129167556762695e+00
6.023789510000000513e-01 2.787048339843750000e+00
6.052142130000000009e-01 2.795293569564819336e+00
6.080495310000000320e-01 2.753788709640502930e+00
6.108849060000000053e-01 2.675573110580444336e+00
6.137203359999999774e-01 2.583497047424316406e+00
6.165558230000000028e-01 2.555615663528442383e+00
6.193913669999999705e-01 2.627522945404052734e+00
6.222269660000000480e-01 2.604698657989501953e+00
6.250626219999999567e-01 2.542033910751342773e+00
6.278983339999999469e-01 2.478483438491821289e+00
6.307341020000000187e-01 2.453088998794555664e+00
6.335699259999999500e-01 2.479249954223632812e+00
6.364058070000000455e-01 2.509102106094360352e+00
6.392417440000000006e-01 2.512486457824707031e+00
6.420777370000000372e-01 2.475064516067504883e+00
6.449137860000000444e-01 2.446743249893188477e+00
6.477498919999999938e-01 2.329135894775390625e+00
6.505860540000000247e-01 2.318414211273193359e+00
6.534222720000000262e-01 2.310795545578002930e+00
6.562585459999999982e-01 2.113323926925659180e+00
6.590948770000000234e-01 2.213009357452392578e+00
6.619312640000000192e-01 2.266594648361206055e+00
6.647677069999999855e-01 2.245226144790649414e+00
6.676042060000000333e-01 2.228441715240478516e+00
6.704407620000000234e-01 2.194424152374267578e+00
6.732773739999999840e-01 2.177777767181396484e+00
6.761140420000000262e-01 2.165822982788085938e+00
6.789507660000000389e-01 2.145613193511962891e+00
6.817875469999999938e-01 2.123511552810668945e+00
6.846243829999999475e-01 2.034993410110473633e+00
6.874612759999999545e-01 1.707052826881408691e+00
6.902982260000000148e-01 1.713742733001708984e+00
6.931352309999999628e-01 1.741736531257629395e+00
6.959722929999999641e-01 1.747075915336608887e+00
6.988094110000000470e-01 1.721721768379211426e+00
7.016465849999999893e-01 1.616759777069091797e+00
7.044838150000000132e-01 1.613346338272094727e+00
7.073211019999999793e-01 1.577815175056457520e+00
7.101584450000000270e-01 1.514915585517883301e+00
7.129958440000000452e-01 1.409064650535583496e+00
7.158332990000000340e-01 1.189696073532104492e+00
7.186708109999999650e-01 8.700525164604187012e-01
7.215083789999999775e-01 8.807054758071899414e-01
7.243460029999999605e-01 8.084979057312011719e-01
7.271836830000000251e-01 7.286491990089416504e-01
7.300214200000000320e-01 6.810050010681152344e-01
7.328592130000000093e-01 6.893959641456604004e-01
7.356970619999999572e-01 6.905170679092407227e-01
7.385349669999999866e-01 6.703847050666809082e-01
7.413729289999999583e-01 6.687182188034057617e-01
7.442109470000000115e-01 6.802198290824890137e-01
7.470490210000000353e-01 6.743361353874206543e-01
7.498871510000000296e-01 6.581275463104248047e-01
7.527253379999999661e-01 6.560576558113098145e-01
7.555635800000000124e-01 6.505160927772521973e-01
7.584018790000000010e-01 5.351389050483703613e-01
7.612402350000000428e-01 2.493863701820373535e-01
7.640786459999999725e-01 3.012743592262268066e-01
7.669171139999999554e-01 4.863103628158569336e-01
7.697556380000000198e-01 5.879959464073181152e-01
7.725942180000000548e-01 6.160699725151062012e-01
7.754328539999999492e-01 6.153255701065063477e-01
7.782715470000000080e-01 6.127489805221557617e-01
7.811102960000000373e-01 6.194028258323669434e-01
7.839491010000000371e-01 6.153309941291809082e-01
7.867879620000000074e-01 6.092426180839538574e-01
7.896268800000000310e-01 5.878636240959167480e-01
7.924658540000000251e-01 5.864930748939514160e-01
7.953048839999999897e-01 5.978528261184692383e-01
7.981439700000000359e-01 6.004565954208374023e-01
8.009831130000000243e-01 5.929042100906372070e-01
8.038223119999999833e-01 5.966673493385314941e-01
8.066615670000000238e-01 6.100739836692810059e-01
8.095008780000000348e-01 5.884352326393127441e-01
8.123402459999999881e-01 5.224598050117492676e-01
8.151796700000000229e-01 4.269982278347015381e-01
8.180191500000000282e-01 4.068058729171752930e-01
8.208586860000000041e-01 4.310382008552551270e-01
8.236982790000000332e-01 3.975145518779754639e-01
8.265379269999999501e-01 4.137265086174011230e-01
8.293776320000000313e-01 3.679271638393402100e-01
8.322173940000000547e-01 3.536140024662017822e-01
8.350572109999999659e-01 3.644956350326538086e-01
8.378970850000000414e-01 3.672718107700347900e-01
8.407370149999999764e-01 3.697423338890075684e-01
8.435770009999999930e-01 3.655036985874176025e-01
8.464170429999999801e-01 3.663566112518310547e-01
8.492571420000000204e-01 3.469017446041107178e-01
8.520972970000000313e-01 3.309473097324371338e-01
8.549375080000000127e-01 3.131124079227447510e-01
8.577777749999999646e-01 3.311153352260589600e-01
8.606180989999999698e-01 3.278877735137939453e-01
8.634584789999999455e-01 3.176046311855316162e-01
8.662989150000000027e-01 2.977811694145202637e-01
8.691394070000000305e-01 3.013909757137298584e-01
8.719799560000000005e-01 3.034286797046661377e-01
8.748205610000000521e-01 2.884334623813629150e-01
8.776612219999999631e-01 2.884436249732971191e-01
8.805019389999999557e-01 2.794353663921356201e-01
8.833427130000000016e-01 2.691735923290252686e-01
8.861835430000000180e-01 2.570906579494476318e-01
8.890244290000000049e-01 2.563288807868957520e-01
8.918653709999999624e-01 2.440906167030334473e-01
8.947063699999999731e-01 2.046355754137039185e-01
8.975474239999999826e-01 1.642218232154846191e-01
9.003885350000000454e-01 1.518402248620986938e-01
9.032297030000000504e-01 1.713840216398239136e-01
9.060709260000000542e-01 1.689261943101882935e-01
9.089122060000000003e-01 1.392983943223953247e-01
9.117535420000000279e-01 1.406431496143341064e-01
9.145949340000000261e-01 1.302413642406463623e-01
9.174363819999999947e-01 1.309555768966674805e-01
9.202778870000000166e-01 1.447958201169967651e-01
9.231194480000000091e-01 1.389999091625213623e-01
9.259610649999999721e-01 1.273389160633087158e-01
9.288027380000000166e-01 9.296045452356338501e-02
9.316444680000000034e-01 5.027876421809196472e-02
9.344862539999999607e-01 2.836905792355537415e-02
9.373280959999999995e-01 3.073731251060962677e-02
9.401699940000000089e-01 4.916501790285110474e-02
9.430119489999999605e-01 4.406887665390968323e-02
9.458539599999999936e-01 3.889595344662666321e-02
9.486960269999999973e-01 4.199436679482460022e-02
9.515381499999999715e-01 4.178098589181900024e-02
9.543803299999999989e-01 4.276766628026962280e-02
9.572225659999999969e-01 4.729017242789268494e-02
9.600648579999999654e-01 4.689125716686248779e-02
9.629072060000000155e-01 5.892828851938247681e-02
9.657496110000000078e-01 6.161752715706825256e-02
9.685920709999999989e-01 8.155047893524169922e-02
9.714345880000000433e-01 8.697145432233810425e-02
9.742771620000000299e-01 7.996875047683715820e-02
9.771197910000000153e-01 7.864022254943847656e-02
9.799624770000000540e-01 8.639491349458694458e-02
9.828052189999999522e-01 9.480676800012588501e-02
9.856480170000000429e-01 9.780176728963851929e-02
9.884908709999999932e-01 1.038562357425689697e-01
9.913337819999999967e-01 1.027451753616333008e-01
9.941767489999999707e-01 1.036835759878158569e-01
9.970197720000000263e-01 1.056648492813110352e-01
9.998628510000000524e-01 1.073186472058296204e-01
1.002705986999999910e+00 9.908233582973480225e-02
1.005549178999999960e+00 9.816812723875045776e-02
1.008392426999999980e+00 1.030661016702651978e-01
1.011235730999999971e+00 1.035295054316520691e-01
1.014079092000000015e+00 1.031065285205841064e-01
1.016922509000000030e+00 1.003206595778465271e-01
1.019765982000000015e+00 1.088774204254150391e-01
1.022609510999999971e+00 1.084366813302040100e-01
1.025453096999999980e+00 1.163874119520187378e-01
1.028296738999999960e+00 1.054152473807334900e-01
1.031140436999999910e+00 1.079236716032028198e-01
1.033984191000000052e+00 1.004691123962402344e-01
1.036828002000000026e+00 9.588716179132461548e-02
1.039671868000000110e+00 1.126713752746582031e-01
1.042515791000000025e+00 1.042779535055160522e-01
1.045359770999999993e+00 1.086063981056213379e-01
