3.615872339999999796e-01 1.320627212524414062e+00
3.644177160000000026e-01 1.451713562011718750e+00
3.672482539999999962e-01 1.580809235572814941e+00
3.700788480000000158e-01 1.559852480888366699e+00
3.729094980000000059e-01 1.405413866043090820e+00
3.757402049999999938e-01 1.496755003929138184e+00
3.785709680000000077e-01 1.626987576484680176e+00
3.814017869999999921e-01 1.370655655860900879e+00
3.842326620000000026e-01 1.317726016044616699e+00
3.870635940000000108e-01 1.432479619979858398e+00
3.898945819999999896e-01 1.601483821868896484e+00
3.927256259999999943e-01 1.419385075569152832e+00
3.955567260000000251e-01 1.426500558853149414e+00
3.983878829999999982e-01 1.816679954528808594e+00
4.012190950000000256e-01 2.243612051010131836e+00
4.040503639999999952e-01 2.283510446548461914e+00
4.068816900000000181e-01 2.214998483657836914e+00
4.097130709999999842e-01 2.248699665069580078e+00
4.125445090000000037e-01 2.347262382507324219e+00
4.153760029999999936e-01 2.370641231536865234e+00
4.182075530000000096e-01 2.294956445693969727e+00
4.210391589999999962e-01 2.333918094635009766e+00
4.238708219999999804e-01 2.290791749954223633e+00
4.267025409999999908e-01 2.218606233596801758e+00
4.295343160000000271e-01 2.021146297454833984e+00
4.323661469999999785e-01 2.155396699905395508e+00
4.351980349999999831e-01 2.348138332366943359e+00
4.380299790000000137e-01 2.373692750930786133e+00
4.408619790000000149e-01 2.446306943893432617e+00
4.436940349999999866e-01 2.602561473846435547e+00
4.465261480000000116e-01 2.613672256469726562e+00
4.493583170000000071e-01 2.768726587295532227e+00
4.521905419999999731e-01 2.795021772384643555e+00
4.550228230000000207e-01 2.762922286987304688e+00
4.578551610000000105e-01 2.811802387237548828e+00
4.606875550000000263e-01 2.841194629669189453e+00
4.635200050000000127e-01 2.859718799591064453e+00
4.663525110000000251e-01 2.809141397476196289e+00
4.691850739999999798e-01 2.795306444168090820e+00
4.720176919999999887e-01 2.832424879074096680e+00
4.748503669999999954e-01 2.877931118011474609e+00
4.776830989999999999e-01 2.914604187011718750e+00
4.805158860000000032e-01 2.966358900070190430e+00
4.833487300000000042e-01 2.949700593948364258e+00
4.861816299999999758e-01 2.714698076248168945e+00
4.890145859999999733e-01 2.837262153625488281e+00
4.918475979999999970e-01 2.905413389205932617e+00
4.946806670000000183e-01 2.963659763336181641e+00
4.975137920000000102e-01 2.965065240859985352e+00
5.003469729999999727e-01 2.897685527801513672e+00
5.031802100000000166e-01 2.887754440307617188e+00
5.060135040000000028e-01 2.958030462265014648e+00
5.088468539999999596e-01 2.978314161300659180e+00
5.116802599999999979e-01 3.008809566497802734e+00
5.145137220000000067e-01 2.942324638366699219e+00
5.173472409999999577e-01 2.791363954544067383e+00
5.201808159999999903e-01 2.904870510101318359e+00
5.230144469999999934e-01 3.041518926620483398e+00
5.258481339999999671e-01 3.041672229766845703e+00
5.286818779999999940e-01 3.078846216201782227e+00
5.315156779999999914e-01 3.182185888290405273e+00
5.343495339999999594e-01 3.172814369201660156e+00
5.371834460000000089e-01 3.211893558502197266e+00
5.400174150000000006e-01 3.154937982559204102e+00
5.428514389999999912e-01 3.177945852279663086e+00
5.456855200000000350e-01 3.248274087905883789e+00
5.485196580000000210e-01 3.251655101776123047e+00
5.513538510000000059e-01 3.278191089630126953e+00
5.541881010000000440e-01 3.303423166275024414e+00
5.570224070000000527e-01 3.270086050033569336e+00
5.598567690000000319e-01 3.225495815277099609e+00
5.626911869999999816e-01 3.267794609069824219e+00
5.655256619999999845e-01 3.263730525970458984e+00
5.683601929999999580e-01 3.230197191238403320e+00
5.711947800000000131e-01 3.195715427398681641e+00
5.740294230000000386e-01 3.241070270538330078e+00
5.768641230000000064e-01 3.220646142959594727e+00
5.796988789999999447e-01 3.225518941879272461e+00
5.825336909999999646e-01 3.288374662399291992e+00
5.853685589999999550e-01 3.249795436859130859e+00
5.882034839999999987e-01 3.029497623443603516e+00
5.910384650000000129e-01 2.900621175765991211e+00
5.938735019999999976e-01 2.942942380905151367e+00
5.967085949999999528e-01 2.917581081390380859e+00
5.995437449999999613e-01 2.883061885833740234e+00
6.023789510000000513e-01 2.837955236434936523e+00
6.052142130000000009e-01 2.854552030563354492e+00
6.080495310000000320e-01 2.796475887298583984e+00
6.108849060000000053e-01 2.689352035522460938e+00
6.137203359999999774e-01 2.636734724044799805e+00
6.165558230000000028e-01 2.609015226364135742e+00
6.193913669999999705e-01 2.675967693328857422e+00
6.222269660000000480e-01 2.668054819107055664e+00
6.250626219999999567e-01 2.588842153549194336e+00
6.278983339999999469e-01 2.532090663909912109e+00
6.307341020000000187e-01 2.512143611907958984e+00
6.335699259999999500e-01 2.535881042480468750e+00
6.364058070000000455e-01 2.559144258499145508e+00
6.392417440000000006e-01 2.559996604919433594e+00
6.420777370000000372e-01 2.541425704956054688e+00
6.449137860000000444e-01 2.493286371231079102e+00
6.477498919999999938e-01 2.381807565689086914e+00
6.505860540000000247e-01 2.367175579071044922e+00
6.534222720000000262e-01 2.351161241531372070e+00
6.562585459999999982e-01 2.162568807601928711e+00
6.590948770000000234e-01 2.264455556869506836e+00
6.619312640000000192e-01 2.319061040878295898e+00
6.647677069999999855e-01 2.296889781951904297e+00
6.676042060000000333e-01 2.287497282028198242e+00
6.704407620000000234e-01 2.252145051956176758e+00
6.732773739999999840e-01 2.232126712799072266e+00
6.761140420000000262e-01 2.221218347549438477e+00
6.789507660000000389e-01 2.211261034011840820e+00
6.817875469999999938e-01 2.175034284591674805e+00
6.846243829999999475e-01 2.088809967041015625e+00
6.874612759999999545e-01 1.750476479530334473e+00
6.902982260000000148e-01 1.763229846954345703e+00
6.931352309999999628e-01 1.790360927581787109e+00
6.959722929999999641e-01 1.795784950256347656e+00
6.988094110000000470e-01 1.776145696640014648e+00
7.016465849999999893e-01 1.676837921142578125e+00
7.044838150000000132e-01 1.664912819862365723e+00
7.073211019999999793e-01 1.622892618179321289e+00
7.101584450000000270e-01 1.569162487983703613e+00
7.129958440000000452e-01 1.464877724647521973e+00
7.158332990000000340e-01 1.232142090797424316e+00
7.186708109999999650e-01 8.963323235511779785e-01
7.215083789999999775e-01 9.103302359580993652e-01
7.243460029999999605e-01 8.323851823806762695e-01
7.271836830000000251e-01 7.513630986213684082e-01
7.300214200000000320e-01 7.067992687225341797e-01
7.328592130000000093e-01 7.189228534698486328e-01
7.356970619999999572e-01 7.157630324363708496e-01
7.385349669999999866e-01 6.930614113807678223e-01
7.413729289999999583e-01 6.999942660331726074e-01
7.442109470000000115e-01 6.997904777526855469e-01
7.470490210000000353e-01 6.977846622467041016e-01
7.498871510000000296e-01 6.884203553199768066e-01
7.527253379999999661e-01 6.865699291229248047e-01
7.555635800000000124e-01 6.751160025596618652e-01
7.584018790000000010e-01 5.520462989807128906e-01
7.612402350000000428e-01 2.614507675170898438e-01
7.640786459999999725e-01 3.110702633857727051e-01
7.669171139999999554e-01 5.033270716667175293e-01
7.697556380000000198e-01 6.182953119277954102e-01
7.725942180000000548e-01 6.363722681999206543e-01
7.754328539999999492e-01 6.444690227508544922e-01
7.782715470000000080e-01 6.398817896842956543e-01
7.811102960000000373e-01 6.444567441940307617e-01
7.839491010000000371e-01 6.404988169670104980e-01
7.867879620000000074e-01 6.370759010314941406e-01
7.896268800000000310e-01 6.104747056961059570e-01
7.924658540000000251e-01 6.097490787506103516e-01
7.953048839999999897e-01 6.153626441955566406e-01
7.981439700000000359e-01 6.250280737876892090e-01
8.009831130000000243e-01 6.192221641540527344e-01
8.038223119999999833e-01 6.232743859291076660e-01
8.066615670000000238e-01 6.301817297935485840e-01
8.095008780000000348e-01 6.090092062950134277e-01
8.123402459999999881e-01 5.386613607406616211e-01
8.151796700000000229e-01 4.508467614650726318e-01
8.180191500000000282e-01 4.224513173103332520e-01
8.208586860000000041e-01 4.478022754192352295e-01
8.236982790000000332e-01 4.145947396755218506e-01
8.265379269999999501e-01 4.281584620475769043e-01
8.293776320000000313e-01 3.814180195331573486e-01
8.322173940000000547e-01 3.695821464061737061e-01
8.350572109999999659e-01 3.710263371467590332e-01
8.378970850000000414e-01 3.816666007041931152e-01
8.407370149999999764e-01 3.850829005241394043e-01
8.435770009999999930e-01 3.799685537815093994e-01
8.464170429999999801e-01 3.797934651374816895e-01
8.492571420000000204e-01 3.571557998657226562e-01
8.520972970000000313e-01 3.483870625495910645e-01
8.549375080000000127e-01 3.246237337589263916e-01
8.577777749999999646e-01 3.490325808525085449e-01
8.606180989999999698e-01 3.336037099361419678e-01
8.634584789999999455e-01 3.338422179222106934e-01
8.662989150000000027e-01 3.101989924907684326e-01
8.691394070000000305e-01 3.121157884597778320e-01
8.719799560000000005e-01 3.134467303752899170e-01
8.748205610000000521e-01 3.005332052707672119e-01
8.776612219999999631e-01 2.954195439815521240e-01
8.805019389999999557e-01 2.890241444110870361e-01
8.833427130000000016e-01 2.842791378498077393e-01
8.861835430000000180e-01 2.716005146503448486e-01
8.890244290000000049e-01 2.704452574253082275e-01
8.918653709999999624e-01 2.514527440071105957e-01
8.947063699999999731e-01 2.124045193195343018e-01
8.975474239999999826e-01 1.710824817419052124e-01
9.003885350000000454e-01 1.520084291696548462e-01
9.032297030000000504e-01 1.794589906930923462e-01
9.060709260000000542e-01 1.774564981460571289e-01
9.089122060000000003e-01 1.477542221546173096e-01
9.117535420000000279e-01 1.455034315586090088e-01
9.145949340000000261e-01 1.325205415487289429e-01
9.174363819999999947e-01 1.353352516889572144e-01
9.202778870000000166e-01 1.550143510103225708e-01
9.231194480000000091e-01 1.459512263536453247e-01
9.259610649999999721e-01 1.356329321861267090e-01
9.288027380000000166e-01 9.801708906888961792e-02
9.316444680000000034e-01 5.000897124409675598e-02
9.344862539999999607e-01 2.849697507917881012e-02
9.373280959999999995e-01 3.429704159498214722e-02
9.401699940000000089e-01 5.047091841697692871e-02
9.430119489999999605e-01 4.292239621281623840e-02
9.458539599999999936e-01 3.714659437537193298e-02
9.486960269999999973e-01 4.262308031320571899e-02
9.515381499999999715e-01 4.329923912882804871e-02
9.543803299999999989e-01 4.559069126844406128e-02
9.572225659999999969e-01 4.643048718571662903e-02
9.600648579999999654e-01 4.853841289877891541e-02
9.629072060000000155e-01 6.070564687252044678e-02
9.657496110000000078e-01 6.535749882459640503e-02
9.685920709999999989e-01 9.027548879384994507e-02
9.714345880000000433e-01 9.161329269409179688e-02
9.742771620000000299e-01 8.166254311800003052e-02
9.771197910000000153e-01 8.084632456302642822e-02
9.799624770000000540e-01 9.017875790596008301e-02
9.828052189999999522e-01 9.512718766927719116e-02
9.856480170000000429e-01 1.038334518671035767e-01
9.884908709999999932e-01 1.079714447259902954e-01
9.913337819999999967e-01 1.107836589217185974e-01
9.941767489999999707e-01 1.072368174791336060e-01
9.970197720000000263e-01 1.114116087555885315e-01
9.998628510000000524e-01 1.082957983016967773e-01
1.002705986999999910e+00 1.025374382734298706e-01
1.005549178999999960e+00 1.060380265116691589e-01
1.008392426999999980e+00 1.057025641202926636e-01
1.011235730999999971e+00 1.081956923007965088e-01
1.014079092000000015e+00 1.068226173520088196e-01
1.016922509000000030e+00 1.081137508153915405e-01
1.019765982000000015e+00 1.058496311306953430e-01
1.022609510999999971e+00 1.163877546787261963e-01
1.025453096999999980e+00 1.062824949622154236e-01
1.028296738999999960e+00 1.104820072650909424e-01
1.031140436999999910e+00 1.005831658840179443e-01
1.033984191000000052e+00 1.144704073667526245e-01
1.036828002000000026e+00 9.874078631401062012e-02
1.039671868000000110e+00 1.072529405355453491e-01
1.042515791000000025e+00 1.075185611844062805e-01
1.045359770999999993e+00 1.176575198769569397e-01
