3.615872339999999796e-01 1.278041362762451172e+00
3.644177160000000026e-01 1.428018689155578613e+00
3.672482539999999962e-01 1.589366197586059570e+00
3.700788480000000158e-01 1.615529894828796387e+00
3.729094980000000059e-01 1.438222527503967285e+00
3.757402049999999938e-01 1.504286289215087891e+00
3.785709680000000077e-01 1.686091065406799316e+00
3.814017869999999921e-01 1.414437413215637207e+00
3.842326620000000026e-01 1.332732081413269043e+00
3.870635940000000108e-01 1.466755032539367676e+00
3.898945819999999896e-01 1.637372493743896484e+00
3.927256259999999943e-01 1.477923631668090820e+00
3.955567260000000251e-01 1.500042319297790527e+00
3.983878829999999982e-01 1.860947132110595703e+00
4.012190950000000256e-01 2.301275253295898438e+00
4.040503639999999952e-01 2.294162273406982422e+00
4.068816900000000181e-01 2.273544073104858398e+00
4.097130709999999842e-01 2.325530052185058594e+00
4.125445090000000037e-01 2.414321899414062500e+00
4.153760029999999936e-01 2.418079853057861328e+00
4.182075530000000096e-01 2.358628273010253906e+00
4.210391589999999962e-01 2.384561777114868164e+00
4.238708219999999804e-01 2.322028875350952148e+00
4.267025409999999908e-01 2.283010244369506836e+00
4.295343160000000271e-01 2.072747707366943359e+00
4.323661469999999785e-01 2.178513288497924805e+00
4.351980349999999831e-01 2.383605957031250000e+00
4.380299790000000137e-01 2.418946266174316406e+00
4.408619790000000149e-01 2.512391328811645508e+00
4.436940349999999866e-01 2.634490966796875000e+00
4.465261480000000116e-01 2.668534994125366211e+00
4.493583170000000071e-01 2.820728778839111328e+00
4.521905419999999731e-01 2.839537382125854492e+00
4.550228230000000207e-01 2.809592723846435547e+00
4.578551610000000105e-01 2.872442483901977539e+00
4.606875550000000263e-01 2.887568235397338867e+00
4.635200050000000127e-01 2.915668964385986328e+00
4.663525110000000251e-01 2.857818603515625000e+00
4.691850739999999798e-01 2.835674285888671875e+00
4.720176919999999887e-01 2.876872539520263672e+00
4.748503669999999954e-01 2.930287599563598633e+00
4.776830989999999999e-01 2.945546627044677734e+00
4.805158860000000032e-01 3.023487329483032227e+00
4.833487300000000042e-01 2.983534097671508789e+00
4.861816299999999758e-01 2.749453306198120117e+00
4.890145859999999733e-01 2.864101648330688477e+00
4.918475979999999970e-01 2.942131996154785156e+00
4.946806670000000183e-01 2.998921155929565430e+00
4.975137920000000102e-01 3.019472837448120117e+00
5.003469729999999727e-01 2.941900253295898438e+00
5.031802100000000166e-01 2.921943426132202148e+00
5.060135040000000028e-01 3.003832101821899414e+00
5.088468539999999596e-01 3.019082069396972656e+00
5.116802599999999979e-01 3.041224241256713867e+00
5.145137220000000067e-01 2.990685462951660156e+00
5.173472409999999577e-01 2.815877199172973633e+00
5.201808159999999903e-01 2.940325498580932617e+00
5.230144469999999934e-01 3.074282646179199219e+00
5.258481339999999671e-01 3.070590496063232422e+00
5.286818779999999940e-01 3.105937480926513672e+00
5.315156779999999914e-01 3.214257240295410156e+00
5.343495339999999594e-01 3.209336280822753906e+00
5.371834460000000089e-01 3.244854450225830078e+00
5.400174150000000006e-01 3.183852195739746094e+00
5.428514389999999912e-01 3.207854747772216797e+00
5.456855200000000350e-01 3.272034406661987305e+00
5.485196580000000210e-01 3.270636796951293945e+00
5.513538510000000059e-01 3.307736158370971680e+00
5.541881010000000440e-01 3.327144861221313477e+00
5.570224070000000527e-01 3.295346021652221680e+00
5.598567690000000319e-01 3.243102550506591797e+00
5.626911869999999816e-01 3.299053192138671875e+00
5.655256619999999845e-01 3.285188674926757812e+00
5.683601929999999580e-01 3.260574102401733398e+00
5.711947800000000131e-01 3.220165491104125977e+00
5.740294230000000386e-01 3.272546052932739258e+00
5.768641230000000064e-01 3.233213424682617188e+00
5.796988789999999447e-01 3.238451480865478516e+00
5.825336909999999646e-01 3.312143564224243164e+00
5.853685589999999550e-01 3.277246475219726562e+00
5.882034839999999987e-01 3.040712594985961914e+00
5.910384650000000129e-01 2.917196512222290039e+00
5.938735019999999976e-01 2.960401535034179688e+00
5.967085949999999528e-01 2.946191549301147461e+00
5.995437449999999613e-01 2.906669616699218750e+00
6.023789510000000513e-01 2.855486154556274414e+00
6.052142130000000009e-01 2.875322580337524414e+00
6.080495310000000320e-01 2.821664094924926758e+00
6.108849060000000053e-01 2.741806507110595703e+00
6.137203359999999774e-01 2.639779329299926758e+00
6.165558230000000028e-01 2.617383241653442383e+00
6.193913669999999705e-01 2.685410737991333008e+00
6.222269660000000480e-01 2.674267292022705078e+00
6.250626219999999567e-01 2.606249094009399414e+00
6.278983339999999469e-01 2.533109426498413086e+00
6.307341020000000187e-01 2.514560222625732422e+00
6.335699259999999500e-01 2.539928913116455078e+00
6.364058070000000455e-01 2.568202972412109375e+00
6.392417440000000006e-01 2.580668926239013672e+00
6.420777370000000372e-01 2.539228677749633789e+00
6.449137860000000444e-01 2.513048887252807617e+00
6.477498919999999938e-01 2.393395662307739258e+00
6.505860540000000247e-01 2.375645637512207031e+00
6.534222720000000262e-01 2.362215042114257812e+00
6.562585459999999982e-01 2.172061204910278320e+00
6.590948770000000234e-01 2.272707462310791016e+00
6.619312640000000192e-01 2.327959775924682617e+00
6.647677069999999855e-01 2.315912723541259766e+00
6.676042060000000333e-01 2.293700933456420898e+00
6.704407620000000234e-01 2.267024993896484375e+00
6.732773739999999840e-01 2.251939773559570312e+00
6.761140420000000262e-01 2.226354122161865234e+00
6.789507660000000389e-01 2.218492269515991211e+00
6.817875469999999938e-01 2.188027143478393555e+00
6.846243829999999475e-01 2.102157831192016602e+00
6.874612759999999545e-01 1.754782438278198242e+00
6.902982260000000148e-01 1.780645251274108887e+00
6.931352309999999628e-01 1.803322672843933105e+00
6.959722929999999641e-01 1.810831904411315918e+00
6.988094110000000470e-01 1.778975129127502441e+00
7.016465849999999893e-01 1.678533196449279785e+00
7.044838150000000132e-01 1.668783783912658691e+00
7.073211019999999793e-01 1.638759016990661621e+00
7.101584450000000270e-01 1.576967954635620117e+00
7.129958440000000452e-01 1.470831155776977539e+00
7.158332990000000340e-01 1.242946624755859375e+00
7.186708109999999650e-01 8.976325988769531250e-01
7.215083789999999775e-01 9.240788221359252930e-01
7.243460029999999605e-01 8.372647762298583984e-01
7.271836830000000251e-01 7.579485774040222168e-01
7.300214200000000320e-01 7.039979696273803711e-01
7.328592130000000093e-01 7.206635475158691406e-01
7.356970619999999572e-01 7.132586836814880371e-01
7.385349669999999866e-01 6.942265629768371582e-01
7.413729289999999583e-01 6.991382837295532227e-01
7.442109470000000115e-01 7.040335536003112793e-01
7.470490210000000353e-01 7.052667737007141113e-01
7.498871510000000296e-01 6.919975280761718750e-01
7.527253379999999661e-01 6.819267272949218750e-01
7.555635800000000124e-01 6.766474246978759766e-01
7.584018790000000010e-01 5.535216331481933594e-01
7.612402350000000428e-01 2.525774836540222168e-01
7.640786459999999725e-01 3.146190047264099121e-01
7.669171139999999554e-01 5.035188794136047363e-01
7.697556380000000198e-01 6.074864268302917480e-01
7.725942180000000548e-01 6.321950554847717285e-01
7.754328539999999492e-01 6.365202069282531738e-01
7.782715470000000080e-01 6.430640816688537598e-01
7.811102960000000373e-01 6.438692212104797363e-01
7.839491010000000371e-01 6.345953941345214844e-01
7.867879620000000074e-01 6.260496973991394043e-01
7.896268800000000310e-01 6.128452420234680176e-01
7.924658540000000251e-01 6.088732481002807617e-01
7.953048839999999897e-01 6.169140338897705078e-01
7.981439700000000359e-01 6.234932541847229004e-01
8.009831130000000243e-01 6.131305694580078125e-01
8.038223119999999833e-01 6.198740005493164062e-01
8.066615670000000238e-01 6.324860453605651855e-01
8.095008780000000348e-01 6.072816252708435059e-01
8.123402459999999881e-01 5.421878695487976074e-01
8.151796700000000229e-01 4.393840432167053223e-01
8.180191500000000282e-01 4.168869256973266602e-01
8.208586860000000041e-01 4.532246887683868408e-01
8.236982790000000332e-01 4.112252891063690186e-01
8.265379269999999501e-01 4.240937530994415283e-01
8.293776320000000313e-01 3.798190653324127197e-01
8.322173940000000547e-01 3.694958984851837158e-01
8.350572109999999659e-01 3.717173933982849121e-01
8.378970850000000414e-01 3.810986280441284180e-01
8.407370149999999764e-01 3.812171816825866699e-01
8.435770009999999930e-01 3.772471547126770020e-01
8.464170429999999801e-01 3.757400214672088623e-01
8.492571420000000204e-01 3.543634712696075439e-01
8.520972970000000313e-01 3.414834141731262207e-01
8.549375080000000127e-01 3.236939013004302979e-01
8.577777749999999646e-01 3.424077332019805908e-01
8.606180989999999698e-01 3.386279344558715820e-01
8.634584789999999455e-01 3.323736190795898438e-01
8.662989150000000027e-01 3.015855252742767334e-01
8.691394070000000305e-01 3.130073547363281250e-01
8.719799560000000005e-01 3.127143681049346924e-01
8.748205610000000521e-01 3.012728989124298096e-01
8.776612219999999631e-01 2.935111224651336670e-01
8.805019389999999557e-01 2.837622761726379395e-01
8.833427130000000016e-01 2.780002057552337646e-01
8.861835430000000180e-01 2.739306986331939697e-01
8.890244290000000049e-01 2.652691602706909180e-01
8.918653709999999624e-01 2.466054856777191162e-01
8.947063699999999731e-01 2.068264633417129517e-01
8.975474239999999826e-01 1.724144220352172852e-01
9.003885350000000454e-01 1.548204123973846436e-01
9.032297030000000504e-01 1.789281219244003296e-01
9.060709260000000542e-01 1.728628873825073242e-01
9.089122060000000003e-01 1.379060298204421997e-01
9.117535420000000279e-01 1.425782442092895508e-01
9.145949340000000261e-01 1.330720782279968262e-01
9.174363819999999947e-01 1.326774507761001587e-01
9.202778870000000166e-01 1.529344767332077026e-01
9.231194480000000091e-01 1.423236578702926636e-01
9.259610649999999721e-01 1.314927786588668823e-01
9.288027380000000166e-01 9.609833359718322754e-02
9.316444680000000034e-01 5.315934494137763977e-02
9.344862539999999607e-01 2.634033560752868652e-02
9.373280959999999995e-01 3.243071585893630981e-02
9.401699940000000089e-01 5.138066411018371582e-02
9.430119489999999605e-01 4.655288904905319214e-02
9.458539599999999936e-01 4.386618733406066895e-02
9.486960269999999973e-01 4.516768455505371094e-02
9.515381499999999715e-01 4.378013685345649719e-02
9.543803299999999989e-01 4.731666296720504761e-02
9.572225659999999969e-01 4.635236039757728577e-02
9.600648579999999654e-01 5.164345353841781616e-02
9.629072060000000155e-01 5.799327418208122253e-02
9.657496110000000078e-01 6.197000294923782349e-02
9.685920709999999989e-01 8.572929352521896362e-02
9.714345880000000433e-01 9.135171025991439819e-02
9.742771620000000299e-01 7.867127656936645508e-02
9.771197910000000153e-01 8.165693283081054688e-02
9.799624770000000540e-01 8.399062603712081909e-02
9.828052189999999522e-01 9.558381140232086182e-02
9.856480170000000429e-01 9.910733997821807861e-02
9.884908709999999932e-01 9.940293431282043457e-02
9.913337819999999967e-01 1.066997274756431580e-01
9.941767489999999707e-01 1.029120832681655884e-01
9.970197720000000263e-01 1.032053232192993164e-01
9.998628510000000524e-01 1.057261526584625244e-01
1.002705986999999910e+00 9.706372022628784180e-02
1.005549178999999960e+00 1.020535752177238464e-01
1.008392426999999980e+00 1.019193083047866821e-01
1.011235730999999971e+00 1.038995683193206787e-01
1.014079092000000015e+00 1.109799146652221680e-01
1.016922509000000030e+00 1.081540361046791077e-01
1.019765982000000015e+00 1.067205592989921570e-01
1.022609510999999971e+00 1.019716113805770874e-01
1.025453096999999980e+00 1.097787395119667053e-01
1.028296738999999960e+00 1.055117994546890259e-01
1.031140436999999910e+00 1.074141487479209900e-01
1.033984191000000052e+00 1.014874354004859924e-01
1.036828002000000026e+00 1.037328168749809265e-01
1.039671868000000110e+00 1.080512702465057373e-01
1.042515791000000025e+00 1.111476942896842957e-01
1.045359770999999993e+00 1.036140397191047668e-01
