3.615872339999999796e-01 1.341296553611755371e+00
3.644177160000000026e-01 1.433840751647949219e+00
3.672482539999999962e-01 1.591392993927001953e+00
3.700788480000000158e-01 1.605891108512878418e+00
3.729094980000000059e-01 1.402649641036987305e+00
3.757402049999999938e-01 1.477405428886413574e+00
3.785709680000000077e-01 1.635629177093505859e+00
3.814017869999999921e-01 1.429885268211364746e+00
3.842326620000000026e-01 1.314021944999694824e+00
3.870635940000000108e-01 1.412251472473144531e+00
3.898945819999999896e-01 1.635264515876770020e+00
3.927256259999999943e-01 1.439146637916564941e+00
3.955567260000000251e-01 1.467862606048583984e+00
3.983878829999999982e-01 1.844895005226135254e+00
4.012190950000000256e-01 2.268553018569946289e+00
4.040503639999999952e-01 2.275768280029296875e+00
4.068816900000000181e-01 2.235876798629760742e+00
4.097130709999999842e-01 2.277770996093750000e+00
4.125445090000000037e-01 2.389367341995239258e+00
4.153760029999999936e-01 2.375175952911376953e+00
4.182075530000000096e-01 2.352041482925415039e+00
4.210391589999999962e-01 2.363087892532348633e+00
4.238708219999999804e-01 2.318120718002319336e+00
4.267025409999999908e-01 2.252153873443603516e+00
4.295343160000000271e-01 2.043213129043579102e+00
4.323661469999999785e-01 2.184050559997558594e+00
4.351980349999999831e-01 2.402548074722290039e+00
4.380299790000000137e-01 2.420779705047607422e+00
4.408619790000000149e-01 2.498057365417480469e+00
4.436940349999999866e-01 2.640767097473144531e+00
4.465261480000000116e-01 2.672731399536132812e+00
4.493583170000000071e-01 2.827695131301879883e+00
4.521905419999999731e-01 2.842268228530883789e+00
4.550228230000000207e-01 2.812836647033691406e+00
4.578551610000000105e-01 2.867826223373413086e+00
4.606875550000000263e-01 2.894801378250122070e+00
4.635200050000000127e-01 2.933746814727783203e+00
4.663525110000000251e-01 2.856721401214599609e+00
4.691850739999999798e-01 2.855922698974609375e+00
4.720176919999999887e-01 2.892204999923706055e+00
4.748503669999999954e-01 2.945687055587768555e+00
4.776830989999999999e-01 2.964648723602294922e+00
4.805158860000000032e-01 3.022715806961059570e+00
4.833487300000000042e-01 3.005292415618896484e+00
4.861816299999999758e-01 2.773288011550903320e+00
4.890145859999999733e-01 2.883792161941528320e+00
4.918475979999999970e-01 2.980175018310546875e+00
4.946806670000000183e-01 3.029679059982299805e+00
4.975137920000000102e-01 3.052806615829467773e+00
5.003469729999999727e-01 2.968381404876708984e+00
5.031802100000000166e-01 2.950758695602416992e+00
5.060135040000000028e-01 3.038162946701049805e+00
5.088468539999999596e-01 3.060193777084350586e+00
5.116802599999999979e-01 3.096088886260986328e+00
5.145137220000000067e-01 3.020849466323852539e+00
5.173472409999999577e-01 2.845362186431884766e+00
5.201808159999999903e-01 2.994099378585815430e+00
5.230144469999999934e-01 3.124199628829956055e+00
5.258481339999999671e-01 3.136167764663696289e+00
5.286818779999999940e-01 3.171182870864868164e+00
5.315156779999999914e-01 3.276874065399169922e+00
5.343495339999999594e-01 3.274920940399169922e+00
5.371834460000000089e-01 3.312725782394409180e+00
5.400174150000000006e-01 3.254969596862792969e+00
5.428514389999999912e-01 3.272960901260375977e+00
5.456855200000000350e-01 3.334789991378784180e+00
5.485196580000000210e-01 3.351499319076538086e+00
5.513538510000000059e-01 3.385707139968872070e+00
5.541881010000000440e-01 3.409913539886474609e+00
5.570224070000000527e-01 3.367841720581054688e+00
5.598567690000000319e-01 3.321952342987060547e+00
5.626911869999999816e-01 3.386746406555175781e+00
5.655256619999999845e-01 3.372777938842773438e+00
5.683601929999999580e-01 3.332663297653198242e+00
5.711947800000000131e-01 3.305971622467041016e+00
5.740294230000000386e-01 3.355180740356445312e+00
5.768641230000000064e-01 3.325186729431152344e+00
5.796988789999999447e-01 3.335046052932739258e+00
5.825336909999999646e-01 3.401272058486938477e+00
5.853685589999999550e-01 3.363051891326904297e+00
5.882034839999999987e-01 3.145581245422363281e+00
5.910384650000000129e-01 3.006798028945922852e+00
5.938735019999999976e-01 3.055337667465209961e+00
5.967085949999999528e-01 3.041074514389038086e+00
5.995437449999999613e-01 3.000908374786376953e+00
6.023789510000000513e-01 2.962543249130249023e+00
6.052142130000000009e-01 2.975848674774169922e+00
6.080495310000000320e-01 2.923426389694213867e+00
6.108849060000000053e-01 2.813213586807250977e+00
6.137203359999999774e-01 2.731153249740600586e+00
6.165558230000000028e-01 2.724639654159545898e+00
6.193913669999999705e-01 2.792193174362182617e+00
6.222269660000000480e-01 2.777281999588012695e+00
6.250626219999999567e-01 2.713869810104370117e+00
6.278983339999999469e-01 2.644537448883056641e+00
6.307341020000000187e-01 2.622156143188476562e+00
6.335699259999999500e-01 2.650015115737915039e+00
6.364058070000000455e-01 2.674110174179077148e+00
6.392417440000000006e-01 2.684429883956909180e+00
6.420777370000000372e-01 2.661899089813232422e+00
6.449137860000000444e-01 2.616204977035522461e+00
6.477498919999999938e-01 2.489375591278076172e+00
6.505860540000000247e-01 2.483650922775268555e+00
6.534222720000000262e-01 2.471566915512084961e+00
6.562585459999999982e-01 2.267686605453491211e+00
6.590948770000000234e-01 2.374768733978271484e+00
6.619312640000000192e-01 2.433941125869750977e+00
6.647677069999999855e-01 2.414141416549682617e+00
6.676042060000000333e-01 2.392825126647949219e+00
6.704407620000000234e-01 2.364537954330444336e+00
6.732773739999999840e-01 2.337281465530395508e+00
6.761140420000000262e-01 2.332084417343139648e+00
6.789507660000000389e-01 2.306007623672485352e+00
6.817875469999999938e-01 2.279480695724487305e+00
6.846243829999999475e-01 2.197849512100219727e+00
6.874612759999999545e-01 1.836851596832275391e+00
6.902982260000000148e-01 1.865175724029541016e+00
6.931352309999999628e-01 1.906265020370483398e+00
6.959722929999999641e-01 1.907304644584655762e+00
6.988094110000000470e-01 1.894335269927978516e+00
7.016465849999999893e-01 1.788427114486694336e+00
7.044838150000000132e-01 1.791032195091247559e+00
7.073211019999999793e-01 1.743705153465270996e+00
7.101584450000000270e-01 1.687020659446716309e+00
7.129958440000000452e-01 1.582389354705810547e+00
7.158332990000000340e-01 1.331137776374816895e+00
7.186708109999999650e-01 9.732142090797424316e-01
7.215083789999999775e-01 9.872245192527770996e-01
7.243460029999999605e-01 8.936679363250732422e-01
7.271836830000000251e-01 8.149877786636352539e-01
7.300214200000000320e-01 7.564097642898559570e-01
7.328592130000000093e-01 7.740345597267150879e-01
7.356970619999999572e-01 7.608031034469604492e-01
7.385349669999999866e-01 7.471695542335510254e-01
7.413729289999999583e-01 7.510692477226257324e-01
7.442109470000000115e-01 7.518317699432373047e-01
7.470490210000000353e-01 7.563201785087585449e-01
7.498871510000000296e-01 7.332093715667724609e-01
7.527253379999999661e-01 7.361758947372436523e-01
7.555635800000000124e-01 7.195642590522766113e-01
7.584018790000000010e-01 5.924214720726013184e-01
7.612402350000000428e-01 2.753260135650634766e-01
7.640786459999999725e-01 3.335561454296112061e-01
7.669171139999999554e-01 5.420682430267333984e-01
7.697556380000000198e-01 6.644104719161987305e-01
7.725942180000000548e-01 6.879931688308715820e-01
7.754328539999999492e-01 6.856439113616943359e-01
7.782715470000000080e-01 6.923601627349853516e-01
7.811102960000000373e-01 6.910327672958374023e-01
7.839491010000000371e-01 6.870486140251159668e-01
7.867879620000000074e-01 6.765176057815551758e-01
7.896268800000000310e-01 6.646683216094970703e-01
7.924658540000000251e-01 6.643448472023010254e-01
7.953048839999999897e-01 6.682247519493103027e-01
7.981439700000000359e-01 6.705366373062133789e-01
8.009831130000000243e-01 6.759184002876281738e-01
8.038223119999999833e-01 6.737860441207885742e-01
8.066615670000000238e-01 6.946544051170349121e-01
8.095008780000000348e-01 6.579543948173522949e-01
8.123402459999999881e-01 5.900109410285949707e-01
8.151796700000000229e-01 4.815875887870788574e-01
8.180191500000000282e-01 4.472606480121612549e-01
8.208586860000000041e-01 4.819653928279876709e-01
8.236982790000000332e-01 4.479936063289642334e-01
8.265379269999999501e-01 4.570980966091156006e-01
8.293776320000000313e-01 4.095152914524078369e-01
8.322173940000000547e-01 3.893824815750122070e-01
8.350572109999999659e-01 3.989310562610626221e-01
8.378970850000000414e-01 4.074700474739074707e-01
8.407370149999999764e-01 4.071488380432128906e-01
8.435770009999999930e-01 4.015171825885772705e-01
8.464170429999999801e-01 3.967721164226531982e-01
8.492571420000000204e-01 3.814551234245300293e-01
8.520972970000000313e-01 3.613736629486083984e-01
8.549375080000000127e-01 3.461587131023406982e-01
8.577777749999999646e-01 3.651329874992370605e-01
8.606180989999999698e-01 3.553190827369689941e-01
8.634584789999999455e-01 3.533778786659240723e-01
8.662989150000000027e-01 3.222629129886627197e-01
8.691394070000000305e-01 3.256010413169860840e-01
8.719799560000000005e-01 3.359626531600952148e-01
8.748205610000000521e-01 3.185632824897766113e-01
8.776612219999999631e-01 3.162417113780975342e-01
8.805019389999999557e-01 3.035968840122222900e-01
8.833427130000000016e-01 2.942553460597991943e-01
8.861835430000000180e-01 2.798504829406738281e-01
8.890244290000000049e-01 2.731243669986724854e-01
8.918653709999999624e-01 2.640608251094818115e-01
8.947063699999999731e-01 2.173211574554443359e-01
8.975474239999999826e-01 1.761323958635330200e-01
9.003885350000000454e-01 1.614247560501098633e-01
9.032297030000000504e-01 1.806882470846176147e-01
9.060709260000000542e-01 1.831518262624740601e-01
9.089122060000000003e-01 1.509854644536972046e-01
9.117535420000000279e-01 1.471739113330841064e-01
9.145949340000000261e-01 1.356582194566726685e-01
9.174363819999999947e-01 1.370994001626968384e-01
9.202778870000000166e-01 1.554369181394577026e-01
9.231194480000000091e-01 1.479002535343170166e-01
9.259610649999999721e-01 1.330607533454895020e-01
9.288027380000000166e-01 9.710973501205444336e-02
9.316444680000000034e-01 5.071307718753814697e-02
9.344862539999999607e-01 2.953849919140338898e-02
9.373280959999999995e-01 3.155471384525299072e-02
9.401699940000000089e-01 5.253583937883377075e-02
9.430119489999999605e-01 4.105035588145256042e-02
9.458539599999999936e-01 4.059381410479545593e-02
9.486960269999999973e-01 4.069045931100845337e-02
9.515381499999999715e-01 4.003783315420150757e-02
9.543803299999999989e-01 4.042162746191024780e-02
9.572225659999999969e-01 4.706821218132972717e-02
9.600648579999999654e-01 4.722580686211585999e-02
9.629072060000000155e-01 6.016549468040466309e-02
9.657496110000000078e-01 6.131763756275177002e-02
9.685920709999999989e-01 8.381558954715728760e-02
9.714345880000000433e-01 9.093874692916870117e-02
9.742771620000000299e-01 7.937853783369064331e-02
9.771197910000000153e-01 8.269761502742767334e-02
9.799624770000000540e-01 8.773864060640335083e-02
9.828052189999999522e-01 1.009356006979942322e-01
9.856480170000000429e-01 9.981106221675872803e-02
9.884908709999999932e-01 1.075023561716079712e-01
9.913337819999999967e-01 1.059886440634727478e-01
9.941767489999999707e-01 1.088130772113800049e-01
9.970197720000000263e-01 1.096450388431549072e-01
9.998628510000000524e-01 1.128928139805793762e-01
1.002705986999999910e+00 1.077952608466148376e-01
1.005549178999999960e+00 1.072866246104240417e-01
1.008392426999999980e+00 1.111832037568092346e-01
1.011235730999999971e+00 1.078958809375762939e-01
1.014079092000000015e+00 1.026457175612449646e-01
1.016922509000000030e+00 1.056395247578620911e-01
1.019765982000000015e+00 1.057786121964454651e-01
1.022609510999999971e+00 1.058754697442054749e-01
1.025453096999999980e+00 1.014606580138206482e-01
1.028296738999999960e+00 1.063582748174667358e-01
1.031140436999999910e+00 1.095153912901878357e-01
1.033984191000000052e+00 1.233027651906013489e-01
1.036828002000000026e+00 1.021814271807670593e-01
1.039671868000000110e+00 9.984191507101058960e-02
1.042515791000000025e+00 1.044163629412651062e-01
1.045359770999999993e+00 1.072348132729530334e-01
