3.615872339999999796e-01 1.317109107971191406e+00
3.644177160000000026e-01 1.427719473838806152e+00
3.672482539999999962e-01 1.581428050994873047e+00
3.700788480000000158e-01 1.569154381752014160e+00
3.729094980000000059e-01 1.438144087791442871e+00
3.757402049999999938e-01 1.506106495857238770e+00
3.785709680000000077e-01 1.647630214691162109e+00
3.814017869999999921e-01 1.432230472564697266e+00
3.842326620000000026e-01 1.324784159660339355e+00
3.870635940000000108e-01 1.421168923377990723e+00
3.898945819999999896e-01 1.624534606933593750e+00
3.927256259999999943e-01 1.414619565010070801e+00
3.955567260000000251e-01 1.472225546836853027e+00
3.983878829999999982e-01 1.824592113494873047e+00
4.012190950000000256e-01 2.286018848419189453e+00
4.040503639999999952e-01 2.255052566528320312e+00
4.068816900000000181e-01 2.237748146057128906e+00
4.097130709999999842e-01 2.281877279281616211e+00
4.125445090000000037e-01 2.358328819274902344e+00
4.153760029999999936e-01 2.396050214767456055e+00
4.182075530000000096e-01 2.325512886047363281e+00
4.210391589999999962e-01 2.353977441787719727e+00
4.238708219999999804e-01 2.281347990036010742e+00
4.267025409999999908e-01 2.245301246643066406e+00
4.295343160000000271e-01 2.033258199691772461e+00
4.323661469999999785e-01 2.167396783828735352e+00
4.351980349999999831e-01 2.366562128067016602e+00
4.380299790000000137e-01 2.387774229049682617e+00
4.408619790000000149e-01 2.469819784164428711e+00
4.436940349999999866e-01 2.612855434417724609e+00
4.465261480000000116e-01 2.637780666351318359e+00
4.493583170000000071e-01 2.786243438720703125e+00
4.521905419999999731e-01 2.783609390258789062e+00
4.550228230000000207e-01 2.761745214462280273e+00
4.578551610000000105e-01 2.835703849792480469e+00
4.606875550000000263e-01 2.851125717163085938e+00
4.635200050000000127e-01 2.877902507781982422e+00
4.663525110000000251e-01 2.814483642578125000e+00
4.691850739999999798e-01 2.816684484481811523e+00
4.720176919999999887e-01 2.853417634963989258e+00
4.748503669999999954e-01 2.889092206954956055e+00
4.776830989999999999e-01 2.928164482116699219e+00
4.805158860000000032e-01 2.987696409225463867e+00
4.833487300000000042e-01 2.956076622009277344e+00
4.861816299999999758e-01 2.722002267837524414e+00
4.890145859999999733e-01 2.847563028335571289e+00
4.918475979999999970e-01 2.922424554824829102e+00
4.946806670000000183e-01 2.969307184219360352e+00
4.975137920000000102e-01 2.995421409606933594e+00
5.003469729999999727e-01 2.919735193252563477e+00
5.031802100000000166e-01 2.898265600204467773e+00
5.060135040000000028e-01 2.979248762130737305e+00
5.088468539999999596e-01 3.002649784088134766e+00
5.116802599999999979e-01 3.022437095642089844e+00
5.145137220000000067e-01 2.958968162536621094e+00
5.173472409999999577e-01 2.797561407089233398e+00
5.201808159999999903e-01 2.923500061035156250e+00
5.230144469999999934e-01 3.060878276824951172e+00
5.258481339999999671e-01 3.058299779891967773e+00
5.286818779999999940e-01 3.102989673614501953e+00
5.315156779999999914e-01 3.191318273544311523e+00
5.343495339999999594e-01 3.186827898025512695e+00
5.371834460000000089e-01 3.234124422073364258e+00
5.400174150000000006e-01 3.177161455154418945e+00
5.428514389999999912e-01 3.190695524215698242e+00
5.456855200000000350e-01 3.253970861434936523e+00
5.485196580000000210e-01 3.251230239868164062e+00
5.513538510000000059e-01 3.283312082290649414e+00
5.541881010000000440e-01 3.316234827041625977e+00
5.570224070000000527e-01 3.279096841812133789e+00
5.598567690000000319e-01 3.248531579971313477e+00
5.626911869999999816e-01 3.294881582260131836e+00
5.655256619999999845e-01 3.287460088729858398e+00
5.683601929999999580e-01 3.249344348907470703e+00
5.711947800000000131e-01 3.210376501083374023e+00
5.740294230000000386e-01 3.262038469314575195e+00
5.768641230000000064e-01 3.223014831542968750e+00
5.796988789999999447e-01 3.237580537796020508e+00
5.825336909999999646e-01 3.308151721954345703e+00
5.853685589999999550e-01 3.263764142990112305e+00
5.882034839999999987e-01 3.051047086715698242e+00
5.910384650000000129e-01 2.905754804611206055e+00
5.938735019999999976e-01 2.944063663482666016e+00
5.967085949999999528e-01 2.924641370773315430e+00
5.995437449999999613e-01 2.887340307235717773e+00
6.023789510000000513e-01 2.845693111419677734e+00
6.052142130000000009e-01 2.853563308715820312e+00
6.080495310000000320e-01 2.821277856826782227e+00
6.108849060000000053e-01 2.699696302413940430e+00
6.137203359999999774e-01 2.627469539642333984e+00
6.165558230000000028e-01 2.613444089889526367e+00
6.193913669999999705e-01 2.683882951736450195e+00
6.222269660000000480e-01 2.666631698608398438e+00
6.250626219999999567e-01 2.588577508926391602e+00
6.278983339999999469e-01 2.533605098724365234e+00
6.307341020000000187e-01 2.508256912231445312e+00
6.335699259999999500e-01 2.541673421859741211e+00
6.364058070000000455e-01 2.565553665161132812e+00
6.392417440000000006e-01 2.572253704071044922e+00
6.420777370000000372e-01 2.531195640563964844e+00
6.449137860000000444e-01 2.504944801330566406e+00
6.477498919999999938e-01 2.383607149124145508e+00
6.505860540000000247e-01 2.372140884399414062e+00
6.534222720000000262e-01 2.361422061920166016e+00
6.562585459999999982e-01 2.163489341735839844e+00
6.590948770000000234e-01 2.267411708831787109e+00
6.619312640000000192e-01 2.325018882751464844e+00
6.647677069999999855e-01 2.297330141067504883e+00
6.676042060000000333e-01 2.284571647644042969e+00
6.704407620000000234e-01 2.253888607025146484e+00
6.732773739999999840e-01 2.240870952606201172e+00
6.761140420000000262e-01 2.223129034042358398e+00
6.789507660000000389e-01 2.195012569427490234e+00
6.817875469999999938e-01 2.172596216201782227e+00
6.846243829999999475e-01 2.083914518356323242e+00
6.874612759999999545e-01 1.749726057052612305e+00
6.902982260000000148e-01 1.771301984786987305e+00
6.931352309999999628e-01 1.792131423950195312e+00
6.959722929999999641e-01 1.794744729995727539e+00
6.988094110000000470e-01 1.774855017662048340e+00
7.016465849999999893e-01 1.665350794792175293e+00
7.044838150000000132e-01 1.664183259010314941e+00
7.073211019999999793e-01 1.633257389068603516e+00
7.101584450000000270e-01 1.566261529922485352e+00
7.129958440000000452e-01 1.461907029151916504e+00
7.158332990000000340e-01 1.233722686767578125e+00
7.186708109999999650e-01 8.959629535675048828e-01
7.215083789999999775e-01 9.212390184402465820e-01
7.243460029999999605e-01 8.363680243492126465e-01
7.271836830000000251e-01 7.592994570732116699e-01
7.300214200000000320e-01 7.128008604049682617e-01
7.328592130000000093e-01 7.347882390022277832e-01
7.356970619999999572e-01 7.221983671188354492e-01
7.385349669999999866e-01 7.126178741455078125e-01
7.413729289999999583e-01 7.074928879737854004e-01
7.442109470000000115e-01 7.129027843475341797e-01
7.470490210000000353e-01 7.118819952011108398e-01
7.498871510000000296e-01 7.053479552268981934e-01
7.527253379999999661e-01 6.974062323570251465e-01
7.555635800000000124e-01 6.858385205268859863e-01
7.584018790000000010e-01 5.636348128318786621e-01
7.612402350000000428e-01 2.652083635330200195e-01
7.640786459999999725e-01 3.227965235710144043e-01
7.669171139999999554e-01 5.134614109992980957e-01
7.697556380000000198e-01 6.252059340476989746e-01
7.725942180000000548e-01 6.476649641990661621e-01
7.754328539999999492e-01 6.531738638877868652e-01
7.782715470000000080e-01 6.489876508712768555e-01
7.811102960000000373e-01 6.521919369697570801e-01
7.839491010000000371e-01 6.485215425491333008e-01
7.867879620000000074e-01 6.432719826698303223e-01
7.896268800000000310e-01 6.240602135658264160e-01
7.924658540000000251e-01 6.250032186508178711e-01
7.953048839999999897e-01 6.244230270385742188e-01
7.981439700000000359e-01 6.367787718772888184e-01
8.009831130000000243e-01 6.309241652488708496e-01
8.038223119999999833e-01 6.308346986770629883e-01
8.066615670000000238e-01 6.434047222137451172e-01
8.095008780000000348e-01 6.126103401184082031e-01
8.123402459999999881e-01 5.494055151939392090e-01
8.151796700000000229e-01 4.499844312667846680e-01
8.180191500000000282e-01 4.268039464950561523e-01
8.208586860000000041e-01 4.558615088462829590e-01
8.236982790000000332e-01 4.276249408721923828e-01
8.265379269999999501e-01 4.367330670356750488e-01
8.293776320000000313e-01 3.903155326843261719e-01
8.322173940000000547e-01 3.752347230911254883e-01
8.350572109999999659e-01 3.803367018699645996e-01
8.378970850000000414e-01 3.952337503433227539e-01
8.407370149999999764e-01 3.986662328243255615e-01
8.435770009999999930e-01 3.885953724384307861e-01
8.464170429999999801e-01 3.893657624721527100e-01
8.492571420000000204e-01 3.722352087497711182e-01
8.520972970000000313e-01 3.550242781639099121e-01
8.549375080000000127e-01 3.358583450317382812e-01
8.577777749999999646e-01 3.606415987014770508e-01
8.606180989999999698e-01 3.527343571186065674e-01
8.634584789999999455e-01 3.480173647403717041e-01
8.662989150000000027e-01 3.231422603130340576e-01
8.691394070000000305e-01 3.312169313430786133e-01
8.719799560000000005e-01 3.272837996482849121e-01
8.748205610000000521e-01 3.169306516647338867e-01
8.776612219999999631e-01 3.093549907207489014e-01
8.805019389999999557e-01 3.006942868232727051e-01
8.833427130000000016e-01 2.969460785388946533e-01
8.861835430000000180e-01 2.887517511844635010e-01
8.890244290000000049e-01 2.793428301811218262e-01
8.918653709999999624e-01 2.695116698741912842e-01
8.947063699999999731e-01 2.249642461538314819e-01
8.975474239999999826e-01 1.793063431978225708e-01
9.003885350000000454e-01 1.617175191640853882e-01
9.032297030000000504e-01 1.833978593349456787e-01
9.060709260000000542e-01 1.860246807336807251e-01
9.089122060000000003e-01 1.546394377946853638e-01
9.117535420000000279e-01 1.524246186017990112e-01
9.145949340000000261e-01 1.382040083408355713e-01
9.174363819999999947e-01 1.432570666074752808e-01
9.202778870000000166e-01 1.629786044359207153e-01
9.231194480000000091e-01 1.540184319019317627e-01
9.259610649999999721e-01 1.456915289163589478e-01
9.288027380000000166e-01 1.062213107943534851e-01
9.316444680000000034e-01 5.726731196045875549e-02
9.344862539999999607e-01 3.095780499279499054e-02
9.373280959999999995e-01 3.342682868242263794e-02
9.401699940000000089e-01 5.358342453837394714e-02
9.430119489999999605e-01 4.503580182790756226e-02
9.458539599999999936e-01 4.088677093386650085e-02
9.486960269999999973e-01 4.374910518527030945e-02
9.515381499999999715e-01 4.498254507780075073e-02
9.543803299999999989e-01 5.057775974273681641e-02
9.572225659999999969e-01 5.687790364027023315e-02
9.600648579999999654e-01 5.423951521515846252e-02
9.629072060000000155e-01 6.393001973628997803e-02
9.657496110000000078e-01 7.083376497030258179e-02
9.685920709999999989e-01 9.281703829765319824e-02
9.714345880000000433e-01 1.054501906037330627e-01
9.742771620000000299e-01 9.181780368089675903e-02
9.771197910000000153e-01 9.307177364826202393e-02
9.799624770000000540e-01 9.627412259578704834e-02
9.828052189999999522e-01 1.091968119144439697e-01
9.856480170000000429e-01 1.165718212723731995e-01
9.884908709999999932e-01 1.221381053328514099e-01
9.913337819999999967e-01 1.209885403513908386e-01
9.941767489999999707e-01 1.181793957948684692e-01
9.970197720000000263e-01 1.274461299180984497e-01
9.998628510000000524e-01 1.243012845516204834e-01
1.002705986999999910e+00 1.192678734660148621e-01
1.005549178999999960e+00 1.149883344769477844e-01
1.008392426999999980e+00 1.196736022830009460e-01
1.011235730999999971e+00 1.227471530437469482e-01
1.014079092000000015e+00 1.171549856662750244e-01
1.016922509000000030e+00 1.148941218852996826e-01
1.019765982000000015e+00 1.219321191310882568e-01
1.022609510999999971e+00 1.203337758779525757e-01
1.025453096999999980e+00 1.211245805025100708e-01
1.028296738999999960e+00 1.269218325614929199e-01
1.031140436999999910e+00 1.184454113245010376e-01
1.033984191000000052e+00 1.203299984335899353e-01
1.036828002000000026e+00 1.222041845321655273e-01
1.039671868000000110e+00 1.240386962890625000e-01
1.042515791000000025e+00 1.239093020558357239e-01
1.045359770999999993e+00 1.129898056387901306e-01
