3.615872339999999796e-01 1.332394361495971680e+00
3.644177160000000026e-01 1.488413095474243164e+00
3.672482539999999962e-01 1.602349638938903809e+00
3.700788480000000158e-01 1.576133966445922852e+00
3.729094980000000059e-01 1.434831738471984863e+00
3.757402049999999938e-01 1.531091332435607910e+00
3.785709680000000077e-01 1.658274054527282715e+00
3.814017869999999921e-01 1.443920493125915527e+00
3.842326620000000026e-01 1.309302210807800293e+00
3.870635940000000108e-01 1.458179473876953125e+00
3.898945819999999896e-01 1.603349685668945312e+00
3.927256259999999943e-01 1.432049870491027832e+00
3.955567260000000251e-01 1.454564094543457031e+00
3.983878829999999982e-01 1.853489160537719727e+00
4.012190950000000256e-01 2.271309137344360352e+00
4.040503639999999952e-01 2.291453123092651367e+00
4.068816900000000181e-01 2.211074113845825195e+00
4.097130709999999842e-01 2.260823249816894531e+00
4.125445090000000037e-01 2.362502098083496094e+00
4.153760029999999936e-01 2.384431600570678711e+00
4.182075530000000096e-01 2.319289684295654297e+00
4.210391589999999962e-01 2.343871831893920898e+00
4.238708219999999804e-01 2.300998210906982422e+00
4.267025409999999908e-01 2.231698751449584961e+00
4.295343160000000271e-01 2.044509887695312500e+00
4.323661469999999785e-01 2.168276548385620117e+00
4.351980349999999831e-01 2.393373012542724609e+00
4.380299790000000137e-01 2.422485113143920898e+00
4.408619790000000149e-01 2.472072601318359375e+00
4.436940349999999866e-01 2.618866205215454102e+00
4.465261480000000116e-01 2.657134532928466797e+00
4.493583170000000071e-01 2.800692319869995117e+00
4.521905419999999731e-01 2.820259332656860352e+00
4.550228230000000207e-01 2.796741724014282227e+00
4.578551610000000105e-01 2.867830276489257812e+00
4.606875550000000263e-01 2.877919673919677734e+00
4.635200050000000127e-01 2.905832052230834961e+00
4.663525110000000251e-01 2.839793920516967773e+00
4.691850739999999798e-01 2.833098888397216797e+00
4.720176919999999887e-01 2.885707616806030273e+00
4.748503669999999954e-01 2.930886507034301758e+00
4.776830989999999999e-01 2.959067821502685547e+00
4.805158860000000032e-01 3.008869647979736328e+00
4.833487300000000042e-01 2.987859249114990234e+00
4.861816299999999758e-01 2.767102479934692383e+00
4.890145859999999733e-01 2.889409065246582031e+00
4.918475979999999970e-01 2.956939220428466797e+00
4.946806670000000183e-01 3.016588687896728516e+00
4.975137920000000102e-01 3.028104543685913086e+00
5.003469729999999727e-01 2.957551240921020508e+00
5.031802100000000166e-01 2.933375120162963867e+00
5.060135040000000028e-01 3.020314216613769531e+00
5.088468539999999596e-01 3.040449857711791992e+00
5.116802599999999979e-01 3.075708150863647461e+00
5.145137220000000067e-01 3.007642507553100586e+00
5.173472409999999577e-01 2.848821401596069336e+00
5.201808159999999903e-01 2.978328704833984375e+00
5.230144469999999934e-01 3.109689235687255859e+00
5.258481339999999671e-01 3.117869615554809570e+00
5.286818779999999940e-01 3.149954557418823242e+00
5.315156779999999914e-01 3.260479211807250977e+00
5.343495339999999594e-01 3.259253025054931641e+00
5.371834460000000089e-01 3.302891016006469727e+00
5.400174150000000006e-01 3.236011028289794922e+00
5.428514389999999912e-01 3.267206430435180664e+00
5.456855200000000350e-01 3.318064212799072266e+00
5.485196580000000210e-01 3.326083660125732422e+00
5.513538510000000059e-01 3.359365701675415039e+00
5.541881010000000440e-01 3.377228498458862305e+00
5.570224070000000527e-01 3.342939376831054688e+00
5.598567690000000319e-01 3.307531118392944336e+00
5.626911869999999816e-01 3.360816955566406250e+00
5.655256619999999845e-01 3.341542959213256836e+00
5.683601929999999580e-01 3.315946340560913086e+00
5.711947800000000131e-01 3.279999494552612305e+00
5.740294230000000386e-01 3.334804296493530273e+00
5.768641230000000064e-01 3.296354532241821289e+00
5.796988789999999447e-01 3.305532693862915039e+00
5.825336909999999646e-01 3.375194549560546875e+00
5.853685589999999550e-01 3.336709499359130859e+00
5.882034839999999987e-01 3.116059064865112305e+00
5.910384650000000129e-01 2.968719482421875000e+00
5.938735019999999976e-01 3.029368162155151367e+00
5.967085949999999528e-01 3.015749692916870117e+00
5.995437449999999613e-01 2.970422267913818359e+00
6.023789510000000513e-01 2.926558256149291992e+00
6.052142130000000009e-01 2.916126251220703125e+00
6.080495310000000320e-01 2.881095170974731445e+00
6.108849060000000053e-01 2.802985906600952148e+00
6.137203359999999774e-01 2.697262287139892578e+00
6.165558230000000028e-01 2.677637100219726562e+00
6.193913669999999705e-01 2.746174097061157227e+00
6.222269660000000480e-01 2.733707666397094727e+00
6.250626219999999567e-01 2.667380571365356445e+00
6.278983339999999469e-01 2.596377372741699219e+00
6.307341020000000187e-01 2.575866937637329102e+00
6.335699259999999500e-01 2.609869956970214844e+00
6.364058070000000455e-01 2.628514051437377930e+00
6.392417440000000006e-01 2.643071413040161133e+00
6.420777370000000372e-01 2.599045276641845703e+00
6.449137860000000444e-01 2.568281650543212891e+00
6.477498919999999938e-01 2.448185205459594727e+00
6.505860540000000247e-01 2.445839405059814453e+00
6.534222720000000262e-01 2.427626371383666992e+00
6.562585459999999982e-01 2.228161811828613281e+00
6.590948770000000234e-01 2.326422929763793945e+00
6.619312640000000192e-01 2.378602981567382812e+00
6.647677069999999855e-01 2.356322050094604492e+00
6.676042060000000333e-01 2.336164236068725586e+00
6.704407620000000234e-01 2.312528133392333984e+00
6.732773739999999840e-01 2.268153667449951172e+00
6.761140420000000262e-01 2.267377138137817383e+00
6.789507660000000389e-01 2.247828960418701172e+00
6.817875469999999938e-01 2.233028888702392578e+00
6.846243829999999475e-01 2.145678997039794922e+00
6.874612759999999545e-01 1.800390124320983887e+00
6.902982260000000148e-01 1.824050068855285645e+00
6.931352309999999628e-01 1.856161117553710938e+00
6.959722929999999641e-01 1.859617590904235840e+00
6.988094110000000470e-01 1.833249211311340332e+00
7.016465849999999893e-01 1.739249706268310547e+00
7.044838150000000132e-01 1.739229679107666016e+00
7.073211019999999793e-01 1.688624024391174316e+00
7.101584450000000270e-01 1.632102608680725098e+00
7.129958440000000452e-01 1.526676177978515625e+00
7.158332990000000340e-01 1.287805914878845215e+00
7.186708109999999650e-01 9.330233335494995117e-01
7.215083789999999775e-01 9.540554881095886230e-01
7.243460029999999605e-01 8.730977177619934082e-01
7.271836830000000251e-01 7.819274067878723145e-01
7.300214200000000320e-01 7.385814785957336426e-01
7.328592130000000093e-01 7.440899610519409180e-01
7.356970619999999572e-01 7.445308566093444824e-01
7.385349669999999866e-01 7.297497987747192383e-01
7.413729289999999583e-01 7.217009663581848145e-01
7.442109470000000115e-01 7.241808772087097168e-01
7.470490210000000353e-01 7.311926484107971191e-01
7.498871510000000296e-01 7.175292372703552246e-01
7.527253379999999661e-01 7.091146707534790039e-01
7.555635800000000124e-01 7.037183046340942383e-01
7.584018790000000010e-01 5.713034272193908691e-01
7.612402350000000428e-01 2.695026099681854248e-01
7.640786459999999725e-01 3.325641155242919922e-01
7.669171139999999554e-01 5.237538218498229980e-01
7.697556380000000198e-01 6.390325427055358887e-01
7.725942180000000548e-01 6.600937843322753906e-01
7.754328539999999492e-01 6.641667485237121582e-01
7.782715470000000080e-01 6.659750938415527344e-01
7.811102960000000373e-01 6.675679087638854980e-01
7.839491010000000371e-01 6.752483844757080078e-01
7.867879620000000074e-01 6.581490635871887207e-01
7.896268800000000310e-01 6.368544101715087891e-01
7.924658540000000251e-01 6.409392356872558594e-01
7.953048839999999897e-01 6.462465524673461914e-01
7.981439700000000359e-01 6.555236577987670898e-01
8.009831130000000243e-01 6.411173939704895020e-01
8.038223119999999833e-01 6.507702469825744629e-01
8.066615670000000238e-01 6.660825610160827637e-01
8.095008780000000348e-01 6.383643746376037598e-01
8.123402459999999881e-01 5.661692619323730469e-01
8.151796700000000229e-01 4.588350355625152588e-01
8.180191500000000282e-01 4.417075812816619873e-01
8.208586860000000041e-01 4.700858294963836670e-01
8.236982790000000332e-01 4.338082969188690186e-01
8.265379269999999501e-01 4.478152096271514893e-01
8.293776320000000313e-01 4.015756845474243164e-01
8.322173940000000547e-01 3.853890895843505859e-01
8.350572109999999659e-01 3.892649114131927490e-01
8.378970850000000414e-01 4.001395106315612793e-01
8.407370149999999764e-01 3.971340060234069824e-01
8.435770009999999930e-01 3.961523175239562988e-01
8.464170429999999801e-01 3.883383572101593018e-01
8.492571420000000204e-01 3.786811530590057373e-01
8.520972970000000313e-01 3.586865365505218506e-01
8.549375080000000127e-01 3.418023586273193359e-01
8.577777749999999646e-01 3.617752194404602051e-01
8.606180989999999698e-01 3.536976575851440430e-01
8.634584789999999455e-01 3.495287299156188965e-01
8.662989150000000027e-01 3.181828558444976807e-01
8.691394070000000305e-01 3.309744596481323242e-01
8.719799560000000005e-01 3.237525224685668945e-01
8.748205610000000521e-01 3.155444562435150146e-01
8.776612219999999631e-01 3.124432563781738281e-01
8.805019389999999557e-01 2.993847131729125977e-01
8.833427130000000016e-01 2.968070507049560547e-01
8.861835430000000180e-01 2.868288159370422363e-01
8.890244290000000049e-01 2.820308506488800049e-01
8.918653709999999624e-01 2.671021223068237305e-01
8.947063699999999731e-01 2.253725081682205200e-01
8.975474239999999826e-01 1.807227730751037598e-01
9.003885350000000454e-01 1.592927873134613037e-01
9.032297030000000504e-01 1.793326586484909058e-01
9.060709260000000542e-01 1.839479506015777588e-01
9.089122060000000003e-01 1.547976136207580566e-01
9.117535420000000279e-01 1.466090381145477295e-01
9.145949340000000261e-01 1.395354568958282471e-01
9.174363819999999947e-01 1.367641836404800415e-01
9.202778870000000166e-01 1.620585322380065918e-01
9.231194480000000091e-01 1.547571271657943726e-01
9.259610649999999721e-01 1.368308812379837036e-01
9.288027380000000166e-01 1.005901992321014404e-01
9.316444680000000034e-01 5.409728363156318665e-02
9.344862539999999607e-01 2.990100905299186707e-02
9.373280959999999995e-01 3.452650457620620728e-02
9.401699940000000089e-01 5.369367823004722595e-02
9.430119489999999605e-01 4.610935971140861511e-02
9.458539599999999936e-01 4.022660106420516968e-02
9.486960269999999973e-01 4.289991408586502075e-02
9.515381499999999715e-01 4.885243624448776245e-02
9.543803299999999989e-01 4.548088088631629944e-02
9.572225659999999969e-01 5.029046908020973206e-02
9.600648579999999654e-01 5.107710883021354675e-02
9.629072060000000155e-01 6.162298843264579773e-02
9.657496110000000078e-01 6.636993587017059326e-02
9.685920709999999989e-01 8.573509007692337036e-02
9.714345880000000433e-01 9.548619389533996582e-02
9.742771620000000299e-01 8.682946115732192993e-02
9.771197910000000153e-01 8.773276209831237793e-02
9.799624770000000540e-01 9.145789593458175659e-02
9.828052189999999522e-01 1.004048883914947510e-01
9.856480170000000429e-01 1.087753623723983765e-01
9.884908709999999932e-01 1.168600916862487793e-01
9.913337819999999967e-01 1.148934289813041687e-01
9.941767489999999707e-01 1.160632818937301636e-01
9.970197720000000263e-01 1.172673255205154419e-01
9.998628510000000524e-01 1.101633906364440918e-01
1.002705986999999910e+00 1.114787459373474121e-01
1.005549178999999960e+00 1.049293354153633118e-01
1.008392426999999980e+00 1.086507886648178101e-01
1.011235730999999971e+00 1.108350306749343872e-01
1.014079092000000015e+00 1.122583821415901184e-01
1.016922509000000030e+00 1.143643185496330261e-01
1.019765982000000015e+00 1.142649278044700623e-01
1.022609510999999971e+00 1.129827499389648438e-01
1.025453096999999980e+00 1.153977662324905396e-01
1.028296738999999960e+00 1.114309579133987427e-01
1.031140436999999910e+00 1.168801411986351013e-01
1.033984191000000052e+00 1.152250394225120544e-01
1.036828002000000026e+00 1.215884163975715637e-01
1.039671868000000110e+00 1.145615205168724060e-01
1.042515791000000025e+00 1.126297488808631897e-01
1.045359770999999993e+00 1.112653240561485291e-01
