3.615872339999999796e-01 1.259873867034912109e+00
3.644177160000000026e-01 1.438389539718627930e+00
3.672482539999999962e-01 1.559321522712707520e+00
3.700788480000000158e-01 1.562285900115966797e+00
3.729094980000000059e-01 1.388305425643920898e+00
3.757402049999999938e-01 1.458008885383605957e+00
3.785709680000000077e-01 1.645238399505615234e+00
3.814017869999999921e-01 1.438970088958740234e+00
3.842326620000000026e-01 1.293562889099121094e+00
3.870635940000000108e-01 1.399549841880798340e+00
3.898945819999999896e-01 1.609077692031860352e+00
3.927256259999999943e-01 1.410996675491333008e+00
3.955567260000000251e-01 1.438084244728088379e+00
3.983878829999999982e-01 1.830021381378173828e+00
4.012190950000000256e-01 2.268972396850585938e+00
4.040503639999999952e-01 2.265501022338867188e+00
4.068816900000000181e-01 2.210800886154174805e+00
4.097130709999999842e-01 2.263499021530151367e+00
4.125445090000000037e-01 2.376428604125976562e+00
4.153760029999999936e-01 2.365105390548706055e+00
4.182075530000000096e-01 2.335734605789184570e+00
4.210391589999999962e-01 2.347417593002319336e+00
4.238708219999999804e-01 2.295599460601806641e+00
4.267025409999999908e-01 2.250412464141845703e+00
4.295343160000000271e-01 2.033918857574462891e+00
4.323661469999999785e-01 2.154294252395629883e+00
4.351980349999999831e-01 2.377323865890502930e+00
4.380299790000000137e-01 2.388892650604248047e+00
4.408619790000000149e-01 2.476741075515747070e+00
4.436940349999999866e-01 2.635217189788818359e+00
4.465261480000000116e-01 2.660967350006103516e+00
4.493583170000000071e-01 2.809447765350341797e+00
4.521905419999999731e-01 2.837848901748657227e+00
4.550228230000000207e-01 2.813659191131591797e+00
4.578551610000000105e-01 2.867614746093750000e+00
4.606875550000000263e-01 2.882745027542114258e+00
4.635200050000000127e-01 2.921573162078857422e+00
4.663525110000000251e-01 2.836809158325195312e+00
4.691850739999999798e-01 2.830539226531982422e+00
4.720176919999999887e-01 2.871626853942871094e+00
4.748503669999999954e-01 2.930550575256347656e+00
4.776830989999999999e-01 2.956858396530151367e+00
4.805158860000000032e-01 3.030783891677856445e+00
4.833487300000000042e-01 3.000012397766113281e+00
4.861816299999999758e-01 2.754982709884643555e+00
4.890145859999999733e-01 2.882253646850585938e+00
4.918475979999999970e-01 2.959715366363525391e+00
4.946806670000000183e-01 3.016338348388671875e+00
4.975137920000000102e-01 3.039344549179077148e+00
5.003469729999999727e-01 2.954213619232177734e+00
5.031802100000000166e-01 2.943390846252441406e+00
5.060135040000000028e-01 3.038568973541259766e+00
5.088468539999999596e-01 3.048744201660156250e+00
5.116802599999999979e-01 3.107316732406616211e+00
5.145137220000000067e-01 3.030090808868408203e+00
5.173472409999999577e-01 2.866241216659545898e+00
5.201808159999999903e-01 3.005658388137817383e+00
5.230144469999999934e-01 3.146084785461425781e+00
5.258481339999999671e-01 3.151153802871704102e+00
5.286818779999999940e-01 3.190422296524047852e+00
5.315156779999999914e-01 3.304444313049316406e+00
5.343495339999999594e-01 3.293203353881835938e+00
5.371834460000000089e-01 3.340458869934082031e+00
5.400174150000000006e-01 3.262453556060791016e+00
5.428514389999999912e-01 3.300255298614501953e+00
5.456855200000000350e-01 3.361344337463378906e+00
5.485196580000000210e-01 3.371473550796508789e+00
5.513538510000000059e-01 3.409297704696655273e+00
5.541881010000000440e-01 3.434285402297973633e+00
5.570224070000000527e-01 3.395710468292236328e+00
5.598567690000000319e-01 3.366961002349853516e+00
5.626911869999999816e-01 3.422600269317626953e+00
5.655256619999999845e-01 3.403721094131469727e+00
5.683601929999999580e-01 3.381120204925537109e+00
5.711947800000000131e-01 3.342304944992065430e+00
5.740294230000000386e-01 3.394928455352783203e+00
5.768641230000000064e-01 3.353717327117919922e+00
5.796988789999999447e-01 3.375653982162475586e+00
5.825336909999999646e-01 3.459311246871948242e+00
5.853685589999999550e-01 3.412288427352905273e+00
5.882034839999999987e-01 3.192436218261718750e+00
5.910384650000000129e-01 3.044180393218994141e+00
5.938735019999999976e-01 3.118824005126953125e+00
5.967085949999999528e-01 3.102592706680297852e+00
5.995437449999999613e-01 3.077313661575317383e+00
6.023789510000000513e-01 3.049277544021606445e+00
6.052142130000000009e-01 3.072724342346191406e+00
6.080495310000000320e-01 3.018369197845458984e+00
6.108849060000000053e-01 2.808587312698364258e+00
6.137203359999999774e-01 2.777776241302490234e+00
6.165558230000000028e-01 2.779945135116577148e+00
6.193913669999999705e-01 2.869059801101684570e+00
6.222269660000000480e-01 2.851503372192382812e+00
6.250626219999999567e-01 2.771149635314941406e+00
6.278983339999999469e-01 2.706616163253784180e+00
6.307341020000000187e-01 2.683435440063476562e+00
6.335699259999999500e-01 2.712893486022949219e+00
6.364058070000000455e-01 2.741899967193603516e+00
6.392417440000000006e-01 2.750034570693969727e+00
6.420777370000000372e-01 2.720288038253784180e+00
6.449137860000000444e-01 2.677624702453613281e+00
6.477498919999999938e-01 2.551653385162353516e+00
6.505860540000000247e-01 2.541504859924316406e+00
6.534222720000000262e-01 2.538620471954345703e+00
6.562585459999999982e-01 2.318606853485107422e+00
6.590948770000000234e-01 2.428903102874755859e+00
6.619312640000000192e-01 2.476434469223022461e+00
6.647677069999999855e-01 2.444216728210449219e+00
6.676042060000000333e-01 2.411991119384765625e+00
6.704407620000000234e-01 2.373115062713623047e+00
6.732773739999999840e-01 2.350320816040039062e+00
6.761140420000000262e-01 2.336291074752807617e+00
6.789507660000000389e-01 2.313639879226684570e+00
6.817875469999999938e-01 2.301509857177734375e+00
6.846243829999999475e-01 2.242090225219726562e+00
6.874612759999999545e-01 1.886438012123107910e+00
6.902982260000000148e-01 1.928947687149047852e+00
6.931352309999999628e-01 1.989390969276428223e+00
6.959722929999999641e-01 2.018737316131591797e+00
6.988094110000000470e-01 1.997487068176269531e+00
7.016465849999999893e-01 1.897588014602661133e+00
7.044838150000000132e-01 1.902615189552307129e+00
7.073211019999999793e-01 1.861341714859008789e+00
7.101584450000000270e-01 1.792057991027832031e+00
7.129958440000000452e-01 1.686176180839538574e+00
7.158332990000000340e-01 1.430037140846252441e+00
7.186708109999999650e-01 1.017879366874694824e+00
7.215083789999999775e-01 1.065249800682067871e+00
7.243460029999999605e-01 9.710003733634948730e-01
7.271836830000000251e-01 8.788239955902099609e-01
7.300214200000000320e-01 8.220123648643493652e-01
7.328592130000000093e-01 8.356652259826660156e-01
7.356970619999999572e-01 8.259489536285400391e-01
7.385349669999999866e-01 7.998815774917602539e-01
7.413729289999999583e-01 8.074138164520263672e-01
7.442109470000000115e-01 8.109285831451416016e-01
7.470490210000000353e-01 8.107643723487854004e-01
7.498871510000000296e-01 8.000850677490234375e-01
7.527253379999999661e-01 7.878332734107971191e-01
7.555635800000000124e-01 7.806619405746459961e-01
7.584018790000000010e-01 6.372171044349670410e-01
7.612402350000000428e-01 2.895126044750213623e-01
7.640786459999999725e-01 3.586016893386840820e-01
7.669171139999999554e-01 5.822104811668395996e-01
7.697556380000000198e-01 7.094298601150512695e-01
7.725942180000000548e-01 7.365731000900268555e-01
7.754328539999999492e-01 7.361143827438354492e-01
7.782715470000000080e-01 7.438066005706787109e-01
7.811102960000000373e-01 7.524092793464660645e-01
7.839491010000000371e-01 7.416285276412963867e-01
7.867879620000000074e-01 7.375452518463134766e-01
7.896268800000000310e-01 7.158660292625427246e-01
7.924658540000000251e-01 7.185057401657104492e-01
7.953048839999999897e-01 7.197963595390319824e-01
7.981439700000000359e-01 7.303991317749023438e-01
8.009831130000000243e-01 7.180526256561279297e-01
8.038223119999999833e-01 7.239555716514587402e-01
8.066615670000000238e-01 7.471339702606201172e-01
8.095008780000000348e-01 7.151167988777160645e-01
8.123402459999999881e-01 6.403176188468933105e-01
8.151796700000000229e-01 5.154982805252075195e-01
8.180191500000000282e-01 4.899410009384155273e-01
8.208586860000000041e-01 5.300960540771484375e-01
8.236982790000000332e-01 4.832047224044799805e-01
8.265379269999999501e-01 5.021815299987792969e-01
8.293776320000000313e-01 4.429744184017181396e-01
8.322173940000000547e-01 4.258559048175811768e-01
8.350572109999999659e-01 4.267814755439758301e-01
8.378970850000000414e-01 4.364915490150451660e-01
8.407370149999999764e-01 4.376331567764282227e-01
8.435770009999999930e-01 4.346085190773010254e-01
8.464170429999999801e-01 4.331511855125427246e-01
8.492571420000000204e-01 4.110114872455596924e-01
8.520972970000000313e-01 3.937431871891021729e-01
8.549375080000000127e-01 3.734132349491119385e-01
8.577777749999999646e-01 3.903877139091491699e-01
8.606180989999999698e-01 3.835507631301879883e-01
8.634584789999999455e-01 3.748128414154052734e-01
8.662989150000000027e-01 3.495779037475585938e-01
8.691394070000000305e-01 3.570723533630371094e-01
8.719799560000000005e-01 3.507985174655914307e-01
8.748205610000000521e-01 3.396819233894348145e-01
8.776612219999999631e-01 3.328046202659606934e-01
8.805019389999999557e-01 3.211521506309509277e-01
8.833427130000000016e-01 3.183455765247344971e-01
8.861835430000000180e-01 3.093105256557464600e-01
8.890244290000000049e-01 3.013569712638854980e-01
8.918653709999999624e-01 2.776523828506469727e-01
8.947063699999999731e-01 2.353751659393310547e-01
8.975474239999999826e-01 1.881160140037536621e-01
9.003885350000000454e-01 1.679631471633911133e-01
9.032297030000000504e-01 1.933676302433013916e-01
9.060709260000000542e-01 1.939159631729125977e-01
9.089122060000000003e-01 1.552306860685348511e-01
9.117535420000000279e-01 1.606168895959854126e-01
9.145949340000000261e-01 1.443670839071273804e-01
9.174363819999999947e-01 1.478411108255386353e-01
9.202778870000000166e-01 1.687720566987991333e-01
9.231194480000000091e-01 1.578040421009063721e-01
9.259610649999999721e-01 1.416987329721450806e-01
9.288027380000000166e-01 1.037061065435409546e-01
9.316444680000000034e-01 5.429312959313392639e-02
9.344862539999999607e-01 3.088600002229213715e-02
9.373280959999999995e-01 3.627811744809150696e-02
9.401699940000000089e-01 5.603484064340591431e-02
9.430119489999999605e-01 4.588819295167922974e-02
9.458539599999999936e-01 3.985199332237243652e-02
9.486960269999999973e-01 4.664062708616256714e-02
9.515381499999999715e-01 4.763200879096984863e-02
9.543803299999999989e-01 4.627387970685958862e-02
9.572225659999999969e-01 5.388057976961135864e-02
9.600648579999999654e-01 5.080390721559524536e-02
9.629072060000000155e-01 5.896598100662231445e-02
9.657496110000000078e-01 6.959947198629379272e-02
9.685920709999999989e-01 9.055157005786895752e-02
9.714345880000000433e-01 9.587627649307250977e-02
9.742771620000000299e-01 8.078865706920623779e-02
9.771197910000000153e-01 8.736202865839004517e-02
9.799624770000000540e-01 8.951769769191741943e-02
9.828052189999999522e-01 1.046309024095535278e-01
9.856480170000000429e-01 1.066269576549530029e-01
9.884908709999999932e-01 1.125940904021263123e-01
9.913337819999999967e-01 1.154775023460388184e-01
9.941767489999999707e-01 1.126309260725975037e-01
9.970197720000000263e-01 1.176174953579902649e-01
9.998628510000000524e-01 1.143100410699844360e-01
1.002705986999999910e+00 1.129455044865608215e-01
1.005549178999999960e+00 1.120623871684074402e-01
1.008392426999999980e+00 1.132262796163558960e-01
1.011235730999999971e+00 1.133222505450248718e-01
1.014079092000000015e+00 1.123121082782745361e-01
1.016922509000000030e+00 1.120906695723533630e-01
1.019765982000000015e+00 1.195708662271499634e-01
1.022609510999999971e+00 1.079104989767074585e-01
1.025453096999999980e+00 1.132313087582588196e-01
1.028296738999999960e+00 1.236967220902442932e-01
1.031140436999999910e+00 1.098443567752838135e-01
1.033984191000000052e+00 1.183384433388710022e-01
1.036828002000000026e+00 1.186905577778816223e-01
1.039671868000000110e+00 1.217688173055648804e-01
1.042515791000000025e+00 1.185403540730476379e-01
1.045359770999999993e+00 1.109679937362670898e-01
