3.615872339999999796e-01 1.278407096862792969e+00
3.644177160000000026e-01 1.452691197395324707e+00
3.672482539999999962e-01 1.574705004692077637e+00
3.700788480000000158e-01 1.522441983222961426e+00
3.729094980000000059e-01 1.445260286331176758e+00
3.757402049999999938e-01 1.511936068534851074e+00
3.785709680000000077e-01 1.622928619384765625e+00
3.814017869999999921e-01 1.407745122909545898e+00
3.842326620000000026e-01 1.311995387077331543e+00
3.870635940000000108e-01 1.439334034919738770e+00
3.898945819999999896e-01 1.609794378280639648e+00
3.927256259999999943e-01 1.405497074127197266e+00
3.955567260000000251e-01 1.470721483230590820e+00
3.983878829999999982e-01 1.831573486328125000e+00
4.012190950000000256e-01 2.282967090606689453e+00
4.040503639999999952e-01 2.280630350112915039e+00
4.068816900000000181e-01 2.232930660247802734e+00
4.097130709999999842e-01 2.284902095794677734e+00
4.125445090000000037e-01 2.347429990768432617e+00
4.153760029999999936e-01 2.393563508987426758e+00
4.182075530000000096e-01 2.345265626907348633e+00
4.210391589999999962e-01 2.338819980621337891e+00
4.238708219999999804e-01 2.316802501678466797e+00
4.267025409999999908e-01 2.267646074295043945e+00
4.295343160000000271e-01 2.056362390518188477e+00
4.323661469999999785e-01 2.189176082611083984e+00
4.351980349999999831e-01 2.395571231842041016e+00
4.380299790000000137e-01 2.425201654434204102e+00
4.408619790000000149e-01 2.508414745330810547e+00
4.436940349999999866e-01 2.654275655746459961e+00
4.465261480000000116e-01 2.675627946853637695e+00
4.493583170000000071e-01 2.843878507614135742e+00
4.521905419999999731e-01 2.863256692886352539e+00
4.550228230000000207e-01 2.823368072509765625e+00
4.578551610000000105e-01 2.908399820327758789e+00
4.606875550000000263e-01 2.913345813751220703e+00
4.635200050000000127e-01 2.947623252868652344e+00
4.663525110000000251e-01 2.872601747512817383e+00
4.691850739999999798e-01 2.871261119842529297e+00
4.720176919999999887e-01 2.914595842361450195e+00
4.748503669999999954e-01 2.969016075134277344e+00
4.776830989999999999e-01 3.001913785934448242e+00
4.805158860000000032e-01 3.061149120330810547e+00
4.833487300000000042e-01 3.033492326736450195e+00
4.861816299999999758e-01 2.800445318222045898e+00
4.890145859999999733e-01 2.927678346633911133e+00
4.918475979999999970e-01 3.010895013809204102e+00
4.946806670000000183e-01 3.063728809356689453e+00
4.975137920000000102e-01 3.073642969131469727e+00
5.003469729999999727e-01 3.006697654724121094e+00
5.031802100000000166e-01 2.986540079116821289e+00
5.060135040000000028e-01 3.078825235366821289e+00
5.088468539999999596e-01 3.095484972000122070e+00
5.116802599999999979e-01 3.138649702072143555e+00
5.145137220000000067e-01 3.066118240356445312e+00
5.173472409999999577e-01 2.901820898056030273e+00
5.201808159999999903e-01 3.036850690841674805e+00
5.230144469999999934e-01 3.179470777511596680e+00
5.258481339999999671e-01 3.178753376007080078e+00
5.286818779999999940e-01 3.220743894577026367e+00
5.315156779999999914e-01 3.324423074722290039e+00
5.343495339999999594e-01 3.320430040359497070e+00
5.371834460000000089e-01 3.361703634262084961e+00
5.400174150000000006e-01 3.302114009857177734e+00
5.428514389999999912e-01 3.326503276824951172e+00
5.456855200000000350e-01 3.391144990921020508e+00
5.485196580000000210e-01 3.407197952270507812e+00
5.513538510000000059e-01 3.436223506927490234e+00
5.541881010000000440e-01 3.464006185531616211e+00
5.570224070000000527e-01 3.437586784362792969e+00
5.598567690000000319e-01 3.391319751739501953e+00
5.626911869999999816e-01 3.439299583435058594e+00
5.655256619999999845e-01 3.439704179763793945e+00
5.683601929999999580e-01 3.403387069702148438e+00
5.711947800000000131e-01 3.358105421066284180e+00
5.740294230000000386e-01 3.418765783309936523e+00
5.768641230000000064e-01 3.382586956024169922e+00
5.796988789999999447e-01 3.405325174331665039e+00
5.825336909999999646e-01 3.480781793594360352e+00
5.853685589999999550e-01 3.438957452774047852e+00
5.882034839999999987e-01 3.219136714935302734e+00
5.910384650000000129e-01 3.087974548339843750e+00
5.938735019999999976e-01 3.149996995925903320e+00
5.967085949999999528e-01 3.146588325500488281e+00
5.995437449999999613e-01 3.118696928024291992e+00
6.023789510000000513e-01 3.090798377990722656e+00
6.052142130000000009e-01 3.106275320053100586e+00
6.080495310000000320e-01 3.083333969116210938e+00
6.108849060000000053e-01 2.975925683975219727e+00
6.137203359999999774e-01 2.878237485885620117e+00
6.165558230000000028e-01 2.863630533218383789e+00
6.193913669999999705e-01 2.933959960937500000e+00
6.222269660000000480e-01 2.932877063751220703e+00
6.250626219999999567e-01 2.855068683624267578e+00
6.278983339999999469e-01 2.790242910385131836e+00
6.307341020000000187e-01 2.766321897506713867e+00
6.335699259999999500e-01 2.801846504211425781e+00
6.364058070000000455e-01 2.832398414611816406e+00
6.392417440000000006e-01 2.832888364791870117e+00
6.420777370000000372e-01 2.810821533203125000e+00
6.449137860000000444e-01 2.770625829696655273e+00
6.477498919999999938e-01 2.647071838378906250e+00
6.505860540000000247e-01 2.637448310852050781e+00
6.534222720000000262e-01 2.630857706069946289e+00
6.562585459999999982e-01 2.421108007431030273e+00
6.590948770000000234e-01 2.542514085769653320e+00
6.619312640000000192e-01 2.620985746383666992e+00
6.647677069999999855e-01 2.592880487442016602e+00
6.676042060000000333e-01 2.569062709808349609e+00
6.704407620000000234e-01 2.538289546966552734e+00
6.732773739999999840e-01 2.520547151565551758e+00
6.761140420000000262e-01 2.513536930084228516e+00
6.789507660000000389e-01 2.494273424148559570e+00
6.817875469999999938e-01 2.471669435501098633e+00
6.846243829999999475e-01 2.381877422332763672e+00
6.874612759999999545e-01 2.005239486694335938e+00
6.902982260000000148e-01 2.029996156692504883e+00
6.931352309999999628e-01 2.074769258499145508e+00
6.959722929999999641e-01 2.093315362930297852e+00
6.988094110000000470e-01 2.082538604736328125e+00
7.016465849999999893e-01 1.977722287178039551e+00
7.044838150000000132e-01 1.979977488517761230e+00
7.073211019999999793e-01 1.948525786399841309e+00
7.101584450000000270e-01 1.891983985900878906e+00
7.129958440000000452e-01 1.779242873191833496e+00
7.158332990000000340e-01 1.517401099205017090e+00
7.186708109999999650e-01 1.107873082160949707e+00
7.215083789999999775e-01 1.148835539817810059e+00
7.243460029999999605e-01 1.054080247879028320e+00
7.271836830000000251e-01 9.622261524200439453e-01
7.300214200000000320e-01 9.045951962471008301e-01
7.328592130000000093e-01 9.211565256118774414e-01
7.356970619999999572e-01 9.181780219078063965e-01
7.385349669999999866e-01 8.967839479446411133e-01
7.413729289999999583e-01 8.973295092582702637e-01
7.442109470000000115e-01 9.164861440658569336e-01
7.470490210000000353e-01 9.092959761619567871e-01
7.498871510000000296e-01 8.962420225143432617e-01
7.527253379999999661e-01 8.863855600357055664e-01
7.555635800000000124e-01 8.797020912170410156e-01
7.584018790000000010e-01 7.199738025665283203e-01
7.612402350000000428e-01 3.366279900074005127e-01
7.640786459999999725e-01 4.153695106506347656e-01
7.669171139999999554e-01 6.565867066383361816e-01
7.697556380000000198e-01 8.112538456916809082e-01
7.725942180000000548e-01 8.432387709617614746e-01
7.754328539999999492e-01 8.461704254150390625e-01
7.782715470000000080e-01 8.471878767013549805e-01
7.811102960000000373e-01 8.555233478546142578e-01
7.839491010000000371e-01 8.556321263313293457e-01
7.867879620000000074e-01 8.451132178306579590e-01
7.896268800000000310e-01 8.155772686004638672e-01
7.924658540000000251e-01 8.163892626762390137e-01
7.953048839999999897e-01 8.264691233634948730e-01
7.981439700000000359e-01 8.362574577331542969e-01
8.009831130000000243e-01 8.330859541893005371e-01
8.038223119999999833e-01 8.345258831977844238e-01
8.066615670000000238e-01 8.506430983543395996e-01
8.095008780000000348e-01 8.128029108047485352e-01
8.123402459999999881e-01 7.266653180122375488e-01
8.151796700000000229e-01 5.949527621269226074e-01
8.180191500000000282e-01 5.622602105140686035e-01
8.208586860000000041e-01 5.995637774467468262e-01
8.236982790000000332e-01 5.530914068222045898e-01
8.265379269999999501e-01 5.749785900115966797e-01
8.293776320000000313e-01 5.146574378013610840e-01
8.322173940000000547e-01 4.880256354808807373e-01
8.350572109999999659e-01 4.991864264011383057e-01
8.378970850000000414e-01 5.062286853790283203e-01
8.407370149999999764e-01 5.124434232711791992e-01
8.435770009999999930e-01 5.051782727241516113e-01
8.464170429999999801e-01 4.984754025936126709e-01
8.492571420000000204e-01 4.751354157924652100e-01
8.520972970000000313e-01 4.565926194190979004e-01
8.549375080000000127e-01 4.336877167224884033e-01
8.577777749999999646e-01 4.599133729934692383e-01
8.606180989999999698e-01 4.513173699378967285e-01
8.634584789999999455e-01 4.434670209884643555e-01
8.662989150000000027e-01 4.110226035118103027e-01
8.691394070000000305e-01 4.186420142650604248e-01
8.719799560000000005e-01 4.153269827365875244e-01
8.748205610000000521e-01 4.032170176506042480e-01
8.776612219999999631e-01 3.924894928932189941e-01
8.805019389999999557e-01 3.797893226146697998e-01
8.833427130000000016e-01 3.745159506797790527e-01
8.861835430000000180e-01 3.598963022232055664e-01
8.890244290000000049e-01 3.525382876396179199e-01
8.918653709999999624e-01 3.324739038944244385e-01
8.947063699999999731e-01 2.808868288993835449e-01
8.975474239999999826e-01 2.248073220252990723e-01
9.003885350000000454e-01 2.018153518438339233e-01
9.032297030000000504e-01 2.316651344299316406e-01
9.060709260000000542e-01 2.289299964904785156e-01
9.089122060000000003e-01 1.874725669622421265e-01
9.117535420000000279e-01 1.856450289487838745e-01
9.145949340000000261e-01 1.703762710094451904e-01
9.174363819999999947e-01 1.744687259197235107e-01
9.202778870000000166e-01 1.980359256267547607e-01
9.231194480000000091e-01 1.865650564432144165e-01
9.259610649999999721e-01 1.659703403711318970e-01
9.288027380000000166e-01 1.212365776300430298e-01
9.316444680000000034e-01 6.385192275047302246e-02
9.344862539999999607e-01 3.624185174703598022e-02
9.373280959999999995e-01 4.049463197588920593e-02
9.401699940000000089e-01 6.333346664905548096e-02
9.430119489999999605e-01 5.601852759718894958e-02
9.458539599999999936e-01 5.031371489167213440e-02
9.486960269999999973e-01 5.378415435552597046e-02
9.515381499999999715e-01 5.149140581488609314e-02
9.543803299999999989e-01 5.200623720884323120e-02
9.572225659999999969e-01 6.132144108414649963e-02
9.600648579999999654e-01 6.136049702763557434e-02
9.629072060000000155e-01 6.842090934514999390e-02
9.657496110000000078e-01 7.787278294563293457e-02
9.685920709999999989e-01 1.012512743473052979e-01
9.714345880000000433e-01 1.076813787221908569e-01
9.742771620000000299e-01 9.688035398721694946e-02
9.771197910000000153e-01 1.003079861402511597e-01
9.799624770000000540e-01 1.096360385417938232e-01
9.828052189999999522e-01 1.145539432764053345e-01
9.856480170000000429e-01 1.260006725788116455e-01
9.884908709999999932e-01 1.262261569499969482e-01
9.913337819999999967e-01 1.320182830095291138e-01
9.941767489999999707e-01 1.294551193714141846e-01
9.970197720000000263e-01 1.336846947669982910e-01
9.998628510000000524e-01 1.331787854433059692e-01
1.002705986999999910e+00 1.328704357147216797e-01
1.005549178999999960e+00 1.328732371330261230e-01
1.008392426999999980e+00 1.324674785137176514e-01
1.011235730999999971e+00 1.352040320634841919e-01
1.014079092000000015e+00 1.365465074777603149e-01
1.016922509000000030e+00 1.347973793745040894e-01
1.019765982000000015e+00 1.385636180639266968e-01
1.022609510999999971e+00 1.292329579591751099e-01
1.025453096999999980e+00 1.432837843894958496e-01
1.028296738999999960e+00 1.415735483169555664e-01
1.031140436999999910e+00 1.373908817768096924e-01
1.033984191000000052e+00 1.419806778430938721e-01
1.036828002000000026e+00 1.338246762752532959e-01
1.039671868000000110e+00 1.392502933740615845e-01
1.042515791000000025e+00 1.350759565830230713e-01
1.045359770999999993e+00 1.573658287525177002e-01
