3.615872339999999796e-01 1.318641066551208496e+00
3.644177160000000026e-01 1.429152488708496094e+00
3.672482539999999962e-01 1.574205398559570312e+00
3.700788480000000158e-01 1.578413248062133789e+00
3.729094980000000059e-01 1.447859406471252441e+00
3.757402049999999938e-01 1.510721206665039062e+00
3.785709680000000077e-01 1.639679670333862305e+00
3.814017869999999921e-01 1.458009839057922363e+00
3.842326620000000026e-01 1.325815439224243164e+00
3.870635940000000108e-01 1.468785405158996582e+00
3.898945819999999896e-01 1.629209160804748535e+00
3.927256259999999943e-01 1.406530976295471191e+00
3.955567260000000251e-01 1.453230261802673340e+00
3.983878829999999982e-01 1.856487393379211426e+00
4.012190950000000256e-01 2.274033546447753906e+00
4.040503639999999952e-01 2.270854711532592773e+00
4.068816900000000181e-01 2.264262199401855469e+00
4.097130709999999842e-01 2.296781301498413086e+00
4.125445090000000037e-01 2.385550498962402344e+00
4.153760029999999936e-01 2.424052715301513672e+00
4.182075530000000096e-01 2.330458879470825195e+00
4.210391589999999962e-01 2.354060888290405273e+00
4.238708219999999804e-01 2.328145503997802734e+00
4.267025409999999908e-01 2.265433549880981445e+00
4.295343160000000271e-01 2.071588993072509766e+00
4.323661469999999785e-01 2.181337833404541016e+00
4.351980349999999831e-01 2.387022733688354492e+00
4.380299790000000137e-01 2.421510219573974609e+00
4.408619790000000149e-01 2.499534368515014648e+00
4.436940349999999866e-01 2.638206243515014648e+00
4.465261480000000116e-01 2.679365873336791992e+00
4.493583170000000071e-01 2.831219434738159180e+00
4.521905419999999731e-01 2.841616630554199219e+00
4.550228230000000207e-01 2.815040111541748047e+00
4.578551610000000105e-01 2.864480018615722656e+00
4.606875550000000263e-01 2.891183614730834961e+00
4.635200050000000127e-01 2.919301986694335938e+00
4.663525110000000251e-01 2.856087923049926758e+00
4.691850739999999798e-01 2.859681367874145508e+00
4.720176919999999887e-01 2.889285564422607422e+00
4.748503669999999954e-01 2.936668634414672852e+00
4.776830989999999999e-01 2.972372770309448242e+00
4.805158860000000032e-01 3.027101516723632812e+00
4.833487300000000042e-01 3.004730701446533203e+00
4.861816299999999758e-01 2.769992113113403320e+00
4.890145859999999733e-01 2.897801399230957031e+00
4.918475979999999970e-01 2.963342666625976562e+00
4.946806670000000183e-01 3.022778749465942383e+00
4.975137920000000102e-01 3.053924322128295898e+00
5.003469729999999727e-01 2.968069076538085938e+00
5.031802100000000166e-01 2.942569494247436523e+00
5.060135040000000028e-01 3.042511940002441406e+00
5.088468539999999596e-01 3.058666706085205078e+00
5.116802599999999979e-01 3.079143762588500977e+00
5.145137220000000067e-01 3.024730443954467773e+00
5.173472409999999577e-01 2.861072540283203125e+00
5.201808159999999903e-01 2.992851257324218750e+00
5.230144469999999934e-01 3.122584104537963867e+00
5.258481339999999671e-01 3.130073785781860352e+00
5.286818779999999940e-01 3.162195444107055664e+00
5.315156779999999914e-01 3.275062561035156250e+00
5.343495339999999594e-01 3.253516435623168945e+00
5.371834460000000089e-01 3.303008794784545898e+00
5.400174150000000006e-01 3.247071266174316406e+00
5.428514389999999912e-01 3.262290239334106445e+00
5.456855200000000350e-01 3.326726913452148438e+00
5.485196580000000210e-01 3.339813232421875000e+00
5.513538510000000059e-01 3.373936176300048828e+00
5.541881010000000440e-01 3.397696495056152344e+00
5.570224070000000527e-01 3.365440845489501953e+00
5.598567690000000319e-01 3.319627761840820312e+00
5.626911869999999816e-01 3.369609832763671875e+00
5.655256619999999845e-01 3.366393566131591797e+00
5.683601929999999580e-01 3.326271295547485352e+00
5.711947800000000131e-01 3.292197942733764648e+00
5.740294230000000386e-01 3.345676898956298828e+00
5.768641230000000064e-01 3.315307617187500000e+00
5.796988789999999447e-01 3.323287725448608398e+00
5.825336909999999646e-01 3.400890588760375977e+00
5.853685589999999550e-01 3.347896099090576172e+00
5.882034839999999987e-01 3.144294023513793945e+00
5.910384650000000129e-01 3.001369476318359375e+00
5.938735019999999976e-01 3.057463407516479492e+00
5.967085949999999528e-01 3.041264057159423828e+00
5.995437449999999613e-01 3.010273218154907227e+00
6.023789510000000513e-01 2.964956045150756836e+00
6.052142130000000009e-01 2.973698854446411133e+00
6.080495310000000320e-01 2.929425477981567383e+00
6.108849060000000053e-01 2.838353633880615234e+00
6.137203359999999774e-01 2.768305778503417969e+00
6.165558230000000028e-01 2.736408472061157227e+00
6.193913669999999705e-01 2.802062988281250000e+00
6.222269660000000480e-01 2.791226625442504883e+00
6.250626219999999567e-01 2.718572378158569336e+00
6.278983339999999469e-01 2.652211666107177734e+00
6.307341020000000187e-01 2.636112213134765625e+00
6.335699259999999500e-01 2.660784244537353516e+00
6.364058070000000455e-01 2.691023588180541992e+00
6.392417440000000006e-01 2.692689180374145508e+00
6.420777370000000372e-01 2.665067434310913086e+00
6.449137860000000444e-01 2.639410734176635742e+00
6.477498919999999938e-01 2.513897418975830078e+00
6.505860540000000247e-01 2.498864412307739258e+00
6.534222720000000262e-01 2.496571302413940430e+00
6.562585459999999982e-01 2.288753271102905273e+00
6.590948770000000234e-01 2.394075155258178711e+00
6.619312640000000192e-01 2.460878133773803711e+00
6.647677069999999855e-01 2.431926012039184570e+00
6.676042060000000333e-01 2.415590286254882812e+00
6.704407620000000234e-01 2.385132551193237305e+00
6.732773739999999840e-01 2.360357522964477539e+00
6.761140420000000262e-01 2.352512359619140625e+00
6.789507660000000389e-01 2.332881450653076172e+00
6.817875469999999938e-01 2.306514739990234375e+00
6.846243829999999475e-01 2.220980644226074219e+00
6.874612759999999545e-01 1.859193325042724609e+00
6.902982260000000148e-01 1.887492060661315918e+00
6.931352309999999628e-01 1.922091126441955566e+00
6.959722929999999641e-01 1.942748665809631348e+00
6.988094110000000470e-01 1.914030909538269043e+00
7.016465849999999893e-01 1.818136930465698242e+00
7.044838150000000132e-01 1.812295913696289062e+00
7.073211019999999793e-01 1.770822644233703613e+00
7.101584450000000270e-01 1.713706374168395996e+00
7.129958440000000452e-01 1.609941124916076660e+00
7.158332990000000340e-01 1.366625428199768066e+00
7.186708109999999650e-01 9.902939200401306152e-01
7.215083789999999775e-01 1.017519950866699219e+00
7.243460029999999605e-01 9.316338300704956055e-01
7.271836830000000251e-01 8.467091321945190430e-01
7.300214200000000320e-01 7.951332926750183105e-01
7.328592130000000093e-01 8.088472485542297363e-01
7.356970619999999572e-01 8.100634813308715820e-01
7.385349669999999866e-01 7.872885465621948242e-01
7.413729289999999583e-01 7.869035601615905762e-01
7.442109470000000115e-01 7.984485626220703125e-01
7.470490210000000353e-01 8.025601506233215332e-01
7.498871510000000296e-01 7.870030999183654785e-01
7.527253379999999661e-01 7.783657908439636230e-01
7.555635800000000124e-01 7.730942964553833008e-01
7.584018790000000010e-01 6.408302187919616699e-01
7.612402350000000428e-01 2.960676252841949463e-01
7.640786459999999725e-01 3.594261109828948975e-01
7.669171139999999554e-01 5.786418914794921875e-01
7.697556380000000198e-01 7.084383964538574219e-01
7.725942180000000548e-01 7.370510101318359375e-01
7.754328539999999492e-01 7.384061217308044434e-01
7.782715470000000080e-01 7.403669357299804688e-01
7.811102960000000373e-01 7.458391785621643066e-01
7.839491010000000371e-01 7.399545907974243164e-01
7.867879620000000074e-01 7.297831177711486816e-01
7.896268800000000310e-01 7.083199620246887207e-01
7.924658540000000251e-01 7.152805924415588379e-01
7.953048839999999897e-01 7.111263275146484375e-01
7.981439700000000359e-01 7.306852340698242188e-01
8.009831130000000243e-01 7.180957794189453125e-01
8.038223119999999833e-01 7.190979719161987305e-01
8.066615670000000238e-01 7.353294491767883301e-01
8.095008780000000348e-01 7.085860967636108398e-01
8.123402459999999881e-01 6.321737766265869141e-01
8.151796700000000229e-01 5.135191082954406738e-01
8.180191500000000282e-01 4.934706389904022217e-01
8.208586860000000041e-01 5.316526293754577637e-01
8.236982790000000332e-01 4.799222052097320557e-01
8.265379269999999501e-01 5.022883415222167969e-01
8.293776320000000313e-01 4.477151334285736084e-01
8.322173940000000547e-01 4.292481541633605957e-01
8.350572109999999659e-01 4.320105314254760742e-01
8.378970850000000414e-01 4.401168525218963623e-01
8.407370149999999764e-01 4.491744339466094971e-01
8.435770009999999930e-01 4.455766677856445312e-01
8.464170429999999801e-01 4.376403093338012695e-01
8.492571420000000204e-01 4.199196696281433105e-01
8.520972970000000313e-01 4.042718410491943359e-01
8.549375080000000127e-01 3.832129240036010742e-01
8.577777749999999646e-01 4.043094217777252197e-01
8.606180989999999698e-01 4.000509679317474365e-01
8.634584789999999455e-01 3.962018489837646484e-01
8.662989150000000027e-01 3.625986874103546143e-01
8.691394070000000305e-01 3.733782768249511719e-01
8.719799560000000005e-01 3.665110766887664795e-01
8.748205610000000521e-01 3.528585731983184814e-01
8.776612219999999631e-01 3.529892265796661377e-01
8.805019389999999557e-01 3.365792036056518555e-01
8.833427130000000016e-01 3.329732716083526611e-01
8.861835430000000180e-01 3.254892826080322266e-01
8.890244290000000049e-01 3.129854202270507812e-01
8.918653709999999624e-01 2.976260185241699219e-01
8.947063699999999731e-01 2.549368143081665039e-01
8.975474239999999826e-01 1.991658806800842285e-01
9.003885350000000454e-01 1.814492791891098022e-01
9.032297030000000504e-01 2.091677337884902954e-01
9.060709260000000542e-01 2.110315412282943726e-01
9.089122060000000003e-01 1.706598401069641113e-01
9.117535420000000279e-01 1.719879060983657837e-01
9.145949340000000261e-01 1.553761959075927734e-01
9.174363819999999947e-01 1.547452807426452637e-01
9.202778870000000166e-01 1.856363415718078613e-01
9.231194480000000091e-01 1.743095517158508301e-01
9.259610649999999721e-01 1.592004597187042236e-01
9.288027380000000166e-01 1.164749488234519958e-01
9.316444680000000034e-01 6.395841389894485474e-02
9.344862539999999607e-01 3.801910206675529480e-02
9.373280959999999995e-01 4.710890725255012512e-02
9.401699940000000089e-01 6.220064312219619751e-02
9.430119489999999605e-01 5.364735051989555359e-02
9.458539599999999936e-01 4.715066030621528625e-02
9.486960269999999973e-01 5.093192309141159058e-02
9.515381499999999715e-01 5.240220949053764343e-02
9.543803299999999989e-01 5.653860047459602356e-02
9.572225659999999969e-01 5.839303508400917053e-02
9.600648579999999654e-01 6.135107949376106262e-02
9.629072060000000155e-01 6.812743842601776123e-02
9.657496110000000078e-01 8.168200403451919556e-02
9.685920709999999989e-01 1.010321080684661865e-01
9.714345880000000433e-01 1.106243282556533813e-01
9.742771620000000299e-01 9.741213172674179077e-02
9.771197910000000153e-01 1.023835167288780212e-01
9.799624770000000540e-01 1.072902828454971313e-01
9.828052189999999522e-01 1.188976615667343140e-01
9.856480170000000429e-01 1.297647207975387573e-01
9.884908709999999932e-01 1.309563368558883667e-01
9.913337819999999967e-01 1.331336349248886108e-01
9.941767489999999707e-01 1.334597915410995483e-01
9.970197720000000263e-01 1.329418420791625977e-01
9.998628510000000524e-01 1.319349706172943115e-01
1.002705986999999910e+00 1.314453780651092529e-01
1.005549178999999960e+00 1.294205039739608765e-01
1.008392426999999980e+00 1.299321055412292480e-01
1.011235730999999971e+00 1.326532363891601562e-01
1.014079092000000015e+00 1.412054747343063354e-01
1.016922509000000030e+00 1.313948333263397217e-01
1.019765982000000015e+00 1.337389051914215088e-01
1.022609510999999971e+00 1.384094059467315674e-01
1.025453096999999980e+00 1.301970481872558594e-01
1.028296738999999960e+00 1.367400437593460083e-01
1.031140436999999910e+00 1.396669894456863403e-01
1.033984191000000052e+00 1.420981287956237793e-01
1.036828002000000026e+00 1.361352801322937012e-01
1.039671868000000110e+00 1.333867758512496948e-01
1.042515791000000025e+00 1.356798559427261353e-01
1.045359770999999993e+00 1.320542842149734497e-01
