3.615872339999999796e-01 1.319986343383789062e+00
3.644177160000000026e-01 1.461960315704345703e+00
3.672482539999999962e-01 1.548451900482177734e+00
3.700788480000000158e-01 1.547556161880493164e+00
3.729094980000000059e-01 1.394499301910400391e+00
3.757402049999999938e-01 1.492566823959350586e+00
3.785709680000000077e-01 1.621174097061157227e+00
3.814017869999999921e-01 1.426515698432922363e+00
3.842326620000000026e-01 1.290019392967224121e+00
3.870635940000000108e-01 1.434252023696899414e+00
3.898945819999999896e-01 1.611896038055419922e+00
3.927256259999999943e-01 1.407445430755615234e+00
3.955567260000000251e-01 1.447635412216186523e+00
3.983878829999999982e-01 1.797031044960021973e+00
4.012190950000000256e-01 2.264238119125366211e+00
4.040503639999999952e-01 2.223572969436645508e+00
4.068816900000000181e-01 2.194200992584228516e+00
4.097130709999999842e-01 2.241360902786254883e+00
4.125445090000000037e-01 2.318991422653198242e+00
4.153760029999999936e-01 2.357378244400024414e+00
4.182075530000000096e-01 2.320193052291870117e+00
4.210391589999999962e-01 2.314239740371704102e+00
4.238708219999999804e-01 2.283915996551513672e+00
4.267025409999999908e-01 2.231002092361450195e+00
4.295343160000000271e-01 2.021063089370727539e+00
4.323661469999999785e-01 2.135162115097045898e+00
4.351980349999999831e-01 2.327030658721923828e+00
4.380299790000000137e-01 2.356899499893188477e+00
4.408619790000000149e-01 2.450096130371093750e+00
4.436940349999999866e-01 2.578799724578857422e+00
4.465261480000000116e-01 2.594560384750366211e+00
4.493583170000000071e-01 2.750633478164672852e+00
4.521905419999999731e-01 2.772845745086669922e+00
4.550228230000000207e-01 2.735828876495361328e+00
4.578551610000000105e-01 2.802130699157714844e+00
4.606875550000000263e-01 2.815954208374023438e+00
4.635200050000000127e-01 2.836837768554687500e+00
4.663525110000000251e-01 2.784386157989501953e+00
4.691850739999999798e-01 2.782606601715087891e+00
4.720176919999999887e-01 2.820904493331909180e+00
4.748503669999999954e-01 2.857978820800781250e+00
4.776830989999999999e-01 2.889408826828002930e+00
4.805158860000000032e-01 2.944567918777465820e+00
4.833487300000000042e-01 2.914268255233764648e+00
4.861816299999999758e-01 2.701884746551513672e+00
4.890145859999999733e-01 2.805600881576538086e+00
4.918475979999999970e-01 2.880966424942016602e+00
4.946806670000000183e-01 2.951975107192993164e+00
4.975137920000000102e-01 2.955647945404052734e+00
5.003469729999999727e-01 2.877509593963623047e+00
5.031802100000000166e-01 2.867300271987915039e+00
5.060135040000000028e-01 2.951459169387817383e+00
5.088468539999999596e-01 2.956584215164184570e+00
5.116802599999999979e-01 2.992343425750732422e+00
5.145137220000000067e-01 2.924265623092651367e+00
5.173472409999999577e-01 2.765866041183471680e+00
5.201808159999999903e-01 2.897450923919677734e+00
5.230144469999999934e-01 3.028132677078247070e+00
5.258481339999999671e-01 3.026047706604003906e+00
5.286818779999999940e-01 3.064401626586914062e+00
5.315156779999999914e-01 3.164979696273803711e+00
5.343495339999999594e-01 3.143132448196411133e+00
5.371834460000000089e-01 3.196696281433105469e+00
5.400174150000000006e-01 3.129102706909179688e+00
5.428514389999999912e-01 3.160636186599731445e+00
5.456855200000000350e-01 3.210484504699707031e+00
5.485196580000000210e-01 3.220366954803466797e+00
5.513538510000000059e-01 3.249112129211425781e+00
5.541881010000000440e-01 3.271488189697265625e+00
5.570224070000000527e-01 3.249716758728027344e+00
5.598567690000000319e-01 3.202129364013671875e+00
5.626911869999999816e-01 3.238496065139770508e+00
5.655256619999999845e-01 3.237251281738281250e+00
5.683601929999999580e-01 3.222099781036376953e+00
5.711947800000000131e-01 3.181141614913940430e+00
5.740294230000000386e-01 3.219175338745117188e+00
5.768641230000000064e-01 3.182122945785522461e+00
5.796988789999999447e-01 3.204678297042846680e+00
5.825336909999999646e-01 3.268298625946044922e+00
5.853685589999999550e-01 3.223229885101318359e+00
5.882034839999999987e-01 3.006503105163574219e+00
5.910384650000000129e-01 2.872518301010131836e+00
5.938735019999999976e-01 2.913969993591308594e+00
5.967085949999999528e-01 2.888717174530029297e+00
5.995437449999999613e-01 2.851164340972900391e+00
6.023789510000000513e-01 2.802908420562744141e+00
6.052142130000000009e-01 2.817156791687011719e+00
6.080495310000000320e-01 2.766013622283935547e+00
6.108849060000000053e-01 2.674708366394042969e+00
6.137203359999999774e-01 2.611286640167236328e+00
6.165558230000000028e-01 2.577754974365234375e+00
6.193913669999999705e-01 2.637995004653930664e+00
6.222269660000000480e-01 2.628393650054931641e+00
6.250626219999999567e-01 2.545946836471557617e+00
6.278983339999999469e-01 2.493109464645385742e+00
6.307341020000000187e-01 2.477556705474853516e+00
6.335699259999999500e-01 2.491752624511718750e+00
6.364058070000000455e-01 2.518816471099853516e+00
6.392417440000000006e-01 2.519625425338745117e+00
6.420777370000000372e-01 2.499036550521850586e+00
6.449137860000000444e-01 2.459244489669799805e+00
6.477498919999999938e-01 2.345953702926635742e+00
6.505860540000000247e-01 2.330529928207397461e+00
6.534222720000000262e-01 2.319603919982910156e+00
6.562585459999999982e-01 2.132428407669067383e+00
6.590948770000000234e-01 2.225546121597290039e+00
6.619312640000000192e-01 2.276183605194091797e+00
6.647677069999999855e-01 2.262751817703247070e+00
6.676042060000000333e-01 2.237052440643310547e+00
6.704407620000000234e-01 2.223566532135009766e+00
6.732773739999999840e-01 2.192245483398437500e+00
6.761140420000000262e-01 2.179538488388061523e+00
6.789507660000000389e-01 2.160966396331787109e+00
6.817875469999999938e-01 2.136733770370483398e+00
6.846243829999999475e-01 2.050787210464477539e+00
6.874612759999999545e-01 1.722043275833129883e+00
6.902982260000000148e-01 1.729237198829650879e+00
6.931352309999999628e-01 1.763718962669372559e+00
6.959722929999999641e-01 1.757794022560119629e+00
6.988094110000000470e-01 1.743260264396667480e+00
7.016465849999999893e-01 1.640260219573974609e+00
7.044838150000000132e-01 1.634312629699707031e+00
7.073211019999999793e-01 1.590233325958251953e+00
7.101584450000000270e-01 1.527079701423645020e+00
7.129958440000000452e-01 1.429614424705505371e+00
7.158332990000000340e-01 1.202872514724731445e+00
7.186708109999999650e-01 8.754950165748596191e-01
7.215083789999999775e-01 8.894370198249816895e-01
7.243460029999999605e-01 8.179076910018920898e-01
7.271836830000000251e-01 7.359310984611511230e-01
7.300214200000000320e-01 6.928430795669555664e-01
7.328592130000000093e-01 6.979154348373413086e-01
7.356970619999999572e-01 6.918457746505737305e-01
7.385349669999999866e-01 6.820868253707885742e-01
7.413729289999999583e-01 6.816699504852294922e-01
7.442109470000000115e-01 6.848766803741455078e-01
7.470490210000000353e-01 6.896935105323791504e-01
7.498871510000000296e-01 6.765673756599426270e-01
7.527253379999999661e-01 6.676658391952514648e-01
7.555635800000000124e-01 6.575567126274108887e-01
7.584018790000000010e-01 5.401245355606079102e-01
7.612402350000000428e-01 2.549394071102142334e-01
7.640786459999999725e-01 3.113077878952026367e-01
7.669171139999999554e-01 4.940173625946044922e-01
7.697556380000000198e-01 5.969603657722473145e-01
7.725942180000000548e-01 6.227476596832275391e-01
7.754328539999999492e-01 6.255926489830017090e-01
7.782715470000000080e-01 6.302333474159240723e-01
7.811102960000000373e-01 6.263823509216308594e-01
7.839491010000000371e-01 6.266297101974487305e-01
7.867879620000000074e-01 6.177121996879577637e-01
7.896268800000000310e-01 5.993893146514892578e-01
7.924658540000000251e-01 6.021729707717895508e-01
7.953048839999999897e-01 6.056687235832214355e-01
7.981439700000000359e-01 6.098390817642211914e-01
8.009831130000000243e-01 6.045773029327392578e-01
8.038223119999999833e-01 6.058872342109680176e-01
8.066615670000000238e-01 6.207687258720397949e-01
8.095008780000000348e-01 5.893949866294860840e-01
8.123402459999999881e-01 5.316159129142761230e-01
8.151796700000000229e-01 4.369340240955352783e-01
8.180191500000000282e-01 4.140478670597076416e-01
8.208586860000000041e-01 4.422484338283538818e-01
8.236982790000000332e-01 4.068886935710906982e-01
8.265379269999999501e-01 4.205077886581420898e-01
8.293776320000000313e-01 3.766463100910186768e-01
8.322173940000000547e-01 3.650023341178894043e-01
8.350572109999999659e-01 3.681902289390563965e-01
8.378970850000000414e-01 3.778444528579711914e-01
8.407370149999999764e-01 3.792201876640319824e-01
8.435770009999999930e-01 3.760507702827453613e-01
8.464170429999999801e-01 3.686062097549438477e-01
8.492571420000000204e-01 3.577651977539062500e-01
8.520972970000000313e-01 3.418165743350982666e-01
8.549375080000000127e-01 3.230240941047668457e-01
8.577777749999999646e-01 3.423801660537719727e-01
8.606180989999999698e-01 3.363669514656066895e-01
8.634584789999999455e-01 3.293698132038116455e-01
8.662989150000000027e-01 3.018608987331390381e-01
8.691394070000000305e-01 3.155020773410797119e-01
8.719799560000000005e-01 3.083441555500030518e-01
8.748205610000000521e-01 2.982025742530822754e-01
8.776612219999999631e-01 2.928751409053802490e-01
8.805019389999999557e-01 2.840814590454101562e-01
8.833427130000000016e-01 2.814309895038604736e-01
8.861835430000000180e-01 2.723805010318756104e-01
8.890244290000000049e-01 2.679483592510223389e-01
8.918653709999999624e-01 2.521750330924987793e-01
8.947063699999999731e-01 2.125924974679946899e-01
8.975474239999999826e-01 1.700599640607833862e-01
9.003885350000000454e-01 1.538417637348175049e-01
9.032297030000000504e-01 1.778841316699981689e-01
9.060709260000000542e-01 1.751028001308441162e-01
9.089122060000000003e-01 1.404933482408523560e-01
9.117535420000000279e-01 1.453845202922821045e-01
9.145949340000000261e-01 1.310527771711349487e-01
9.174363819999999947e-01 1.344635635614395142e-01
9.202778870000000166e-01 1.541967242956161499e-01
9.231194480000000091e-01 1.464772224426269531e-01
9.259610649999999721e-01 1.316673159599304199e-01
9.288027380000000166e-01 9.748497605323791504e-02
9.316444680000000034e-01 5.246451497077941895e-02
9.344862539999999607e-01 3.153182938694953918e-02
9.373280959999999995e-01 3.450424224138259888e-02
9.401699940000000089e-01 5.144558101892471313e-02
9.430119489999999605e-01 4.448167607188224792e-02
9.458539599999999936e-01 3.948447480797767639e-02
9.486960269999999973e-01 4.640299826860427856e-02
9.515381499999999715e-01 4.588589444756507874e-02
9.543803299999999989e-01 4.686259850859642029e-02
9.572225659999999969e-01 5.302826315164566040e-02
9.600648579999999654e-01 5.067101866006851196e-02
9.629072060000000155e-01 5.722417682409286499e-02
9.657496110000000078e-01 6.684584915637969971e-02
9.685920709999999989e-01 9.344901889562606812e-02
9.714345880000000433e-01 9.229572117328643799e-02
9.742771620000000299e-01 8.537438511848449707e-02
9.771197910000000153e-01 8.299574255943298340e-02
9.799624770000000540e-01 8.856498450040817261e-02
9.828052189999999522e-01 1.027236208319664001e-01
9.856480170000000429e-01 1.069975271821022034e-01
9.884908709999999932e-01 1.138700768351554871e-01
9.913337819999999967e-01 1.130963787436485291e-01
9.941767489999999707e-01 1.171394363045692444e-01
9.970197720000000263e-01 1.135876253247261047e-01
9.998628510000000524e-01 1.149403750896453857e-01
1.002705986999999910e+00 1.093805655837059021e-01
1.005549178999999960e+00 1.090032532811164856e-01
1.008392426999999980e+00 1.066507920622825623e-01
1.011235730999999971e+00 1.108513697981834412e-01
1.014079092000000015e+00 1.127129420638084412e-01
1.016922509000000030e+00 1.073631793260574341e-01
1.019765982000000015e+00 1.121315211057662964e-01
1.022609510999999971e+00 1.074413731694221497e-01
1.025453096999999980e+00 1.124430224299430847e-01
1.028296738999999960e+00 1.137321665883064270e-01
1.031140436999999910e+00 1.100121960043907166e-01
1.033984191000000052e+00 1.214335784316062927e-01
1.036828002000000026e+00 1.081251949071884155e-01
1.039671868000000110e+00 1.104272305965423584e-01
1.042515791000000025e+00 1.019589900970458984e-01
1.045359770999999993e+00 1.193059161305427551e-01
