3.615872339999999796e-01 1.292118072509765625e+00
3.644177160000000026e-01 1.512027859687805176e+00
3.672482539999999962e-01 1.592129230499267578e+00
3.700788480000000158e-01 1.587792038917541504e+00
3.729094980000000059e-01 1.427002191543579102e+00
3.757402049999999938e-01 1.524690151214599609e+00
3.785709680000000077e-01 1.648759126663208008e+00
3.814017869999999921e-01 1.449251532554626465e+00
3.842326620000000026e-01 1.330193281173706055e+00
3.870635940000000108e-01 1.460036516189575195e+00
3.898945819999999896e-01 1.643662929534912109e+00
3.927256259999999943e-01 1.444401144981384277e+00
3.955567260000000251e-01 1.490393280982971191e+00
3.983878829999999982e-01 1.870415091514587402e+00
4.012190950000000256e-01 2.287088871002197266e+00
4.040503639999999952e-01 2.276450872421264648e+00
4.068816900000000181e-01 2.247809648513793945e+00
4.097130709999999842e-01 2.293445110321044922e+00
4.125445090000000037e-01 2.391686677932739258e+00
4.153760029999999936e-01 2.400788307189941406e+00
4.182075530000000096e-01 2.360306739807128906e+00
4.210391589999999962e-01 2.371418237686157227e+00
4.238708219999999804e-01 2.317782402038574219e+00
4.267025409999999908e-01 2.264299631118774414e+00
4.295343160000000271e-01 2.064729928970336914e+00
4.323661469999999785e-01 2.198028326034545898e+00
4.351980349999999831e-01 2.398730993270874023e+00
4.380299790000000137e-01 2.406831741333007812e+00
4.408619790000000149e-01 2.495636940002441406e+00
4.436940349999999866e-01 2.642201423645019531e+00
4.465261480000000116e-01 2.673354625701904297e+00
4.493583170000000071e-01 2.824447631835937500e+00
4.521905419999999731e-01 2.849852800369262695e+00
4.550228230000000207e-01 2.827283382415771484e+00
4.578551610000000105e-01 2.879989147186279297e+00
4.606875550000000263e-01 2.900660276412963867e+00
4.635200050000000127e-01 2.912370920181274414e+00
4.663525110000000251e-01 2.861023902893066406e+00
4.691850739999999798e-01 2.859495401382446289e+00
4.720176919999999887e-01 2.892828941345214844e+00
4.748503669999999954e-01 2.950734853744506836e+00
4.776830989999999999e-01 2.972194671630859375e+00
4.805158860000000032e-01 3.037543535232543945e+00
4.833487300000000042e-01 3.030815839767456055e+00
4.861816299999999758e-01 2.775500297546386719e+00
4.890145859999999733e-01 2.896936178207397461e+00
4.918475979999999970e-01 2.977570533752441406e+00
4.946806670000000183e-01 3.035309076309204102e+00
4.975137920000000102e-01 3.054910898208618164e+00
5.003469729999999727e-01 2.978587627410888672e+00
5.031802100000000166e-01 2.953026294708251953e+00
5.060135040000000028e-01 3.044994354248046875e+00
5.088468539999999596e-01 3.069665193557739258e+00
5.116802599999999979e-01 3.089025259017944336e+00
5.145137220000000067e-01 3.029464244842529297e+00
5.173472409999999577e-01 2.863864660263061523e+00
5.201808159999999903e-01 2.993491649627685547e+00
5.230144469999999934e-01 3.136404991149902344e+00
5.258481339999999671e-01 3.148308753967285156e+00
5.286818779999999940e-01 3.173660755157470703e+00
5.315156779999999914e-01 3.281268119812011719e+00
5.343495339999999594e-01 3.276031970977783203e+00
5.371834460000000089e-01 3.313555002212524414e+00
5.400174150000000006e-01 3.268670797348022461e+00
5.428514389999999912e-01 3.281821012496948242e+00
5.456855200000000350e-01 3.335842609405517578e+00
5.485196580000000210e-01 3.353640556335449219e+00
5.513538510000000059e-01 3.383462667465209961e+00
5.541881010000000440e-01 3.409001350402832031e+00
5.570224070000000527e-01 3.377685546875000000e+00
5.598567690000000319e-01 3.326300621032714844e+00
5.626911869999999816e-01 3.386890888214111328e+00
5.655256619999999845e-01 3.368381023406982422e+00
5.683601929999999580e-01 3.338449239730834961e+00
5.711947800000000131e-01 3.299250364303588867e+00
5.740294230000000386e-01 3.353257417678833008e+00
5.768641230000000064e-01 3.321330547332763672e+00
5.796988789999999447e-01 3.337360858917236328e+00
5.825336909999999646e-01 3.403975248336791992e+00
5.853685589999999550e-01 3.360165119171142578e+00
5.882034839999999987e-01 3.139907121658325195e+00
5.910384650000000129e-01 2.994784832000732422e+00
5.938735019999999976e-01 3.049761772155761719e+00
5.967085949999999528e-01 3.035955429077148438e+00
5.995437449999999613e-01 2.988044738769531250e+00
6.023789510000000513e-01 2.953250408172607422e+00
6.052142130000000009e-01 2.947044134140014648e+00
6.080495310000000320e-01 2.913884162902832031e+00
6.108849060000000053e-01 2.786516427993774414e+00
6.137203359999999774e-01 2.716480970382690430e+00
6.165558230000000028e-01 2.705381155014038086e+00
6.193913669999999705e-01 2.775352478027343750e+00
6.222269660000000480e-01 2.769089698791503906e+00
6.250626219999999567e-01 2.686950922012329102e+00
6.278983339999999469e-01 2.618332386016845703e+00
6.307341020000000187e-01 2.600327730178833008e+00
6.335699259999999500e-01 2.632149219512939453e+00
6.364058070000000455e-01 2.659193992614746094e+00
6.392417440000000006e-01 2.665879011154174805e+00
6.420777370000000372e-01 2.635321855545043945e+00
6.449137860000000444e-01 2.598702430725097656e+00
6.477498919999999938e-01 2.476952314376831055e+00
6.505860540000000247e-01 2.457719087600708008e+00
6.534222720000000262e-01 2.456481933593750000e+00
6.562585459999999982e-01 2.256680011749267578e+00
6.590948770000000234e-01 2.351255416870117188e+00
6.619312640000000192e-01 2.399102687835693359e+00
6.647677069999999855e-01 2.385270118713378906e+00
6.676042060000000333e-01 2.357291936874389648e+00
6.704407620000000234e-01 2.329009056091308594e+00
6.732773739999999840e-01 2.306235551834106445e+00
6.761140420000000262e-01 2.288748741149902344e+00
6.789507660000000389e-01 2.279084682464599609e+00
6.817875469999999938e-01 2.241147518157958984e+00
6.846243829999999475e-01 2.172077178955078125e+00
6.874612759999999545e-01 1.824014425277709961e+00
6.902982260000000148e-01 1.840757369995117188e+00
6.931352309999999628e-01 1.880136013031005859e+00
6.959722929999999641e-01 1.886043906211853027e+00
6.988094110000000470e-01 1.871924042701721191e+00
7.016465849999999893e-01 1.765006780624389648e+00
7.044838150000000132e-01 1.757776975631713867e+00
7.073211019999999793e-01 1.724039793014526367e+00
7.101584450000000270e-01 1.656889796257019043e+00
7.129958440000000452e-01 1.553076028823852539e+00
7.158332990000000340e-01 1.308132886886596680e+00
7.186708109999999650e-01 9.519701004028320312e-01
7.215083789999999775e-01 9.676109552383422852e-01
7.243460029999999605e-01 8.798830509185791016e-01
7.271836830000000251e-01 8.046011328697204590e-01
7.300214200000000320e-01 7.512127757072448730e-01
7.328592130000000093e-01 7.663147449493408203e-01
7.356970619999999572e-01 7.615109682083129883e-01
7.385349669999999866e-01 7.449618577957153320e-01
7.413729289999999583e-01 7.415146827697753906e-01
7.442109470000000115e-01 7.586633563041687012e-01
7.470490210000000353e-01 7.528002858161926270e-01
7.498871510000000296e-01 7.436043024063110352e-01
7.527253379999999661e-01 7.324401140213012695e-01
7.555635800000000124e-01 7.215110659599304199e-01
7.584018790000000010e-01 5.928142070770263672e-01
7.612402350000000428e-01 2.785088121891021729e-01
7.640786459999999725e-01 3.373766839504241943e-01
7.669171139999999554e-01 5.399575233459472656e-01
7.697556380000000198e-01 6.575955152511596680e-01
7.725942180000000548e-01 6.800971627235412598e-01
7.754328539999999492e-01 6.890130043029785156e-01
7.782715470000000080e-01 6.899035573005676270e-01
7.811102960000000373e-01 6.902066469192504883e-01
7.839491010000000371e-01 6.901023983955383301e-01
7.867879620000000074e-01 6.769820451736450195e-01
7.896268800000000310e-01 6.521136760711669922e-01
7.924658540000000251e-01 6.563537716865539551e-01
7.953048839999999897e-01 6.650734543800354004e-01
7.981439700000000359e-01 6.744173169136047363e-01
8.009831130000000243e-01 6.618249416351318359e-01
8.038223119999999833e-01 6.647722125053405762e-01
8.066615670000000238e-01 6.794182658195495605e-01
8.095008780000000348e-01 6.488251686096191406e-01
8.123402459999999881e-01 5.797731876373291016e-01
8.151796700000000229e-01 4.746113121509552002e-01
8.180191500000000282e-01 4.477445185184478760e-01
8.208586860000000041e-01 4.731574058532714844e-01
8.236982790000000332e-01 4.438659250736236572e-01
8.265379269999999501e-01 4.603979587554931641e-01
8.293776320000000313e-01 4.085901081562042236e-01
8.322173940000000547e-01 3.994453251361846924e-01
8.350572109999999659e-01 4.039850831031799316e-01
8.378970850000000414e-01 4.153337478637695312e-01
8.407370149999999764e-01 4.134314060211181641e-01
8.435770009999999930e-01 4.094776213169097900e-01
8.464170429999999801e-01 4.099946916103363037e-01
8.492571420000000204e-01 3.895331323146820068e-01
8.520972970000000313e-01 3.755164444446563721e-01
8.549375080000000127e-01 3.488154709339141846e-01
8.577777749999999646e-01 3.751867711544036865e-01
8.606180989999999698e-01 3.694011569023132324e-01
8.634584789999999455e-01 3.644687533378601074e-01
8.662989150000000027e-01 3.333474695682525635e-01
8.691394070000000305e-01 3.426620364189147949e-01
8.719799560000000005e-01 3.426080048084259033e-01
8.748205610000000521e-01 3.253212571144104004e-01
8.776612219999999631e-01 3.198002874851226807e-01
8.805019389999999557e-01 3.163958787918090820e-01
8.833427130000000016e-01 3.048848211765289307e-01
8.861835430000000180e-01 2.925750911235809326e-01
8.890244290000000049e-01 2.901352941989898682e-01
8.918653709999999624e-01 2.712642252445220947e-01
8.947063699999999731e-01 2.333525717258453369e-01
8.975474239999999826e-01 1.857331693172454834e-01
9.003885350000000454e-01 1.703681796789169312e-01
9.032297030000000504e-01 1.935275346040725708e-01
9.060709260000000542e-01 1.908701211214065552e-01
9.089122060000000003e-01 1.596521884202957153e-01
9.117535420000000279e-01 1.588954031467437744e-01
9.145949340000000261e-01 1.478810459375381470e-01
9.174363819999999947e-01 1.432556957006454468e-01
9.202778870000000166e-01 1.656405925750732422e-01
9.231194480000000091e-01 1.597054600715637207e-01
9.259610649999999721e-01 1.469711363315582275e-01
9.288027380000000166e-01 1.028581112623214722e-01
9.316444680000000034e-01 5.276418477296829224e-02
9.344862539999999607e-01 3.334822133183479309e-02
9.373280959999999995e-01 3.534743934869766235e-02
9.401699940000000089e-01 5.573561787605285645e-02
9.430119489999999605e-01 4.398639872670173645e-02
9.458539599999999936e-01 4.171361029148101807e-02
9.486960269999999973e-01 4.469775781035423279e-02
9.515381499999999715e-01 4.657441005110740662e-02
9.543803299999999989e-01 4.773244634270668030e-02
9.572225659999999969e-01 5.137886479496955872e-02
9.600648579999999654e-01 5.367287620902061462e-02
9.629072060000000155e-01 6.365595012903213501e-02
9.657496110000000078e-01 7.126604020595550537e-02
9.685920709999999989e-01 9.597514569759368896e-02
9.714345880000000433e-01 1.017517596483230591e-01
9.742771620000000299e-01 8.904722332954406738e-02
9.771197910000000153e-01 9.324337542057037354e-02
9.799624770000000540e-01 9.778456389904022217e-02
9.828052189999999522e-01 1.122588887810707092e-01
9.856480170000000429e-01 1.163962334394454956e-01
9.884908709999999932e-01 1.196184158325195312e-01
9.913337819999999967e-01 1.190675199031829834e-01
9.941767489999999707e-01 1.279088854789733887e-01
9.970197720000000263e-01 1.222042590379714966e-01
9.998628510000000524e-01 1.284654140472412109e-01
1.002705986999999910e+00 1.234782561659812927e-01
1.005549178999999960e+00 1.175388917326927185e-01
1.008392426999999980e+00 1.156969070434570312e-01
1.011235730999999971e+00 1.234910190105438232e-01
1.014079092000000015e+00 1.228969544172286987e-01
1.016922509000000030e+00 1.169593632221221924e-01
1.019765982000000015e+00 1.204909756779670715e-01
1.022609510999999971e+00 1.212505251169204712e-01
1.025453096999999980e+00 1.249951571226119995e-01
1.028296738999999960e+00 1.234264373779296875e-01
1.031140436999999910e+00 1.126537621021270752e-01
1.033984191000000052e+00 1.107163503766059875e-01
1.036828002000000026e+00 1.232235506176948547e-01
1.039671868000000110e+00 1.217028349637985229e-01
1.042515791000000025e+00 1.231200471520423889e-01
1.045359770999999993e+00 1.251399964094161987e-01
