3.615872339999999796e-01 1.313387513160705566e+00
3.644177160000000026e-01 1.438811659812927246e+00
3.672482539999999962e-01 1.590199351310729980e+00
3.700788480000000158e-01 1.553000211715698242e+00
3.729094980000000059e-01 1.436795949935913086e+00
3.757402049999999938e-01 1.504508495330810547e+00
3.785709680000000077e-01 1.667225003242492676e+00
3.814017869999999921e-01 1.434925317764282227e+00
3.842326620000000026e-01 1.315315485000610352e+00
3.870635940000000108e-01 1.442309498786926270e+00
3.898945819999999896e-01 1.624454021453857422e+00
3.927256259999999943e-01 1.439643263816833496e+00
3.955567260000000251e-01 1.459813714027404785e+00
3.983878829999999982e-01 1.847155690193176270e+00
4.012190950000000256e-01 2.283164024353027344e+00
4.040503639999999952e-01 2.284141302108764648e+00
4.068816900000000181e-01 2.220506429672241211e+00
4.097130709999999842e-01 2.289218425750732422e+00
4.125445090000000037e-01 2.386741161346435547e+00
4.153760029999999936e-01 2.406795740127563477e+00
4.182075530000000096e-01 2.344114065170288086e+00
4.210391589999999962e-01 2.345966339111328125e+00
4.238708219999999804e-01 2.309700012207031250e+00
4.267025409999999908e-01 2.270446062088012695e+00
4.295343160000000271e-01 2.050131320953369141e+00
4.323661469999999785e-01 2.200549125671386719e+00
4.351980349999999831e-01 2.377558469772338867e+00
4.380299790000000137e-01 2.419507741928100586e+00
4.408619790000000149e-01 2.498104095458984375e+00
4.436940349999999866e-01 2.641830444335937500e+00
4.465261480000000116e-01 2.671985626220703125e+00
4.493583170000000071e-01 2.821264028549194336e+00
4.521905419999999731e-01 2.840487003326416016e+00
4.550228230000000207e-01 2.817241668701171875e+00
4.578551610000000105e-01 2.867627859115600586e+00
4.606875550000000263e-01 2.875838041305541992e+00
4.635200050000000127e-01 2.906032323837280273e+00
4.663525110000000251e-01 2.859864473342895508e+00
4.691850739999999798e-01 2.853287935256958008e+00
4.720176919999999887e-01 2.895958900451660156e+00
4.748503669999999954e-01 2.924982309341430664e+00
4.776830989999999999e-01 2.977101087570190430e+00
4.805158860000000032e-01 3.014803409576416016e+00
4.833487300000000042e-01 2.997434139251708984e+00
4.861816299999999758e-01 2.767250776290893555e+00
4.890145859999999733e-01 2.889369249343872070e+00
4.918475979999999970e-01 2.966312408447265625e+00
4.946806670000000183e-01 3.020318269729614258e+00
4.975137920000000102e-01 3.031259298324584961e+00
5.003469729999999727e-01 2.964915752410888672e+00
5.031802100000000166e-01 2.947503566741943359e+00
5.060135040000000028e-01 3.026748180389404297e+00
5.088468539999999596e-01 3.040660858154296875e+00
5.116802599999999979e-01 3.080184936523437500e+00
5.145137220000000067e-01 2.998486995697021484e+00
5.173472409999999577e-01 2.847202777862548828e+00
5.201808159999999903e-01 2.981107711791992188e+00
5.230144469999999934e-01 3.110565423965454102e+00
5.258481339999999671e-01 3.109386682510375977e+00
5.286818779999999940e-01 3.152526140213012695e+00
5.315156779999999914e-01 3.259894847869873047e+00
5.343495339999999594e-01 3.241205215454101562e+00
5.371834460000000089e-01 3.277912378311157227e+00
5.400174150000000006e-01 3.227186203002929688e+00
5.428514389999999912e-01 3.251643657684326172e+00
5.456855200000000350e-01 3.302861452102661133e+00
5.485196580000000210e-01 3.318608283996582031e+00
5.513538510000000059e-01 3.362936735153198242e+00
5.541881010000000440e-01 3.383462667465209961e+00
5.570224070000000527e-01 3.344500780105590820e+00
5.598567690000000319e-01 3.304794549942016602e+00
5.626911869999999816e-01 3.357245922088623047e+00
5.655256619999999845e-01 3.344099044799804688e+00
5.683601929999999580e-01 3.320788860321044922e+00
5.711947800000000131e-01 3.283442735671997070e+00
5.740294230000000386e-01 3.335973978042602539e+00
5.768641230000000064e-01 3.297049283981323242e+00
5.796988789999999447e-01 3.310826778411865234e+00
5.825336909999999646e-01 3.385351896286010742e+00
5.853685589999999550e-01 3.347183465957641602e+00
5.882034839999999987e-01 3.128132820129394531e+00
5.910384650000000129e-01 2.979408740997314453e+00
5.938735019999999976e-01 3.048459529876708984e+00
5.967085949999999528e-01 3.026051998138427734e+00
5.995437449999999613e-01 2.991168260574340820e+00
6.023789510000000513e-01 2.963170289993286133e+00
6.052142130000000009e-01 2.979215383529663086e+00
6.080495310000000320e-01 2.935452699661254883e+00
6.108849060000000053e-01 2.846654891967773438e+00
6.137203359999999774e-01 2.746518373489379883e+00
6.165558230000000028e-01 2.735831975936889648e+00
6.193913669999999705e-01 2.798656940460205078e+00
6.222269660000000480e-01 2.788371086120605469e+00
6.250626219999999567e-01 2.721581697463989258e+00
6.278983339999999469e-01 2.656433820724487305e+00
6.307341020000000187e-01 2.632110595703125000e+00
6.335699259999999500e-01 2.668653726577758789e+00
6.364058070000000455e-01 2.695150852203369141e+00
6.392417440000000006e-01 2.696038246154785156e+00
6.420777370000000372e-01 2.664695024490356445e+00
6.449137860000000444e-01 2.632475376129150391e+00
6.477498919999999938e-01 2.510988235473632812e+00
6.505860540000000247e-01 2.498626947402954102e+00
6.534222720000000262e-01 2.490454912185668945e+00
6.562585459999999982e-01 2.286838293075561523e+00
6.590948770000000234e-01 2.392176389694213867e+00
6.619312640000000192e-01 2.458065509796142578e+00
6.647677069999999855e-01 2.452861309051513672e+00
6.676042060000000333e-01 2.435353994369506836e+00
6.704407620000000234e-01 2.404897689819335938e+00
6.732773739999999840e-01 2.382630109786987305e+00
6.761140420000000262e-01 2.368232250213623047e+00
6.789507660000000389e-01 2.351358652114868164e+00
6.817875469999999938e-01 2.326608896255493164e+00
6.846243829999999475e-01 2.236463069915771484e+00
6.874612759999999545e-01 1.875444173812866211e+00
6.902982260000000148e-01 1.889196872711181641e+00
6.931352309999999628e-01 1.929937720298767090e+00
6.959722929999999641e-01 1.936069726943969727e+00
6.988094110000000470e-01 1.918687582015991211e+00
7.016465849999999893e-01 1.806883692741394043e+00
7.044838150000000132e-01 1.802426815032958984e+00
7.073211019999999793e-01 1.772613286972045898e+00
7.101584450000000270e-01 1.716651797294616699e+00
7.129958440000000452e-01 1.616557240486145020e+00
7.158332990000000340e-01 1.367423295974731445e+00
7.186708109999999650e-01 1.001214623451232910e+00
7.215083789999999775e-01 1.026448726654052734e+00
7.243460029999999605e-01 9.409831762313842773e-01
7.271836830000000251e-01 8.501992821693420410e-01
7.300214200000000320e-01 8.013635277748107910e-01
7.328592130000000093e-01 8.233692646026611328e-01
7.356970619999999572e-01 8.087336421012878418e-01
7.385349669999999866e-01 7.934830784797668457e-01
7.413729289999999583e-01 7.907017469406127930e-01
7.442109470000000115e-01 8.082028627395629883e-01
7.470490210000000353e-01 8.036426305770874023e-01
7.498871510000000296e-01 7.910061478614807129e-01
7.527253379999999661e-01 7.873644828796386719e-01
7.555635800000000124e-01 7.753556966781616211e-01
7.584018790000000010e-01 6.375426054000854492e-01
7.612402350000000428e-01 2.953331172466278076e-01
7.640786459999999725e-01 3.594683706760406494e-01
7.669171139999999554e-01 5.893183946609497070e-01
7.697556380000000198e-01 7.132165431976318359e-01
7.725942180000000548e-01 7.363590002059936523e-01
7.754328539999999492e-01 7.389512062072753906e-01
7.782715470000000080e-01 7.460580468177795410e-01
7.811102960000000373e-01 7.434189915657043457e-01
7.839491010000000371e-01 7.471205592155456543e-01
7.867879620000000074e-01 7.346227169036865234e-01
7.896268800000000310e-01 7.065349221229553223e-01
7.924658540000000251e-01 7.122082710266113281e-01
7.953048839999999897e-01 7.178099751472473145e-01
7.981439700000000359e-01 7.313019633293151855e-01
8.009831130000000243e-01 7.216463685035705566e-01
8.038223119999999833e-01 7.084574699401855469e-01
8.066615670000000238e-01 7.393482923507690430e-01
8.095008780000000348e-01 7.075982689857482910e-01
8.123402459999999881e-01 6.307855248451232910e-01
8.151796700000000229e-01 5.168737173080444336e-01
8.180191500000000282e-01 4.895580112934112549e-01
8.208586860000000041e-01 5.244933962821960449e-01
8.236982790000000332e-01 4.799008071422576904e-01
8.265379269999999501e-01 5.054020285606384277e-01
8.293776320000000313e-01 4.490561783313751221e-01
8.322173940000000547e-01 4.303606748580932617e-01
8.350572109999999659e-01 4.404492974281311035e-01
8.378970850000000414e-01 4.495611488819122314e-01
8.407370149999999764e-01 4.532456994056701660e-01
8.435770009999999930e-01 4.465683400630950928e-01
8.464170429999999801e-01 4.425045549869537354e-01
8.492571420000000204e-01 4.173330962657928467e-01
8.520972970000000313e-01 4.025371968746185303e-01
8.549375080000000127e-01 3.781372308731079102e-01
8.577777749999999646e-01 4.109139442443847656e-01
8.606180989999999698e-01 3.991145789623260498e-01
8.634584789999999455e-01 3.899660110473632812e-01
8.662989150000000027e-01 3.585799336433410645e-01
8.691394070000000305e-01 3.679200410842895508e-01
8.719799560000000005e-01 3.651642799377441406e-01
8.748205610000000521e-01 3.582064211368560791e-01
8.776612219999999631e-01 3.479640483856201172e-01
8.805019389999999557e-01 3.331528604030609131e-01
8.833427130000000016e-01 3.277064859867095947e-01
8.861835430000000180e-01 3.188501894474029541e-01
8.890244290000000049e-01 3.098779022693634033e-01
8.918653709999999624e-01 2.947280704975128174e-01
8.947063699999999731e-01 2.525108456611633301e-01
8.975474239999999826e-01 2.006601393222808838e-01
9.003885350000000454e-01 1.800285130739212036e-01
9.032297030000000504e-01 2.050690650939941406e-01
9.060709260000000542e-01 2.070641517639160156e-01
9.089122060000000003e-01 1.673179864883422852e-01
9.117535420000000279e-01 1.698648929595947266e-01
9.145949340000000261e-01 1.531252861022949219e-01
9.174363819999999947e-01 1.545177996158599854e-01
9.202778870000000166e-01 1.829837113618850708e-01
9.231194480000000091e-01 1.668584197759628296e-01
9.259610649999999721e-01 1.573262363672256470e-01
9.288027380000000166e-01 1.113120466470718384e-01
9.316444680000000034e-01 5.872093141078948975e-02
9.344862539999999607e-01 3.675213828682899475e-02
9.373280959999999995e-01 3.740986809134483337e-02
9.401699940000000089e-01 6.262504309415817261e-02
9.430119489999999605e-01 5.173204466700553894e-02
9.458539599999999936e-01 4.677739366888999939e-02
9.486960269999999973e-01 4.889361932873725891e-02
9.515381499999999715e-01 4.859503358602523804e-02
9.543803299999999989e-01 5.379465222358703613e-02
9.572225659999999969e-01 5.505058914422988892e-02
9.600648579999999654e-01 6.277190893888473511e-02
9.629072060000000155e-01 6.676577776670455933e-02
9.657496110000000078e-01 7.872089743614196777e-02
9.685920709999999989e-01 9.652709215879440308e-02
9.714345880000000433e-01 1.112716421484947205e-01
9.742771620000000299e-01 9.235391765832901001e-02
9.771197910000000153e-01 9.406135976314544678e-02
9.799624770000000540e-01 1.056298688054084778e-01
9.828052189999999522e-01 1.126723587512969971e-01
9.856480170000000429e-01 1.194806769490242004e-01
9.884908709999999932e-01 1.235163211822509766e-01
9.913337819999999967e-01 1.284836530685424805e-01
9.941767489999999707e-01 1.309985667467117310e-01
9.970197720000000263e-01 1.302681565284729004e-01
9.998628510000000524e-01 1.298478096723556519e-01
1.002705986999999910e+00 1.248133704066276550e-01
1.005549178999999960e+00 1.195888444781303406e-01
1.008392426999999980e+00 1.272002905607223511e-01
1.011235730999999971e+00 1.318499147891998291e-01
1.014079092000000015e+00 1.233367174863815308e-01
1.016922509000000030e+00 1.291743963956832886e-01
1.019765982000000015e+00 1.367907673120498657e-01
1.022609510999999971e+00 1.333200782537460327e-01
1.025453096999999980e+00 1.287482231855392456e-01
1.028296738999999960e+00 1.356311738491058350e-01
1.031140436999999910e+00 1.360811740159988403e-01
1.033984191000000052e+00 1.379748582839965820e-01
1.036828002000000026e+00 1.321451067924499512e-01
1.039671868000000110e+00 1.358862817287445068e-01
1.042515791000000025e+00 1.329516172409057617e-01
1.045359770999999993e+00 1.368644684553146362e-01
