3.615872339999999796e-01 1.287438631057739258e+00
3.644177160000000026e-01 1.445243597030639648e+00
3.672482539999999962e-01 1.530250668525695801e+00
3.700788480000000158e-01 1.545009255409240723e+00
3.729094980000000059e-01 1.393922209739685059e+00
3.757402049999999938e-01 1.498386621475219727e+00
3.785709680000000077e-01 1.626539707183837891e+00
3.814017869999999921e-01 1.426796913146972656e+00
3.842326620000000026e-01 1.302258253097534180e+00
3.870635940000000108e-01 1.416593551635742188e+00
3.898945819999999896e-01 1.591621994972229004e+00
3.927256259999999943e-01 1.413362383842468262e+00
3.955567260000000251e-01 1.427973747253417969e+00
3.983878829999999982e-01 1.797076344490051270e+00
4.012190950000000256e-01 2.258811950683593750e+00
4.040503639999999952e-01 2.248604297637939453e+00
4.068816900000000181e-01 2.173773050308227539e+00
4.097130709999999842e-01 2.244512319564819336e+00
4.125445090000000037e-01 2.321652650833129883e+00
4.153760029999999936e-01 2.350362062454223633e+00
4.182075530000000096e-01 2.281705617904663086e+00
4.210391589999999962e-01 2.290880441665649414e+00
4.238708219999999804e-01 2.268989801406860352e+00
4.267025409999999908e-01 2.218108892440795898e+00
4.295343160000000271e-01 1.995085597038269043e+00
4.323661469999999785e-01 2.114192724227905273e+00
4.351980349999999831e-01 2.318546772003173828e+00
4.380299790000000137e-01 2.345709800720214844e+00
4.408619790000000149e-01 2.410571813583374023e+00
4.436940349999999866e-01 2.554379463195800781e+00
4.465261480000000116e-01 2.596598863601684570e+00
4.493583170000000071e-01 2.728426456451416016e+00
4.521905419999999731e-01 2.752401351928710938e+00
4.550228230000000207e-01 2.716414213180541992e+00
4.578551610000000105e-01 2.777016162872314453e+00
4.606875550000000263e-01 2.790873289108276367e+00
4.635200050000000127e-01 2.815443038940429688e+00
4.663525110000000251e-01 2.757136344909667969e+00
4.691850739999999798e-01 2.751074075698852539e+00
4.720176919999999887e-01 2.789060354232788086e+00
4.748503669999999954e-01 2.837200403213500977e+00
4.776830989999999999e-01 2.854758501052856445e+00
4.805158860000000032e-01 2.921141147613525391e+00
4.833487300000000042e-01 2.897792816162109375e+00
4.861816299999999758e-01 2.671085357666015625e+00
4.890145859999999733e-01 2.781558275222778320e+00
4.918475979999999970e-01 2.864859580993652344e+00
4.946806670000000183e-01 2.920298576354980469e+00
4.975137920000000102e-01 2.937965393066406250e+00
5.003469729999999727e-01 2.852892398834228516e+00
5.031802100000000166e-01 2.839427471160888672e+00
5.060135040000000028e-01 2.921881914138793945e+00
5.088468539999999596e-01 2.938248634338378906e+00
5.116802599999999979e-01 2.961116552352905273e+00
5.145137220000000067e-01 2.904560089111328125e+00
5.173472409999999577e-01 2.743840456008911133e+00
5.201808159999999903e-01 2.863581657409667969e+00
5.230144469999999934e-01 3.000062942504882812e+00
5.258481339999999671e-01 2.984390497207641602e+00
5.286818779999999940e-01 3.033827066421508789e+00
5.315156779999999914e-01 3.135342121124267578e+00
5.343495339999999594e-01 3.127798795700073242e+00
5.371834460000000089e-01 3.165878295898437500e+00
5.400174150000000006e-01 3.106369733810424805e+00
5.428514389999999912e-01 3.131649255752563477e+00
5.456855200000000350e-01 3.186778545379638672e+00
5.485196580000000210e-01 3.195904493331909180e+00
5.513538510000000059e-01 3.216615200042724609e+00
5.541881010000000440e-01 3.251265048980712891e+00
5.570224070000000527e-01 3.219511032104492188e+00
5.598567690000000319e-01 3.165846109390258789e+00
5.626911869999999816e-01 3.231201410293579102e+00
5.655256619999999845e-01 3.214463472366333008e+00
5.683601929999999580e-01 3.181647062301635742e+00
5.711947800000000131e-01 3.140450239181518555e+00
5.740294230000000386e-01 3.199725866317749023e+00
5.768641230000000064e-01 3.160189151763916016e+00
5.796988789999999447e-01 3.169600248336791992e+00
5.825336909999999646e-01 3.239481687545776367e+00
5.853685589999999550e-01 3.195307016372680664e+00
5.882034839999999987e-01 2.988739967346191406e+00
5.910384650000000129e-01 2.844163417816162109e+00
5.938735019999999976e-01 2.886432647705078125e+00
5.967085949999999528e-01 2.869911670684814453e+00
5.995437449999999613e-01 2.827395439147949219e+00
6.023789510000000513e-01 2.786710977554321289e+00
6.052142130000000009e-01 2.803911685943603516e+00
6.080495310000000320e-01 2.761465549468994141e+00
6.108849060000000053e-01 2.630503892898559570e+00
6.137203359999999774e-01 2.531831026077270508e+00
6.165558230000000028e-01 2.541460990905761719e+00
6.193913669999999705e-01 2.605547666549682617e+00
6.222269660000000480e-01 2.597904205322265625e+00
6.250626219999999567e-01 2.525637149810791016e+00
6.278983339999999469e-01 2.465735435485839844e+00
6.307341020000000187e-01 2.446804523468017578e+00
6.335699259999999500e-01 2.474913358688354492e+00
6.364058070000000455e-01 2.498227834701538086e+00
6.392417440000000006e-01 2.506032466888427734e+00
6.420777370000000372e-01 2.464964628219604492e+00
6.449137860000000444e-01 2.436960697174072266e+00
6.477498919999999938e-01 2.323593378067016602e+00
6.505860540000000247e-01 2.309360027313232422e+00
6.534222720000000262e-01 2.297371625900268555e+00
6.562585459999999982e-01 2.102280616760253906e+00
6.590948770000000234e-01 2.196209669113159180e+00
6.619312640000000192e-01 2.256223440170288086e+00
6.647677069999999855e-01 2.236811637878417969e+00
6.676042060000000333e-01 2.219987869262695312e+00
6.704407620000000234e-01 2.198621749877929688e+00
6.732773739999999840e-01 2.169573545455932617e+00
6.761140420000000262e-01 2.159343004226684570e+00
6.789507660000000389e-01 2.138379335403442383e+00
6.817875469999999938e-01 2.117352247238159180e+00
6.846243829999999475e-01 2.038971900939941406e+00
6.874612759999999545e-01 1.699529767036437988e+00
6.902982260000000148e-01 1.717681527137756348e+00
6.931352309999999628e-01 1.735512256622314453e+00
6.959722929999999641e-01 1.742493867874145508e+00
6.988094110000000470e-01 1.716975927352905273e+00
7.016465849999999893e-01 1.623499274253845215e+00
7.044838150000000132e-01 1.602600812911987305e+00
7.073211019999999793e-01 1.567720770835876465e+00
7.101584450000000270e-01 1.507086753845214844e+00
7.129958440000000452e-01 1.410821557044982910e+00
7.158332990000000340e-01 1.192955493927001953e+00
7.186708109999999650e-01 8.627181649208068848e-01
7.215083789999999775e-01 8.778995871543884277e-01
7.243460029999999605e-01 8.005446195602416992e-01
7.271836830000000251e-01 7.287066578865051270e-01
7.300214200000000320e-01 6.741459965705871582e-01
7.328592130000000093e-01 6.891105175018310547e-01
7.356970619999999572e-01 6.790167093276977539e-01
7.385349669999999866e-01 6.635158061981201172e-01
7.413729289999999583e-01 6.623584628105163574e-01
7.442109470000000115e-01 6.677401065826416016e-01
7.470490210000000353e-01 6.679460406303405762e-01
7.498871510000000296e-01 6.512926816940307617e-01
7.527253379999999661e-01 6.471900343894958496e-01
7.555635800000000124e-01 6.443679332733154297e-01
7.584018790000000010e-01 5.337901711463928223e-01
7.612402350000000428e-01 2.485962808132171631e-01
7.640786459999999725e-01 2.981093227863311768e-01
7.669171139999999554e-01 4.745281636714935303e-01
7.697556380000000198e-01 5.877537131309509277e-01
7.725942180000000548e-01 5.975614786148071289e-01
7.754328539999999492e-01 6.042866110801696777e-01
7.782715470000000080e-01 6.098074913024902344e-01
7.811102960000000373e-01 6.086384057998657227e-01
7.839491010000000371e-01 6.084429025650024414e-01
7.867879620000000074e-01 6.021180748939514160e-01
7.896268800000000310e-01 5.851374864578247070e-01
7.924658540000000251e-01 5.793018937110900879e-01
7.953048839999999897e-01 5.856419205665588379e-01
7.981439700000000359e-01 5.967794656753540039e-01
8.009831130000000243e-01 5.885589718818664551e-01
8.038223119999999833e-01 5.934309959411621094e-01
8.066615670000000238e-01 6.049687266349792480e-01
8.095008780000000348e-01 5.764119029045104980e-01
8.123402459999999881e-01 5.192098021507263184e-01
8.151796700000000229e-01 4.261717796325683594e-01
8.180191500000000282e-01 3.976761102676391602e-01
8.208586860000000041e-01 4.284172952175140381e-01
8.236982790000000332e-01 3.921723067760467529e-01
8.265379269999999501e-01 4.086871743202209473e-01
8.293776320000000313e-01 3.662071228027343750e-01
8.322173940000000547e-01 3.501447737216949463e-01
8.350572109999999659e-01 3.597102761268615723e-01
8.378970850000000414e-01 3.648594319820404053e-01
8.407370149999999764e-01 3.647103309631347656e-01
8.435770009999999930e-01 3.567798435688018799e-01
8.464170429999999801e-01 3.611707687377929688e-01
8.492571420000000204e-01 3.375746607780456543e-01
8.520972970000000313e-01 3.243467807769775391e-01
8.549375080000000127e-01 3.064383268356323242e-01
8.577777749999999646e-01 3.284532725811004639e-01
8.606180989999999698e-01 3.259931206703186035e-01
8.634584789999999455e-01 3.183331787586212158e-01
8.662989150000000027e-01 2.920553088188171387e-01
8.691394070000000305e-01 2.949787080287933350e-01
8.719799560000000005e-01 2.990154027938842773e-01
8.748205610000000521e-01 2.838229835033416748e-01
8.776612219999999631e-01 2.837483286857604980e-01
8.805019389999999557e-01 2.719739675521850586e-01
8.833427130000000016e-01 2.684942185878753662e-01
8.861835430000000180e-01 2.542086541652679443e-01
8.890244290000000049e-01 2.506448328495025635e-01
8.918653709999999624e-01 2.404180914163589478e-01
8.947063699999999731e-01 2.052071839570999146e-01
8.975474239999999826e-01 1.657269299030303955e-01
9.003885350000000454e-01 1.460524499416351318e-01
9.032297030000000504e-01 1.678593456745147705e-01
9.060709260000000542e-01 1.662484705448150635e-01
9.089122060000000003e-01 1.351369023323059082e-01
9.117535420000000279e-01 1.380720883607864380e-01
9.145949340000000261e-01 1.280680596828460693e-01
9.174363819999999947e-01 1.239120736718177795e-01
9.202778870000000166e-01 1.448198407888412476e-01
9.231194480000000091e-01 1.382065713405609131e-01
9.259610649999999721e-01 1.286261230707168579e-01
9.288027380000000166e-01 9.223893284797668457e-02
9.316444680000000034e-01 5.059517920017242432e-02
9.344862539999999607e-01 3.196499869227409363e-02
9.373280959999999995e-01 3.177789971232414246e-02
9.401699940000000089e-01 4.846367239952087402e-02
9.430119489999999605e-01 3.944175690412521362e-02
9.458539599999999936e-01 4.087841883301734924e-02
9.486960269999999973e-01 3.979882597923278809e-02
9.515381499999999715e-01 4.130680114030838013e-02
9.543803299999999989e-01 4.221247509121894836e-02
9.572225659999999969e-01 4.989833012223243713e-02
9.600648579999999654e-01 4.670985043048858643e-02
9.629072060000000155e-01 5.833112820982933044e-02
9.657496110000000078e-01 6.150665879249572754e-02
9.685920709999999989e-01 7.935601472854614258e-02
9.714345880000000433e-01 8.212616294622421265e-02
9.742771620000000299e-01 7.709585875272750854e-02
9.771197910000000153e-01 8.062455058097839355e-02
9.799624770000000540e-01 8.514998853206634521e-02
9.828052189999999522e-01 9.048406779766082764e-02
9.856480170000000429e-01 9.443604946136474609e-02
9.884908709999999932e-01 1.031082794070243835e-01
9.913337819999999967e-01 1.032788604497909546e-01
9.941767489999999707e-01 1.052269414067268372e-01
9.970197720000000263e-01 9.954458475112915039e-02
9.998628510000000524e-01 1.019867435097694397e-01
1.002705986999999910e+00 1.063538640737533569e-01
1.005549178999999960e+00 9.859364479780197144e-02
1.008392426999999980e+00 1.031789258122444153e-01
1.011235730999999971e+00 1.069947779178619385e-01
1.014079092000000015e+00 1.048524081707000732e-01
1.016922509000000030e+00 1.015340387821197510e-01
1.019765982000000015e+00 1.014700755476951599e-01
1.022609510999999971e+00 1.038077846169471741e-01
1.025453096999999980e+00 9.636989235877990723e-02
1.028296738999999960e+00 9.626463800668716431e-02
1.031140436999999910e+00 1.027371734380722046e-01
1.033984191000000052e+00 1.023971661925315857e-01
1.036828002000000026e+00 9.980870038270950317e-02
1.039671868000000110e+00 1.072563380002975464e-01
1.042515791000000025e+00 1.087050586938858032e-01
1.045359770999999993e+00 9.737096726894378662e-02
