3.615872339999999796e-01 1.378286957740783691e+00
3.644177160000000026e-01 1.429448604583740234e+00
3.672482539999999962e-01 1.609821915626525879e+00
3.700788480000000158e-01 1.592454910278320312e+00
3.729094980000000059e-01 1.395456194877624512e+00
3.757402049999999938e-01 1.514435887336730957e+00
3.785709680000000077e-01 1.645713210105895996e+00
3.814017869999999921e-01 1.416681647300720215e+00
3.842326620000000026e-01 1.314192771911621094e+00
3.870635940000000108e-01 1.437660455703735352e+00
3.898945819999999896e-01 1.616655945777893066e+00
3.927256259999999943e-01 1.400427937507629395e+00
3.955567260000000251e-01 1.452314853668212891e+00
3.983878829999999982e-01 1.837071537971496582e+00
4.012190950000000256e-01 2.250525712966918945e+00
4.040503639999999952e-01 2.267915010452270508e+00
4.068816900000000181e-01 2.199094057083129883e+00
4.097130709999999842e-01 2.249360561370849609e+00
4.125445090000000037e-01 2.328647613525390625e+00
4.153760029999999936e-01 2.350628376007080078e+00
4.182075530000000096e-01 2.300232887268066406e+00
4.210391589999999962e-01 2.324810981750488281e+00
4.238708219999999804e-01 2.269036769866943359e+00
4.267025409999999908e-01 2.237857818603515625e+00
4.295343160000000271e-01 2.014889478683471680e+00
4.323661469999999785e-01 2.142796039581298828e+00
4.351980349999999831e-01 2.346946716308593750e+00
4.380299790000000137e-01 2.378764867782592773e+00
4.408619790000000149e-01 2.445348978042602539e+00
4.436940349999999866e-01 2.590525627136230469e+00
4.465261480000000116e-01 2.622491836547851562e+00
4.493583170000000071e-01 2.761050701141357422e+00
4.521905419999999731e-01 2.786811351776123047e+00
4.550228230000000207e-01 2.756093263626098633e+00
4.578551610000000105e-01 2.826143026351928711e+00
4.606875550000000263e-01 2.834513902664184570e+00
4.635200050000000127e-01 2.852497100830078125e+00
4.663525110000000251e-01 2.807266950607299805e+00
4.691850739999999798e-01 2.787005901336669922e+00
4.720176919999999887e-01 2.828363180160522461e+00
4.748503669999999954e-01 2.892815828323364258e+00
4.776830989999999999e-01 2.904405593872070312e+00
4.805158860000000032e-01 2.977499485015869141e+00
4.833487300000000042e-01 2.938895463943481445e+00
4.861816299999999758e-01 2.715809822082519531e+00
4.890145859999999733e-01 2.832206726074218750e+00
4.918475979999999970e-01 2.899210929870605469e+00
4.946806670000000183e-01 2.964123249053955078e+00
4.975137920000000102e-01 2.976561546325683594e+00
5.003469729999999727e-01 2.906471967697143555e+00
5.031802100000000166e-01 2.893437147140502930e+00
5.060135040000000028e-01 2.975732803344726562e+00
5.088468539999999596e-01 2.989449977874755859e+00
5.116802599999999979e-01 3.029074668884277344e+00
5.145137220000000067e-01 2.960098743438720703e+00
5.173472409999999577e-01 2.798027276992797852e+00
5.201808159999999903e-01 2.932370901107788086e+00
5.230144469999999934e-01 3.056278705596923828e+00
5.258481339999999671e-01 3.052983283996582031e+00
5.286818779999999940e-01 3.099398136138916016e+00
5.315156779999999914e-01 3.205784559249877930e+00
5.343495339999999594e-01 3.196422338485717773e+00
5.371834460000000089e-01 3.245409965515136719e+00
5.400174150000000006e-01 3.179237365722656250e+00
5.428514389999999912e-01 3.215376377105712891e+00
5.456855200000000350e-01 3.269443750381469727e+00
5.485196580000000210e-01 3.275809764862060547e+00
5.513538510000000059e-01 3.289508104324340820e+00
5.541881010000000440e-01 3.327715873718261719e+00
5.570224070000000527e-01 3.296626091003417969e+00
5.598567690000000319e-01 3.259037971496582031e+00
5.626911869999999816e-01 3.301860570907592773e+00
5.655256619999999845e-01 3.280696392059326172e+00
5.683601929999999580e-01 3.255829095840454102e+00
5.711947800000000131e-01 3.230151414871215820e+00
5.740294230000000386e-01 3.276380538940429688e+00
5.768641230000000064e-01 3.241683721542358398e+00
5.796988789999999447e-01 3.256302356719970703e+00
5.825336909999999646e-01 3.317946910858154297e+00
5.853685589999999550e-01 3.280276775360107422e+00
5.882034839999999987e-01 3.053193807601928711e+00
5.910384650000000129e-01 2.921907901763916016e+00
5.938735019999999976e-01 2.974357128143310547e+00
5.967085949999999528e-01 2.943912029266357422e+00
5.995437449999999613e-01 2.899703025817871094e+00
6.023789510000000513e-01 2.856042861938476562e+00
6.052142130000000009e-01 2.874851226806640625e+00
6.080495310000000320e-01 2.817441940307617188e+00
6.108849060000000053e-01 2.716279506683349609e+00
6.137203359999999774e-01 2.645273447036743164e+00
6.165558230000000028e-01 2.625611066818237305e+00
6.193913669999999705e-01 2.688452005386352539e+00
6.222269660000000480e-01 2.678027153015136719e+00
6.250626219999999567e-01 2.604302644729614258e+00
6.278983339999999469e-01 2.535624265670776367e+00
6.307341020000000187e-01 2.520130872726440430e+00
6.335699259999999500e-01 2.551695823669433594e+00
6.364058070000000455e-01 2.570362091064453125e+00
6.392417440000000006e-01 2.569519042968750000e+00
6.420777370000000372e-01 2.540379762649536133e+00
6.449137860000000444e-01 2.513655424118041992e+00
6.477498919999999938e-01 2.386548280715942383e+00
6.505860540000000247e-01 2.378679752349853516e+00
6.534222720000000262e-01 2.367850542068481445e+00
6.562585459999999982e-01 2.169675827026367188e+00
6.590948770000000234e-01 2.270572662353515625e+00
6.619312640000000192e-01 2.320446968078613281e+00
6.647677069999999855e-01 2.303527832031250000e+00
6.676042060000000333e-01 2.279420852661132812e+00
6.704407620000000234e-01 2.245856046676635742e+00
6.732773739999999840e-01 2.228387594223022461e+00
6.761140420000000262e-01 2.208489179611206055e+00
6.789507660000000389e-01 2.193059682846069336e+00
6.817875469999999938e-01 2.176232099533081055e+00
6.846243829999999475e-01 2.088084936141967773e+00
6.874612759999999545e-01 1.763678908348083496e+00
6.902982260000000148e-01 1.773585915565490723e+00
6.931352309999999628e-01 1.800590276718139648e+00
6.959722929999999641e-01 1.814920425415039062e+00
6.988094110000000470e-01 1.793658256530761719e+00
7.016465849999999893e-01 1.682592272758483887e+00
7.044838150000000132e-01 1.678390860557556152e+00
7.073211019999999793e-01 1.637229323387145996e+00
7.101584450000000270e-01 1.570757985115051270e+00
7.129958440000000452e-01 1.472565531730651855e+00
7.158332990000000340e-01 1.237041115760803223e+00
7.186708109999999650e-01 8.936842679977416992e-01
7.215083789999999775e-01 9.169008135795593262e-01
7.243460029999999605e-01 8.352525234222412109e-01
7.271836830000000251e-01 7.566590905189514160e-01
7.300214200000000320e-01 7.113101482391357422e-01
7.328592130000000093e-01 7.209532856941223145e-01
7.356970619999999572e-01 7.158909440040588379e-01
7.385349669999999866e-01 6.947467327117919922e-01
7.413729289999999583e-01 6.955097317695617676e-01
7.442109470000000115e-01 7.043128609657287598e-01
7.470490210000000353e-01 6.987469792366027832e-01
7.498871510000000296e-01 6.973943114280700684e-01
7.527253379999999661e-01 6.812397837638854980e-01
7.555635800000000124e-01 6.764319539070129395e-01
7.584018790000000010e-01 5.520433783531188965e-01
7.612402350000000428e-01 2.587305903434753418e-01
7.640786459999999725e-01 3.194627463817596436e-01
7.669171139999999554e-01 5.068773031234741211e-01
7.697556380000000198e-01 6.208322048187255859e-01
7.725942180000000548e-01 6.418783068656921387e-01
7.754328539999999492e-01 6.410489678382873535e-01
7.782715470000000080e-01 6.429876089096069336e-01
7.811102960000000373e-01 6.465349793434143066e-01
7.839491010000000371e-01 6.394559741020202637e-01
7.867879620000000074e-01 6.390208005905151367e-01
7.896268800000000310e-01 6.101177930831909180e-01
7.924658540000000251e-01 6.168549656867980957e-01
7.953048839999999897e-01 6.239901185035705566e-01
7.981439700000000359e-01 6.206010580062866211e-01
8.009831130000000243e-01 6.203625798225402832e-01
8.038223119999999833e-01 6.193225383758544922e-01
8.066615670000000238e-01 6.330638527870178223e-01
8.095008780000000348e-01 6.142704486846923828e-01
8.123402459999999881e-01 5.437519550323486328e-01
8.151796700000000229e-01 4.435289502143859863e-01
8.180191500000000282e-01 4.276611208915710449e-01
8.208586860000000041e-01 4.434624314308166504e-01
8.236982790000000332e-01 4.132259786128997803e-01
8.265379269999999501e-01 4.297486245632171631e-01
8.293776320000000313e-01 3.846608102321624756e-01
8.322173940000000547e-01 3.663288056850433350e-01
8.350572109999999659e-01 3.721053898334503174e-01
8.378970850000000414e-01 3.816780745983123779e-01
8.407370149999999764e-01 3.847745060920715332e-01
8.435770009999999930e-01 3.824157416820526123e-01
8.464170429999999801e-01 3.790699243545532227e-01
8.492571420000000204e-01 3.561538159847259521e-01
8.520972970000000313e-01 3.407106399536132812e-01
8.549375080000000127e-01 3.254462480545043945e-01
8.577777749999999646e-01 3.473508954048156738e-01
8.606180989999999698e-01 3.463017940521240234e-01
8.634584789999999455e-01 3.395447134971618652e-01
8.662989150000000027e-01 3.032052218914031982e-01
8.691394070000000305e-01 3.158001303672790527e-01
8.719799560000000005e-01 3.143784403800964355e-01
8.748205610000000521e-01 3.082841932773590088e-01
8.776612219999999631e-01 3.003072738647460938e-01
8.805019389999999557e-01 2.895366251468658447e-01
8.833427130000000016e-01 2.884530723094940186e-01
8.861835430000000180e-01 2.730132043361663818e-01
8.890244290000000049e-01 2.691619992256164551e-01
8.918653709999999624e-01 2.540939748287200928e-01
8.947063699999999731e-01 2.142289131879806519e-01
8.975474239999999826e-01 1.688008606433868408e-01
9.003885350000000454e-01 1.519437581300735474e-01
9.032297030000000504e-01 1.789688616991043091e-01
9.060709260000000542e-01 1.735816299915313721e-01
9.089122060000000003e-01 1.469819098711013794e-01
9.117535420000000279e-01 1.421916931867599487e-01
9.145949340000000261e-01 1.338168829679489136e-01
9.174363819999999947e-01 1.331853121519088745e-01
9.202778870000000166e-01 1.548407971858978271e-01
9.231194480000000091e-01 1.452190130949020386e-01
9.259610649999999721e-01 1.354764401912689209e-01
9.288027380000000166e-01 9.526098519563674927e-02
9.316444680000000034e-01 5.123868212103843689e-02
9.344862539999999607e-01 2.938516438007354736e-02
9.373280959999999995e-01 3.483083471655845642e-02
9.401699940000000089e-01 5.364830791950225830e-02
9.430119489999999605e-01 4.219646006822586060e-02
9.458539599999999936e-01 4.229330644011497498e-02
9.486960269999999973e-01 4.513875767588615417e-02
9.515381499999999715e-01 3.979218378663063049e-02
9.543803299999999989e-01 4.758695140480995178e-02
9.572225659999999969e-01 5.250063911080360413e-02
9.600648579999999654e-01 5.153804644942283630e-02
9.629072060000000155e-01 5.704960599541664124e-02
9.657496110000000078e-01 7.050088047981262207e-02
9.685920709999999989e-01 8.901269733905792236e-02
9.714345880000000433e-01 9.508395940065383911e-02
9.742771620000000299e-01 8.111386746168136597e-02
9.771197910000000153e-01 8.596171438694000244e-02
9.799624770000000540e-01 9.298535436391830444e-02
9.828052189999999522e-01 1.009309664368629456e-01
9.856480170000000429e-01 1.036854311823844910e-01
9.884908709999999932e-01 1.157826930284500122e-01
9.913337819999999967e-01 1.098165810108184814e-01
9.941767489999999707e-01 1.082423701882362366e-01
9.970197720000000263e-01 1.095488667488098145e-01
9.998628510000000524e-01 1.139876544475555420e-01
1.002705986999999910e+00 1.063654869794845581e-01
1.005549178999999960e+00 1.113364771008491516e-01
1.008392426999999980e+00 1.038531884551048279e-01
1.011235730999999971e+00 1.118298247456550598e-01
1.014079092000000015e+00 1.072741895914077759e-01
1.016922509000000030e+00 1.146954372525215149e-01
1.019765982000000015e+00 1.147383823990821838e-01
1.022609510999999971e+00 1.094501391053199768e-01
1.025453096999999980e+00 1.119141131639480591e-01
1.028296738999999960e+00 1.009926199913024902e-01
1.031140436999999910e+00 1.066978275775909424e-01
1.033984191000000052e+00 1.201717033982276917e-01
1.036828002000000026e+00 1.133190765976905823e-01
1.039671868000000110e+00 1.110235974192619324e-01
1.042515791000000025e+00 1.149450168013572693e-01
1.045359770999999993e+00 1.070036441087722778e-01
