3.615872339999999796e-01 1.256502509117126465e+00
3.644177160000000026e-01 1.482915401458740234e+00
3.672482539999999962e-01 1.559972405433654785e+00
3.700788480000000158e-01 1.572411417961120605e+00
3.729094980000000059e-01 1.428447127342224121e+00
3.757402049999999938e-01 1.488952875137329102e+00
3.785709680000000077e-01 1.659584641456604004e+00
3.814017869999999921e-01 1.415111780166625977e+00
3.842326620000000026e-01 1.318730711936950684e+00
3.870635940000000108e-01 1.432779192924499512e+00
3.898945819999999896e-01 1.602916955947875977e+00
3.927256259999999943e-01 1.406512141227722168e+00
3.955567260000000251e-01 1.451721191406250000e+00
3.983878829999999982e-01 1.835595130920410156e+00
4.012190950000000256e-01 2.277344942092895508e+00
4.040503639999999952e-01 2.252080202102661133e+00
4.068816900000000181e-01 2.232980012893676758e+00
4.097130709999999842e-01 2.274495363235473633e+00
4.125445090000000037e-01 2.369667768478393555e+00
4.153760029999999936e-01 2.378794193267822266e+00
4.182075530000000096e-01 2.349847316741943359e+00
4.210391589999999962e-01 2.333114147186279297e+00
4.238708219999999804e-01 2.317738294601440430e+00
4.267025409999999908e-01 2.231285572052001953e+00
4.295343160000000271e-01 2.037387609481811523e+00
4.323661469999999785e-01 2.177098035812377930e+00
4.351980349999999831e-01 2.374055862426757812e+00
4.380299790000000137e-01 2.422878026962280273e+00
4.408619790000000149e-01 2.477448701858520508e+00
4.436940349999999866e-01 2.637044191360473633e+00
4.465261480000000116e-01 2.652740001678466797e+00
4.493583170000000071e-01 2.802600860595703125e+00
4.521905419999999731e-01 2.833173990249633789e+00
4.550228230000000207e-01 2.802347898483276367e+00
4.578551610000000105e-01 2.857684373855590820e+00
4.606875550000000263e-01 2.884972810745239258e+00
4.635200050000000127e-01 2.918273687362670898e+00
4.663525110000000251e-01 2.853308677673339844e+00
4.691850739999999798e-01 2.856907606124877930e+00
4.720176919999999887e-01 2.888336181640625000e+00
4.748503669999999954e-01 2.943861961364746094e+00
4.776830989999999999e-01 2.959152460098266602e+00
4.805158860000000032e-01 3.030581951141357422e+00
4.833487300000000042e-01 3.023252248764038086e+00
4.861816299999999758e-01 2.768542051315307617e+00
4.890145859999999733e-01 2.885352849960327148e+00
4.918475979999999970e-01 2.967255353927612305e+00
4.946806670000000183e-01 3.032284259796142578e+00
4.975137920000000102e-01 3.043476581573486328e+00
5.003469729999999727e-01 2.966720581054687500e+00
5.031802100000000166e-01 2.961481809616088867e+00
5.060135040000000028e-01 3.048365354537963867e+00
5.088468539999999596e-01 3.054917812347412109e+00
5.116802599999999979e-01 3.094142675399780273e+00
5.145137220000000067e-01 3.024901866912841797e+00
5.173472409999999577e-01 2.871046781539916992e+00
5.201808159999999903e-01 3.002245903015136719e+00
5.230144469999999934e-01 3.129039525985717773e+00
5.258481339999999671e-01 3.144222259521484375e+00
5.286818779999999940e-01 3.183959960937500000e+00
5.315156779999999914e-01 3.289380550384521484e+00
5.343495339999999594e-01 3.279365062713623047e+00
5.371834460000000089e-01 3.322693109512329102e+00
5.400174150000000006e-01 3.267715215682983398e+00
5.428514389999999912e-01 3.292046308517456055e+00
5.456855200000000350e-01 3.348465442657470703e+00
5.485196580000000210e-01 3.362291574478149414e+00
5.513538510000000059e-01 3.400015830993652344e+00
5.541881010000000440e-01 3.420073986053466797e+00
5.570224070000000527e-01 3.392864465713500977e+00
5.598567690000000319e-01 3.345321893692016602e+00
5.626911869999999816e-01 3.391099929809570312e+00
5.655256619999999845e-01 3.383628129959106445e+00
5.683601929999999580e-01 3.356189012527465820e+00
5.711947800000000131e-01 3.325372219085693359e+00
5.740294230000000386e-01 3.376151800155639648e+00
5.768641230000000064e-01 3.348779201507568359e+00
5.796988789999999447e-01 3.354524612426757812e+00
5.825336909999999646e-01 3.440777063369750977e+00
5.853685589999999550e-01 3.404449701309204102e+00
5.882034839999999987e-01 3.178210973739624023e+00
5.910384650000000129e-01 3.048930883407592773e+00
5.938735019999999976e-01 3.108554840087890625e+00
5.967085949999999528e-01 3.092911243438720703e+00
5.995437449999999613e-01 3.071158885955810547e+00
6.023789510000000513e-01 3.035535573959350586e+00
6.052142130000000009e-01 3.060227394104003906e+00
6.080495310000000320e-01 3.000171899795532227e+00
6.108849060000000053e-01 2.898889541625976562e+00
6.137203359999999774e-01 2.836591482162475586e+00
6.165558230000000028e-01 2.806896448135375977e+00
6.193913669999999705e-01 2.878424167633056641e+00
6.222269660000000480e-01 2.872760772705078125e+00
6.250626219999999567e-01 2.801199197769165039e+00
6.278983339999999469e-01 2.724708557128906250e+00
6.307341020000000187e-01 2.710517644882202148e+00
6.335699259999999500e-01 2.744288921356201172e+00
6.364058070000000455e-01 2.767746210098266602e+00
6.392417440000000006e-01 2.776977539062500000e+00
6.420777370000000372e-01 2.745143413543701172e+00
6.449137860000000444e-01 2.715533018112182617e+00
6.477498919999999938e-01 2.599542856216430664e+00
6.505860540000000247e-01 2.585034132003784180e+00
6.534222720000000262e-01 2.570945501327514648e+00
6.562585459999999982e-01 2.368103742599487305e+00
6.590948770000000234e-01 2.474994421005249023e+00
6.619312640000000192e-01 2.550162076950073242e+00
6.647677069999999855e-01 2.523468255996704102e+00
6.676042060000000333e-01 2.499444246292114258e+00
6.704407620000000234e-01 2.472648620605468750e+00
6.732773739999999840e-01 2.448235988616943359e+00
6.761140420000000262e-01 2.441285371780395508e+00
6.789507660000000389e-01 2.419428825378417969e+00
6.817875469999999938e-01 2.399029970169067383e+00
6.846243829999999475e-01 2.312114000320434570e+00
6.874612759999999545e-01 1.943114519119262695e+00
6.902982260000000148e-01 1.971639871597290039e+00
6.931352309999999628e-01 2.011674404144287109e+00
6.959722929999999641e-01 2.033023834228515625e+00
6.988094110000000470e-01 2.016452312469482422e+00
7.016465849999999893e-01 1.912650108337402344e+00
7.044838150000000132e-01 1.905840039253234863e+00
7.073211019999999793e-01 1.882419466972351074e+00
7.101584450000000270e-01 1.814887642860412598e+00
7.129958440000000452e-01 1.710002183914184570e+00
7.158332990000000340e-01 1.455963373184204102e+00
7.186708109999999650e-01 1.069103598594665527e+00
7.215083789999999775e-01 1.101993918418884277e+00
7.243460029999999605e-01 1.012735724449157715e+00
7.271836830000000251e-01 9.142202734947204590e-01
7.300214200000000320e-01 8.617410063743591309e-01
7.328592130000000093e-01 8.811773061752319336e-01
7.356970619999999572e-01 8.709781765937805176e-01
7.385349669999999866e-01 8.527766466140747070e-01
7.413729289999999583e-01 8.541646003723144531e-01
7.442109470000000115e-01 8.684784770011901855e-01
7.470490210000000353e-01 8.710413575172424316e-01
7.498871510000000296e-01 8.583599925041198730e-01
7.527253379999999661e-01 8.446719646453857422e-01
7.555635800000000124e-01 8.342879414558410645e-01
7.584018790000000010e-01 6.880097985267639160e-01
7.612402350000000428e-01 3.292579650878906250e-01
7.640786459999999725e-01 3.941576778888702393e-01
7.669171139999999554e-01 6.281140446662902832e-01
7.697556380000000198e-01 7.683254480361938477e-01
7.725942180000000548e-01 8.004857897758483887e-01
7.754328539999999492e-01 8.048281073570251465e-01
7.782715470000000080e-01 8.009719252586364746e-01
7.811102960000000373e-01 8.085260987281799316e-01
7.839491010000000371e-01 8.086449503898620605e-01
7.867879620000000074e-01 7.975215911865234375e-01
7.896268800000000310e-01 7.737164497375488281e-01
7.924658540000000251e-01 7.830591201782226562e-01
7.953048839999999897e-01 7.885743975639343262e-01
7.981439700000000359e-01 7.975803613662719727e-01
8.009831130000000243e-01 7.879720330238342285e-01
8.038223119999999833e-01 7.903428077697753906e-01
8.066615670000000238e-01 8.088631629943847656e-01
8.095008780000000348e-01 7.755297422409057617e-01
8.123402459999999881e-01 6.916164159774780273e-01
8.151796700000000229e-01 5.649153590202331543e-01
8.180191500000000282e-01 5.372346043586730957e-01
8.208586860000000041e-01 5.647300481796264648e-01
8.236982790000000332e-01 5.267456769943237305e-01
8.265379269999999501e-01 5.491394996643066406e-01
8.293776320000000313e-01 4.855256974697113037e-01
8.322173940000000547e-01 4.673489630222320557e-01
8.350572109999999659e-01 4.742881655693054199e-01
8.378970850000000414e-01 4.804717600345611572e-01
8.407370149999999764e-01 4.859623014926910400e-01
8.435770009999999930e-01 4.834351241588592529e-01
8.464170429999999801e-01 4.757355451583862305e-01
8.492571420000000204e-01 4.531883597373962402e-01
8.520972970000000313e-01 4.358694255352020264e-01
8.549375080000000127e-01 4.109069705009460449e-01
8.577777749999999646e-01 4.343518018722534180e-01
8.606180989999999698e-01 4.356327056884765625e-01
8.634584789999999455e-01 4.196676313877105713e-01
8.662989150000000027e-01 3.865180313587188721e-01
8.691394070000000305e-01 3.963781297206878662e-01
8.719799560000000005e-01 3.942196369171142578e-01
8.748205610000000521e-01 3.862170875072479248e-01
8.776612219999999631e-01 3.753228187561035156e-01
8.805019389999999557e-01 3.649275600910186768e-01
8.833427130000000016e-01 3.516229987144470215e-01
8.861835430000000180e-01 3.455688655376434326e-01
8.890244290000000049e-01 3.335382044315338135e-01
8.918653709999999624e-01 3.158585429191589355e-01
8.947063699999999731e-01 2.681009173393249512e-01
8.975474239999999826e-01 2.082944363355636597e-01
9.003885350000000454e-01 1.913036853075027466e-01
9.032297030000000504e-01 2.243574559688568115e-01
9.060709260000000542e-01 2.225399762392044067e-01
9.089122060000000003e-01 1.790679693222045898e-01
9.117535420000000279e-01 1.778618991374969482e-01
9.145949340000000261e-01 1.671019196510314941e-01
9.174363819999999947e-01 1.621756553649902344e-01
9.202778870000000166e-01 1.917369514703750610e-01
9.231194480000000091e-01 1.779969930648803711e-01
9.259610649999999721e-01 1.624436974525451660e-01
9.288027380000000166e-01 1.164246574044227600e-01
9.316444680000000034e-01 6.432496011257171631e-02
9.344862539999999607e-01 4.107605293393135071e-02
9.373280959999999995e-01 4.255341365933418274e-02
9.401699940000000089e-01 5.996383354067802429e-02
9.430119489999999605e-01 5.258180201053619385e-02
9.458539599999999936e-01 5.143908411264419556e-02
9.486960269999999973e-01 5.319768190383911133e-02
9.515381499999999715e-01 5.548617988824844360e-02
9.543803299999999989e-01 5.563728138804435730e-02
9.572225659999999969e-01 6.098034605383872986e-02
9.600648579999999654e-01 6.186126917600631714e-02
9.629072060000000155e-01 6.930279731750488281e-02
9.657496110000000078e-01 7.807685434818267822e-02
9.685920709999999989e-01 9.808822721242904663e-02
9.714345880000000433e-01 1.071224883198738098e-01
9.742771620000000299e-01 9.716872125864028931e-02
9.771197910000000153e-01 1.006579846143722534e-01
9.799624770000000540e-01 1.057071313261985779e-01
9.828052189999999522e-01 1.146921291947364807e-01
9.856480170000000429e-01 1.262621581554412842e-01
9.884908709999999932e-01 1.253308355808258057e-01
9.913337819999999967e-01 1.251446902751922607e-01
9.941767489999999707e-01 1.333497315645217896e-01
9.970197720000000263e-01 1.344715654850006104e-01
9.998628510000000524e-01 1.309949904680252075e-01
1.002705986999999910e+00 1.285922676324844360e-01
1.005549178999999960e+00 1.311650723218917847e-01
1.008392426999999980e+00 1.347260624170303345e-01
1.011235730999999971e+00 1.276760250329971313e-01
1.014079092000000015e+00 1.310287714004516602e-01
1.016922509000000030e+00 1.343635171651840210e-01
1.019765982000000015e+00 1.362125873565673828e-01
1.022609510999999971e+00 1.306324154138565063e-01
1.025453096999999980e+00 1.365915685892105103e-01
1.028296738999999960e+00 1.341718733310699463e-01
1.031140436999999910e+00 1.343929916620254517e-01
1.033984191000000052e+00 1.446191072463989258e-01
1.036828002000000026e+00 1.328482627868652344e-01
1.039671868000000110e+00 1.344737708568572998e-01
1.042515791000000025e+00 1.348009854555130005e-01
1.045359770999999993e+00 1.467576920986175537e-01
