3.615872339999999796e-01 1.295214772224426270e+00
3.644177160000000026e-01 1.462958216667175293e+00
3.672482539999999962e-01 1.580844759941101074e+00
3.700788480000000158e-01 1.559845685958862305e+00
3.729094980000000059e-01 1.395802736282348633e+00
3.757402049999999938e-01 1.474556207656860352e+00
3.785709680000000077e-01 1.625197172164916992e+00
3.814017869999999921e-01 1.397885560989379883e+00
3.842326620000000026e-01 1.297876596450805664e+00
3.870635940000000108e-01 1.439931392669677734e+00
3.898945819999999896e-01 1.577300071716308594e+00
3.927256259999999943e-01 1.394048929214477539e+00
3.955567260000000251e-01 1.439494609832763672e+00
3.983878829999999982e-01 1.836584448814392090e+00
4.012190950000000256e-01 2.236259698867797852e+00
4.040503639999999952e-01 2.227349758148193359e+00
4.068816900000000181e-01 2.197534561157226562e+00
4.097130709999999842e-01 2.245664119720458984e+00
4.125445090000000037e-01 2.347787380218505859e+00
4.153760029999999936e-01 2.352172374725341797e+00
4.182075530000000096e-01 2.274493217468261719e+00
4.210391589999999962e-01 2.287640333175659180e+00
4.238708219999999804e-01 2.243525981903076172e+00
4.267025409999999908e-01 2.225949287414550781e+00
4.295343160000000271e-01 2.002694606781005859e+00
4.323661469999999785e-01 2.125167369842529297e+00
4.351980349999999831e-01 2.329514026641845703e+00
4.380299790000000137e-01 2.355193138122558594e+00
4.408619790000000149e-01 2.440845012664794922e+00
4.436940349999999866e-01 2.580971717834472656e+00
4.465261480000000116e-01 2.588399171829223633e+00
4.493583170000000071e-01 2.735918283462524414e+00
4.521905419999999731e-01 2.756526470184326172e+00
4.550228230000000207e-01 2.740447521209716797e+00
4.578551610000000105e-01 2.798475265502929688e+00
4.606875550000000263e-01 2.807948350906372070e+00
4.635200050000000127e-01 2.831676006317138672e+00
4.663525110000000251e-01 2.778705596923828125e+00
4.691850739999999798e-01 2.763289451599121094e+00
4.720176919999999887e-01 2.803688049316406250e+00
4.748503669999999954e-01 2.862475872039794922e+00
4.776830989999999999e-01 2.880577564239501953e+00
4.805158860000000032e-01 2.939631700515747070e+00
4.833487300000000042e-01 2.911903142929077148e+00
4.861816299999999758e-01 2.684746026992797852e+00
4.890145859999999733e-01 2.796164751052856445e+00
4.918475979999999970e-01 2.871272563934326172e+00
4.946806670000000183e-01 2.936153888702392578e+00
4.975137920000000102e-01 2.960875034332275391e+00
5.003469729999999727e-01 2.862673521041870117e+00
5.031802100000000166e-01 2.855565786361694336e+00
5.060135040000000028e-01 2.944919347763061523e+00
5.088468539999999596e-01 2.954482316970825195e+00
5.116802599999999979e-01 2.972156286239624023e+00
5.145137220000000067e-01 2.913053035736083984e+00
5.173472409999999577e-01 2.762944459915161133e+00
5.201808159999999903e-01 2.882311820983886719e+00
5.230144469999999934e-01 2.999876260757446289e+00
5.258481339999999671e-01 3.002619028091430664e+00
5.286818779999999940e-01 3.041270256042480469e+00
5.315156779999999914e-01 3.156632184982299805e+00
5.343495339999999594e-01 3.132906198501586914e+00
5.371834460000000089e-01 3.184384584426879883e+00
5.400174150000000006e-01 3.129790067672729492e+00
5.428514389999999912e-01 3.141493082046508789e+00
5.456855200000000350e-01 3.195855140686035156e+00
5.485196580000000210e-01 3.212167978286743164e+00
5.513538510000000059e-01 3.232531070709228516e+00
5.541881010000000440e-01 3.262418985366821289e+00
5.570224070000000527e-01 3.221582651138305664e+00
5.598567690000000319e-01 3.188596010208129883e+00
5.626911869999999816e-01 3.231679677963256836e+00
5.655256619999999845e-01 3.230800867080688477e+00
5.683601929999999580e-01 3.189208269119262695e+00
5.711947800000000131e-01 3.159198045730590820e+00
5.740294230000000386e-01 3.201005935668945312e+00
5.768641230000000064e-01 3.162537574768066406e+00
5.796988789999999447e-01 3.181746482849121094e+00
5.825336909999999646e-01 3.251059055328369141e+00
5.853685589999999550e-01 3.200658321380615234e+00
5.882034839999999987e-01 2.983724117279052734e+00
5.910384650000000129e-01 2.857766151428222656e+00
5.938735019999999976e-01 2.896926879882812500e+00
5.967085949999999528e-01 2.879766702651977539e+00
5.995437449999999613e-01 2.826859474182128906e+00
6.023789510000000513e-01 2.791555643081665039e+00
6.052142130000000009e-01 2.794881820678710938e+00
6.080495310000000320e-01 2.746100902557373047e+00
6.108849060000000053e-01 2.643877029418945312e+00
6.137203359999999774e-01 2.579512596130371094e+00
6.165558230000000028e-01 2.556422233581542969e+00
6.193913669999999705e-01 2.619258403778076172e+00
6.222269660000000480e-01 2.599603176116943359e+00
6.250626219999999567e-01 2.533412456512451172e+00
6.278983339999999469e-01 2.473518848419189453e+00
6.307341020000000187e-01 2.447012662887573242e+00
6.335699259999999500e-01 2.473326683044433594e+00
6.364058070000000455e-01 2.501456737518310547e+00
6.392417440000000006e-01 2.506036758422851562e+00
6.420777370000000372e-01 2.471399068832397461e+00
6.449137860000000444e-01 2.435699462890625000e+00
6.477498919999999938e-01 2.315160751342773438e+00
6.505860540000000247e-01 2.312985420227050781e+00
6.534222720000000262e-01 2.294700622558593750e+00
6.562585459999999982e-01 2.113184452056884766e+00
6.590948770000000234e-01 2.203066587448120117e+00
6.619312640000000192e-01 2.257371902465820312e+00
6.647677069999999855e-01 2.235809326171875000e+00
6.676042060000000333e-01 2.216751575469970703e+00
6.704407620000000234e-01 2.189418077468872070e+00
6.732773739999999840e-01 2.164551734924316406e+00
6.761140420000000262e-01 2.156708002090454102e+00
6.789507660000000389e-01 2.130263090133666992e+00
6.817875469999999938e-01 2.110492229461669922e+00
6.846243829999999475e-01 2.032231569290161133e+00
6.874612759999999545e-01 1.699511885643005371e+00
6.902982260000000148e-01 1.712690949440002441e+00
6.931352309999999628e-01 1.748710036277770996e+00
6.959722929999999641e-01 1.743917465209960938e+00
6.988094110000000470e-01 1.719559431076049805e+00
7.016465849999999893e-01 1.618681430816650391e+00
7.044838150000000132e-01 1.613196611404418945e+00
7.073211019999999793e-01 1.568028926849365234e+00
7.101584450000000270e-01 1.498615026473999023e+00
7.129958440000000452e-01 1.403173565864562988e+00
7.158332990000000340e-01 1.184306383132934570e+00
7.186708109999999650e-01 8.572190403938293457e-01
7.215083789999999775e-01 8.813778758049011230e-01
7.243460029999999605e-01 8.002910017967224121e-01
7.271836830000000251e-01 7.221133708953857422e-01
7.300214200000000320e-01 6.723800301551818848e-01
7.328592130000000093e-01 6.852282881736755371e-01
7.356970619999999572e-01 6.806029081344604492e-01
7.385349669999999866e-01 6.602634787559509277e-01
7.413729289999999583e-01 6.642749905586242676e-01
7.442109470000000115e-01 6.667330265045166016e-01
7.470490210000000353e-01 6.691718697547912598e-01
7.498871510000000296e-01 6.569857597351074219e-01
7.527253379999999661e-01 6.504642963409423828e-01
7.555635800000000124e-01 6.345969438552856445e-01
7.584018790000000010e-01 5.319203734397888184e-01
7.612402350000000428e-01 2.497671097517013550e-01
7.640786459999999725e-01 3.028373122215270996e-01
7.669171139999999554e-01 4.843581020832061768e-01
7.697556380000000198e-01 5.799263715744018555e-01
7.725942180000000548e-01 6.078582406044006348e-01
7.754328539999999492e-01 6.097148060798645020e-01
7.782715470000000080e-01 6.098074316978454590e-01
7.811102960000000373e-01 6.155936121940612793e-01
7.839491010000000371e-01 6.134440302848815918e-01
7.867879620000000074e-01 6.052333116531372070e-01
7.896268800000000310e-01 5.822405815124511719e-01
7.924658540000000251e-01 5.824590921401977539e-01
7.953048839999999897e-01 5.879525542259216309e-01
7.981439700000000359e-01 5.934792160987854004e-01
8.009831130000000243e-01 5.897911190986633301e-01
8.038223119999999833e-01 5.929039716720581055e-01
8.066615670000000238e-01 6.016070842742919922e-01
8.095008780000000348e-01 5.752998590469360352e-01
8.123402459999999881e-01 5.194657444953918457e-01
8.151796700000000229e-01 4.230063855648040771e-01
8.180191500000000282e-01 4.017730951309204102e-01
8.208586860000000041e-01 4.236954450607299805e-01
8.236982790000000332e-01 3.907135128974914551e-01
8.265379269999999501e-01 4.072086513042449951e-01
8.293776320000000313e-01 3.646192848682403564e-01
8.322173940000000547e-01 3.517364561557769775e-01
8.350572109999999659e-01 3.559204638004302979e-01
8.378970850000000414e-01 3.650833666324615479e-01
8.407370149999999764e-01 3.700801730155944824e-01
8.435770009999999930e-01 3.582848906517028809e-01
8.464170429999999801e-01 3.624940812587738037e-01
8.492571420000000204e-01 3.416754603385925293e-01
8.520972970000000313e-01 3.277387320995330811e-01
8.549375080000000127e-01 3.065304756164550781e-01
8.577777749999999646e-01 3.339635729789733887e-01
8.606180989999999698e-01 3.280394077301025391e-01
8.634584789999999455e-01 3.189217150211334229e-01
8.662989150000000027e-01 2.940403223037719727e-01
8.691394070000000305e-01 2.955522835254669189e-01
8.719799560000000005e-01 2.978218197822570801e-01
8.748205610000000521e-01 2.907593250274658203e-01
8.776612219999999631e-01 2.823105454444885254e-01
8.805019389999999557e-01 2.682604789733886719e-01
8.833427130000000016e-01 2.657446265220642090e-01
8.861835430000000180e-01 2.574917674064636230e-01
8.890244290000000049e-01 2.551882266998291016e-01
8.918653709999999624e-01 2.394842505455017090e-01
8.947063699999999731e-01 2.025133222341537476e-01
8.975474239999999826e-01 1.677691042423248291e-01
9.003885350000000454e-01 1.482326984405517578e-01
9.032297030000000504e-01 1.689702868461608887e-01
9.060709260000000542e-01 1.695868223905563354e-01
9.089122060000000003e-01 1.385288089513778687e-01
9.117535420000000279e-01 1.398818194866180420e-01
9.145949340000000261e-01 1.324128508567810059e-01
9.174363819999999947e-01 1.272009164094924927e-01
9.202778870000000166e-01 1.444665044546127319e-01
9.231194480000000091e-01 1.357719153165817261e-01
9.259610649999999721e-01 1.299617290496826172e-01
9.288027380000000166e-01 8.987291157245635986e-02
9.316444680000000034e-01 5.129108950495719910e-02
9.344862539999999607e-01 2.903703227639198303e-02
9.373280959999999995e-01 3.425582125782966614e-02
9.401699940000000089e-01 5.131273344159126282e-02
9.430119489999999605e-01 4.292984306812286377e-02
9.458539599999999936e-01 3.758657351136207581e-02
9.486960269999999973e-01 4.330142587423324585e-02
9.515381499999999715e-01 4.140845313668251038e-02
9.543803299999999989e-01 4.268676042556762695e-02
9.572225659999999969e-01 5.097754672169685364e-02
9.600648579999999654e-01 5.076239258050918579e-02
9.629072060000000155e-01 5.497371777892112732e-02
9.657496110000000078e-01 6.453961133956909180e-02
9.685920709999999989e-01 8.190198987722396851e-02
9.714345880000000433e-01 8.377842605113983154e-02
9.742771620000000299e-01 7.593250274658203125e-02
9.771197910000000153e-01 8.104574680328369141e-02
9.799624770000000540e-01 8.569813519716262817e-02
9.828052189999999522e-01 9.449150413274765015e-02
9.856480170000000429e-01 9.831926971673965454e-02
9.884908709999999932e-01 1.041933074593544006e-01
9.913337819999999967e-01 1.016246601939201355e-01
9.941767489999999707e-01 1.067722588777542114e-01
9.970197720000000263e-01 1.073605269193649292e-01
9.998628510000000524e-01 1.053373292088508606e-01
1.002705986999999910e+00 1.042469739913940430e-01
1.005549178999999960e+00 1.020054668188095093e-01
1.008392426999999980e+00 1.036912202835083008e-01
1.011235730999999971e+00 1.015651747584342957e-01
1.014079092000000015e+00 1.085964590311050415e-01
1.016922509000000030e+00 1.014185696840286255e-01
1.019765982000000015e+00 9.893085062503814697e-02
1.022609510999999971e+00 1.061473786830902100e-01
1.025453096999999980e+00 1.070637255907058716e-01
1.028296738999999960e+00 1.102702990174293518e-01
1.031140436999999910e+00 1.061124056577682495e-01
1.033984191000000052e+00 1.086440309882164001e-01
1.036828002000000026e+00 1.039224117994308472e-01
1.039671868000000110e+00 1.039910614490509033e-01
1.042515791000000025e+00 1.019249036908149719e-01
1.045359770999999993e+00 1.062544584274291992e-01
