3.615872339999999796e-01 1.302243947982788086e+00
3.644177160000000026e-01 1.457041621208190918e+00
3.672482539999999962e-01 1.581311583518981934e+00
3.700788480000000158e-01 1.553839087486267090e+00
3.729094980000000059e-01 1.399210095405578613e+00
3.757402049999999938e-01 1.478843927383422852e+00
3.785709680000000077e-01 1.652605175971984863e+00
3.814017869999999921e-01 1.386531829833984375e+00
3.842326620000000026e-01 1.304975271224975586e+00
3.870635940000000108e-01 1.422825217247009277e+00
3.898945819999999896e-01 1.605503678321838379e+00
3.927256259999999943e-01 1.411991357803344727e+00
3.955567260000000251e-01 1.435328960418701172e+00
3.983878829999999982e-01 1.816808223724365234e+00
4.012190950000000256e-01 2.231032371520996094e+00
4.040503639999999952e-01 2.243770837783813477e+00
4.068816900000000181e-01 2.196428298950195312e+00
4.097130709999999842e-01 2.239639759063720703e+00
4.125445090000000037e-01 2.333863019943237305e+00
4.153760029999999936e-01 2.357070684432983398e+00
4.182075530000000096e-01 2.291289806365966797e+00
4.210391589999999962e-01 2.307750463485717773e+00
4.238708219999999804e-01 2.259529352188110352e+00
4.267025409999999908e-01 2.207466602325439453e+00
4.295343160000000271e-01 1.997663855552673340e+00
4.323661469999999785e-01 2.134383916854858398e+00
4.351980349999999831e-01 2.347192049026489258e+00
4.380299790000000137e-01 2.387665271759033203e+00
4.408619790000000149e-01 2.426465034484863281e+00
4.436940349999999866e-01 2.582355022430419922e+00
4.465261480000000116e-01 2.589667081832885742e+00
4.493583170000000071e-01 2.732615709304809570e+00
4.521905419999999731e-01 2.760370731353759766e+00
4.550228230000000207e-01 2.745540618896484375e+00
4.578551610000000105e-01 2.793121814727783203e+00
4.606875550000000263e-01 2.815367221832275391e+00
4.635200050000000127e-01 2.832159042358398438e+00
4.663525110000000251e-01 2.765721321105957031e+00
4.691850739999999798e-01 2.774161338806152344e+00
4.720176919999999887e-01 2.813446283340454102e+00
4.748503669999999954e-01 2.855986595153808594e+00
4.776830989999999999e-01 2.894386053085327148e+00
4.805158860000000032e-01 2.949710607528686523e+00
4.833487300000000042e-01 2.911560058593750000e+00
4.861816299999999758e-01 2.684602499008178711e+00
4.890145859999999733e-01 2.799611330032348633e+00
4.918475979999999970e-01 2.874664783477783203e+00
4.946806670000000183e-01 2.927104234695434570e+00
4.975137920000000102e-01 2.952632665634155273e+00
5.003469729999999727e-01 2.875108003616333008e+00
5.031802100000000166e-01 2.854403018951416016e+00
5.060135040000000028e-01 2.946307897567749023e+00
5.088468539999999596e-01 2.955862760543823242e+00
5.116802599999999979e-01 2.990811347961425781e+00
5.145137220000000067e-01 2.912180900573730469e+00
5.173472409999999577e-01 2.770240068435668945e+00
5.201808159999999903e-01 2.896047115325927734e+00
5.230144469999999934e-01 3.004719972610473633e+00
5.258481339999999671e-01 3.014301300048828125e+00
5.286818779999999940e-01 3.054397583007812500e+00
5.315156779999999914e-01 3.155853748321533203e+00
5.343495339999999594e-01 3.146665573120117188e+00
5.371834460000000089e-01 3.187119245529174805e+00
5.400174150000000006e-01 3.122793197631835938e+00
5.428514389999999912e-01 3.145081996917724609e+00
5.456855200000000350e-01 3.215021610260009766e+00
5.485196580000000210e-01 3.199692726135253906e+00
5.513538510000000059e-01 3.246127128601074219e+00
5.541881010000000440e-01 3.264289140701293945e+00
5.570224070000000527e-01 3.230845689773559570e+00
5.598567690000000319e-01 3.198680162429809570e+00
5.626911869999999816e-01 3.250548124313354492e+00
5.655256619999999845e-01 3.236061334609985352e+00
5.683601929999999580e-01 3.200505018234252930e+00
5.711947800000000131e-01 3.168469667434692383e+00
5.740294230000000386e-01 3.215618371963500977e+00
5.768641230000000064e-01 3.189810752868652344e+00
5.796988789999999447e-01 3.194324493408203125e+00
5.825336909999999646e-01 3.252467632293701172e+00
5.853685589999999550e-01 3.224494695663452148e+00
5.882034839999999987e-01 3.009423494338989258e+00
5.910384650000000129e-01 2.862191677093505859e+00
5.938735019999999976e-01 2.911084651947021484e+00
5.967085949999999528e-01 2.896518230438232422e+00
5.995437449999999613e-01 2.838011264801025391e+00
6.023789510000000513e-01 2.797497510910034180e+00
6.052142130000000009e-01 2.819434642791748047e+00
6.080495310000000320e-01 2.786045074462890625e+00
6.108849060000000053e-01 2.660342931747436523e+00
6.137203359999999774e-01 2.582751989364624023e+00
6.165558230000000028e-01 2.570950984954833984e+00
6.193913669999999705e-01 2.632460355758666992e+00
6.222269660000000480e-01 2.616288661956787109e+00
6.250626219999999567e-01 2.549645185470581055e+00
6.278983339999999469e-01 2.485633134841918945e+00
6.307341020000000187e-01 2.467420101165771484e+00
6.335699259999999500e-01 2.484143495559692383e+00
6.364058070000000455e-01 2.523016929626464844e+00
6.392417440000000006e-01 2.516485214233398438e+00
6.420777370000000372e-01 2.485153198242187500e+00
6.449137860000000444e-01 2.456396102905273438e+00
6.477498919999999938e-01 2.338857650756835938e+00
6.505860540000000247e-01 2.328785419464111328e+00
6.534222720000000262e-01 2.319354057312011719e+00
6.562585459999999982e-01 2.125614643096923828e+00
6.590948770000000234e-01 2.217452764511108398e+00
6.619312640000000192e-01 2.270672798156738281e+00
6.647677069999999855e-01 2.253966093063354492e+00
6.676042060000000333e-01 2.238193273544311523e+00
6.704407620000000234e-01 2.216621160507202148e+00
6.732773739999999840e-01 2.184144496917724609e+00
6.761140420000000262e-01 2.177248954772949219e+00
6.789507660000000389e-01 2.151815176010131836e+00
6.817875469999999938e-01 2.125493764877319336e+00
6.846243829999999475e-01 2.040608882904052734e+00
6.874612759999999545e-01 1.721301913261413574e+00
6.902982260000000148e-01 1.724971532821655273e+00
6.931352309999999628e-01 1.752227306365966797e+00
6.959722929999999641e-01 1.762809991836547852e+00
6.988094110000000470e-01 1.734018802642822266e+00
7.016465849999999893e-01 1.633688688278198242e+00
7.044838150000000132e-01 1.627133846282958984e+00
7.073211019999999793e-01 1.585420966148376465e+00
7.101584450000000270e-01 1.514604449272155762e+00
7.129958440000000452e-01 1.422188639640808105e+00
7.158332990000000340e-01 1.196483254432678223e+00
7.186708109999999650e-01 8.665454387664794922e-01
7.215083789999999775e-01 8.855613470077514648e-01
7.243460029999999605e-01 8.166810274124145508e-01
7.271836830000000251e-01 7.375583648681640625e-01
7.300214200000000320e-01 6.824246644973754883e-01
7.328592130000000093e-01 7.015008926391601562e-01
7.356970619999999572e-01 6.883701086044311523e-01
7.385349669999999866e-01 6.731387376785278320e-01
7.413729289999999583e-01 6.761540770530700684e-01
7.442109470000000115e-01 6.860870122909545898e-01
7.470490210000000353e-01 6.824711561203002930e-01
7.498871510000000296e-01 6.739502549171447754e-01
7.527253379999999661e-01 6.588184833526611328e-01
7.555635800000000124e-01 6.562087535858154297e-01
7.584018790000000010e-01 5.268192887306213379e-01
7.612402350000000428e-01 2.576472163200378418e-01
7.640786459999999725e-01 3.072704076766967773e-01
7.669171139999999554e-01 4.888518452644348145e-01
7.697556380000000198e-01 5.979028344154357910e-01
7.725942180000000548e-01 6.158885359764099121e-01
7.754328539999999492e-01 6.170907616615295410e-01
7.782715470000000080e-01 6.180490255355834961e-01
7.811102960000000373e-01 6.183489561080932617e-01
7.839491010000000371e-01 6.260113120079040527e-01
7.867879620000000074e-01 6.135802268981933594e-01
7.896268800000000310e-01 5.939151644706726074e-01
7.924658540000000251e-01 5.947971940040588379e-01
7.953048839999999897e-01 5.992443561553955078e-01
7.981439700000000359e-01 6.023889780044555664e-01
8.009831130000000243e-01 6.019179821014404297e-01
8.038223119999999833e-01 5.956135988235473633e-01
8.066615670000000238e-01 6.117329597473144531e-01
8.095008780000000348e-01 5.868710875511169434e-01
8.123402459999999881e-01 5.246919989585876465e-01
8.151796700000000229e-01 4.307838082313537598e-01
8.180191500000000282e-01 4.047202169895172119e-01
8.208586860000000041e-01 4.332121908664703369e-01
8.236982790000000332e-01 4.030911922454833984e-01
8.265379269999999501e-01 4.160898625850677490e-01
8.293776320000000313e-01 3.686938881874084473e-01
8.322173940000000547e-01 3.641535937786102295e-01
8.350572109999999659e-01 3.653748631477355957e-01
8.378970850000000414e-01 3.691467940807342529e-01
8.407370149999999764e-01 3.679460585117340088e-01
8.435770009999999930e-01 3.677119612693786621e-01
8.464170429999999801e-01 3.619897961616516113e-01
8.492571420000000204e-01 3.490517437458038330e-01
8.520972970000000313e-01 3.358723223209381104e-01
8.549375080000000127e-01 3.151911497116088867e-01
8.577777749999999646e-01 3.382596969604492188e-01
8.606180989999999698e-01 3.341356515884399414e-01
8.634584789999999455e-01 3.238480687141418457e-01
8.662989150000000027e-01 2.964964210987091064e-01
8.691394070000000305e-01 3.042262792587280273e-01
8.719799560000000005e-01 3.024528920650482178e-01
8.748205610000000521e-01 2.897805571556091309e-01
8.776612219999999631e-01 2.892252504825592041e-01
8.805019389999999557e-01 2.811184823513031006e-01
8.833427130000000016e-01 2.710685431957244873e-01
8.861835430000000180e-01 2.659329175949096680e-01
8.890244290000000049e-01 2.618899643421173096e-01
8.918653709999999624e-01 2.474641203880310059e-01
8.947063699999999731e-01 2.067937552928924561e-01
8.975474239999999826e-01 1.676553785800933838e-01
9.003885350000000454e-01 1.502860486507415771e-01
9.032297030000000504e-01 1.751415729522705078e-01
9.060709260000000542e-01 1.710470914840698242e-01
9.089122060000000003e-01 1.395798474550247192e-01
9.117535420000000279e-01 1.390994936227798462e-01
9.145949340000000261e-01 1.310572773218154907e-01
9.174363819999999947e-01 1.286808997392654419e-01
9.202778870000000166e-01 1.495011448860168457e-01
9.231194480000000091e-01 1.416481882333755493e-01
9.259610649999999721e-01 1.300909668207168579e-01
9.288027380000000166e-01 9.464616328477859497e-02
9.316444680000000034e-01 4.840910807251930237e-02
9.344862539999999607e-01 3.228921443223953247e-02
9.373280959999999995e-01 3.277073055505752563e-02
9.401699940000000089e-01 4.856317117810249329e-02
9.430119489999999605e-01 3.888463228940963745e-02
9.458539599999999936e-01 3.868515416979789734e-02
9.486960269999999973e-01 4.171328991651535034e-02
9.515381499999999715e-01 4.291915893554687500e-02
9.543803299999999989e-01 4.433225467801094055e-02
9.572225659999999969e-01 4.789949581027030945e-02
9.600648579999999654e-01 4.961235821247100830e-02
9.629072060000000155e-01 5.658671259880065918e-02
9.657496110000000078e-01 6.488446891307830811e-02
9.685920709999999989e-01 8.710251748561859131e-02
9.714345880000000433e-01 8.534643799066543579e-02
9.742771620000000299e-01 7.661265879869461060e-02
9.771197910000000153e-01 8.034189045429229736e-02
9.799624770000000540e-01 8.292206376791000366e-02
9.828052189999999522e-01 9.397129714488983154e-02
9.856480170000000429e-01 9.797656536102294922e-02
9.884908709999999932e-01 1.017689630389213562e-01
9.913337819999999967e-01 1.082688271999359131e-01
9.941767489999999707e-01 1.027190014719963074e-01
9.970197720000000263e-01 1.067732572555541992e-01
9.998628510000000524e-01 1.061236262321472168e-01
1.002705986999999910e+00 1.074342429637908936e-01
1.005549178999999960e+00 9.553840756416320801e-02
1.008392426999999980e+00 1.020392328500747681e-01
1.011235730999999971e+00 1.083885654807090759e-01
1.014079092000000015e+00 1.024233698844909668e-01
1.016922509000000030e+00 1.025047898292541504e-01
1.019765982000000015e+00 1.072963029146194458e-01
1.022609510999999971e+00 1.082850769162178040e-01
1.025453096999999980e+00 1.115821674466133118e-01
1.028296738999999960e+00 1.059872061014175415e-01
1.031140436999999910e+00 1.056301742792129517e-01
1.033984191000000052e+00 1.207333952188491821e-01
1.036828002000000026e+00 1.086876988410949707e-01
1.039671868000000110e+00 1.027280017733573914e-01
1.042515791000000025e+00 1.112467348575592041e-01
1.045359770999999993e+00 1.112969294190406799e-01
