3.615872339999999796e-01 1.248242616653442383e+00
3.644177160000000026e-01 1.423012733459472656e+00
3.672482539999999962e-01 1.554813385009765625e+00
3.700788480000000158e-01 1.560341596603393555e+00
3.729094980000000059e-01 1.375338315963745117e+00
3.757402049999999938e-01 1.482666254043579102e+00
3.785709680000000077e-01 1.631921172142028809e+00
3.814017869999999921e-01 1.384969353675842285e+00
3.842326620000000026e-01 1.292649865150451660e+00
3.870635940000000108e-01 1.405837416648864746e+00
3.898945819999999896e-01 1.591096520423889160e+00
3.927256259999999943e-01 1.391819715499877930e+00
3.955567260000000251e-01 1.414233088493347168e+00
3.983878829999999982e-01 1.787379622459411621e+00
4.012190950000000256e-01 2.239792108535766602e+00
4.040503639999999952e-01 2.214080333709716797e+00
4.068816900000000181e-01 2.165504455566406250e+00
4.097130709999999842e-01 2.248671293258666992e+00
4.125445090000000037e-01 2.332159996032714844e+00
4.153760029999999936e-01 2.335914134979248047e+00
4.182075530000000096e-01 2.282901525497436523e+00
4.210391589999999962e-01 2.285014390945434570e+00
4.238708219999999804e-01 2.262307405471801758e+00
4.267025409999999908e-01 2.204120397567749023e+00
4.295343160000000271e-01 2.001584768295288086e+00
4.323661469999999785e-01 2.125734090805053711e+00
4.351980349999999831e-01 2.321495294570922852e+00
4.380299790000000137e-01 2.355364799499511719e+00
4.408619790000000149e-01 2.411312818527221680e+00
4.436940349999999866e-01 2.556694269180297852e+00
4.465261480000000116e-01 2.597284317016601562e+00
4.493583170000000071e-01 2.727443695068359375e+00
4.521905419999999731e-01 2.739172935485839844e+00
4.550228230000000207e-01 2.719630002975463867e+00
4.578551610000000105e-01 2.776907444000244141e+00
4.606875550000000263e-01 2.790529012680053711e+00
4.635200050000000127e-01 2.813769578933715820e+00
4.663525110000000251e-01 2.757289409637451172e+00
4.691850739999999798e-01 2.754767656326293945e+00
4.720176919999999887e-01 2.793498992919921875e+00
4.748503669999999954e-01 2.837052345275878906e+00
4.776830989999999999e-01 2.872782230377197266e+00
4.805158860000000032e-01 2.925771713256835938e+00
4.833487300000000042e-01 2.892568349838256836e+00
4.861816299999999758e-01 2.672816991806030273e+00
4.890145859999999733e-01 2.787453413009643555e+00
4.918475979999999970e-01 2.860380649566650391e+00
4.946806670000000183e-01 2.917544126510620117e+00
4.975137920000000102e-01 2.931194067001342773e+00
5.003469729999999727e-01 2.845043420791625977e+00
5.031802100000000166e-01 2.833096027374267578e+00
5.060135040000000028e-01 2.921574115753173828e+00
5.088468539999999596e-01 2.937974214553833008e+00
5.116802599999999979e-01 2.968126773834228516e+00
5.145137220000000067e-01 2.900047063827514648e+00
5.173472409999999577e-01 2.725890874862670898e+00
5.201808159999999903e-01 2.865911006927490234e+00
5.230144469999999934e-01 2.994080066680908203e+00
5.258481339999999671e-01 2.982951641082763672e+00
5.286818779999999940e-01 3.034064769744873047e+00
5.315156779999999914e-01 3.136243343353271484e+00
5.343495339999999594e-01 3.120644807815551758e+00
5.371834460000000089e-01 3.167582511901855469e+00
5.400174150000000006e-01 3.107744455337524414e+00
5.428514389999999912e-01 3.121092557907104492e+00
5.456855200000000350e-01 3.183584928512573242e+00
5.485196580000000210e-01 3.198334693908691406e+00
5.513538510000000059e-01 3.217683315277099609e+00
5.541881010000000440e-01 3.257458448410034180e+00
5.570224070000000527e-01 3.214132308959960938e+00
5.598567690000000319e-01 3.167287111282348633e+00
5.626911869999999816e-01 3.217622995376586914e+00
5.655256619999999845e-01 3.211415529251098633e+00
5.683601929999999580e-01 3.173581123352050781e+00
5.711947800000000131e-01 3.159143209457397461e+00
5.740294230000000386e-01 3.193841934204101562e+00
5.768641230000000064e-01 3.169223308563232422e+00
5.796988789999999447e-01 3.172026872634887695e+00
5.825336909999999646e-01 3.233992338180541992e+00
5.853685589999999550e-01 3.192242383956909180e+00
5.882034839999999987e-01 2.984875440597534180e+00
5.910384650000000129e-01 2.833914041519165039e+00
5.938735019999999976e-01 2.897878170013427734e+00
5.967085949999999528e-01 2.867694854736328125e+00
5.995437449999999613e-01 2.825134038925170898e+00
6.023789510000000513e-01 2.787166118621826172e+00
6.052142130000000009e-01 2.800381898880004883e+00
6.080495310000000320e-01 2.736164569854736328e+00
6.108849060000000053e-01 2.585688829421997070e+00
6.137203359999999774e-01 2.537808179855346680e+00
6.165558230000000028e-01 2.537458181381225586e+00
6.193913669999999705e-01 2.612006902694702148e+00
6.222269660000000480e-01 2.606965065002441406e+00
6.250626219999999567e-01 2.523578166961669922e+00
6.278983339999999469e-01 2.463745117187500000e+00
6.307341020000000187e-01 2.448192119598388672e+00
6.335699259999999500e-01 2.477240324020385742e+00
6.364058070000000455e-01 2.496219158172607422e+00
6.392417440000000006e-01 2.504707336425781250e+00
6.420777370000000372e-01 2.472292184829711914e+00
6.449137860000000444e-01 2.440339803695678711e+00
6.477498919999999938e-01 2.314233064651489258e+00
6.505860540000000247e-01 2.308043956756591797e+00
6.534222720000000262e-01 2.300468206405639648e+00
6.562585459999999982e-01 2.099176883697509766e+00
6.590948770000000234e-01 2.202645540237426758e+00
6.619312640000000192e-01 2.260405778884887695e+00
6.647677069999999855e-01 2.234993696212768555e+00
6.676042060000000333e-01 2.220824480056762695e+00
6.704407620000000234e-01 2.194335937500000000e+00
6.732773739999999840e-01 2.176347017288208008e+00
6.761140420000000262e-01 2.147148132324218750e+00
6.789507660000000389e-01 2.138470411300659180e+00
6.817875469999999938e-01 2.113392114639282227e+00
6.846243829999999475e-01 2.041968345642089844e+00
6.874612759999999545e-01 1.687989115715026855e+00
6.902982260000000148e-01 1.710463523864746094e+00
6.931352309999999628e-01 1.737861752510070801e+00
6.959722929999999641e-01 1.745048761367797852e+00
6.988094110000000470e-01 1.722985625267028809e+00
7.016465849999999893e-01 1.617158412933349609e+00
7.044838150000000132e-01 1.616772413253784180e+00
7.073211019999999793e-01 1.572615504264831543e+00
7.101584450000000270e-01 1.509210944175720215e+00
7.129958440000000452e-01 1.407653808593750000e+00
7.158332990000000340e-01 1.182861566543579102e+00
7.186708109999999650e-01 8.532514572143554688e-01
7.215083789999999775e-01 8.754392862319946289e-01
7.243460029999999605e-01 8.024940490722656250e-01
7.271836830000000251e-01 7.223318815231323242e-01
7.300214200000000320e-01 6.755311489105224609e-01
7.328592130000000093e-01 6.797081828117370605e-01
7.356970619999999572e-01 6.778279542922973633e-01
7.385349669999999866e-01 6.644610762596130371e-01
7.413729289999999583e-01 6.653313636779785156e-01
7.442109470000000115e-01 6.671640276908874512e-01
7.470490210000000353e-01 6.662608385086059570e-01
7.498871510000000296e-01 6.552998423576354980e-01
7.527253379999999661e-01 6.508089303970336914e-01
7.555635800000000124e-01 6.431435346603393555e-01
7.584018790000000010e-01 5.287749171257019043e-01
7.612402350000000428e-01 2.435211241245269775e-01
7.640786459999999725e-01 2.973261177539825439e-01
7.669171139999999554e-01 4.787883758544921875e-01
7.697556380000000198e-01 5.854386091232299805e-01
7.725942180000000548e-01 6.050994992256164551e-01
7.754328539999999492e-01 6.084369421005249023e-01
7.782715470000000080e-01 6.112393140792846680e-01
7.811102960000000373e-01 6.079489588737487793e-01
7.839491010000000371e-01 6.132271289825439453e-01
7.867879620000000074e-01 6.005913019180297852e-01
7.896268800000000310e-01 5.853052139282226562e-01
7.924658540000000251e-01 5.825230479240417480e-01
7.953048839999999897e-01 5.907871127128601074e-01
7.981439700000000359e-01 5.966811180114746094e-01
8.009831130000000243e-01 5.924308300018310547e-01
8.038223119999999833e-01 5.821838974952697754e-01
8.066615670000000238e-01 5.992705225944519043e-01
8.095008780000000348e-01 5.837188959121704102e-01
8.123402459999999881e-01 5.185937881469726562e-01
8.151796700000000229e-01 4.248014688491821289e-01
8.180191500000000282e-01 4.059029221534729004e-01
8.208586860000000041e-01 4.288235306739807129e-01
8.236982790000000332e-01 3.939636945724487305e-01
8.265379269999999501e-01 4.085795879364013672e-01
8.293776320000000313e-01 3.631368577480316162e-01
8.322173940000000547e-01 3.513873815536499023e-01
8.350572109999999659e-01 3.584561049938201904e-01
8.378970850000000414e-01 3.624709248542785645e-01
8.407370149999999764e-01 3.676929175853729248e-01
8.435770009999999930e-01 3.633739650249481201e-01
8.464170429999999801e-01 3.617276251316070557e-01
8.492571420000000204e-01 3.401594460010528564e-01
8.520972970000000313e-01 3.296052217483520508e-01
8.549375080000000127e-01 3.089023828506469727e-01
8.577777749999999646e-01 3.273145556449890137e-01
8.606180989999999698e-01 3.204829692840576172e-01
8.634584789999999455e-01 3.191934227943420410e-01
8.662989150000000027e-01 2.938931286334991455e-01
8.691394070000000305e-01 2.991053760051727295e-01
8.719799560000000005e-01 2.983090579509735107e-01
8.748205610000000521e-01 2.885178327560424805e-01
8.776612219999999631e-01 2.847117483615875244e-01
8.805019389999999557e-01 2.740385532379150391e-01
8.833427130000000016e-01 2.728721201419830322e-01
8.861835430000000180e-01 2.574784755706787109e-01
8.890244290000000049e-01 2.573464810848236084e-01
8.918653709999999624e-01 2.409775257110595703e-01
8.947063699999999731e-01 2.038273811340332031e-01
8.975474239999999826e-01 1.668732166290283203e-01
9.003885350000000454e-01 1.490945369005203247e-01
9.032297030000000504e-01 1.724287271499633789e-01
9.060709260000000542e-01 1.723089516162872314e-01
9.089122060000000003e-01 1.384758055210113525e-01
9.117535420000000279e-01 1.412763595581054688e-01
9.145949340000000261e-01 1.307929754257202148e-01
9.174363819999999947e-01 1.272101700305938721e-01
9.202778870000000166e-01 1.493998318910598755e-01
9.231194480000000091e-01 1.398002654314041138e-01
9.259610649999999721e-01 1.274000257253646851e-01
9.288027380000000166e-01 9.366629272699356079e-02
9.316444680000000034e-01 4.850235581398010254e-02
9.344862539999999607e-01 3.037878870964050293e-02
9.373280959999999995e-01 3.311413899064064026e-02
9.401699940000000089e-01 5.539646372199058533e-02
9.430119489999999605e-01 4.033824428915977478e-02
9.458539599999999936e-01 4.055549204349517822e-02
9.486960269999999973e-01 4.267233610153198242e-02
9.515381499999999715e-01 4.368226602673530579e-02
9.543803299999999989e-01 4.170928895473480225e-02
9.572225659999999969e-01 5.012179911136627197e-02
9.600648579999999654e-01 4.977713897824287415e-02
9.629072060000000155e-01 5.595977604389190674e-02
9.657496110000000078e-01 6.396189332008361816e-02
9.685920709999999989e-01 8.002697676420211792e-02
9.714345880000000433e-01 8.799333125352859497e-02
9.742771620000000299e-01 7.727129757404327393e-02
9.771197910000000153e-01 8.131780475378036499e-02
9.799624770000000540e-01 8.599800616502761841e-02
9.828052189999999522e-01 8.930689841508865356e-02
9.856480170000000429e-01 9.747268259525299072e-02
9.884908709999999932e-01 1.056253612041473389e-01
9.913337819999999967e-01 1.044656112790107727e-01
9.941767489999999707e-01 1.014525741338729858e-01
9.970197720000000263e-01 1.101832464337348938e-01
9.998628510000000524e-01 1.066568642854690552e-01
1.002705986999999910e+00 1.046443954110145569e-01
1.005549178999999960e+00 9.955913573503494263e-02
1.008392426999999980e+00 1.083323061466217041e-01
1.011235730999999971e+00 1.034334674477577209e-01
1.014079092000000015e+00 1.015040501952171326e-01
1.016922509000000030e+00 1.010880023241043091e-01
1.019765982000000015e+00 9.610906243324279785e-02
1.022609510999999971e+00 1.029480919241905212e-01
1.025453096999999980e+00 1.010751724243164062e-01
1.028296738999999960e+00 1.056348979473114014e-01
1.031140436999999910e+00 1.109501197934150696e-01
1.033984191000000052e+00 9.982489049434661865e-02
1.036828002000000026e+00 9.632980823516845703e-02
1.039671868000000110e+00 1.044059693813323975e-01
1.042515791000000025e+00 1.131106317043304443e-01
1.045359770999999993e+00 1.087076514959335327e-01
