3.615872339999999796e-01 1.285304546356201172e+00
3.644177160000000026e-01 1.442430019378662109e+00
3.672482539999999962e-01 1.569295167922973633e+00
3.700788480000000158e-01 1.540621757507324219e+00
3.729094980000000059e-01 1.355405926704406738e+00
3.757402049999999938e-01 1.482666254043579102e+00
3.785709680000000077e-01 1.638037085533142090e+00
3.814017869999999921e-01 1.390720009803771973e+00
3.842326620000000026e-01 1.282278537750244141e+00
3.870635940000000108e-01 1.403176546096801758e+00
3.898945819999999896e-01 1.581752181053161621e+00
3.927256259999999943e-01 1.399878978729248047e+00
3.955567260000000251e-01 1.409774184226989746e+00
3.983878829999999982e-01 1.773051977157592773e+00
4.012190950000000256e-01 2.213967084884643555e+00
4.040503639999999952e-01 2.248216390609741211e+00
4.068816900000000181e-01 2.160305023193359375e+00
4.097130709999999842e-01 2.224002361297607422e+00
4.125445090000000037e-01 2.329052209854125977e+00
4.153760029999999936e-01 2.341263532638549805e+00
4.182075530000000096e-01 2.275442838668823242e+00
4.210391589999999962e-01 2.288932800292968750e+00
4.238708219999999804e-01 2.265056848526000977e+00
4.267025409999999908e-01 2.202512264251708984e+00
4.295343160000000271e-01 2.000551223754882812e+00
4.323661469999999785e-01 2.121232509613037109e+00
4.351980349999999831e-01 2.325989484786987305e+00
4.380299790000000137e-01 2.347095251083374023e+00
4.408619790000000149e-01 2.410383462905883789e+00
4.436940349999999866e-01 2.553519248962402344e+00
4.465261480000000116e-01 2.572344541549682617e+00
4.493583170000000071e-01 2.730898857116699219e+00
4.521905419999999731e-01 2.743897199630737305e+00
4.550228230000000207e-01 2.710106372833251953e+00
4.578551610000000105e-01 2.785077095031738281e+00
4.606875550000000263e-01 2.792547702789306641e+00
4.635200050000000127e-01 2.825580596923828125e+00
4.663525110000000251e-01 2.752723932266235352e+00
4.691850739999999798e-01 2.749546051025390625e+00
4.720176919999999887e-01 2.786818504333496094e+00
4.748503669999999954e-01 2.839938640594482422e+00
4.776830989999999999e-01 2.865740060806274414e+00
4.805158860000000032e-01 2.917123794555664062e+00
4.833487300000000042e-01 2.879089355468750000e+00
4.861816299999999758e-01 2.656957626342773438e+00
4.890145859999999733e-01 2.782863378524780273e+00
4.918475979999999970e-01 2.855869054794311523e+00
4.946806670000000183e-01 2.905456542968750000e+00
4.975137920000000102e-01 2.923714876174926758e+00
5.003469729999999727e-01 2.849332332611083984e+00
5.031802100000000166e-01 2.826183080673217773e+00
5.060135040000000028e-01 2.921868801116943359e+00
5.088468539999999596e-01 2.933923721313476562e+00
5.116802599999999979e-01 2.962937116622924805e+00
5.145137220000000067e-01 2.896932601928710938e+00
5.173472409999999577e-01 2.728988409042358398e+00
5.201808159999999903e-01 2.858396291732788086e+00
5.230144469999999934e-01 2.990538835525512695e+00
5.258481339999999671e-01 2.989142894744873047e+00
5.286818779999999940e-01 3.023904085159301758e+00
5.315156779999999914e-01 3.121721267700195312e+00
5.343495339999999594e-01 3.110421895980834961e+00
5.371834460000000089e-01 3.156710624694824219e+00
5.400174150000000006e-01 3.089777708053588867e+00
5.428514389999999912e-01 3.118027448654174805e+00
5.456855200000000350e-01 3.166569948196411133e+00
5.485196580000000210e-01 3.189361095428466797e+00
5.513538510000000059e-01 3.215219497680664062e+00
5.541881010000000440e-01 3.244443178176879883e+00
5.570224070000000527e-01 3.195037126541137695e+00
5.598567690000000319e-01 3.163868427276611328e+00
5.626911869999999816e-01 3.213989019393920898e+00
5.655256619999999845e-01 3.189910411834716797e+00
5.683601929999999580e-01 3.172862052917480469e+00
5.711947800000000131e-01 3.138966560363769531e+00
5.740294230000000386e-01 3.184776306152343750e+00
5.768641230000000064e-01 3.160076856613159180e+00
5.796988789999999447e-01 3.168128013610839844e+00
5.825336909999999646e-01 3.233070611953735352e+00
5.853685589999999550e-01 3.185411691665649414e+00
5.882034839999999987e-01 2.975879907608032227e+00
5.910384650000000129e-01 2.838616371154785156e+00
5.938735019999999976e-01 2.877092123031616211e+00
5.967085949999999528e-01 2.860092878341674805e+00
5.995437449999999613e-01 2.817937850952148438e+00
6.023789510000000513e-01 2.787372589111328125e+00
6.052142130000000009e-01 2.792304754257202148e+00
6.080495310000000320e-01 2.723806858062744141e+00
6.108849060000000053e-01 2.573999643325805664e+00
6.137203359999999774e-01 2.544348716735839844e+00
6.165558230000000028e-01 2.535390615463256836e+00
6.193913669999999705e-01 2.606591701507568359e+00
6.222269660000000480e-01 2.595137834548950195e+00
6.250626219999999567e-01 2.523178577423095703e+00
6.278983339999999469e-01 2.461149454116821289e+00
6.307341020000000187e-01 2.432572126388549805e+00
6.335699259999999500e-01 2.470778465270996094e+00
6.364058070000000455e-01 2.490144729614257812e+00
6.392417440000000006e-01 2.501396894454956055e+00
6.420777370000000372e-01 2.460113525390625000e+00
6.449137860000000444e-01 2.427998304367065430e+00
6.477498919999999938e-01 2.313461065292358398e+00
6.505860540000000247e-01 2.290515422821044922e+00
6.534222720000000262e-01 2.292919397354125977e+00
6.562585459999999982e-01 2.101636886596679688e+00
6.590948770000000234e-01 2.197183132171630859e+00
6.619312640000000192e-01 2.256133556365966797e+00
6.647677069999999855e-01 2.230200767517089844e+00
6.676042060000000333e-01 2.213581323623657227e+00
6.704407620000000234e-01 2.192502737045288086e+00
6.732773739999999840e-01 2.171259403228759766e+00
6.761140420000000262e-01 2.147332429885864258e+00
6.789507660000000389e-01 2.139556646347045898e+00
6.817875469999999938e-01 2.105373144149780273e+00
6.846243829999999475e-01 2.037087202072143555e+00
6.874612759999999545e-01 1.687628388404846191e+00
6.902982260000000148e-01 1.706727743148803711e+00
6.931352309999999628e-01 1.733012437820434570e+00
6.959722929999999641e-01 1.738594889640808105e+00
6.988094110000000470e-01 1.713526368141174316e+00
7.016465849999999893e-01 1.610652565956115723e+00
7.044838150000000132e-01 1.609292149543762207e+00
7.073211019999999793e-01 1.571569085121154785e+00
7.101584450000000270e-01 1.496938109397888184e+00
7.129958440000000452e-01 1.402714014053344727e+00
7.158332990000000340e-01 1.184626817703247070e+00
7.186708109999999650e-01 8.490960001945495605e-01
7.215083789999999775e-01 8.728358745574951172e-01
7.243460029999999605e-01 7.986593246459960938e-01
7.271836830000000251e-01 7.149400711059570312e-01
7.300214200000000320e-01 6.678352355957031250e-01
7.328592130000000093e-01 6.835287213325500488e-01
7.356970619999999572e-01 6.771374940872192383e-01
7.385349669999999866e-01 6.630807518959045410e-01
7.413729289999999583e-01 6.658437848091125488e-01
7.442109470000000115e-01 6.656023859977722168e-01
7.470490210000000353e-01 6.695200800895690918e-01
7.498871510000000296e-01 6.530609726905822754e-01
7.527253379999999661e-01 6.439456343650817871e-01
7.555635800000000124e-01 6.443453431129455566e-01
7.584018790000000010e-01 5.301519632339477539e-01
7.612402350000000428e-01 2.407597303390502930e-01
7.640786459999999725e-01 2.998996376991271973e-01
7.669171139999999554e-01 4.796608090400695801e-01
7.697556380000000198e-01 5.831955671310424805e-01
7.725942180000000548e-01 5.980433821678161621e-01
7.754328539999999492e-01 6.056689620018005371e-01
7.782715470000000080e-01 6.119331121444702148e-01
7.811102960000000373e-01 6.061994433403015137e-01
7.839491010000000371e-01 6.116707324981689453e-01
7.867879620000000074e-01 5.988639593124389648e-01
7.896268800000000310e-01 5.828729271888732910e-01
7.924658540000000251e-01 5.842713117599487305e-01
7.953048839999999897e-01 5.904390811920166016e-01
7.981439700000000359e-01 5.878856778144836426e-01
8.009831130000000243e-01 5.896180868148803711e-01
8.038223119999999833e-01 5.816557407379150391e-01
8.066615670000000238e-01 5.994461774826049805e-01
8.095008780000000348e-01 5.765833854675292969e-01
8.123402459999999881e-01 5.135419964790344238e-01
8.151796700000000229e-01 4.220101535320281982e-01
8.180191500000000282e-01 4.043417572975158691e-01
8.208586860000000041e-01 4.251509010791778564e-01
8.236982790000000332e-01 3.922135233879089355e-01
8.265379269999999501e-01 4.076917469501495361e-01
8.293776320000000313e-01 3.617388308048248291e-01
8.322173940000000547e-01 3.513873815536499023e-01
8.350572109999999659e-01 3.586297631263732910e-01
8.378970850000000414e-01 3.640333116054534912e-01
8.407370149999999764e-01 3.629922866821289062e-01
8.435770009999999930e-01 3.621747195720672607e-01
8.464170429999999801e-01 3.586432635784149170e-01
8.492571420000000204e-01 3.394705057144165039e-01
8.520972970000000313e-01 3.297759890556335449e-01
8.549375080000000127e-01 3.027105629444122314e-01
8.577777749999999646e-01 3.264625966548919678e-01
8.606180989999999698e-01 3.209911286830902100e-01
8.634584789999999455e-01 3.232253491878509521e-01
8.662989150000000027e-01 2.942276597023010254e-01
8.691394070000000305e-01 2.987734079360961914e-01
8.719799560000000005e-01 2.988106906414031982e-01
8.748205610000000521e-01 2.893398404121398926e-01
8.776612219999999631e-01 2.832245528697967529e-01
8.805019389999999557e-01 2.724005579948425293e-01
8.833427130000000016e-01 2.694263458251953125e-01
8.861835430000000180e-01 2.578054368495941162e-01
8.890244290000000049e-01 2.544531524181365967e-01
8.918653709999999624e-01 2.425861954689025879e-01
8.947063699999999731e-01 2.038273811340332031e-01
8.975474239999999826e-01 1.635004132986068726e-01
9.003885350000000454e-01 1.481458991765975952e-01
9.032297030000000504e-01 1.686286479234695435e-01
9.060709260000000542e-01 1.683856993913650513e-01
9.089122060000000003e-01 1.409878432750701904e-01
9.117535420000000279e-01 1.396960914134979248e-01
9.145949340000000261e-01 1.282625198364257812e-01
9.174363819999999947e-01 1.316403746604919434e-01
9.202778870000000166e-01 1.481310427188873291e-01
9.231194480000000091e-01 1.383623182773590088e-01
9.259610649999999721e-01 1.280378103256225586e-01
9.288027380000000166e-01 8.803344517946243286e-02
9.316444680000000034e-01 5.158444494009017944e-02
9.344862539999999607e-01 2.906511165201663971e-02
9.373280959999999995e-01 3.228628635406494141e-02
9.401699940000000089e-01 5.054299905896186829e-02
9.430119489999999605e-01 4.323170334100723267e-02
9.458539599999999936e-01 3.764645010232925415e-02
9.486960269999999973e-01 4.387679696083068848e-02
9.515381499999999715e-01 4.385492578148841858e-02
9.543803299999999989e-01 4.343996569514274597e-02
9.572225659999999969e-01 4.610506817698478699e-02
9.600648579999999654e-01 4.818285256624221802e-02
9.629072060000000155e-01 5.595977604389190674e-02
9.657496110000000078e-01 6.542807072401046753e-02
9.685920709999999989e-01 7.927730679512023926e-02
9.714345880000000433e-01 9.312469512224197388e-02
9.742771620000000299e-01 7.785521447658538818e-02
9.771197910000000153e-01 7.935833930969238281e-02
9.799624770000000540e-01 8.539096266031265259e-02
9.828052189999999522e-01 9.343193471431732178e-02
9.856480170000000429e-01 9.789282828569412231e-02
9.884908709999999932e-01 1.026258543133735657e-01
9.913337819999999967e-01 1.035914197564125061e-01
9.941767489999999707e-01 1.041640043258666992e-01
9.970197720000000263e-01 1.071866303682327271e-01
9.998628510000000524e-01 1.033312603831291199e-01
1.002705986999999910e+00 1.051333844661712646e-01
1.005549178999999960e+00 1.005855202674865723e-01
1.008392426999999980e+00 1.046150252223014832e-01
1.011235730999999971e+00 1.028758808970451355e-01
1.014079092000000015e+00 1.006290093064308167e-01
1.016922509000000030e+00 1.075404286384582520e-01
1.019765982000000015e+00 9.742562472820281982e-02
1.022609510999999971e+00 1.050278469920158386e-01
1.025453096999999980e+00 1.003374010324478149e-01
1.028296738999999960e+00 1.068129763007164001e-01
1.031140436999999910e+00 9.918268769979476929e-02
1.033984191000000052e+00 1.107148751616477966e-01
1.036828002000000026e+00 1.027517914772033691e-01
1.039671868000000110e+00 1.049386560916900635e-01
1.042515791000000025e+00 1.108139678835868835e-01
1.045359770999999993e+00 9.865376353263854980e-02
