3.615872339999999796e-01 1.319589734077453613e+00
3.644177160000000026e-01 1.464509844779968262e+00
3.672482539999999962e-01 1.600146055221557617e+00
3.700788480000000158e-01 1.578178286552429199e+00
3.729094980000000059e-01 1.389529228210449219e+00
3.757402049999999938e-01 1.507674098014831543e+00
3.785709680000000077e-01 1.689525604248046875e+00
3.814017869999999921e-01 1.426335573196411133e+00
3.842326620000000026e-01 1.307176709175109863e+00
3.870635940000000108e-01 1.423107266426086426e+00
3.898945819999999896e-01 1.612160682678222656e+00
3.927256259999999943e-01 1.445473194122314453e+00
3.955567260000000251e-01 1.451906204223632812e+00
3.983878829999999982e-01 1.842497467994689941e+00
4.012190950000000256e-01 2.297272205352783203e+00
4.040503639999999952e-01 2.299165248870849609e+00
4.068816900000000181e-01 2.249460697174072266e+00
4.097130709999999842e-01 2.305407524108886719e+00
4.125445090000000037e-01 2.392950296401977539e+00
4.153760029999999936e-01 2.407013416290283203e+00
4.182075530000000096e-01 2.348139762878417969e+00
4.210391589999999962e-01 2.345154762268066406e+00
4.238708219999999804e-01 2.326817750930786133e+00
4.267025409999999908e-01 2.255288362503051758e+00
4.295343160000000271e-01 2.073187112808227539e+00
4.323661469999999785e-01 2.193995714187622070e+00
4.351980349999999831e-01 2.404695987701416016e+00
4.380299790000000137e-01 2.433568239212036133e+00
4.408619790000000149e-01 2.512998104095458984e+00
4.436940349999999866e-01 2.663880109786987305e+00
4.465261480000000116e-01 2.679919481277465820e+00
4.493583170000000071e-01 2.837112665176391602e+00
4.521905419999999731e-01 2.855279922485351562e+00
4.550228230000000207e-01 2.833028316497802734e+00
4.578551610000000105e-01 2.902121782302856445e+00
4.606875550000000263e-01 2.919943809509277344e+00
4.635200050000000127e-01 2.944722890853881836e+00
4.663525110000000251e-01 2.890071392059326172e+00
4.691850739999999798e-01 2.873368263244628906e+00
4.720176919999999887e-01 2.922982454299926758e+00
4.748503669999999954e-01 2.968169450759887695e+00
4.776830989999999999e-01 3.000920772552490234e+00
4.805158860000000032e-01 3.059822082519531250e+00
4.833487300000000042e-01 3.036324501037597656e+00
4.861816299999999758e-01 2.809365987777709961e+00
4.890145859999999733e-01 2.927597284317016602e+00
4.918475979999999970e-01 3.002370595932006836e+00
4.946806670000000183e-01 3.065392971038818359e+00
4.975137920000000102e-01 3.070771694183349609e+00
5.003469729999999727e-01 3.006879568099975586e+00
5.031802100000000166e-01 2.983690738677978516e+00
5.060135040000000028e-01 3.076482534408569336e+00
5.088468539999999596e-01 3.095790863037109375e+00
5.116802599999999979e-01 3.143544912338256836e+00
5.145137220000000067e-01 3.063189506530761719e+00
5.173472409999999577e-01 2.904194116592407227e+00
5.201808159999999903e-01 3.034083843231201172e+00
5.230144469999999934e-01 3.179649114608764648e+00
5.258481339999999671e-01 3.181289911270141602e+00
5.286818779999999940e-01 3.218406438827514648e+00
5.315156779999999914e-01 3.330926656723022461e+00
5.343495339999999594e-01 3.316761493682861328e+00
5.371834460000000089e-01 3.368439674377441406e+00
5.400174150000000006e-01 3.306174755096435547e+00
5.428514389999999912e-01 3.331650257110595703e+00
5.456855200000000350e-01 3.395364046096801758e+00
5.485196580000000210e-01 3.402862548828125000e+00
5.513538510000000059e-01 3.430339097976684570e+00
5.541881010000000440e-01 3.456643581390380859e+00
5.570224070000000527e-01 3.431524038314819336e+00
5.598567690000000319e-01 3.376689672470092773e+00
5.626911869999999816e-01 3.431990861892700195e+00
5.655256619999999845e-01 3.431930541992187500e+00
5.683601929999999580e-01 3.398743152618408203e+00
5.711947800000000131e-01 3.364488363265991211e+00
5.740294230000000386e-01 3.412453174591064453e+00
5.768641230000000064e-01 3.386535167694091797e+00
5.796988789999999447e-01 3.393275260925292969e+00
5.825336909999999646e-01 3.479260206222534180e+00
5.853685589999999550e-01 3.430793285369873047e+00
5.882034839999999987e-01 3.213977813720703125e+00
5.910384650000000129e-01 3.086276054382324219e+00
5.938735019999999976e-01 3.138313770294189453e+00
5.967085949999999528e-01 3.132435083389282227e+00
5.995437449999999613e-01 3.097336292266845703e+00
6.023789510000000513e-01 3.074907064437866211e+00
6.052142130000000009e-01 3.074445962905883789e+00
6.080495310000000320e-01 3.023472547531127930e+00
6.108849060000000053e-01 2.958892345428466797e+00
6.137203359999999774e-01 2.868282318115234375e+00
6.165558230000000028e-01 2.839023351669311523e+00
6.193913669999999705e-01 2.910185813903808594e+00
6.222269660000000480e-01 2.904625892639160156e+00
6.250626219999999567e-01 2.834262609481811523e+00
6.278983339999999469e-01 2.761650800704956055e+00
6.307341020000000187e-01 2.743576049804687500e+00
6.335699259999999500e-01 2.775948524475097656e+00
6.364058070000000455e-01 2.812942743301391602e+00
6.392417440000000006e-01 2.811678647994995117e+00
6.420777370000000372e-01 2.783813953399658203e+00
6.449137860000000444e-01 2.752037763595581055e+00
6.477498919999999938e-01 2.620774745941162109e+00
6.505860540000000247e-01 2.619044780731201172e+00
6.534222720000000262e-01 2.609793663024902344e+00
6.562585459999999982e-01 2.399400949478149414e+00
6.590948770000000234e-01 2.515677213668823242e+00
6.619312640000000192e-01 2.584512233734130859e+00
6.647677069999999855e-01 2.562055587768554688e+00
6.676042060000000333e-01 2.540706872940063477e+00
6.704407620000000234e-01 2.509405136108398438e+00
6.732773739999999840e-01 2.490492343902587891e+00
6.761140420000000262e-01 2.472768545150756836e+00
6.789507660000000389e-01 2.460627079010009766e+00
6.817875469999999938e-01 2.436755418777465820e+00
6.846243829999999475e-01 2.344679355621337891e+00
6.874612759999999545e-01 1.973870635032653809e+00
6.902982260000000148e-01 2.004058599472045898e+00
6.931352309999999628e-01 2.042927980422973633e+00
6.959722929999999641e-01 2.064502716064453125e+00
6.988094110000000470e-01 2.052906036376953125e+00
7.016465849999999893e-01 1.936543107032775879e+00
7.044838150000000132e-01 1.945437192916870117e+00
7.073211019999999793e-01 1.909150958061218262e+00
7.101584450000000270e-01 1.851740002632141113e+00
7.129958440000000452e-01 1.741883516311645508e+00
7.158332990000000340e-01 1.482422471046447754e+00
7.186708109999999650e-01 1.089871525764465332e+00
7.215083789999999775e-01 1.123721957206726074e+00
7.243460029999999605e-01 1.033597707748413086e+00
7.271836830000000251e-01 9.459774494171142578e-01
7.300214200000000320e-01 8.818616867065429688e-01
7.328592130000000093e-01 9.154530167579650879e-01
7.356970619999999572e-01 9.091929197311401367e-01
7.385349669999999866e-01 8.866643905639648438e-01
7.413729289999999583e-01 8.875360488891601562e-01
7.442109470000000115e-01 9.004607796669006348e-01
7.470490210000000353e-01 9.049028754234313965e-01
7.498871510000000296e-01 8.975807428359985352e-01
7.527253379999999661e-01 8.840226531028747559e-01
7.555635800000000124e-01 8.757306933403015137e-01
7.584018790000000010e-01 7.168450951576232910e-01
7.612402350000000428e-01 3.397454917430877686e-01
7.640786459999999725e-01 4.119008183479309082e-01
7.669171139999999554e-01 6.603989601135253906e-01
7.697556380000000198e-01 8.027490377426147461e-01
7.725942180000000548e-01 8.347505927085876465e-01
7.754328539999999492e-01 8.392134308815002441e-01
7.782715470000000080e-01 8.432737588882446289e-01
7.811102960000000373e-01 8.431287407875061035e-01
7.839491010000000371e-01 8.461546301841735840e-01
7.867879620000000074e-01 8.319076299667358398e-01
7.896268800000000310e-01 8.045988678932189941e-01
7.924658540000000251e-01 8.115668296813964844e-01
7.953048839999999897e-01 8.198552727699279785e-01
7.981439700000000359e-01 8.292427659034729004e-01
8.009831130000000243e-01 8.211460709571838379e-01
8.038223119999999833e-01 8.254282474517822266e-01
8.066615670000000238e-01 8.421849012374877930e-01
8.095008780000000348e-01 8.045232892036437988e-01
8.123402459999999881e-01 7.183840870857238770e-01
8.151796700000000229e-01 5.874143838882446289e-01
8.180191500000000282e-01 5.595844388008117676e-01
8.208586860000000041e-01 5.915868282318115234e-01
8.236982790000000332e-01 5.456433892250061035e-01
8.265379269999999501e-01 5.700772404670715332e-01
8.293776320000000313e-01 5.054573416709899902e-01
8.322173940000000547e-01 4.947649836540222168e-01
8.350572109999999659e-01 5.019007325172424316e-01
8.378970850000000414e-01 5.085164904594421387e-01
8.407370149999999764e-01 5.098145008087158203e-01
8.435770009999999930e-01 5.081357359886169434e-01
8.464170429999999801e-01 5.083821415901184082e-01
8.492571420000000204e-01 4.798906147480010986e-01
8.520972970000000313e-01 4.587644934654235840e-01
8.549375080000000127e-01 4.384157359600067139e-01
8.577777749999999646e-01 4.669817984104156494e-01
8.606180989999999698e-01 4.601100683212280273e-01
8.634584789999999455e-01 4.522764384746551514e-01
8.662989150000000027e-01 4.149549901485443115e-01
8.691394070000000305e-01 4.254180788993835449e-01
8.719799560000000005e-01 4.213863015174865723e-01
8.748205610000000521e-01 4.080739021301269531e-01
8.776612219999999631e-01 4.040538966655731201e-01
8.805019389999999557e-01 3.879311382770538330e-01
8.833427130000000016e-01 3.773345649242401123e-01
8.861835430000000180e-01 3.674735426902770996e-01
8.890244290000000049e-01 3.619278967380523682e-01
8.918653709999999624e-01 3.359729647636413574e-01
8.947063699999999731e-01 2.862936556339263916e-01
8.975474239999999826e-01 2.295695543289184570e-01
9.003885350000000454e-01 2.060972601175308228e-01
9.032297030000000504e-01 2.364171743392944336e-01
9.060709260000000542e-01 2.384177893400192261e-01
9.089122060000000003e-01 1.953559070825576782e-01
9.117535420000000279e-01 1.927813440561294556e-01
9.145949340000000261e-01 1.783990412950515747e-01
9.174363819999999947e-01 1.775084733963012695e-01
9.202778870000000166e-01 2.069118916988372803e-01
9.231194480000000091e-01 1.983615010976791382e-01
9.259610649999999721e-01 1.738834083080291748e-01
9.288027380000000166e-01 1.274567991495132446e-01
9.316444680000000034e-01 6.874105334281921387e-02
9.344862539999999607e-01 3.993858024477958679e-02
9.373280959999999995e-01 4.644500091671943665e-02
9.401699940000000089e-01 6.985650956630706787e-02
9.430119489999999605e-01 5.888548493385314941e-02
9.458539599999999936e-01 5.616183951497077942e-02
9.486960269999999973e-01 5.561652407050132751e-02
9.515381499999999715e-01 6.273148953914642334e-02
9.543803299999999989e-01 6.364131718873977661e-02
9.572225659999999969e-01 6.834632903337478638e-02
9.600648579999999654e-01 6.468579173088073730e-02
9.629072060000000155e-01 7.606562227010726929e-02
9.657496110000000078e-01 8.973825722932815552e-02
9.685920709999999989e-01 1.145068928599357605e-01
9.714345880000000433e-01 1.210400611162185669e-01
9.742771620000000299e-01 1.073165014386177063e-01
9.771197910000000153e-01 1.163532808423042297e-01
9.799624770000000540e-01 1.159822717308998108e-01
9.828052189999999522e-01 1.291505396366119385e-01
9.856480170000000429e-01 1.359317302703857422e-01
9.884908709999999932e-01 1.441355049610137939e-01
9.913337819999999967e-01 1.458790004253387451e-01
9.941767489999999707e-01 1.425994932651519775e-01
9.970197720000000263e-01 1.443154513835906982e-01
9.998628510000000524e-01 1.455675661563873291e-01
1.002705986999999910e+00 1.434335708618164062e-01
1.005549178999999960e+00 1.369089484214782715e-01
1.008392426999999980e+00 1.377855390310287476e-01
1.011235730999999971e+00 1.468553990125656128e-01
1.014079092000000015e+00 1.427925527095794678e-01
1.016922509000000030e+00 1.435817629098892212e-01
1.019765982000000015e+00 1.447782814502716064e-01
1.022609510999999971e+00 1.457109153270721436e-01
1.025453096999999980e+00 1.522550731897354126e-01
1.028296738999999960e+00 1.558302342891693115e-01
1.031140436999999910e+00 1.515849083662033081e-01
1.033984191000000052e+00 1.563137918710708618e-01
1.036828002000000026e+00 1.599519401788711548e-01
1.039671868000000110e+00 1.521616727113723755e-01
1.042515791000000025e+00 1.573735922574996948e-01
1.045359770999999993e+00 1.576315760612487793e-01
