3.615872339999999796e-01 1.285534739494323730e+00
3.644177160000000026e-01 1.437845110893249512e+00
3.672482539999999962e-01 1.572826981544494629e+00
3.700788480000000158e-01 1.585584163665771484e+00
3.729094980000000059e-01 1.444650769233703613e+00
3.757402049999999938e-01 1.503003120422363281e+00
3.785709680000000077e-01 1.659672737121582031e+00
3.814017869999999921e-01 1.415150403976440430e+00
3.842326620000000026e-01 1.283478617668151855e+00
3.870635940000000108e-01 1.447456240653991699e+00
3.898945819999999896e-01 1.608951210975646973e+00
3.927256259999999943e-01 1.404594182968139648e+00
3.955567260000000251e-01 1.422265529632568359e+00
3.983878829999999982e-01 1.811993002891540527e+00
4.012190950000000256e-01 2.232231855392456055e+00
4.040503639999999952e-01 2.233985424041748047e+00
4.068816900000000181e-01 2.198529958724975586e+00
4.097130709999999842e-01 2.244737625122070312e+00
4.125445090000000037e-01 2.354007482528686523e+00
4.153760029999999936e-01 2.333439826965332031e+00
4.182075530000000096e-01 2.300086021423339844e+00
4.210391589999999962e-01 2.278280019760131836e+00
4.238708219999999804e-01 2.277831077575683594e+00
4.267025409999999908e-01 2.221607446670532227e+00
4.295343160000000271e-01 2.023223876953125000e+00
4.323661469999999785e-01 2.157898426055908203e+00
4.351980349999999831e-01 2.329658985137939453e+00
4.380299790000000137e-01 2.364586830139160156e+00
4.408619790000000149e-01 2.446024656295776367e+00
4.436940349999999866e-01 2.586781024932861328e+00
4.465261480000000116e-01 2.619939327239990234e+00
4.493583170000000071e-01 2.766653776168823242e+00
4.521905419999999731e-01 2.805514574050903320e+00
4.550228230000000207e-01 2.758800745010375977e+00
4.578551610000000105e-01 2.804547786712646484e+00
4.606875550000000263e-01 2.834354877471923828e+00
4.635200050000000127e-01 2.853935241699218750e+00
4.663525110000000251e-01 2.808298587799072266e+00
4.691850739999999798e-01 2.794018745422363281e+00
4.720176919999999887e-01 2.848933696746826172e+00
4.748503669999999954e-01 2.881783246994018555e+00
4.776830989999999999e-01 2.912962436676025391e+00
4.805158860000000032e-01 2.973776578903198242e+00
4.833487300000000042e-01 2.940653800964355469e+00
4.861816299999999758e-01 2.722488403320312500e+00
4.890145859999999733e-01 2.833937168121337891e+00
4.918475979999999970e-01 2.915308237075805664e+00
4.946806670000000183e-01 2.968404293060302734e+00
4.975137920000000102e-01 2.981572628021240234e+00
5.003469729999999727e-01 2.913176298141479492e+00
5.031802100000000166e-01 2.894201993942260742e+00
5.060135040000000028e-01 2.980818986892700195e+00
5.088468539999999596e-01 2.992701292037963867e+00
5.116802599999999979e-01 3.034591674804687500e+00
5.145137220000000067e-01 2.959434509277343750e+00
5.173472409999999577e-01 2.812422990798950195e+00
5.201808159999999903e-01 2.931126356124877930e+00
5.230144469999999934e-01 3.052675247192382812e+00
5.258481339999999671e-01 3.074581146240234375e+00
5.286818779999999940e-01 3.107303380966186523e+00
5.315156779999999914e-01 3.215853452682495117e+00
5.343495339999999594e-01 3.197496175765991211e+00
5.371834460000000089e-01 3.243383646011352539e+00
5.400174150000000006e-01 3.188528776168823242e+00
5.428514389999999912e-01 3.211846828460693359e+00
5.456855200000000350e-01 3.265195131301879883e+00
5.485196580000000210e-01 3.268311500549316406e+00
5.513538510000000059e-01 3.303314924240112305e+00
5.541881010000000440e-01 3.340736865997314453e+00
5.570224070000000527e-01 3.300774097442626953e+00
5.598567690000000319e-01 3.259634256362915039e+00
5.626911869999999816e-01 3.306029319763183594e+00
5.655256619999999845e-01 3.299911022186279297e+00
5.683601929999999580e-01 3.262190341949462891e+00
5.711947800000000131e-01 3.233610630035400391e+00
5.740294230000000386e-01 3.276823520660400391e+00
5.768641230000000064e-01 3.244715690612792969e+00
5.796988789999999447e-01 3.256017446517944336e+00
5.825336909999999646e-01 3.317330360412597656e+00
5.853685589999999550e-01 3.290133714675903320e+00
5.882034839999999987e-01 3.058161973953247070e+00
5.910384650000000129e-01 2.920073747634887695e+00
5.938735019999999976e-01 2.971778154373168945e+00
5.967085949999999528e-01 2.957367181777954102e+00
5.995437449999999613e-01 2.911233425140380859e+00
6.023789510000000513e-01 2.874256372451782227e+00
6.052142130000000009e-01 2.875647306442260742e+00
6.080495310000000320e-01 2.825623989105224609e+00
6.108849060000000053e-01 2.707900047302246094e+00
6.137203359999999774e-01 2.626477479934692383e+00
6.165558230000000028e-01 2.624593496322631836e+00
6.193913669999999705e-01 2.693508863449096680e+00
6.222269660000000480e-01 2.680077552795410156e+00
6.250626219999999567e-01 2.612480401992797852e+00
6.278983339999999469e-01 2.549293279647827148e+00
6.307341020000000187e-01 2.521332263946533203e+00
6.335699259999999500e-01 2.556387186050415039e+00
6.364058070000000455e-01 2.584013462066650391e+00
6.392417440000000006e-01 2.579760789871215820e+00
6.420777370000000372e-01 2.553500413894653320e+00
6.449137860000000444e-01 2.510331392288208008e+00
6.477498919999999938e-01 2.394178152084350586e+00
6.505860540000000247e-01 2.381407976150512695e+00
6.534222720000000262e-01 2.375753879547119141e+00
6.562585459999999982e-01 2.176136493682861328e+00
6.590948770000000234e-01 2.276527166366577148e+00
6.619312640000000192e-01 2.327492713928222656e+00
6.647677069999999855e-01 2.304257392883300781e+00
6.676042060000000333e-01 2.278588533401489258e+00
6.704407620000000234e-01 2.257690668106079102e+00
6.732773739999999840e-01 2.231874227523803711e+00
6.761140420000000262e-01 2.211599111557006836e+00
6.789507660000000389e-01 2.196827173233032227e+00
6.817875469999999938e-01 2.171122789382934570e+00
6.846243829999999475e-01 2.088280677795410156e+00
6.874612759999999545e-01 1.751160860061645508e+00
6.902982260000000148e-01 1.771558165550231934e+00
6.931352309999999628e-01 1.809578418731689453e+00
6.959722929999999641e-01 1.813928723335266113e+00
6.988094110000000470e-01 1.796090006828308105e+00
7.016465849999999893e-01 1.691079020500183105e+00
7.044838150000000132e-01 1.671375393867492676e+00
7.073211019999999793e-01 1.640439033508300781e+00
7.101584450000000270e-01 1.576724648475646973e+00
7.129958440000000452e-01 1.472070813179016113e+00
7.158332990000000340e-01 1.248131275177001953e+00
7.186708109999999650e-01 9.037829041481018066e-01
7.215083789999999775e-01 9.171019792556762695e-01
7.243460029999999605e-01 8.438972830772399902e-01
7.271836830000000251e-01 7.567078471183776855e-01
7.300214200000000320e-01 7.104576230049133301e-01
7.328592130000000093e-01 7.122994065284729004e-01
7.356970619999999572e-01 7.168715000152587891e-01
7.385349669999999866e-01 6.972546577453613281e-01
7.413729289999999583e-01 6.972764730453491211e-01
7.442109470000000115e-01 7.068092226982116699e-01
7.470490210000000353e-01 7.050639986991882324e-01
7.498871510000000296e-01 6.913275122642517090e-01
7.527253379999999661e-01 6.817450523376464844e-01
7.555635800000000124e-01 6.743904352188110352e-01
7.584018790000000010e-01 5.512268543243408203e-01
7.612402350000000428e-01 2.627609670162200928e-01
7.640786459999999725e-01 3.159056305885314941e-01
7.669171139999999554e-01 5.021535754203796387e-01
7.697556380000000198e-01 6.149249076843261719e-01
7.725942180000000548e-01 6.391406059265136719e-01
7.754328539999999492e-01 6.435208916664123535e-01
7.782715470000000080e-01 6.445231437683105469e-01
7.811102960000000373e-01 6.445360183715820312e-01
7.839491010000000371e-01 6.461996436119079590e-01
7.867879620000000074e-01 6.358605623245239258e-01
7.896268800000000310e-01 6.140521764755249023e-01
7.924658540000000251e-01 6.118868589401245117e-01
7.953048839999999897e-01 6.174297332763671875e-01
7.981439700000000359e-01 6.305746436119079590e-01
8.009831130000000243e-01 6.190707087516784668e-01
8.038223119999999833e-01 6.219833493232727051e-01
8.066615670000000238e-01 6.378378272056579590e-01
8.095008780000000348e-01 6.122537255287170410e-01
8.123402459999999881e-01 5.434599518775939941e-01
8.151796700000000229e-01 4.469487071037292480e-01
8.180191500000000282e-01 4.238681793212890625e-01
8.208586860000000041e-01 4.488362371921539307e-01
8.236982790000000332e-01 4.121391177177429199e-01
8.265379269999999501e-01 4.281302094459533691e-01
8.293776320000000313e-01 3.826849758625030518e-01
8.322173940000000547e-01 3.703554272651672363e-01
8.350572109999999659e-01 3.680940866470336914e-01
8.378970850000000414e-01 3.795346319675445557e-01
8.407370149999999764e-01 3.904311954975128174e-01
8.435770009999999930e-01 3.807171583175659180e-01
8.464170429999999801e-01 3.784018456935882568e-01
8.492571420000000204e-01 3.600355684757232666e-01
8.520972970000000313e-01 3.419638574123382568e-01
8.549375080000000127e-01 3.286761343479156494e-01
8.577777749999999646e-01 3.474344909191131592e-01
8.606180989999999698e-01 3.384096026420593262e-01
8.634584789999999455e-01 3.296227157115936279e-01
8.662989150000000027e-01 3.055224120616912842e-01
8.691394070000000305e-01 3.162572383880615234e-01
8.719799560000000005e-01 3.152700662612915039e-01
8.748205610000000521e-01 3.050739467144012451e-01
8.776612219999999631e-01 2.990811467170715332e-01
8.805019389999999557e-01 2.835167348384857178e-01
8.833427130000000016e-01 2.810299992561340332e-01
8.861835430000000180e-01 2.669993042945861816e-01
8.890244290000000049e-01 2.660149335861206055e-01
8.918653709999999624e-01 2.502592504024505615e-01
8.947063699999999731e-01 2.124629020690917969e-01
8.975474239999999826e-01 1.711805313825607300e-01
9.003885350000000454e-01 1.545005291700363159e-01
9.032297030000000504e-01 1.740770637989044189e-01
9.060709260000000542e-01 1.750193536281585693e-01
9.089122060000000003e-01 1.419013291597366333e-01
9.117535420000000279e-01 1.431136429309844971e-01
9.145949340000000261e-01 1.291130036115646362e-01
9.174363819999999947e-01 1.332328766584396362e-01
9.202778870000000166e-01 1.527656465768814087e-01
9.231194480000000091e-01 1.435210406780242920e-01
9.259610649999999721e-01 1.317133456468582153e-01
9.288027380000000166e-01 9.469486773014068604e-02
9.316444680000000034e-01 4.968795925378799438e-02
9.344862539999999607e-01 3.160440921783447266e-02
9.373280959999999995e-01 3.305574133992195129e-02
9.401699940000000089e-01 5.017835646867752075e-02
9.430119489999999605e-01 4.395405575633049011e-02
9.458539599999999936e-01 3.798620402812957764e-02
9.486960269999999973e-01 4.371313378214836121e-02
9.515381499999999715e-01 3.911933675408363342e-02
9.543803299999999989e-01 4.305311664938926697e-02
9.572225659999999969e-01 4.353037476539611816e-02
9.600648579999999654e-01 5.219945684075355530e-02
9.629072060000000155e-01 5.592261627316474915e-02
9.657496110000000078e-01 6.108990311622619629e-02
9.685920709999999989e-01 8.396764099597930908e-02
9.714345880000000433e-01 9.274438768625259399e-02
9.742771620000000299e-01 8.205752074718475342e-02
9.771197910000000153e-01 8.464938402175903320e-02
9.799624770000000540e-01 8.997660875320434570e-02
9.828052189999999522e-01 9.614769369363784790e-02
9.856480170000000429e-01 1.050166189670562744e-01
9.884908709999999932e-01 1.099242046475410461e-01
9.913337819999999967e-01 1.103278845548629761e-01
9.941767489999999707e-01 1.093729734420776367e-01
9.970197720000000263e-01 1.131640821695327759e-01
9.998628510000000524e-01 1.081482619047164917e-01
1.002705986999999910e+00 1.056973934173583984e-01
1.005549178999999960e+00 1.114852055907249451e-01
1.008392426999999980e+00 1.038357168436050415e-01
1.011235730999999971e+00 1.123819947242736816e-01
1.014079092000000015e+00 1.073966994881629944e-01
1.016922509000000030e+00 1.108701527118682861e-01
1.019765982000000015e+00 1.064051315188407898e-01
1.022609510999999971e+00 1.040339842438697815e-01
1.025453096999999980e+00 1.066882833838462830e-01
1.028296738999999960e+00 1.040253564715385437e-01
1.031140436999999910e+00 1.120143458247184753e-01
1.033984191000000052e+00 1.161983832716941833e-01
1.036828002000000026e+00 1.078103706240653992e-01
1.039671868000000110e+00 1.117927730083465576e-01
1.042515791000000025e+00 1.103581488132476807e-01
1.045359770999999993e+00 1.164603978395462036e-01
