3.615872339999999796e-01 1.286994218826293945e+00
3.644177160000000026e-01 1.415385365486145020e+00
3.672482539999999962e-01 1.549340605735778809e+00
3.700788480000000158e-01 1.561957597732543945e+00
3.729094980000000059e-01 1.407694101333618164e+00
3.757402049999999938e-01 1.473146200180053711e+00
3.785709680000000077e-01 1.681974291801452637e+00
3.814017869999999921e-01 1.431479573249816895e+00
3.842326620000000026e-01 1.314594626426696777e+00
3.870635940000000108e-01 1.450421690940856934e+00
3.898945819999999896e-01 1.603414893150329590e+00
3.927256259999999943e-01 1.432632446289062500e+00
3.955567260000000251e-01 1.462365269660949707e+00
3.983878829999999982e-01 1.848417043685913086e+00
4.012190950000000256e-01 2.263527154922485352e+00
4.040503639999999952e-01 2.292005300521850586e+00
4.068816900000000181e-01 2.238377571105957031e+00
4.097130709999999842e-01 2.297283649444580078e+00
4.125445090000000037e-01 2.395042419433593750e+00
4.153760029999999936e-01 2.407956123352050781e+00
4.182075530000000096e-01 2.361193895339965820e+00
4.210391589999999962e-01 2.352576255798339844e+00
4.238708219999999804e-01 2.320536136627197266e+00
4.267025409999999908e-01 2.258442878723144531e+00
4.295343160000000271e-01 2.059984683990478516e+00
4.323661469999999785e-01 2.189421415328979492e+00
4.351980349999999831e-01 2.382930994033813477e+00
4.380299790000000137e-01 2.420570850372314453e+00
4.408619790000000149e-01 2.487435102462768555e+00
4.436940349999999866e-01 2.631600618362426758e+00
4.465261480000000116e-01 2.637350082397460938e+00
4.493583170000000071e-01 2.796552896499633789e+00
4.521905419999999731e-01 2.825819253921508789e+00
4.550228230000000207e-01 2.802564620971679688e+00
4.578551610000000105e-01 2.856126070022583008e+00
4.606875550000000263e-01 2.872507095336914062e+00
4.635200050000000127e-01 2.901723146438598633e+00
4.663525110000000251e-01 2.833522081375122070e+00
4.691850739999999798e-01 2.819345712661743164e+00
4.720176919999999887e-01 2.863575935363769531e+00
4.748503669999999954e-01 2.928613901138305664e+00
4.776830989999999999e-01 2.933776378631591797e+00
4.805158860000000032e-01 2.997820138931274414e+00
4.833487300000000042e-01 2.970069408416748047e+00
4.861816299999999758e-01 2.747885227203369141e+00
4.890145859999999733e-01 2.844100475311279297e+00
4.918475979999999970e-01 2.922673702239990234e+00
4.946806670000000183e-01 2.985052585601806641e+00
4.975137920000000102e-01 3.010253667831420898e+00
5.003469729999999727e-01 2.925767421722412109e+00
5.031802100000000166e-01 2.902011156082153320e+00
5.060135040000000028e-01 2.992150783538818359e+00
5.088468539999999596e-01 3.007367849349975586e+00
5.116802599999999979e-01 3.026733160018920898e+00
5.145137220000000067e-01 2.971447706222534180e+00
5.173472409999999577e-01 2.798180580139160156e+00
5.201808159999999903e-01 2.934509277343750000e+00
5.230144469999999934e-01 3.060335397720336914e+00
5.258481339999999671e-01 3.065675735473632812e+00
5.286818779999999940e-01 3.107718944549560547e+00
5.315156779999999914e-01 3.210395574569702148e+00
5.343495339999999594e-01 3.197093486785888672e+00
5.371834460000000089e-01 3.248201847076416016e+00
5.400174150000000006e-01 3.178364276885986328e+00
5.428514389999999912e-01 3.207129716873168945e+00
5.456855200000000350e-01 3.261468410491943359e+00
5.485196580000000210e-01 3.273079156875610352e+00
5.513538510000000059e-01 3.299995899200439453e+00
5.541881010000000440e-01 3.334579229354858398e+00
5.570224070000000527e-01 3.292834520339965820e+00
5.598567690000000319e-01 3.239331960678100586e+00
5.626911869999999816e-01 3.290245294570922852e+00
5.655256619999999845e-01 3.291965723037719727e+00
5.683601929999999580e-01 3.253049612045288086e+00
5.711947800000000131e-01 3.209105491638183594e+00
5.740294230000000386e-01 3.272236108779907227e+00
5.768641230000000064e-01 3.234384298324584961e+00
5.796988789999999447e-01 3.248851060867309570e+00
5.825336909999999646e-01 3.317659616470336914e+00
5.853685589999999550e-01 3.282158613204956055e+00
5.882034839999999987e-01 3.058301925659179688e+00
5.910384650000000129e-01 2.915593147277832031e+00
5.938735019999999976e-01 2.970526695251464844e+00
5.967085949999999528e-01 2.949302196502685547e+00
5.995437449999999613e-01 2.907436847686767578e+00
6.023789510000000513e-01 2.862076044082641602e+00
6.052142130000000009e-01 2.867110967636108398e+00
6.080495310000000320e-01 2.832908391952514648e+00
6.108849060000000053e-01 2.725648164749145508e+00
6.137203359999999774e-01 2.659482479095458984e+00
6.165558230000000028e-01 2.621623516082763672e+00
6.193913669999999705e-01 2.687298059463500977e+00
6.222269660000000480e-01 2.676460266113281250e+00
6.250626219999999567e-01 2.608628511428833008e+00
6.278983339999999469e-01 2.547116518020629883e+00
6.307341020000000187e-01 2.518731594085693359e+00
6.335699259999999500e-01 2.552653551101684570e+00
6.364058070000000455e-01 2.577279090881347656e+00
6.392417440000000006e-01 2.582817316055297852e+00
6.420777370000000372e-01 2.553473472595214844e+00
6.449137860000000444e-01 2.516866445541381836e+00
6.477498919999999938e-01 2.396281003952026367e+00
6.505860540000000247e-01 2.381785869598388672e+00
6.534222720000000262e-01 2.371809720993041992e+00
6.562585459999999982e-01 2.177371740341186523e+00
6.590948770000000234e-01 2.282853126525878906e+00
6.619312640000000192e-01 2.339445114135742188e+00
6.647677069999999855e-01 2.322282075881958008e+00
6.676042060000000333e-01 2.301704406738281250e+00
6.704407620000000234e-01 2.280426502227783203e+00
6.732773739999999840e-01 2.250846385955810547e+00
6.761140420000000262e-01 2.236727476119995117e+00
6.789507660000000389e-01 2.222338199615478516e+00
6.817875469999999938e-01 2.193299531936645508e+00
6.846243829999999475e-01 2.110763549804687500e+00
6.874612759999999545e-01 1.765445828437805176e+00
6.902982260000000148e-01 1.782119393348693848e+00
6.931352309999999628e-01 1.814726829528808594e+00
6.959722929999999641e-01 1.818468332290649414e+00
6.988094110000000470e-01 1.794863343238830566e+00
7.016465849999999893e-01 1.691840767860412598e+00
7.044838150000000132e-01 1.687749505043029785e+00
7.073211019999999793e-01 1.640914559364318848e+00
7.101584450000000270e-01 1.581323027610778809e+00
7.129958440000000452e-01 1.479969501495361328e+00
7.158332990000000340e-01 1.251262068748474121e+00
7.186708109999999650e-01 9.007003903388977051e-01
7.215083789999999775e-01 9.259100556373596191e-01
7.243460029999999605e-01 8.450669646263122559e-01
7.271836830000000251e-01 7.622848749160766602e-01
7.300214200000000320e-01 7.164696455001831055e-01
7.328592130000000093e-01 7.277501821517944336e-01
7.356970619999999572e-01 7.184981703758239746e-01
7.385349669999999866e-01 6.981247067451477051e-01
7.413729289999999583e-01 7.015771269798278809e-01
7.442109470000000115e-01 7.063792347908020020e-01
7.470490210000000353e-01 7.039331197738647461e-01
7.498871510000000296e-01 6.918157339096069336e-01
7.527253379999999661e-01 6.861956715583801270e-01
7.555635800000000124e-01 6.806101202964782715e-01
7.584018790000000010e-01 5.642318129539489746e-01
7.612402350000000428e-01 2.620550096035003662e-01
7.640786459999999725e-01 3.165528476238250732e-01
7.669171139999999554e-01 5.088923573493957520e-01
7.697556380000000198e-01 6.184527873992919922e-01
7.725942180000000548e-01 6.389062404632568359e-01
7.754328539999999492e-01 6.409745216369628906e-01
7.782715470000000080e-01 6.418021321296691895e-01
7.811102960000000373e-01 6.481787562370300293e-01
7.839491010000000371e-01 6.504886746406555176e-01
7.867879620000000074e-01 6.351873278617858887e-01
7.896268800000000310e-01 6.161065697669982910e-01
7.924658540000000251e-01 6.192134618759155273e-01
7.953048839999999897e-01 6.262435913085937500e-01
7.981439700000000359e-01 6.328957676887512207e-01
8.009831130000000243e-01 6.238183379173278809e-01
8.038223119999999833e-01 6.270923018455505371e-01
8.066615670000000238e-01 6.370205283164978027e-01
8.095008780000000348e-01 6.141590476036071777e-01
8.123402459999999881e-01 5.512379407882690430e-01
8.151796700000000229e-01 4.475540816783905029e-01
8.180191500000000282e-01 4.212459325790405273e-01
8.208586860000000041e-01 4.545182883739471436e-01
8.236982790000000332e-01 4.140703976154327393e-01
8.265379269999999501e-01 4.299765527248382568e-01
8.293776320000000313e-01 3.836064040660858154e-01
8.322173940000000547e-01 3.747460842132568359e-01
8.350572109999999659e-01 3.759328424930572510e-01
8.378970850000000414e-01 3.813447356224060059e-01
8.407370149999999764e-01 3.849432468414306641e-01
8.435770009999999930e-01 3.818725049495697021e-01
8.464170429999999801e-01 3.825009465217590332e-01
8.492571420000000204e-01 3.599265515804290771e-01
8.520972970000000313e-01 3.476300239562988281e-01
8.549375080000000127e-01 3.260836601257324219e-01
8.577777749999999646e-01 3.468509018421173096e-01
8.606180989999999698e-01 3.383669257164001465e-01
8.634584789999999455e-01 3.330326080322265625e-01
8.662989150000000027e-01 3.074887096881866455e-01
8.691394070000000305e-01 3.093921542167663574e-01
8.719799560000000005e-01 3.129380047321319580e-01
8.748205610000000521e-01 3.031895756721496582e-01
8.776612219999999631e-01 2.969680428504943848e-01
8.805019389999999557e-01 2.820524573326110840e-01
8.833427130000000016e-01 2.820398807525634766e-01
8.861835430000000180e-01 2.705999910831451416e-01
8.890244290000000049e-01 2.637680470943450928e-01
8.918653709999999624e-01 2.498399913311004639e-01
8.947063699999999731e-01 2.173914760351181030e-01
8.975474239999999826e-01 1.736173480749130249e-01
9.003885350000000454e-01 1.569481492042541504e-01
9.032297030000000504e-01 1.784354597330093384e-01
9.060709260000000542e-01 1.759365946054458618e-01
9.089122060000000003e-01 1.468823254108428955e-01
9.117535420000000279e-01 1.388997882604598999e-01
9.145949340000000261e-01 1.334112137556076050e-01
9.174363819999999947e-01 1.353034377098083496e-01
9.202778870000000166e-01 1.502070277929306030e-01
9.231194480000000091e-01 1.442203223705291748e-01
9.259610649999999721e-01 1.292957067489624023e-01
9.288027380000000166e-01 9.415189921855926514e-02
9.316444680000000034e-01 5.253526195883750916e-02
9.344862539999999607e-01 3.077992051839828491e-02
9.373280959999999995e-01 3.549472987651824951e-02
9.401699940000000089e-01 5.052063986659049988e-02
9.430119489999999605e-01 4.191518202424049377e-02
9.458539599999999936e-01 3.678474575281143188e-02
9.486960269999999973e-01 4.252663254737854004e-02
9.515381499999999715e-01 4.465048015117645264e-02
9.543803299999999989e-01 4.491231590509414673e-02
9.572225659999999969e-01 5.123950168490409851e-02
9.600648579999999654e-01 5.216189846396446228e-02
9.629072060000000155e-01 6.165027245879173279e-02
9.657496110000000078e-01 6.066879630088806152e-02
9.685920709999999989e-01 8.582624047994613647e-02
9.714345880000000433e-01 8.682692050933837891e-02
9.742771620000000299e-01 7.404078543186187744e-02
9.771197910000000153e-01 8.002464473247528076e-02
9.799624770000000540e-01 8.460774272680282593e-02
9.828052189999999522e-01 9.421807527542114258e-02
9.856480170000000429e-01 9.732457250356674194e-02
9.884908709999999932e-01 1.051888167858123779e-01
9.913337819999999967e-01 1.088641956448554993e-01
9.941767489999999707e-01 1.065583452582359314e-01
9.970197720000000263e-01 1.092660054564476013e-01
9.998628510000000524e-01 1.090571507811546326e-01
1.002705986999999910e+00 1.070273146033287048e-01
1.005549178999999960e+00 1.067919358611106873e-01
1.008392426999999980e+00 1.090377345681190491e-01
1.011235730999999971e+00 1.063314601778984070e-01
1.014079092000000015e+00 1.048466861248016357e-01
1.016922509000000030e+00 1.023077890276908875e-01
1.019765982000000015e+00 1.067495942115783691e-01
1.022609510999999971e+00 1.108353808522224426e-01
1.025453096999999980e+00 1.166835501790046692e-01
1.028296738999999960e+00 1.020131036639213562e-01
1.031140436999999910e+00 1.074859201908111572e-01
1.033984191000000052e+00 1.027819290757179260e-01
1.036828002000000026e+00 1.049857437610626221e-01
1.039671868000000110e+00 1.133659034967422485e-01
1.042515791000000025e+00 1.047330200672149658e-01
1.045359770999999993e+00 1.033118292689323425e-01
