3.615872339999999796e-01 1.304676413536071777e+00
3.644177160000000026e-01 1.493213295936584473e+00
3.672482539999999962e-01 1.557706117630004883e+00
3.700788480000000158e-01 1.576827287673950195e+00
3.729094980000000059e-01 1.410650134086608887e+00
3.757402049999999938e-01 1.510986924171447754e+00
3.785709680000000077e-01 1.644708633422851562e+00
3.814017869999999921e-01 1.433940649032592773e+00
3.842326620000000026e-01 1.288169860839843750e+00
3.870635940000000108e-01 1.405036091804504395e+00
3.898945819999999896e-01 1.620278000831604004e+00
3.927256259999999943e-01 1.413207292556762695e+00
3.955567260000000251e-01 1.452392458915710449e+00
3.983878829999999982e-01 1.811439037322998047e+00
4.012190950000000256e-01 2.241761684417724609e+00
4.040503639999999952e-01 2.280944824218750000e+00
4.068816900000000181e-01 2.231754064559936523e+00
4.097130709999999842e-01 2.276703834533691406e+00
4.125445090000000037e-01 2.353444814682006836e+00
4.153760029999999936e-01 2.389450550079345703e+00
4.182075530000000096e-01 2.333470582962036133e+00
4.210391589999999962e-01 2.342993021011352539e+00
4.238708219999999804e-01 2.305351257324218750e+00
4.267025409999999908e-01 2.287365436553955078e+00
4.295343160000000271e-01 2.049464225769042969e+00
4.323661469999999785e-01 2.185946941375732422e+00
4.351980349999999831e-01 2.395821094512939453e+00
4.380299790000000137e-01 2.422909975051879883e+00
4.408619790000000149e-01 2.486227512359619141e+00
4.436940349999999866e-01 2.658877372741699219e+00
4.465261480000000116e-01 2.675850868225097656e+00
4.493583170000000071e-01 2.830289602279663086e+00
4.521905419999999731e-01 2.843887090682983398e+00
4.550228230000000207e-01 2.812879323959350586e+00
4.578551610000000105e-01 2.876744747161865234e+00
4.606875550000000263e-01 2.901548862457275391e+00
4.635200050000000127e-01 2.934706211090087891e+00
4.663525110000000251e-01 2.872290134429931641e+00
4.691850739999999798e-01 2.866340875625610352e+00
4.720176919999999887e-01 2.924365282058715820e+00
4.748503669999999954e-01 2.950718879699707031e+00
4.776830989999999999e-01 2.974390268325805664e+00
4.805158860000000032e-01 3.040829658508300781e+00
4.833487300000000042e-01 3.028608798980712891e+00
4.861816299999999758e-01 2.785903453826904297e+00
4.890145859999999733e-01 2.907454013824462891e+00
4.918475979999999970e-01 2.975998640060424805e+00
4.946806670000000183e-01 3.047894239425659180e+00
4.975137920000000102e-01 3.062050580978393555e+00
5.003469729999999727e-01 2.986369132995605469e+00
5.031802100000000166e-01 2.967117786407470703e+00
5.060135040000000028e-01 3.061041116714477539e+00
5.088468539999999596e-01 3.076205253601074219e+00
5.116802599999999979e-01 3.119506835937500000e+00
5.145137220000000067e-01 3.050860166549682617e+00
5.173472409999999577e-01 2.886775255203247070e+00
5.201808159999999903e-01 3.010789394378662109e+00
5.230144469999999934e-01 3.153119087219238281e+00
5.258481339999999671e-01 3.158054828643798828e+00
5.286818779999999940e-01 3.199385881423950195e+00
5.315156779999999914e-01 3.302931308746337891e+00
5.343495339999999594e-01 3.290565967559814453e+00
5.371834460000000089e-01 3.348619461059570312e+00
5.400174150000000006e-01 3.280281782150268555e+00
5.428514389999999912e-01 3.298720121383666992e+00
5.456855200000000350e-01 3.367337465286254883e+00
5.485196580000000210e-01 3.384451866149902344e+00
5.513538510000000059e-01 3.417157173156738281e+00
5.541881010000000440e-01 3.442144393920898438e+00
5.570224070000000527e-01 3.408253431320190430e+00
5.598567690000000319e-01 3.360885620117187500e+00
5.626911869999999816e-01 3.416668176651000977e+00
5.655256619999999845e-01 3.412201881408691406e+00
5.683601929999999580e-01 3.370047092437744141e+00
5.711947800000000131e-01 3.335131406784057617e+00
5.740294230000000386e-01 3.391646385192871094e+00
5.768641230000000064e-01 3.354769706726074219e+00
5.796988789999999447e-01 3.377568483352661133e+00
5.825336909999999646e-01 3.440407037734985352e+00
5.853685589999999550e-01 3.414378881454467773e+00
5.882034839999999987e-01 3.184909582138061523e+00
5.910384650000000129e-01 3.056648492813110352e+00
5.938735019999999976e-01 3.108449697494506836e+00
5.967085949999999528e-01 3.099137544631958008e+00
5.995437449999999613e-01 3.070203065872192383e+00
6.023789510000000513e-01 3.034085512161254883e+00
6.052142130000000009e-01 3.060230970382690430e+00
6.080495310000000320e-01 3.002399444580078125e+00
6.108849060000000053e-01 2.907264947891235352e+00
6.137203359999999774e-01 2.831728935241699219e+00
6.165558230000000028e-01 2.815419197082519531e+00
6.193913669999999705e-01 2.886973619461059570e+00
6.222269660000000480e-01 2.874304056167602539e+00
6.250626219999999567e-01 2.792276382446289062e+00
6.278983339999999469e-01 2.732454538345336914e+00
6.307341020000000187e-01 2.718521833419799805e+00
6.335699259999999500e-01 2.742335319519042969e+00
6.364058070000000455e-01 2.778209209442138672e+00
6.392417440000000006e-01 2.779182910919189453e+00
6.420777370000000372e-01 2.745148420333862305e+00
6.449137860000000444e-01 2.713334560394287109e+00
6.477498919999999938e-01 2.586752891540527344e+00
6.505860540000000247e-01 2.578115940093994141e+00
6.534222720000000262e-01 2.577560186386108398e+00
6.562585459999999982e-01 2.372848749160766602e+00
6.590948770000000234e-01 2.487999439239501953e+00
6.619312640000000192e-01 2.554343461990356445e+00
6.647677069999999855e-01 2.529013872146606445e+00
6.676042060000000333e-01 2.513303518295288086e+00
6.704407620000000234e-01 2.485923051834106445e+00
6.732773739999999840e-01 2.462800025939941406e+00
6.761140420000000262e-01 2.449303627014160156e+00
6.789507660000000389e-01 2.433971405029296875e+00
6.817875469999999938e-01 2.410622358322143555e+00
6.846243829999999475e-01 2.315069437026977539e+00
6.874612759999999545e-01 1.947981715202331543e+00
6.902982260000000148e-01 1.975270986557006836e+00
6.931352309999999628e-01 2.012593030929565430e+00
6.959722929999999641e-01 2.027068853378295898e+00
6.988094110000000470e-01 2.008186817169189453e+00
7.016465849999999893e-01 1.899512648582458496e+00
7.044838150000000132e-01 1.914228320121765137e+00
7.073211019999999793e-01 1.871194601058959961e+00
7.101584450000000270e-01 1.811685800552368164e+00
7.129958440000000452e-01 1.697418212890625000e+00
7.158332990000000340e-01 1.451741695404052734e+00
7.186708109999999650e-01 1.051753520965576172e+00
7.215083789999999775e-01 1.083093285560607910e+00
7.243460029999999605e-01 9.911152720451354980e-01
7.271836830000000251e-01 9.021703004837036133e-01
7.300214200000000320e-01 8.483821749687194824e-01
7.328592130000000093e-01 8.698006868362426758e-01
7.356970619999999572e-01 8.624867796897888184e-01
7.385349669999999866e-01 8.428053259849548340e-01
7.413729289999999583e-01 8.440805077552795410e-01
7.442109470000000115e-01 8.565250039100646973e-01
7.470490210000000353e-01 8.568237423896789551e-01
7.498871510000000296e-01 8.432924151420593262e-01
7.527253379999999661e-01 8.411611914634704590e-01
7.555635800000000124e-01 8.323749899864196777e-01
7.584018790000000010e-01 6.788531541824340820e-01
7.612402350000000428e-01 3.214598000049591064e-01
7.640786459999999725e-01 3.920113146305084229e-01
7.669171139999999554e-01 6.227049827575683594e-01
7.697556380000000198e-01 7.598829269409179688e-01
7.725942180000000548e-01 7.950021624565124512e-01
7.754328539999999492e-01 7.976715564727783203e-01
7.782715470000000080e-01 7.983738183975219727e-01
7.811102960000000373e-01 7.975821495056152344e-01
7.839491010000000371e-01 7.981001138687133789e-01
7.867879620000000074e-01 7.846741676330566406e-01
7.896268800000000310e-01 7.694102525711059570e-01
7.924658540000000251e-01 7.701415419578552246e-01
7.953048839999999897e-01 7.847881913185119629e-01
7.981439700000000359e-01 7.836734056472778320e-01
8.009831130000000243e-01 7.797871232032775879e-01
8.038223119999999833e-01 7.865270376205444336e-01
8.066615670000000238e-01 7.949808835983276367e-01
8.095008780000000348e-01 7.681915760040283203e-01
8.123402459999999881e-01 6.849403381347656250e-01
8.151796700000000229e-01 5.602366924285888672e-01
8.180191500000000282e-01 5.283161997795104980e-01
8.208586860000000041e-01 5.623319745063781738e-01
8.236982790000000332e-01 5.266116857528686523e-01
8.265379269999999501e-01 5.404891371726989746e-01
8.293776320000000313e-01 4.798830449581146240e-01
8.322173940000000547e-01 4.611255228519439697e-01
8.350572109999999659e-01 4.664870500564575195e-01
8.378970850000000414e-01 4.780786633491516113e-01
8.407370149999999764e-01 4.793311357498168945e-01
8.435770009999999930e-01 4.801121354103088379e-01
8.464170429999999801e-01 4.707022607326507568e-01
8.492571420000000204e-01 4.496766328811645508e-01
8.520972970000000313e-01 4.340350031852722168e-01
8.549375080000000127e-01 4.116436839103698730e-01
8.577777749999999646e-01 4.339804947376251221e-01
8.606180989999999698e-01 4.276298582553863525e-01
8.634584789999999455e-01 4.194286465644836426e-01
8.662989150000000027e-01 3.900935053825378418e-01
8.691394070000000305e-01 3.967246115207672119e-01
8.719799560000000005e-01 4.001243412494659424e-01
8.748205610000000521e-01 3.796066641807556152e-01
8.776612219999999631e-01 3.698008656501770020e-01
8.805019389999999557e-01 3.619208633899688721e-01
8.833427130000000016e-01 3.607439994812011719e-01
8.861835430000000180e-01 3.398079276084899902e-01
8.890244290000000049e-01 3.334572613239288330e-01
8.918653709999999624e-01 3.156870901584625244e-01
8.947063699999999731e-01 2.685805857181549072e-01
8.975474239999999826e-01 2.168289273977279663e-01
9.003885350000000454e-01 1.916861385107040405e-01
9.032297030000000504e-01 2.236894220113754272e-01
9.060709260000000542e-01 2.196795791387557983e-01
9.089122060000000003e-01 1.795360893011093140e-01
9.117535420000000279e-01 1.775982975959777832e-01
9.145949340000000261e-01 1.642149090766906738e-01
9.174363819999999947e-01 1.646456420421600342e-01
9.202778870000000166e-01 1.902839541435241699e-01
9.231194480000000091e-01 1.769387871026992798e-01
9.259610649999999721e-01 1.642764508724212646e-01
9.288027380000000166e-01 1.172013059258460999e-01
9.316444680000000034e-01 6.457774341106414795e-02
9.344862539999999607e-01 4.137019068002700806e-02
9.373280959999999995e-01 4.261001199483871460e-02
9.401699940000000089e-01 6.759916990995407104e-02
9.430119489999999605e-01 5.929957702755928040e-02
9.458539599999999936e-01 5.609348416328430176e-02
9.486960269999999973e-01 5.470905825495719910e-02
9.515381499999999715e-01 5.821001529693603516e-02
9.543803299999999989e-01 5.383194610476493835e-02
9.572225659999999969e-01 6.086079403758049011e-02
9.600648579999999654e-01 6.565115600824356079e-02
9.629072060000000155e-01 7.134854793548583984e-02
9.657496110000000078e-01 7.618970423936843872e-02
9.685920709999999989e-01 1.055165827274322510e-01
9.714345880000000433e-01 1.114607155323028564e-01
9.742771620000000299e-01 9.796395152807235718e-02
9.771197910000000153e-01 9.642942994832992554e-02
9.799624770000000540e-01 1.069872975349426270e-01
9.828052189999999522e-01 1.233139857649803162e-01
9.856480170000000429e-01 1.236074119806289673e-01
9.884908709999999932e-01 1.308588236570358276e-01
9.913337819999999967e-01 1.341545432806015015e-01
9.941767489999999707e-01 1.263114809989929199e-01
9.970197720000000263e-01 1.310818046331405640e-01
9.998628510000000524e-01 1.374979317188262939e-01
1.002705986999999910e+00 1.366312205791473389e-01
1.005549178999999960e+00 1.278655529022216797e-01
1.008392426999999980e+00 1.298336535692214966e-01
1.011235730999999971e+00 1.369629204273223877e-01
1.014079092000000015e+00 1.409301757812500000e-01
1.016922509000000030e+00 1.385183036327362061e-01
1.019765982000000015e+00 1.412348598241806030e-01
1.022609510999999971e+00 1.322615146636962891e-01
1.025453096999999980e+00 1.455387771129608154e-01
1.028296738999999960e+00 1.435660570859909058e-01
1.031140436999999910e+00 1.507333517074584961e-01
1.033984191000000052e+00 1.354479938745498657e-01
1.036828002000000026e+00 1.407513320446014404e-01
1.039671868000000110e+00 1.465702801942825317e-01
1.042515791000000025e+00 1.496248692274093628e-01
1.045359770999999993e+00 1.574410051107406616e-01
