3.615872339999999796e-01 1.414662361145019531e+00
3.644177160000000026e-01 1.541677355766296387e+00
3.672482539999999962e-01 1.661453604698181152e+00
3.700788480000000158e-01 1.609145522117614746e+00
3.729094980000000059e-01 1.452836036682128906e+00
3.757402049999999938e-01 1.541527271270751953e+00
3.785709680000000077e-01 1.690526008605957031e+00
3.814017869999999921e-01 1.459601163864135742e+00
3.842326620000000026e-01 1.288272976875305176e+00
3.870635940000000108e-01 1.453980565071105957e+00
3.898945819999999896e-01 1.638273477554321289e+00
3.927256259999999943e-01 1.447422146797180176e+00
3.955567260000000251e-01 1.476220846176147461e+00
3.983878829999999982e-01 1.879223227500915527e+00
4.012190950000000256e-01 2.303949356079101562e+00
4.040503639999999952e-01 2.307285070419311523e+00
4.068816900000000181e-01 2.278032541275024414e+00
4.097130709999999842e-01 2.309420347213745117e+00
4.125445090000000037e-01 2.395250082015991211e+00
4.153760029999999936e-01 2.398636102676391602e+00
4.182075530000000096e-01 2.321867942810058594e+00
4.210391589999999962e-01 2.353084325790405273e+00
4.238708219999999804e-01 2.293125391006469727e+00
4.267025409999999908e-01 2.264050960540771484e+00
4.295343160000000271e-01 2.034104108810424805e+00
4.323661469999999785e-01 2.184111595153808594e+00
4.351980349999999831e-01 2.381151914596557617e+00
4.380299790000000137e-01 2.412889719009399414e+00
4.408619790000000149e-01 2.503639459609985352e+00
4.436940349999999866e-01 2.653248310089111328e+00
4.465261480000000116e-01 2.648552417755126953e+00
4.493583170000000071e-01 2.827534914016723633e+00
4.521905419999999731e-01 2.841693639755249023e+00
4.550228230000000207e-01 2.823457479476928711e+00
4.578551610000000105e-01 2.894394159317016602e+00
4.606875550000000263e-01 2.896497726440429688e+00
4.635200050000000127e-01 2.919245719909667969e+00
4.663525110000000251e-01 2.875649213790893555e+00
4.691850739999999798e-01 2.864260673522949219e+00
4.720176919999999887e-01 2.916515111923217773e+00
4.748503669999999954e-01 2.955612421035766602e+00
4.776830989999999999e-01 2.986764907836914062e+00
4.805158860000000032e-01 3.045263290405273438e+00
4.833487300000000042e-01 3.025868892669677734e+00
4.861816299999999758e-01 2.777011394500732422e+00
4.890145859999999733e-01 2.894647359848022461e+00
4.918475979999999970e-01 2.972920417785644531e+00
4.946806670000000183e-01 3.042256355285644531e+00
4.975137920000000102e-01 3.061915874481201172e+00
5.003469729999999727e-01 2.982026100158691406e+00
5.031802100000000166e-01 2.972438097000122070e+00
5.060135040000000028e-01 3.046392679214477539e+00
5.088468539999999596e-01 3.077897310256958008e+00
5.116802599999999979e-01 3.110438585281372070e+00
5.145137220000000067e-01 3.049572467803955078e+00
5.173472409999999577e-01 2.884378194808959961e+00
5.201808159999999903e-01 3.026479005813598633e+00
5.230144469999999934e-01 3.176204681396484375e+00
5.258481339999999671e-01 3.161473274230957031e+00
5.286818779999999940e-01 3.204710483551025391e+00
5.315156779999999914e-01 3.333230257034301758e+00
5.343495339999999594e-01 3.314520359039306641e+00
5.371834460000000089e-01 3.365204572677612305e+00
5.400174150000000006e-01 3.296593427658081055e+00
5.428514389999999912e-01 3.324308395385742188e+00
5.456855200000000350e-01 3.392569065093994141e+00
5.485196580000000210e-01 3.405065298080444336e+00
5.513538510000000059e-01 3.426718235015869141e+00
5.541881010000000440e-01 3.455758094787597656e+00
5.570224070000000527e-01 3.427617549896240234e+00
5.598567690000000319e-01 3.382015705108642578e+00
5.626911869999999816e-01 3.431847572326660156e+00
5.655256619999999845e-01 3.425216674804687500e+00
5.683601929999999580e-01 3.386895895004272461e+00
5.711947800000000131e-01 3.358722925186157227e+00
5.740294230000000386e-01 3.407193183898925781e+00
5.768641230000000064e-01 3.391986131668090820e+00
5.796988789999999447e-01 3.391353607177734375e+00
5.825336909999999646e-01 3.478549957275390625e+00
5.853685589999999550e-01 3.443009853363037109e+00
5.882034839999999987e-01 3.203065872192382812e+00
5.910384650000000129e-01 3.065612792968750000e+00
5.938735019999999976e-01 3.121879100799560547e+00
5.967085949999999528e-01 3.114623069763183594e+00
5.995437449999999613e-01 3.087535381317138672e+00
6.023789510000000513e-01 3.043379306793212891e+00
6.052142130000000009e-01 3.046384096145629883e+00
6.080495310000000320e-01 3.014237880706787109e+00
6.108849060000000053e-01 2.913514852523803711e+00
6.137203359999999774e-01 2.842166423797607422e+00
6.165558230000000028e-01 2.823763847351074219e+00
6.193913669999999705e-01 2.903566122055053711e+00
6.222269660000000480e-01 2.890404462814331055e+00
6.250626219999999567e-01 2.807662248611450195e+00
6.278983339999999469e-01 2.752570390701293945e+00
6.307341020000000187e-01 2.730654716491699219e+00
6.335699259999999500e-01 2.762943267822265625e+00
6.364058070000000455e-01 2.783876180648803711e+00
6.392417440000000006e-01 2.790403366088867188e+00
6.420777370000000372e-01 2.758604049682617188e+00
6.449137860000000444e-01 2.732908010482788086e+00
6.477498919999999938e-01 2.594644546508789062e+00
6.505860540000000247e-01 2.582653760910034180e+00
6.534222720000000262e-01 2.595122575759887695e+00
6.562585459999999982e-01 2.362635612487792969e+00
6.590948770000000234e-01 2.473982810974121094e+00
6.619312640000000192e-01 2.540057659149169922e+00
6.647677069999999855e-01 2.505825519561767578e+00
6.676042060000000333e-01 2.483712434768676758e+00
6.704407620000000234e-01 2.460345983505249023e+00
6.732773739999999840e-01 2.437232017517089844e+00
6.761140420000000262e-01 2.419540882110595703e+00
6.789507660000000389e-01 2.405932664871215820e+00
6.817875469999999938e-01 2.387344837188720703e+00
6.846243829999999475e-01 2.299759626388549805e+00
6.874612759999999545e-01 1.939353704452514648e+00
6.902982260000000148e-01 1.976841092109680176e+00
6.931352309999999628e-01 2.015810489654541016e+00
6.959722929999999641e-01 2.040729045867919922e+00
6.988094110000000470e-01 2.032422304153442383e+00
7.016465849999999893e-01 1.919664382934570312e+00
7.044838150000000132e-01 1.924317121505737305e+00
7.073211019999999793e-01 1.888206124305725098e+00
7.101584450000000270e-01 1.826380252838134766e+00
7.129958440000000452e-01 1.717146039009094238e+00
7.158332990000000340e-01 1.452488422393798828e+00
7.186708109999999650e-01 1.045779705047607422e+00
7.215083789999999775e-01 1.084194898605346680e+00
7.243460029999999605e-01 9.895698428153991699e-01
7.271836830000000251e-01 8.903556466102600098e-01
7.300214200000000320e-01 8.380213379859924316e-01
7.328592130000000093e-01 8.569489717483520508e-01
7.356970619999999572e-01 8.520087599754333496e-01
7.385349669999999866e-01 8.325695991516113281e-01
7.413729289999999583e-01 8.280170559883117676e-01
7.442109470000000115e-01 8.447719216346740723e-01
7.470490210000000353e-01 8.431866168975830078e-01
7.498871510000000296e-01 8.334745168685913086e-01
7.527253379999999661e-01 8.217412233352661133e-01
7.555635800000000124e-01 8.171375989913940430e-01
7.584018790000000010e-01 6.676225066184997559e-01
7.612402350000000428e-01 3.054457306861877441e-01
7.640786459999999725e-01 3.738655447959899902e-01
7.669171139999999554e-01 6.049360036849975586e-01
7.697556380000000198e-01 7.457842826843261719e-01
7.725942180000000548e-01 7.775115966796875000e-01
7.754328539999999492e-01 7.754167914390563965e-01
7.782715470000000080e-01 7.820929884910583496e-01
7.811102960000000373e-01 7.808110713958740234e-01
7.839491010000000371e-01 7.817696928977966309e-01
7.867879620000000074e-01 7.702364325523376465e-01
7.896268800000000310e-01 7.503089308738708496e-01
7.924658540000000251e-01 7.536003589630126953e-01
7.953048839999999897e-01 7.623965144157409668e-01
7.981439700000000359e-01 7.699496746063232422e-01
8.009831130000000243e-01 7.642433047294616699e-01
8.038223119999999833e-01 7.626472711563110352e-01
8.066615670000000238e-01 7.830327749252319336e-01
8.095008780000000348e-01 7.489008903503417969e-01
8.123402459999999881e-01 6.699759960174560547e-01
8.151796700000000229e-01 5.488069057464599609e-01
8.180191500000000282e-01 5.171397328376770020e-01
8.208586860000000041e-01 5.491462945938110352e-01
8.236982790000000332e-01 5.108485221862792969e-01
8.265379269999999501e-01 5.254981517791748047e-01
8.293776320000000313e-01 4.738217592239379883e-01
8.322173940000000547e-01 4.465688467025756836e-01
8.350572109999999659e-01 4.569001495838165283e-01
8.378970850000000414e-01 4.692978560924530029e-01
8.407370149999999764e-01 4.679440557956695557e-01
8.435770009999999930e-01 4.627822637557983398e-01
8.464170429999999801e-01 4.632813036441802979e-01
8.492571420000000204e-01 4.397910833358764648e-01
8.520972970000000313e-01 4.259387552738189697e-01
8.549375080000000127e-01 3.971571028232574463e-01
8.577777749999999646e-01 4.201268255710601807e-01
8.606180989999999698e-01 4.194980263710021973e-01
8.634584789999999455e-01 4.100587069988250732e-01
8.662989150000000027e-01 3.736067414283752441e-01
8.691394070000000305e-01 3.820107877254486084e-01
8.719799560000000005e-01 3.857033550739288330e-01
8.748205610000000521e-01 3.716199994087219238e-01
8.776612219999999631e-01 3.603159785270690918e-01
8.805019389999999557e-01 3.512752354145050049e-01
8.833427130000000016e-01 3.421371877193450928e-01
8.861835430000000180e-01 3.306393623352050781e-01
8.890244290000000049e-01 3.200332224369049072e-01
8.918653709999999624e-01 3.077880144119262695e-01
8.947063699999999731e-01 2.588910758495330811e-01
8.975474239999999826e-01 2.091914266347885132e-01
9.003885350000000454e-01 1.852146983146667480e-01
9.032297030000000504e-01 2.157271057367324829e-01
9.060709260000000542e-01 2.164374589920043945e-01
9.089122060000000003e-01 1.712069958448410034e-01
9.117535420000000279e-01 1.714642643928527832e-01
9.145949340000000261e-01 1.574162244796752930e-01
9.174363819999999947e-01 1.590759307146072388e-01
9.202778870000000166e-01 1.802884042263031006e-01
9.231194480000000091e-01 1.780773997306823730e-01
9.259610649999999721e-01 1.622109264135360718e-01
9.288027380000000166e-01 1.104999408125877380e-01
9.316444680000000034e-01 5.287954956293106079e-02
9.344862539999999607e-01 3.292284533381462097e-02
9.373280959999999995e-01 3.603677824139595032e-02
9.401699940000000089e-01 5.884127318859100342e-02
9.430119489999999605e-01 4.808305203914642334e-02
9.458539599999999936e-01 4.587478190660476685e-02
9.486960269999999973e-01 4.949418455362319946e-02
9.515381499999999715e-01 4.680783674120903015e-02
9.543803299999999989e-01 5.275408178567886353e-02
9.572225659999999969e-01 5.129923298954963684e-02
9.600648579999999654e-01 5.302670598030090332e-02
9.629072060000000155e-01 6.872990727424621582e-02
9.657496110000000078e-01 7.552774995565414429e-02
9.685920709999999989e-01 9.771164506673812866e-02
9.714345880000000433e-01 1.072461232542991638e-01
9.742771620000000299e-01 9.171076864004135132e-02
9.771197910000000153e-01 9.551782160997390747e-02
9.799624770000000540e-01 9.772253781557083130e-02
9.828052189999999522e-01 1.157995164394378662e-01
9.856480170000000429e-01 1.238477975130081177e-01
9.884908709999999932e-01 1.342759579420089722e-01
9.913337819999999967e-01 1.286120116710662842e-01
9.941767489999999707e-01 1.361741125583648682e-01
9.970197720000000263e-01 1.294169425964355469e-01
9.998628510000000524e-01 1.310932487249374390e-01
1.002705986999999910e+00 1.316433846950531006e-01
1.005549178999999960e+00 1.341389417648315430e-01
1.008392426999999980e+00 1.300096660852432251e-01
1.011235730999999971e+00 1.289595812559127808e-01
1.014079092000000015e+00 1.267934143543243408e-01
1.016922509000000030e+00 1.274570226669311523e-01
1.019765982000000015e+00 1.255588829517364502e-01
1.022609510999999971e+00 1.271465420722961426e-01
1.025453096999999980e+00 1.253235340118408203e-01
1.028296738999999960e+00 1.377557367086410522e-01
1.031140436999999910e+00 1.143880113959312439e-01
1.033984191000000052e+00 1.243392154574394226e-01
1.036828002000000026e+00 1.319175660610198975e-01
1.039671868000000110e+00 1.364782601594924927e-01
1.042515791000000025e+00 1.160938814282417297e-01
1.045359770999999993e+00 1.196023821830749512e-01
