3.615872339999999796e-01 1.302661657333374023e+00
3.644177160000000026e-01 1.485664486885070801e+00
3.672482539999999962e-01 1.593564629554748535e+00
3.700788480000000158e-01 1.628131031990051270e+00
3.729094980000000059e-01 1.433044672012329102e+00
3.757402049999999938e-01 1.519651889801025391e+00
3.785709680000000077e-01 1.652929782867431641e+00
3.814017869999999921e-01 1.411243796348571777e+00
3.842326620000000026e-01 1.327085614204406738e+00
3.870635940000000108e-01 1.451256990432739258e+00
3.898945819999999896e-01 1.629672050476074219e+00
3.927256259999999943e-01 1.425878524780273438e+00
3.955567260000000251e-01 1.484946727752685547e+00
3.983878829999999982e-01 1.836866259574890137e+00
4.012190950000000256e-01 2.288793087005615234e+00
4.040503639999999952e-01 2.292172193527221680e+00
4.068816900000000181e-01 2.232095718383789062e+00
4.097130709999999842e-01 2.267419338226318359e+00
4.125445090000000037e-01 2.398856878280639648e+00
4.153760029999999936e-01 2.408273458480834961e+00
4.182075530000000096e-01 2.350092172622680664e+00
4.210391589999999962e-01 2.359240293502807617e+00
4.238708219999999804e-01 2.304425001144409180e+00
4.267025409999999908e-01 2.264819383621215820e+00
4.295343160000000271e-01 2.072209358215332031e+00
4.323661469999999785e-01 2.202465295791625977e+00
4.351980349999999831e-01 2.404082059860229492e+00
4.380299790000000137e-01 2.427248239517211914e+00
4.408619790000000149e-01 2.508977890014648438e+00
4.436940349999999866e-01 2.668016433715820312e+00
4.465261480000000116e-01 2.687529802322387695e+00
4.493583170000000071e-01 2.834701538085937500e+00
4.521905419999999731e-01 2.865449666976928711e+00
4.550228230000000207e-01 2.819096565246582031e+00
4.578551610000000105e-01 2.895338296890258789e+00
4.606875550000000263e-01 2.921132802963256836e+00
4.635200050000000127e-01 2.942158699035644531e+00
4.663525110000000251e-01 2.879667282104492188e+00
4.691850739999999798e-01 2.895940542221069336e+00
4.720176919999999887e-01 2.928380966186523438e+00
4.748503669999999954e-01 2.969168663024902344e+00
4.776830989999999999e-01 2.998937845230102539e+00
4.805158860000000032e-01 3.071288585662841797e+00
4.833487300000000042e-01 3.035792112350463867e+00
4.861816299999999758e-01 2.795519590377807617e+00
4.890145859999999733e-01 2.932010173797607422e+00
4.918475979999999970e-01 3.001466989517211914e+00
4.946806670000000183e-01 3.062150001525878906e+00
4.975137920000000102e-01 3.080570220947265625e+00
5.003469729999999727e-01 3.005739450454711914e+00
5.031802100000000166e-01 2.996478557586669922e+00
5.060135040000000028e-01 3.086350440979003906e+00
5.088468539999999596e-01 3.105624437332153320e+00
5.116802599999999979e-01 3.141062259674072266e+00
5.145137220000000067e-01 3.077078104019165039e+00
5.173472409999999577e-01 2.922947406768798828e+00
5.201808159999999903e-01 3.053409337997436523e+00
5.230144469999999934e-01 3.186783790588378906e+00
5.258481339999999671e-01 3.183334350585937500e+00
5.286818779999999940e-01 3.235210657119750977e+00
5.315156779999999914e-01 3.348903179168701172e+00
5.343495339999999594e-01 3.331767082214355469e+00
5.371834460000000089e-01 3.380413770675659180e+00
5.400174150000000006e-01 3.321869611740112305e+00
5.428514389999999912e-01 3.333369970321655273e+00
5.456855200000000350e-01 3.407208442687988281e+00
5.485196580000000210e-01 3.418936967849731445e+00
5.513538510000000059e-01 3.452685594558715820e+00
5.541881010000000440e-01 3.475005626678466797e+00
5.570224070000000527e-01 3.440593004226684570e+00
5.598567690000000319e-01 3.392099380493164062e+00
5.626911869999999816e-01 3.451687335968017578e+00
5.655256619999999845e-01 3.440217733383178711e+00
5.683601929999999580e-01 3.417608499526977539e+00
5.711947800000000131e-01 3.382704734802246094e+00
5.740294230000000386e-01 3.423503875732421875e+00
5.768641230000000064e-01 3.388936758041381836e+00
5.796988789999999447e-01 3.417249917984008789e+00
5.825336909999999646e-01 3.485063791275024414e+00
5.853685589999999550e-01 3.446804761886596680e+00
5.882034839999999987e-01 3.230702877044677734e+00
5.910384650000000129e-01 3.085963726043701172e+00
5.938735019999999976e-01 3.150546073913574219e+00
5.967085949999999528e-01 3.137108087539672852e+00
5.995437449999999613e-01 3.111613273620605469e+00
6.023789510000000513e-01 3.080294132232666016e+00
6.052142130000000009e-01 3.085388660430908203e+00
6.080495310000000320e-01 3.049924850463867188e+00
6.108849060000000053e-01 2.931575536727905273e+00
6.137203359999999774e-01 2.853311538696289062e+00
6.165558230000000028e-01 2.833979606628417969e+00
6.193913669999999705e-01 2.909921169281005859e+00
6.222269660000000480e-01 2.891904115676879883e+00
6.250626219999999567e-01 2.823885917663574219e+00
6.278983339999999469e-01 2.758485078811645508e+00
6.307341020000000187e-01 2.733777284622192383e+00
6.335699259999999500e-01 2.762183189392089844e+00
6.364058070000000455e-01 2.804206132888793945e+00
6.392417440000000006e-01 2.796225070953369141e+00
6.420777370000000372e-01 2.772174358367919922e+00
6.449137860000000444e-01 2.737326622009277344e+00
6.477498919999999938e-01 2.613427639007568359e+00
6.505860540000000247e-01 2.594137430191040039e+00
6.534222720000000262e-01 2.584031820297241211e+00
6.562585459999999982e-01 2.378706216812133789e+00
6.590948770000000234e-01 2.488594770431518555e+00
6.619312640000000192e-01 2.556423187255859375e+00
6.647677069999999855e-01 2.534942865371704102e+00
6.676042060000000333e-01 2.504839658737182617e+00
6.704407620000000234e-01 2.473026752471923828e+00
6.732773739999999840e-01 2.449802398681640625e+00
6.761140420000000262e-01 2.441159963607788086e+00
6.789507660000000389e-01 2.421834230422973633e+00
6.817875469999999938e-01 2.403905868530273438e+00
6.846243829999999475e-01 2.320968389511108398e+00
6.874612759999999545e-01 1.953932046890258789e+00
6.902982260000000148e-01 1.980749845504760742e+00
6.931352309999999628e-01 2.022600173950195312e+00
6.959722929999999641e-01 2.045007944107055664e+00
6.988094110000000470e-01 2.036529541015625000e+00
7.016465849999999893e-01 1.921926498413085938e+00
7.044838150000000132e-01 1.922611355781555176e+00
7.073211019999999793e-01 1.886665940284729004e+00
7.101584450000000270e-01 1.826339721679687500e+00
7.129958440000000452e-01 1.714320302009582520e+00
7.158332990000000340e-01 1.450658917427062988e+00
7.186708109999999650e-01 1.053855657577514648e+00
7.215083789999999775e-01 1.090957760810852051e+00
7.243460029999999605e-01 9.942997694015502930e-01
7.271836830000000251e-01 9.032643437385559082e-01
7.300214200000000320e-01 8.418408036231994629e-01
7.328592130000000093e-01 8.534551858901977539e-01
7.356970619999999572e-01 8.521721959114074707e-01
7.385349669999999866e-01 8.241070508956909180e-01
7.413729289999999583e-01 8.293697237968444824e-01
7.442109470000000115e-01 8.343081474304199219e-01
7.470490210000000353e-01 8.310384750366210938e-01
7.498871510000000296e-01 8.223268985748291016e-01
7.527253379999999661e-01 8.099477291107177734e-01
7.555635800000000124e-01 8.021439909934997559e-01
7.584018790000000010e-01 6.573189496994018555e-01
7.612402350000000428e-01 3.117737472057342529e-01
7.640786459999999725e-01 3.721920549869537354e-01
7.669171139999999554e-01 6.011928319931030273e-01
7.697556380000000198e-01 7.371960878372192383e-01
7.725942180000000548e-01 7.676566243171691895e-01
7.754328539999999492e-01 7.708047628402709961e-01
7.782715470000000080e-01 7.687359452247619629e-01
7.811102960000000373e-01 7.711946368217468262e-01
7.839491010000000371e-01 7.732704877853393555e-01
7.867879620000000074e-01 7.618802785873413086e-01
7.896268800000000310e-01 7.409551739692687988e-01
7.924658540000000251e-01 7.352330088615417480e-01
7.953048839999999897e-01 7.518227696418762207e-01
7.981439700000000359e-01 7.613482475280761719e-01
8.009831130000000243e-01 7.520683407783508301e-01
8.038223119999999833e-01 7.500731945037841797e-01
8.066615670000000238e-01 7.675245404243469238e-01
8.095008780000000348e-01 7.337979078292846680e-01
8.123402459999999881e-01 6.583826541900634766e-01
8.151796700000000229e-01 5.396766066551208496e-01
8.180191500000000282e-01 5.163607597351074219e-01
8.208586860000000041e-01 5.387845039367675781e-01
8.236982790000000332e-01 5.003663301467895508e-01
8.265379269999999501e-01 5.163930058479309082e-01
8.293776320000000313e-01 4.660463631153106689e-01
8.322173940000000547e-01 4.403188824653625488e-01
8.350572109999999659e-01 4.474023580551147461e-01
8.378970850000000414e-01 4.533731341361999512e-01
8.407370149999999764e-01 4.514192044734954834e-01
8.435770009999999930e-01 4.437471926212310791e-01
8.464170429999999801e-01 4.452180266380310059e-01
8.492571420000000204e-01 4.230224490165710449e-01
8.520972970000000313e-01 4.094541370868682861e-01
8.549375080000000127e-01 3.851251006126403809e-01
8.577777749999999646e-01 4.058935940265655518e-01
8.606180989999999698e-01 3.971471190452575684e-01
8.634584789999999455e-01 3.900367915630340576e-01
8.662989150000000027e-01 3.650493323802947998e-01
8.691394070000000305e-01 3.712675273418426514e-01
8.719799560000000005e-01 3.698456287384033203e-01
8.748205610000000521e-01 3.556159734725952148e-01
8.776612219999999631e-01 3.462270796298980713e-01
8.805019389999999557e-01 3.281121850013732910e-01
8.833427130000000016e-01 3.274095058441162109e-01
8.861835430000000180e-01 3.139681518077850342e-01
8.890244290000000049e-01 3.081401884555816650e-01
8.918653709999999624e-01 2.911293804645538330e-01
8.947063699999999731e-01 2.449065595865249634e-01
8.975474239999999826e-01 1.933611482381820679e-01
9.003885350000000454e-01 1.726781874895095825e-01
9.032297030000000504e-01 2.022354304790496826e-01
9.060709260000000542e-01 2.012995928525924683e-01
9.089122060000000003e-01 1.639191955327987671e-01
9.117535420000000279e-01 1.636860966682434082e-01
9.145949340000000261e-01 1.504305899143218994e-01
9.174363819999999947e-01 1.508842110633850098e-01
9.202778870000000166e-01 1.708403676748275757e-01
9.231194480000000091e-01 1.592978984117507935e-01
9.259610649999999721e-01 1.444801539182662964e-01
9.288027380000000166e-01 1.035970374941825867e-01
9.316444680000000034e-01 5.434116348624229431e-02
9.344862539999999607e-01 3.327067568898200989e-02
9.373280959999999995e-01 3.300645947456359863e-02
9.401699940000000089e-01 5.559671670198440552e-02
9.430119489999999605e-01 4.591364786028862000e-02
9.458539599999999936e-01 3.864834830164909363e-02
9.486960269999999973e-01 4.730775952339172363e-02
9.515381499999999715e-01 4.650088399648666382e-02
9.543803299999999989e-01 4.499153047800064087e-02
9.572225659999999969e-01 5.176478996872901917e-02
9.600648579999999654e-01 5.127879604697227478e-02
9.629072060000000155e-01 5.998987331986427307e-02
9.657496110000000078e-01 6.609807908535003662e-02
9.685920709999999989e-01 8.783467859029769897e-02
9.714345880000000433e-01 9.962243586778640747e-02
9.742771620000000299e-01 8.286406099796295166e-02
9.771197910000000153e-01 8.659154176712036133e-02
9.799624770000000540e-01 9.021422266960144043e-02
9.828052189999999522e-01 1.017184481024742126e-01
9.856480170000000429e-01 1.095806211233139038e-01
9.884908709999999932e-01 1.136880964040756226e-01
9.913337819999999967e-01 1.134647503495216370e-01
9.941767489999999707e-01 1.145978420972824097e-01
9.970197720000000263e-01 1.165416538715362549e-01
9.998628510000000524e-01 1.170134693384170532e-01
1.002705986999999910e+00 1.072522550821304321e-01
1.005549178999999960e+00 1.080959215760231018e-01
1.008392426999999980e+00 1.168197393417358398e-01
1.011235730999999971e+00 1.131582632660865784e-01
1.014079092000000015e+00 1.177709624171257019e-01
1.016922509000000030e+00 1.130925491452217102e-01
1.019765982000000015e+00 1.134204715490341187e-01
1.022609510999999971e+00 1.161179617047309875e-01
1.025453096999999980e+00 1.212423145771026611e-01
1.028296738999999960e+00 1.203771233558654785e-01
1.031140436999999910e+00 1.246139928698539734e-01
1.033984191000000052e+00 1.242653578519821167e-01
1.036828002000000026e+00 1.224760115146636963e-01
1.039671868000000110e+00 1.055204719305038452e-01
1.042515791000000025e+00 1.250091791152954102e-01
1.045359770999999993e+00 1.217739507555961609e-01
