3.615872339999999796e-01 1.260389447212219238e+00
3.644177160000000026e-01 1.434551239013671875e+00
3.672482539999999962e-01 1.545100927352905273e+00
3.700788480000000158e-01 1.536615371704101562e+00
3.729094980000000059e-01 1.430466771125793457e+00
3.757402049999999938e-01 1.493319272994995117e+00
3.785709680000000077e-01 1.649381995201110840e+00
3.814017869999999921e-01 1.423454403877258301e+00
3.842326620000000026e-01 1.318377852439880371e+00
3.870635940000000108e-01 1.454133391380310059e+00
3.898945819999999896e-01 1.620765209197998047e+00
3.927256259999999943e-01 1.423294186592102051e+00
3.955567260000000251e-01 1.434567809104919434e+00
3.983878829999999982e-01 1.831565618515014648e+00
4.012190950000000256e-01 2.257276296615600586e+00
4.040503639999999952e-01 2.268611907958984375e+00
4.068816900000000181e-01 2.229583501815795898e+00
4.097130709999999842e-01 2.260768413543701172e+00
4.125445090000000037e-01 2.375459671020507812e+00
4.153760029999999936e-01 2.380682945251464844e+00
4.182075530000000096e-01 2.325072288513183594e+00
4.210391589999999962e-01 2.340638399124145508e+00
4.238708219999999804e-01 2.314020156860351562e+00
4.267025409999999908e-01 2.251140594482421875e+00
4.295343160000000271e-01 2.047404050827026367e+00
4.323661469999999785e-01 2.177231073379516602e+00
4.351980349999999831e-01 2.389910936355590820e+00
4.380299790000000137e-01 2.421159029006958008e+00
4.408619790000000149e-01 2.511813402175903320e+00
4.436940349999999866e-01 2.652661561965942383e+00
4.465261480000000116e-01 2.680384397506713867e+00
4.493583170000000071e-01 2.838705301284790039e+00
4.521905419999999731e-01 2.841087341308593750e+00
4.550228230000000207e-01 2.824762344360351562e+00
4.578551610000000105e-01 2.898823022842407227e+00
4.606875550000000263e-01 2.909770250320434570e+00
4.635200050000000127e-01 2.940386056900024414e+00
4.663525110000000251e-01 2.876070737838745117e+00
4.691850739999999798e-01 2.875105857849121094e+00
4.720176919999999887e-01 2.911772966384887695e+00
4.748503669999999954e-01 2.967773914337158203e+00
4.776830989999999999e-01 2.996439695358276367e+00
4.805158860000000032e-01 3.058339595794677734e+00
4.833487300000000042e-01 3.024962902069091797e+00
4.861816299999999758e-01 2.801741361618041992e+00
4.890145859999999733e-01 2.917588710784912109e+00
4.918475979999999970e-01 2.992500543594360352e+00
4.946806670000000183e-01 3.063548803329467773e+00
4.975137920000000102e-01 3.078968048095703125e+00
5.003469729999999727e-01 3.009256839752197266e+00
5.031802100000000166e-01 2.975050687789916992e+00
5.060135040000000028e-01 3.071520805358886719e+00
5.088468539999999596e-01 3.085645198822021484e+00
5.116802599999999979e-01 3.120317459106445312e+00
5.145137220000000067e-01 3.063364744186401367e+00
5.173472409999999577e-01 2.898053407669067383e+00
5.201808159999999903e-01 3.024214267730712891e+00
5.230144469999999934e-01 3.169051170349121094e+00
5.258481339999999671e-01 3.181744098663330078e+00
5.286818779999999940e-01 3.213701486587524414e+00
5.315156779999999914e-01 3.323894739151000977e+00
5.343495339999999594e-01 3.312127351760864258e+00
5.371834460000000089e-01 3.356742858886718750e+00
5.400174150000000006e-01 3.299309253692626953e+00
5.428514389999999912e-01 3.325803041458129883e+00
5.456855200000000350e-01 3.382275581359863281e+00
5.485196580000000210e-01 3.403405427932739258e+00
5.513538510000000059e-01 3.429326295852661133e+00
5.541881010000000440e-01 3.462991237640380859e+00
5.570224070000000527e-01 3.420070171356201172e+00
5.598567690000000319e-01 3.379983186721801758e+00
5.626911869999999816e-01 3.432145833969116211e+00
5.655256619999999845e-01 3.425233840942382812e+00
5.683601929999999580e-01 3.392075777053833008e+00
5.711947800000000131e-01 3.352454185485839844e+00
5.740294230000000386e-01 3.409706115722656250e+00
5.768641230000000064e-01 3.379488945007324219e+00
5.796988789999999447e-01 3.402672290802001953e+00
5.825336909999999646e-01 3.474063873291015625e+00
5.853685589999999550e-01 3.438730001449584961e+00
5.882034839999999987e-01 3.215868473052978516e+00
5.910384650000000129e-01 3.084822177886962891e+00
5.938735019999999976e-01 3.141730308532714844e+00
5.967085949999999528e-01 3.136182546615600586e+00
5.995437449999999613e-01 3.112846136093139648e+00
6.023789510000000513e-01 3.081141471862792969e+00
6.052142130000000009e-01 3.105798244476318359e+00
6.080495310000000320e-01 3.047236204147338867e+00
6.108849060000000053e-01 2.948489904403686523e+00
6.137203359999999774e-01 2.876322984695434570e+00
6.165558230000000028e-01 2.855776786804199219e+00
6.193913669999999705e-01 2.930704832077026367e+00
6.222269660000000480e-01 2.921324729919433594e+00
6.250626219999999567e-01 2.845993041992187500e+00
6.278983339999999469e-01 2.778885602951049805e+00
6.307341020000000187e-01 2.762055635452270508e+00
6.335699259999999500e-01 2.793560981750488281e+00
6.364058070000000455e-01 2.831081390380859375e+00
6.392417440000000006e-01 2.833596706390380859e+00
6.420777370000000372e-01 2.810084819793701172e+00
6.449137860000000444e-01 2.767266511917114258e+00
6.477498919999999938e-01 2.645650625228881836e+00
6.505860540000000247e-01 2.635924100875854492e+00
6.534222720000000262e-01 2.627591371536254883e+00
6.562585459999999982e-01 2.421473979949951172e+00
6.590948770000000234e-01 2.540420055389404297e+00
6.619312640000000192e-01 2.616596460342407227e+00
6.647677069999999855e-01 2.592690706253051758e+00
6.676042060000000333e-01 2.569335699081420898e+00
6.704407620000000234e-01 2.550101280212402344e+00
6.732773739999999840e-01 2.520195484161376953e+00
6.761140420000000262e-01 2.506693363189697266e+00
6.789507660000000389e-01 2.495776891708374023e+00
6.817875469999999938e-01 2.471997976303100586e+00
6.846243829999999475e-01 2.376848220825195312e+00
6.874612759999999545e-01 1.996531844139099121e+00
6.902982260000000148e-01 2.019004821777343750e+00
6.931352309999999628e-01 2.072017669677734375e+00
6.959722929999999641e-01 2.085716724395751953e+00
6.988094110000000470e-01 2.071923971176147461e+00
7.016465849999999893e-01 1.970330238342285156e+00
7.044838150000000132e-01 1.975991845130920410e+00
7.073211019999999793e-01 1.944884777069091797e+00
7.101584450000000270e-01 1.875803112983703613e+00
7.129958440000000452e-01 1.768295884132385254e+00
7.158332990000000340e-01 1.513342738151550293e+00
7.186708109999999650e-01 1.111337423324584961e+00
7.215083789999999775e-01 1.139780640602111816e+00
7.243460029999999605e-01 1.051145076751708984e+00
7.271836830000000251e-01 9.530424475669860840e-01
7.300214200000000320e-01 9.025291204452514648e-01
7.328592130000000093e-01 9.207338690757751465e-01
7.356970619999999572e-01 9.106550812721252441e-01
7.385349669999999866e-01 8.932701945304870605e-01
7.413729289999999583e-01 8.969722986221313477e-01
7.442109470000000115e-01 9.110347032546997070e-01
7.470490210000000353e-01 9.114977121353149414e-01
7.498871510000000296e-01 8.932120203971862793e-01
7.527253379999999661e-01 8.905037045478820801e-01
7.555635800000000124e-01 8.773974776268005371e-01
7.584018790000000010e-01 7.162242531776428223e-01
7.612402350000000428e-01 3.363952934741973877e-01
7.640786459999999725e-01 4.088617265224456787e-01
7.669171139999999554e-01 6.594570279121398926e-01
7.697556380000000198e-01 8.079311251640319824e-01
7.725942180000000548e-01 8.410094380378723145e-01
7.754328539999999492e-01 8.394070863723754883e-01
7.782715470000000080e-01 8.440002202987670898e-01
7.811102960000000373e-01 8.453997969627380371e-01
7.839491010000000371e-01 8.452461361885070801e-01
7.867879620000000074e-01 8.336329460144042969e-01
7.896268800000000310e-01 8.116469383239746094e-01
7.924658540000000251e-01 8.125589489936828613e-01
7.953048839999999897e-01 8.248707652091979980e-01
7.981439700000000359e-01 8.312699198722839355e-01
8.009831130000000243e-01 8.283134698867797852e-01
8.038223119999999833e-01 8.277077078819274902e-01
8.066615670000000238e-01 8.388328552246093750e-01
8.095008780000000348e-01 8.123335242271423340e-01
8.123402459999999881e-01 7.277522087097167969e-01
8.151796700000000229e-01 5.922079086303710938e-01
8.180191500000000282e-01 5.562011599540710449e-01
8.208586860000000041e-01 5.950393676757812500e-01
8.236982790000000332e-01 5.445089936256408691e-01
8.265379269999999501e-01 5.669747591018676758e-01
8.293776320000000313e-01 5.046294331550598145e-01
8.322173940000000547e-01 4.885322153568267822e-01
8.350572109999999659e-01 4.936362206935882568e-01
8.378970850000000414e-01 4.982563555240631104e-01
8.407370149999999764e-01 5.064151883125305176e-01
8.435770009999999930e-01 4.984319210052490234e-01
8.464170429999999801e-01 4.955670833587646484e-01
8.492571420000000204e-01 4.699457585811614990e-01
8.520972970000000313e-01 4.534497559070587158e-01
8.549375080000000127e-01 4.271599650382995605e-01
8.577777749999999646e-01 4.546955525875091553e-01
8.606180989999999698e-01 4.494699239730834961e-01
8.634584789999999455e-01 4.424627423286437988e-01
8.662989150000000027e-01 4.045765995979309082e-01
8.691394070000000305e-01 4.160495698451995850e-01
8.719799560000000005e-01 4.091560840606689453e-01
8.748205610000000521e-01 4.010252952575683594e-01
8.776612219999999631e-01 3.878616690635681152e-01
8.805019389999999557e-01 3.749569654464721680e-01
8.833427130000000016e-01 3.686625659465789795e-01
8.861835430000000180e-01 3.519664108753204346e-01
8.890244290000000049e-01 3.519502282142639160e-01
8.918653709999999624e-01 3.275355100631713867e-01
8.947063699999999731e-01 2.727004289627075195e-01
8.975474239999999826e-01 2.225760221481323242e-01
9.003885350000000454e-01 1.960110962390899658e-01
9.032297030000000504e-01 2.271210700273513794e-01
9.060709260000000542e-01 2.292202413082122803e-01
9.089122060000000003e-01 1.862527132034301758e-01
9.117535420000000279e-01 1.876678615808486938e-01
9.145949340000000261e-01 1.694338470697402954e-01
9.174363819999999947e-01 1.681932210922241211e-01
9.202778870000000166e-01 1.941882520914077759e-01
9.231194480000000091e-01 1.791757196187973022e-01
9.259610649999999721e-01 1.667426228523254395e-01
9.288027380000000166e-01 1.191981509327888489e-01
9.316444680000000034e-01 6.417173892259597778e-02
9.344862539999999607e-01 3.642394021153450012e-02
9.373280959999999995e-01 3.927391022443771362e-02
9.401699940000000089e-01 6.024203076958656311e-02
9.430119489999999605e-01 5.302682146430015564e-02
9.458539599999999936e-01 4.904817044734954834e-02
9.486960269999999973e-01 5.030101910233497620e-02
9.515381499999999715e-01 5.000128969550132751e-02
9.543803299999999989e-01 5.602411553263664246e-02
9.572225659999999969e-01 5.925844237208366394e-02
9.600648579999999654e-01 5.880111083388328552e-02
9.629072060000000155e-01 6.900396198034286499e-02
9.657496110000000078e-01 7.920706272125244141e-02
9.685920709999999989e-01 1.043176874518394470e-01
9.714345880000000433e-01 1.084352284669876099e-01
9.742771620000000299e-01 9.300696849822998047e-02
9.771197910000000153e-01 9.673624485731124878e-02
9.799624770000000540e-01 1.058220937848091125e-01
9.828052189999999522e-01 1.176812052726745605e-01
9.856480170000000429e-01 1.236636340618133545e-01
9.884908709999999932e-01 1.313172578811645508e-01
9.913337819999999967e-01 1.374149024486541748e-01
9.941767489999999707e-01 1.340085864067077637e-01
9.970197720000000263e-01 1.346428841352462769e-01
9.998628510000000524e-01 1.310018301010131836e-01
1.002705986999999910e+00 1.290603727102279663e-01
1.005549178999999960e+00 1.312676668167114258e-01
1.008392426999999980e+00 1.282429546117782593e-01
1.011235730999999971e+00 1.333366781473159790e-01
1.014079092000000015e+00 1.295872479677200317e-01
1.016922509000000030e+00 1.361473947763442993e-01
1.019765982000000015e+00 1.356539130210876465e-01
1.022609510999999971e+00 1.310549378395080566e-01
1.025453096999999980e+00 1.302334964275360107e-01
1.028296738999999960e+00 1.392240524291992188e-01
1.031140436999999910e+00 1.341729164123535156e-01
1.033984191000000052e+00 1.424444019794464111e-01
1.036828002000000026e+00 1.386587470769882202e-01
1.039671868000000110e+00 1.322246491909027100e-01
1.042515791000000025e+00 1.478312611579895020e-01
1.045359770999999993e+00 1.329330801963806152e-01
