3.615872339999999796e-01 1.250605821609497070e+00
3.644177160000000026e-01 1.397631525993347168e+00
3.672482539999999962e-01 1.556400895118713379e+00
3.700788480000000158e-01 1.556507706642150879e+00
3.729094980000000059e-01 1.415461540222167969e+00
3.757402049999999938e-01 1.480055570602416992e+00
3.785709680000000077e-01 1.656187415122985840e+00
3.814017869999999921e-01 1.418898344039916992e+00
3.842326620000000026e-01 1.286064147949218750e+00
3.870635940000000108e-01 1.423098802566528320e+00
3.898945819999999896e-01 1.619948983192443848e+00
3.927256259999999943e-01 1.419650197029113770e+00
3.955567260000000251e-01 1.427984595298767090e+00
3.983878829999999982e-01 1.804933071136474609e+00
4.012190950000000256e-01 2.276648521423339844e+00
4.040503639999999952e-01 2.266616582870483398e+00
4.068816900000000181e-01 2.215407133102416992e+00
4.097130709999999842e-01 2.252178192138671875e+00
4.125445090000000037e-01 2.353638172149658203e+00
4.153760029999999936e-01 2.369856595993041992e+00
4.182075530000000096e-01 2.326945543289184570e+00
4.210391589999999962e-01 2.320377588272094727e+00
4.238708219999999804e-01 2.281209468841552734e+00
4.267025409999999908e-01 2.240494966506958008e+00
4.295343160000000271e-01 2.027300119400024414e+00
4.323661469999999785e-01 2.149802684783935547e+00
4.351980349999999831e-01 2.360678434371948242e+00
4.380299790000000137e-01 2.377855777740478516e+00
4.408619790000000149e-01 2.473009824752807617e+00
4.436940349999999866e-01 2.603625774383544922e+00
4.465261480000000116e-01 2.641410589218139648e+00
4.493583170000000071e-01 2.786456823348999023e+00
4.521905419999999731e-01 2.816025257110595703e+00
4.550228230000000207e-01 2.778690099716186523e+00
4.578551610000000105e-01 2.850950717926025391e+00
4.606875550000000263e-01 2.867274999618530273e+00
4.635200050000000127e-01 2.897462844848632812e+00
4.663525110000000251e-01 2.829266548156738281e+00
4.691850739999999798e-01 2.830157995223999023e+00
4.720176919999999887e-01 2.856389284133911133e+00
4.748503669999999954e-01 2.922448158264160156e+00
4.776830989999999999e-01 2.936008453369140625e+00
4.805158860000000032e-01 3.013317346572875977e+00
4.833487300000000042e-01 2.993662118911743164e+00
4.861816299999999758e-01 2.749699831008911133e+00
4.890145859999999733e-01 2.863785505294799805e+00
4.918475979999999970e-01 2.952877998352050781e+00
4.946806670000000183e-01 3.005825519561767578e+00
4.975137920000000102e-01 3.031183242797851562e+00
5.003469729999999727e-01 2.954892158508300781e+00
5.031802100000000166e-01 2.937036514282226562e+00
5.060135040000000028e-01 3.015291452407836914e+00
5.088468539999999596e-01 3.034952878952026367e+00
5.116802599999999979e-01 3.074222564697265625e+00
5.145137220000000067e-01 3.003820896148681641e+00
5.173472409999999577e-01 2.837410926818847656e+00
5.201808159999999903e-01 2.982770919799804688e+00
5.230144469999999934e-01 3.103611230850219727e+00
5.258481339999999671e-01 3.118175983428955078e+00
5.286818779999999940e-01 3.156791448593139648e+00
5.315156779999999914e-01 3.257370710372924805e+00
5.343495339999999594e-01 3.249510288238525391e+00
5.371834460000000089e-01 3.300621271133422852e+00
5.400174150000000006e-01 3.235345125198364258e+00
5.428514389999999912e-01 3.253971815109252930e+00
5.456855200000000350e-01 3.316350221633911133e+00
5.485196580000000210e-01 3.326519727706909180e+00
5.513538510000000059e-01 3.354087114334106445e+00
5.541881010000000440e-01 3.394887447357177734e+00
5.570224070000000527e-01 3.347884654998779297e+00
5.598567690000000319e-01 3.308609247207641602e+00
5.626911869999999816e-01 3.359798431396484375e+00
5.655256619999999845e-01 3.349835395812988281e+00
5.683601929999999580e-01 3.316393375396728516e+00
5.711947800000000131e-01 3.293322801589965820e+00
5.740294230000000386e-01 3.336511135101318359e+00
5.768641230000000064e-01 3.296633243560791016e+00
5.796988789999999447e-01 3.313921689987182617e+00
5.825336909999999646e-01 3.384563684463500977e+00
5.853685589999999550e-01 3.349052429199218750e+00
5.882034839999999987e-01 3.138820171356201172e+00
5.910384650000000129e-01 2.982252359390258789e+00
5.938735019999999976e-01 3.037892103195190430e+00
5.967085949999999528e-01 3.015519380569458008e+00
5.995437449999999613e-01 2.976300239562988281e+00
6.023789510000000513e-01 2.950496673583984375e+00
6.052142130000000009e-01 2.977987766265869141e+00
6.080495310000000320e-01 2.930611610412597656e+00
6.108849060000000053e-01 2.771103143692016602e+00
6.137203359999999774e-01 2.676520347595214844e+00
6.165558230000000028e-01 2.680582761764526367e+00
6.193913669999999705e-01 2.760025024414062500e+00
6.222269660000000480e-01 2.760936975479125977e+00
6.250626219999999567e-01 2.683263063430786133e+00
6.278983339999999469e-01 2.615498781204223633e+00
6.307341020000000187e-01 2.591562271118164062e+00
6.335699259999999500e-01 2.627206802368164062e+00
6.364058070000000455e-01 2.656610727310180664e+00
6.392417440000000006e-01 2.655601024627685547e+00
6.420777370000000372e-01 2.623473167419433594e+00
6.449137860000000444e-01 2.589126348495483398e+00
6.477498919999999938e-01 2.467175245285034180e+00
6.505860540000000247e-01 2.448287487030029297e+00
6.534222720000000262e-01 2.453137874603271484e+00
6.562585459999999982e-01 2.241359472274780273e+00
6.590948770000000234e-01 2.343318223953247070e+00
6.619312640000000192e-01 2.399332761764526367e+00
6.647677069999999855e-01 2.380748271942138672e+00
6.676042060000000333e-01 2.352898597717285156e+00
6.704407620000000234e-01 2.327184677124023438e+00
6.732773739999999840e-01 2.298377752304077148e+00
6.761140420000000262e-01 2.280614614486694336e+00
6.789507660000000389e-01 2.266023635864257812e+00
6.817875469999999938e-01 2.248461961746215820e+00
6.846243829999999475e-01 2.171986103057861328e+00
6.874612759999999545e-01 1.818333268165588379e+00
6.902982260000000148e-01 1.837506055831909180e+00
6.931352309999999628e-01 1.876924514770507812e+00
6.959722929999999641e-01 1.886033654212951660e+00
6.988094110000000470e-01 1.865437507629394531e+00
7.016465849999999893e-01 1.761988520622253418e+00
7.044838150000000132e-01 1.755204081535339355e+00
7.073211019999999793e-01 1.717673063278198242e+00
7.101584450000000270e-01 1.648117661476135254e+00
7.129958440000000452e-01 1.554239511489868164e+00
7.158332990000000340e-01 1.321282863616943359e+00
7.186708109999999650e-01 9.520413875579833984e-01
7.215083789999999775e-01 9.702720642089843750e-01
7.243460029999999605e-01 8.921583890914916992e-01
7.271836830000000251e-01 8.017686605453491211e-01
7.300214200000000320e-01 7.483413815498352051e-01
7.328592130000000093e-01 7.486745119094848633e-01
7.356970619999999572e-01 7.516419887542724609e-01
7.385349669999999866e-01 7.238600850105285645e-01
7.413729289999999583e-01 7.318645119667053223e-01
7.442109470000000115e-01 7.352473139762878418e-01
7.470490210000000353e-01 7.423458695411682129e-01
7.498871510000000296e-01 7.257592678070068359e-01
7.527253379999999661e-01 7.198234796524047852e-01
7.555635800000000124e-01 7.128151655197143555e-01
7.584018790000000010e-01 5.874482393264770508e-01
7.612402350000000428e-01 2.741899490356445312e-01
7.640786459999999725e-01 3.242155909538269043e-01
7.669171139999999554e-01 5.230472087860107422e-01
7.697556380000000198e-01 6.422678232192993164e-01
7.725942180000000548e-01 6.692975759506225586e-01
7.754328539999999492e-01 6.742649078369140625e-01
7.782715470000000080e-01 6.722286343574523926e-01
7.811102960000000373e-01 6.762389540672302246e-01
7.839491010000000371e-01 6.803445816040039062e-01
7.867879620000000074e-01 6.687579751014709473e-01
7.896268800000000310e-01 6.417643427848815918e-01
7.924658540000000251e-01 6.445491313934326172e-01
7.953048839999999897e-01 6.525238752365112305e-01
7.981439700000000359e-01 6.634445190429687500e-01
8.009831130000000243e-01 6.610334515571594238e-01
8.038223119999999833e-01 6.561924815177917480e-01
8.066615670000000238e-01 6.711513996124267578e-01
8.095008780000000348e-01 6.442106366157531738e-01
8.123402459999999881e-01 5.813399553298950195e-01
8.151796700000000229e-01 4.752982854843139648e-01
8.180191500000000282e-01 4.475603401660919189e-01
8.208586860000000041e-01 4.742622673511505127e-01
8.236982790000000332e-01 4.347006380558013916e-01
8.265379269999999501e-01 4.587788283824920654e-01
8.293776320000000313e-01 4.034927487373352051e-01
8.322173940000000547e-01 3.892435431480407715e-01
8.350572109999999659e-01 3.942886292934417725e-01
8.378970850000000414e-01 3.988862931728363037e-01
8.407370149999999764e-01 3.989691734313964844e-01
8.435770009999999930e-01 3.999126851558685303e-01
8.464170429999999801e-01 3.976478576660156250e-01
8.492571420000000204e-01 3.732148706912994385e-01
8.520972970000000313e-01 3.567597568035125732e-01
8.549375080000000127e-01 3.354942798614501953e-01
8.577777749999999646e-01 3.585222363471984863e-01
8.606180989999999698e-01 3.572884500026702881e-01
8.634584789999999455e-01 3.470768630504608154e-01
8.662989150000000027e-01 3.215288817882537842e-01
8.691394070000000305e-01 3.282214999198913574e-01
8.719799560000000005e-01 3.271001875400543213e-01
8.748205610000000521e-01 3.102025389671325684e-01
8.776612219999999631e-01 3.070518374443054199e-01
8.805019389999999557e-01 2.961525022983551025e-01
8.833427130000000016e-01 2.956972718238830566e-01
8.861835430000000180e-01 2.813737392425537109e-01
8.890244290000000049e-01 2.760233581066131592e-01
8.918653709999999624e-01 2.618737816810607910e-01
8.947063699999999731e-01 2.211087942123413086e-01
8.975474239999999826e-01 1.775858104228973389e-01
9.003885350000000454e-01 1.577287167310714722e-01
9.032297030000000504e-01 1.823324412107467651e-01
9.060709260000000542e-01 1.829038113355636597e-01
9.089122060000000003e-01 1.522222608327865601e-01
9.117535420000000279e-01 1.504369378089904785e-01
9.145949340000000261e-01 1.362283825874328613e-01
9.174363819999999947e-01 1.348111331462860107e-01
9.202778870000000166e-01 1.572250276803970337e-01
9.231194480000000091e-01 1.478969901800155640e-01
9.259610649999999721e-01 1.343174576759338379e-01
9.288027380000000166e-01 9.727194160223007202e-02
9.316444680000000034e-01 5.427341163158416748e-02
9.344862539999999607e-01 3.199061378836631775e-02
9.373280959999999995e-01 3.340181335806846619e-02
9.401699940000000089e-01 5.400790646672248840e-02
9.430119489999999605e-01 4.395781457424163818e-02
9.458539599999999936e-01 3.902211040258407593e-02
9.486960269999999973e-01 4.384160041809082031e-02
9.515381499999999715e-01 4.354437440633773804e-02
9.543803299999999989e-01 4.411898925900459290e-02
9.572225659999999969e-01 5.040536448359489441e-02
9.600648579999999654e-01 5.142696574330329895e-02
9.629072060000000155e-01 5.957339331507682800e-02
9.657496110000000078e-01 6.655137985944747925e-02
9.685920709999999989e-01 8.768238127231597900e-02
9.714345880000000433e-01 9.464819729328155518e-02
9.742771620000000299e-01 7.918322086334228516e-02
9.771197910000000153e-01 8.486854285001754761e-02
9.799624770000000540e-01 8.575873076915740967e-02
9.828052189999999522e-01 9.535738825798034668e-02
9.856480170000000429e-01 1.029943823814392090e-01
9.884908709999999932e-01 1.065527573227882385e-01
9.913337819999999967e-01 1.110214367508888245e-01
9.941767489999999707e-01 1.092787832021713257e-01
9.970197720000000263e-01 1.119282618165016174e-01
9.998628510000000524e-01 1.090470850467681885e-01
1.002705986999999910e+00 1.095341220498085022e-01
1.005549178999999960e+00 1.081073954701423645e-01
1.008392426999999980e+00 1.095376610755920410e-01
1.011235730999999971e+00 1.123101040720939636e-01
1.014079092000000015e+00 1.132732257246971130e-01
1.016922509000000030e+00 1.116962581872940063e-01
1.019765982000000015e+00 1.112828627228736877e-01
1.022609510999999971e+00 1.077638417482376099e-01
1.025453096999999980e+00 1.116396859288215637e-01
1.028296738999999960e+00 1.145968437194824219e-01
1.031140436999999910e+00 1.141084581613540649e-01
1.033984191000000052e+00 1.100744754076004028e-01
1.036828002000000026e+00 1.169450134038925171e-01
1.039671868000000110e+00 1.175770983099937439e-01
1.042515791000000025e+00 1.054649204015731812e-01
1.045359770999999993e+00 1.019713580608367920e-01
