3.615872339999999796e-01 1.330804944038391113e+00
3.644177160000000026e-01 1.448665022850036621e+00
3.672482539999999962e-01 1.558147192001342773e+00
3.700788480000000158e-01 1.607928633689880371e+00
3.729094980000000059e-01 1.402583956718444824e+00
3.757402049999999938e-01 1.470482707023620605e+00
3.785709680000000077e-01 1.660745501518249512e+00
3.814017869999999921e-01 1.403201222419738770e+00
3.842326620000000026e-01 1.279589533805847168e+00
3.870635940000000108e-01 1.400361180305480957e+00
3.898945819999999896e-01 1.601723909378051758e+00
3.927256259999999943e-01 1.403841495513916016e+00
3.955567260000000251e-01 1.440384268760681152e+00
3.983878829999999982e-01 1.802186846733093262e+00
4.012190950000000256e-01 2.254899740219116211e+00
4.040503639999999952e-01 2.240396022796630859e+00
4.068816900000000181e-01 2.191880702972412109e+00
4.097130709999999842e-01 2.237035751342773438e+00
4.125445090000000037e-01 2.315157651901245117e+00
4.153760029999999936e-01 2.327224493026733398e+00
4.182075530000000096e-01 2.282442808151245117e+00
4.210391589999999962e-01 2.307148456573486328e+00
4.238708219999999804e-01 2.265809774398803711e+00
4.267025409999999908e-01 2.223280906677246094e+00
4.295343160000000271e-01 2.016585588455200195e+00
4.323661469999999785e-01 2.134424209594726562e+00
4.351980349999999831e-01 2.340634584426879883e+00
4.380299790000000137e-01 2.359791278839111328e+00
4.408619790000000149e-01 2.456640720367431641e+00
4.436940349999999866e-01 2.584066867828369141e+00
4.465261480000000116e-01 2.596247673034667969e+00
4.493583170000000071e-01 2.752696990966796875e+00
4.521905419999999731e-01 2.781047821044921875e+00
4.550228230000000207e-01 2.737217426300048828e+00
4.578551610000000105e-01 2.801721096038818359e+00
4.606875550000000263e-01 2.813781261444091797e+00
4.635200050000000127e-01 2.841484546661376953e+00
4.663525110000000251e-01 2.778255701065063477e+00
4.691850739999999798e-01 2.780378818511962891e+00
4.720176919999999887e-01 2.805824518203735352e+00
4.748503669999999954e-01 2.851721286773681641e+00
4.776830989999999999e-01 2.869085073471069336e+00
4.805158860000000032e-01 2.944081068038940430e+00
4.833487300000000042e-01 2.923283815383911133e+00
4.861816299999999758e-01 2.702500104904174805e+00
4.890145859999999733e-01 2.807052373886108398e+00
4.918475979999999970e-01 2.871914386749267578e+00
4.946806670000000183e-01 2.934743165969848633e+00
4.975137920000000102e-01 2.949673414230346680e+00
5.003469729999999727e-01 2.867426395416259766e+00
5.031802100000000166e-01 2.850352525711059570e+00
5.060135040000000028e-01 2.937827825546264648e+00
5.088468539999999596e-01 2.948263645172119141e+00
5.116802599999999979e-01 2.975976467132568359e+00
5.145137220000000067e-01 2.916404724121093750e+00
5.173472409999999577e-01 2.755048751831054688e+00
5.201808159999999903e-01 2.882105350494384766e+00
5.230144469999999934e-01 3.007746934890747070e+00
5.258481339999999671e-01 3.006228208541870117e+00
5.286818779999999940e-01 3.037329435348510742e+00
5.315156779999999914e-01 3.140181303024291992e+00
5.343495339999999594e-01 3.134569883346557617e+00
5.371834460000000089e-01 3.176554918289184570e+00
5.400174150000000006e-01 3.118285417556762695e+00
5.428514389999999912e-01 3.146128654479980469e+00
5.456855200000000350e-01 3.202642679214477539e+00
5.485196580000000210e-01 3.212740182876586914e+00
5.513538510000000059e-01 3.231646299362182617e+00
5.541881010000000440e-01 3.262402534484863281e+00
5.570224070000000527e-01 3.236687660217285156e+00
5.598567690000000319e-01 3.181351423263549805e+00
5.626911869999999816e-01 3.232043981552124023e+00
5.655256619999999845e-01 3.214394092559814453e+00
5.683601929999999580e-01 3.181657314300537109e+00
5.711947800000000131e-01 3.153248310089111328e+00
5.740294230000000386e-01 3.209140062332153320e+00
5.768641230000000064e-01 3.169455289840698242e+00
5.796988789999999447e-01 3.182509422302246094e+00
5.825336909999999646e-01 3.245893955230712891e+00
5.853685589999999550e-01 3.207208871841430664e+00
5.882034839999999987e-01 2.990901947021484375e+00
5.910384650000000129e-01 2.841978073120117188e+00
5.938735019999999976e-01 2.894150495529174805e+00
5.967085949999999528e-01 2.882048845291137695e+00
5.995437449999999613e-01 2.837210893630981445e+00
6.023789510000000513e-01 2.788467407226562500e+00
6.052142130000000009e-01 2.812230825424194336e+00
6.080495310000000320e-01 2.781193971633911133e+00
6.108849060000000053e-01 2.625761985778808594e+00
6.137203359999999774e-01 2.571604728698730469e+00
6.165558230000000028e-01 2.554500102996826172e+00
6.193913669999999705e-01 2.622687816619873047e+00
6.222269660000000480e-01 2.600452899932861328e+00
6.250626219999999567e-01 2.540768146514892578e+00
6.278983339999999469e-01 2.472522258758544922e+00
6.307341020000000187e-01 2.453731536865234375e+00
6.335699259999999500e-01 2.473784923553466797e+00
6.364058070000000455e-01 2.504998445510864258e+00
6.392417440000000006e-01 2.503151655197143555e+00
6.420777370000000372e-01 2.484416246414184570e+00
6.449137860000000444e-01 2.437888860702514648e+00
6.477498919999999938e-01 2.333359241485595703e+00
6.505860540000000247e-01 2.320151329040527344e+00
6.534222720000000262e-01 2.313503980636596680e+00
6.562585459999999982e-01 2.114682912826538086e+00
6.590948770000000234e-01 2.212250709533691406e+00
6.619312640000000192e-01 2.268332242965698242e+00
6.647677069999999855e-01 2.244798183441162109e+00
6.676042060000000333e-01 2.231335163116455078e+00
6.704407620000000234e-01 2.206207036972045898e+00
6.732773739999999840e-01 2.177297115325927734e+00
6.761140420000000262e-01 2.158973932266235352e+00
6.789507660000000389e-01 2.146011590957641602e+00
6.817875469999999938e-01 2.121730804443359375e+00
6.846243829999999475e-01 2.044395208358764648e+00
6.874612759999999545e-01 1.703853964805603027e+00
6.902982260000000148e-01 1.720738172531127930e+00
6.931352309999999628e-01 1.748698234558105469e+00
6.959722929999999641e-01 1.749372243881225586e+00
6.988094110000000470e-01 1.726483583450317383e+00
7.016465849999999893e-01 1.621277689933776855e+00
7.044838150000000132e-01 1.610940098762512207e+00
7.073211019999999793e-01 1.573375105857849121e+00
7.101584450000000270e-01 1.517192721366882324e+00
7.129958440000000452e-01 1.422888875007629395e+00
7.158332990000000340e-01 1.203284382820129395e+00
7.186708109999999650e-01 8.689755797386169434e-01
7.215083789999999775e-01 8.864822983741760254e-01
7.243460029999999605e-01 8.082099556922912598e-01
7.271836830000000251e-01 7.279902100563049316e-01
7.300214200000000320e-01 6.815825104713439941e-01
7.328592130000000093e-01 7.028090357780456543e-01
7.356970619999999572e-01 6.837083697319030762e-01
7.385349669999999866e-01 6.722073554992675781e-01
7.413729289999999583e-01 6.771859526634216309e-01
7.442109470000000115e-01 6.796672940254211426e-01
7.470490210000000353e-01 6.760535240173339844e-01
7.498871510000000296e-01 6.713136434555053711e-01
7.527253379999999661e-01 6.556140184402465820e-01
7.555635800000000124e-01 6.501786112785339355e-01
7.584018790000000010e-01 5.409054160118103027e-01
7.612402350000000428e-01 2.546231448650360107e-01
7.640786459999999725e-01 2.995157241821289062e-01
7.669171139999999554e-01 4.857866764068603516e-01
7.697556380000000198e-01 5.938735008239746094e-01
7.725942180000000548e-01 6.076391935348510742e-01
7.754328539999999492e-01 6.114838123321533203e-01
7.782715470000000080e-01 6.168131232261657715e-01
7.811102960000000373e-01 6.146776676177978516e-01
7.839491010000000371e-01 6.185906529426574707e-01
7.867879620000000074e-01 6.120221018791198730e-01
7.896268800000000310e-01 5.914346575736999512e-01
7.924658540000000251e-01 5.902043581008911133e-01
7.953048839999999897e-01 5.944098234176635742e-01
7.981439700000000359e-01 6.029755473136901855e-01
8.009831130000000243e-01 5.972347855567932129e-01
8.038223119999999833e-01 5.934323072433471680e-01
8.066615670000000238e-01 6.079955101013183594e-01
8.095008780000000348e-01 5.803295373916625977e-01
8.123402459999999881e-01 5.219928026199340820e-01
8.151796700000000229e-01 4.290725886821746826e-01
8.180191500000000282e-01 4.024842381477355957e-01
8.208586860000000041e-01 4.281544387340545654e-01
8.236982790000000332e-01 3.951106369495391846e-01
8.265379269999999501e-01 4.113591611385345459e-01
8.293776320000000313e-01 3.672161996364593506e-01
8.322173940000000547e-01 3.506631255149841309e-01
8.350572109999999659e-01 3.621887564659118652e-01
8.378970850000000414e-01 3.683185875415802002e-01
8.407370149999999764e-01 3.694157898426055908e-01
8.435770009999999930e-01 3.637405931949615479e-01
8.464170429999999801e-01 3.625949919223785400e-01
8.492571420000000204e-01 3.490233719348907471e-01
8.520972970000000313e-01 3.347445428371429443e-01
8.549375080000000127e-01 3.169147074222564697e-01
8.577777749999999646e-01 3.334780335426330566e-01
8.606180989999999698e-01 3.290783762931823730e-01
8.634584789999999455e-01 3.206397294998168945e-01
8.662989150000000027e-01 2.991219162940979004e-01
8.691394070000000305e-01 3.019774258136749268e-01
8.719799560000000005e-01 2.970130443572998047e-01
8.748205610000000521e-01 2.936770617961883545e-01
8.776612219999999631e-01 2.858207225799560547e-01
8.805019389999999557e-01 2.803609669208526611e-01
8.833427130000000016e-01 2.707542777061462402e-01
8.861835430000000180e-01 2.620824277400970459e-01
8.890244290000000049e-01 2.594288587570190430e-01
8.918653709999999624e-01 2.449808269739151001e-01
8.947063699999999731e-01 2.091128081083297729e-01
8.975474239999999826e-01 1.678391247987747192e-01
9.003885350000000454e-01 1.520190834999084473e-01
9.032297030000000504e-01 1.719393283128738403e-01
9.060709260000000542e-01 1.691104620695114136e-01
9.089122060000000003e-01 1.435037404298782349e-01
9.117535420000000279e-01 1.384379118680953979e-01
9.145949340000000261e-01 1.354354918003082275e-01
9.174363819999999947e-01 1.267173439264297485e-01
9.202778870000000166e-01 1.468492150306701660e-01
9.231194480000000091e-01 1.400869190692901611e-01
9.259610649999999721e-01 1.303490400314331055e-01
9.288027380000000166e-01 9.511449933052062988e-02
9.316444680000000034e-01 4.807686805725097656e-02
9.344862539999999607e-01 3.216518461704254150e-02
9.373280959999999995e-01 3.776261582970619202e-02
9.401699940000000089e-01 4.920876026153564453e-02
9.430119489999999605e-01 4.490509629249572754e-02
9.458539599999999936e-01 3.682943433523178101e-02
9.486960269999999973e-01 4.261115938425064087e-02
9.515381499999999715e-01 4.600618407130241394e-02
9.543803299999999989e-01 4.690743982791900635e-02
9.572225659999999969e-01 4.684317857027053833e-02
9.600648579999999654e-01 5.081920325756072998e-02
9.629072060000000155e-01 5.780015513300895691e-02
9.657496110000000078e-01 6.559906154870986938e-02
9.685920709999999989e-01 8.541227132081985474e-02
9.714345880000000433e-01 9.272740036249160767e-02
9.742771620000000299e-01 7.877138257026672363e-02
9.771197910000000153e-01 8.433764427900314331e-02
9.799624770000000540e-01 8.987507224082946777e-02
9.828052189999999522e-01 9.224680066108703613e-02
9.856480170000000429e-01 1.042214035987854004e-01
9.884908709999999932e-01 1.075806841254234314e-01
9.913337819999999967e-01 1.071124896407127380e-01
9.941767489999999707e-01 1.052374318242073059e-01
9.970197720000000263e-01 1.061088740825653076e-01
9.998628510000000524e-01 1.104992628097534180e-01
1.002705986999999910e+00 1.058830171823501587e-01
1.005549178999999960e+00 1.104112938046455383e-01
1.008392426999999980e+00 1.073341071605682373e-01
1.011235730999999971e+00 1.086605712771415710e-01
1.014079092000000015e+00 1.070451959967613220e-01
1.016922509000000030e+00 1.082359477877616882e-01
1.019765982000000015e+00 1.028530821204185486e-01
1.022609510999999971e+00 1.095656901597976685e-01
1.025453096999999980e+00 1.125373765826225281e-01
1.028296738999999960e+00 1.044159233570098877e-01
1.031140436999999910e+00 1.176974996924400330e-01
1.033984191000000052e+00 1.102681085467338562e-01
1.036828002000000026e+00 1.077556461095809937e-01
1.039671868000000110e+00 1.032360196113586426e-01
1.042515791000000025e+00 1.047703996300697327e-01
1.045359770999999993e+00 1.142674386501312256e-01
