3.615872339999999796e-01 1.292335510253906250e+00
3.644177160000000026e-01 1.505407214164733887e+00
3.672482539999999962e-01 1.604499459266662598e+00
3.700788480000000158e-01 1.581809401512145996e+00
3.729094980000000059e-01 1.450890302658081055e+00
3.757402049999999938e-01 1.498407244682312012e+00
3.785709680000000077e-01 1.662985444068908691e+00
3.814017869999999921e-01 1.442184805870056152e+00
3.842326620000000026e-01 1.294741392135620117e+00
3.870635940000000108e-01 1.427258253097534180e+00
3.898945819999999896e-01 1.636994719505310059e+00
3.927256259999999943e-01 1.417167067527770996e+00
3.955567260000000251e-01 1.474887847900390625e+00
3.983878829999999982e-01 1.817027688026428223e+00
4.012190950000000256e-01 2.282799005508422852e+00
4.040503639999999952e-01 2.290124654769897461e+00
4.068816900000000181e-01 2.240206480026245117e+00
4.097130709999999842e-01 2.278053760528564453e+00
4.125445090000000037e-01 2.372469663619995117e+00
4.153760029999999936e-01 2.364908456802368164e+00
4.182075530000000096e-01 2.346529960632324219e+00
4.210391589999999962e-01 2.340741872787475586e+00
4.238708219999999804e-01 2.309013843536376953e+00
4.267025409999999908e-01 2.255838632583618164e+00
4.295343160000000271e-01 2.044437408447265625e+00
4.323661469999999785e-01 2.185316324234008789e+00
4.351980349999999831e-01 2.368706941604614258e+00
4.380299790000000137e-01 2.394346237182617188e+00
4.408619790000000149e-01 2.484178781509399414e+00
4.436940349999999866e-01 2.610696554183959961e+00
4.465261480000000116e-01 2.654255151748657227e+00
4.493583170000000071e-01 2.815200090408325195e+00
4.521905419999999731e-01 2.814356088638305664e+00
4.550228230000000207e-01 2.801294803619384766e+00
4.578551610000000105e-01 2.849561452865600586e+00
4.606875550000000263e-01 2.864264726638793945e+00
4.635200050000000127e-01 2.894273281097412109e+00
4.663525110000000251e-01 2.834292173385620117e+00
4.691850739999999798e-01 2.837591648101806641e+00
4.720176919999999887e-01 2.865888595581054688e+00
4.748503669999999954e-01 2.905686140060424805e+00
4.776830989999999999e-01 2.941668748855590820e+00
4.805158860000000032e-01 2.996111392974853516e+00
4.833487300000000042e-01 2.978546857833862305e+00
4.861816299999999758e-01 2.744237184524536133e+00
4.890145859999999733e-01 2.856372356414794922e+00
4.918475979999999970e-01 2.930999994277954102e+00
4.946806670000000183e-01 2.997835874557495117e+00
4.975137920000000102e-01 3.023241043090820312e+00
5.003469729999999727e-01 2.945730447769165039e+00
5.031802100000000166e-01 2.927458286285400391e+00
5.060135040000000028e-01 3.006717205047607422e+00
5.088468539999999596e-01 3.017685651779174805e+00
5.116802599999999979e-01 3.055206537246704102e+00
5.145137220000000067e-01 2.982173442840576172e+00
5.173472409999999577e-01 2.825850248336791992e+00
5.201808159999999903e-01 2.945636510848999023e+00
5.230144469999999934e-01 3.082600355148315430e+00
5.258481339999999671e-01 3.088646888732910156e+00
5.286818779999999940e-01 3.129538774490356445e+00
5.315156779999999914e-01 3.229176759719848633e+00
5.343495339999999594e-01 3.218523740768432617e+00
5.371834460000000089e-01 3.263954401016235352e+00
5.400174150000000006e-01 3.202424287796020508e+00
5.428514389999999912e-01 3.222072124481201172e+00
5.456855200000000350e-01 3.282153606414794922e+00
5.485196580000000210e-01 3.300920486450195312e+00
5.513538510000000059e-01 3.324704885482788086e+00
5.541881010000000440e-01 3.352729320526123047e+00
5.570224070000000527e-01 3.317840099334716797e+00
5.598567690000000319e-01 3.276514291763305664e+00
5.626911869999999816e-01 3.316635608673095703e+00
5.655256619999999845e-01 3.311087131500244141e+00
5.683601929999999580e-01 3.282576322555541992e+00
5.711947800000000131e-01 3.249331235885620117e+00
5.740294230000000386e-01 3.299868583679199219e+00
5.768641230000000064e-01 3.269049882888793945e+00
5.796988789999999447e-01 3.283317327499389648e+00
5.825336909999999646e-01 3.343997955322265625e+00
5.853685589999999550e-01 3.313045740127563477e+00
5.882034839999999987e-01 3.085948944091796875e+00
5.910384650000000129e-01 2.948487758636474609e+00
5.938735019999999976e-01 3.006438016891479492e+00
5.967085949999999528e-01 2.995416164398193359e+00
5.995437449999999613e-01 2.949276447296142578e+00
6.023789510000000513e-01 2.906695127487182617e+00
6.052142130000000009e-01 2.922882318496704102e+00
6.080495310000000320e-01 2.887344121932983398e+00
6.108849060000000053e-01 2.778159141540527344e+00
6.137203359999999774e-01 2.704042673110961914e+00
6.165558230000000028e-01 2.679181337356567383e+00
6.193913669999999705e-01 2.752983570098876953e+00
6.222269660000000480e-01 2.726876258850097656e+00
6.250626219999999567e-01 2.662270545959472656e+00
6.278983339999999469e-01 2.599492549896240234e+00
6.307341020000000187e-01 2.573525190353393555e+00
6.335699259999999500e-01 2.606612443923950195e+00
6.364058070000000455e-01 2.641670703887939453e+00
6.392417440000000006e-01 2.635803699493408203e+00
6.420777370000000372e-01 2.607907295227050781e+00
6.449137860000000444e-01 2.569376230239868164e+00
6.477498919999999938e-01 2.454389333724975586e+00
6.505860540000000247e-01 2.442300558090209961e+00
6.534222720000000262e-01 2.432857990264892578e+00
6.562585459999999982e-01 2.234109640121459961e+00
6.590948770000000234e-01 2.336427927017211914e+00
6.619312640000000192e-01 2.397552013397216797e+00
6.647677069999999855e-01 2.373057603836059570e+00
6.676042060000000333e-01 2.353497266769409180e+00
6.704407620000000234e-01 2.331252813339233398e+00
6.732773739999999840e-01 2.306310892105102539e+00
6.761140420000000262e-01 2.295207738876342773e+00
6.789507660000000389e-01 2.281713724136352539e+00
6.817875469999999938e-01 2.255409002304077148e+00
6.846243829999999475e-01 2.168437957763671875e+00
6.874612759999999545e-01 1.810639023780822754e+00
6.902982260000000148e-01 1.837756514549255371e+00
6.931352309999999628e-01 1.866084933280944824e+00
6.959722929999999641e-01 1.874250054359436035e+00
6.988094110000000470e-01 1.859130620956420898e+00
7.016465849999999893e-01 1.753540754318237305e+00
7.044838150000000132e-01 1.750182986259460449e+00
7.073211019999999793e-01 1.716445326805114746e+00
7.101584450000000270e-01 1.648859381675720215e+00
7.129958440000000452e-01 1.546679496765136719e+00
7.158332990000000340e-01 1.309003353118896484e+00
7.186708109999999650e-01 9.517944455146789551e-01
7.215083789999999775e-01 9.762627482414245605e-01
7.243460029999999605e-01 8.926781415939331055e-01
7.271836830000000251e-01 8.069525957107543945e-01
7.300214200000000320e-01 7.615869045257568359e-01
7.328592130000000093e-01 7.697027921676635742e-01
7.356970619999999572e-01 7.625043392181396484e-01
7.385349669999999866e-01 7.475852370262145996e-01
7.413729289999999583e-01 7.487798929214477539e-01
7.442109470000000115e-01 7.598823904991149902e-01
7.470490210000000353e-01 7.586678266525268555e-01
7.498871510000000296e-01 7.491787075996398926e-01
7.527253379999999661e-01 7.372533082962036133e-01
7.555635800000000124e-01 7.239358425140380859e-01
7.584018790000000010e-01 6.037019491195678711e-01
7.612402350000000428e-01 2.828993499279022217e-01
7.640786459999999725e-01 3.433997333049774170e-01
7.669171139999999554e-01 5.483011603355407715e-01
7.697556380000000198e-01 6.664972305297851562e-01
7.725942180000000548e-01 6.899137496948242188e-01
7.754328539999999492e-01 6.969842314720153809e-01
7.782715470000000080e-01 6.929832696914672852e-01
7.811102960000000373e-01 7.028018832206726074e-01
7.839491010000000371e-01 6.959138512611389160e-01
7.867879620000000074e-01 6.886678934097290039e-01
7.896268800000000310e-01 6.657504439353942871e-01
7.924658540000000251e-01 6.676272749900817871e-01
7.953048839999999897e-01 6.785804033279418945e-01
7.981439700000000359e-01 6.850769519805908203e-01
8.009831130000000243e-01 6.757551431655883789e-01
8.038223119999999833e-01 6.795553565025329590e-01
8.066615670000000238e-01 6.896046996116638184e-01
8.095008780000000348e-01 6.591818928718566895e-01
8.123402459999999881e-01 5.909152626991271973e-01
8.151796700000000229e-01 4.871259331703186035e-01
8.180191500000000282e-01 4.620033204555511475e-01
8.208586860000000041e-01 4.901983141899108887e-01
8.236982790000000332e-01 4.522125422954559326e-01
8.265379269999999501e-01 4.692045152187347412e-01
8.293776320000000313e-01 4.167551696300506592e-01
8.322173940000000547e-01 4.031469523906707764e-01
8.350572109999999659e-01 4.083008766174316406e-01
8.378970850000000414e-01 4.166886508464813232e-01
8.407370149999999764e-01 4.148012995719909668e-01
8.435770009999999930e-01 4.133730530738830566e-01
8.464170429999999801e-01 4.104028344154357910e-01
8.492571420000000204e-01 3.908254206180572510e-01
8.520972970000000313e-01 3.798445463180541992e-01
8.549375080000000127e-01 3.559052944183349609e-01
8.577777749999999646e-01 3.736851513385772705e-01
8.606180989999999698e-01 3.707983195781707764e-01
8.634584789999999455e-01 3.656047880649566650e-01
8.662989150000000027e-01 3.345731198787689209e-01
8.691394070000000305e-01 3.422314226627349854e-01
8.719799560000000005e-01 3.405995070934295654e-01
8.748205610000000521e-01 3.314346671104431152e-01
8.776612219999999631e-01 3.209429681301116943e-01
8.805019389999999557e-01 3.124958574771881104e-01
8.833427130000000016e-01 3.061226010322570801e-01
8.861835430000000180e-01 3.001747727394104004e-01
8.890244290000000049e-01 2.930152416229248047e-01
8.918653709999999624e-01 2.734693288803100586e-01
8.947063699999999731e-01 2.336772978305816650e-01
8.975474239999999826e-01 1.853297203779220581e-01
9.003885350000000454e-01 1.662671118974685669e-01
9.032297030000000504e-01 1.992630064487457275e-01
9.060709260000000542e-01 1.927344948053359985e-01
9.089122060000000003e-01 1.578387022018432617e-01
9.117535420000000279e-01 1.579547524452209473e-01
9.145949340000000261e-01 1.472320407629013062e-01
9.174363819999999947e-01 1.437624245882034302e-01
9.202778870000000166e-01 1.665832251310348511e-01
9.231194480000000091e-01 1.576736718416213989e-01
9.259610649999999721e-01 1.484310925006866455e-01
9.288027380000000166e-01 1.032959744334220886e-01
9.316444680000000034e-01 5.894341692328453064e-02
9.344862539999999607e-01 3.184358775615692139e-02
9.373280959999999995e-01 3.376159444451332092e-02
9.401699940000000089e-01 5.372494086623191833e-02
9.430119489999999605e-01 4.905981570482254028e-02
9.458539599999999936e-01 4.603239521384239197e-02
9.486960269999999973e-01 4.767051711678504944e-02
9.515381499999999715e-01 4.750522226095199585e-02
9.543803299999999989e-01 4.616213589906692505e-02
9.572225659999999969e-01 5.475108325481414795e-02
9.600648579999999654e-01 5.536463111639022827e-02
9.629072060000000155e-01 6.771807372570037842e-02
9.657496110000000078e-01 7.658027857542037964e-02
9.685920709999999989e-01 9.479750692844390869e-02
9.714345880000000433e-01 1.014908626675605774e-01
9.742771620000000299e-01 8.708097785711288452e-02
9.771197910000000153e-01 9.132317453622817993e-02
9.799624770000000540e-01 1.006340608000755310e-01
9.828052189999999522e-01 1.030179262161254883e-01
9.856480170000000429e-01 1.156055107712745667e-01
9.884908709999999932e-01 1.170256212353706360e-01
9.913337819999999967e-01 1.196907088160514832e-01
9.941767489999999707e-01 1.149362623691558838e-01
9.970197720000000263e-01 1.186354011297225952e-01
9.998628510000000524e-01 1.208252683281898499e-01
1.002705986999999910e+00 1.203135028481483459e-01
1.005549178999999960e+00 1.145795807242393494e-01
1.008392426999999980e+00 1.177738234400749207e-01
1.011235730999999971e+00 1.147861182689666748e-01
1.014079092000000015e+00 1.172992959618568420e-01
1.016922509000000030e+00 1.258534640073776245e-01
1.019765982000000015e+00 1.215217933058738708e-01
1.022609510999999971e+00 1.186025217175483704e-01
1.025453096999999980e+00 1.207771599292755127e-01
1.028296738999999960e+00 1.138165146112442017e-01
1.031140436999999910e+00 1.291711181402206421e-01
1.033984191000000052e+00 1.277122497558593750e-01
1.036828002000000026e+00 1.275164037942886353e-01
1.039671868000000110e+00 1.250297725200653076e-01
1.042515791000000025e+00 1.341210603713989258e-01
1.045359770999999993e+00 1.338423937559127808e-01
