3.615872339999999796e-01 1.293706178665161133e+00
3.644177160000000026e-01 1.437578082084655762e+00
3.672482539999999962e-01 1.569031715393066406e+00
3.700788480000000158e-01 1.579882740974426270e+00
3.729094980000000059e-01 1.418426990509033203e+00
3.757402049999999938e-01 1.502306699752807617e+00
3.785709680000000077e-01 1.619742631912231445e+00
3.814017869999999921e-01 1.414326071739196777e+00
3.842326620000000026e-01 1.304318904876708984e+00
3.870635940000000108e-01 1.452578186988830566e+00
3.898945819999999896e-01 1.596325993537902832e+00
3.927256259999999943e-01 1.405813932418823242e+00
3.955567260000000251e-01 1.423506855964660645e+00
3.983878829999999982e-01 1.823356151580810547e+00
4.012190950000000256e-01 2.242900133132934570e+00
4.040503639999999952e-01 2.257798194885253906e+00
4.068816900000000181e-01 2.207672834396362305e+00
4.097130709999999842e-01 2.242880821228027344e+00
4.125445090000000037e-01 2.325447559356689453e+00
4.153760029999999936e-01 2.342921495437622070e+00
4.182075530000000096e-01 2.303599357604980469e+00
4.210391589999999962e-01 2.314003944396972656e+00
4.238708219999999804e-01 2.269059658050537109e+00
4.267025409999999908e-01 2.212714433670043945e+00
4.295343160000000271e-01 1.997867107391357422e+00
4.323661469999999785e-01 2.146764993667602539e+00
4.351980349999999831e-01 2.334908008575439453e+00
4.380299790000000137e-01 2.357758760452270508e+00
4.408619790000000149e-01 2.425090789794921875e+00
4.436940349999999866e-01 2.586731910705566406e+00
4.465261480000000116e-01 2.604304313659667969e+00
4.493583170000000071e-01 2.771364450454711914e+00
4.521905419999999731e-01 2.769181966781616211e+00
4.550228230000000207e-01 2.739536046981811523e+00
4.578551610000000105e-01 2.790226221084594727e+00
4.606875550000000263e-01 2.814409971237182617e+00
4.635200050000000127e-01 2.837467193603515625e+00
4.663525110000000251e-01 2.785843133926391602e+00
4.691850739999999798e-01 2.785171747207641602e+00
4.720176919999999887e-01 2.825004100799560547e+00
4.748503669999999954e-01 2.864414453506469727e+00
4.776830989999999999e-01 2.897934913635253906e+00
4.805158860000000032e-01 2.946325540542602539e+00
4.833487300000000042e-01 2.934538602828979492e+00
4.861816299999999758e-01 2.699616193771362305e+00
4.890145859999999733e-01 2.808899164199829102e+00
4.918475979999999970e-01 2.888309478759765625e+00
4.946806670000000183e-01 2.937911033630371094e+00
4.975137920000000102e-01 2.949439764022827148e+00
5.003469729999999727e-01 2.883115053176879883e+00
5.031802100000000166e-01 2.860768795013427734e+00
5.060135040000000028e-01 2.947025299072265625e+00
5.088468539999999596e-01 2.962811231613159180e+00
5.116802599999999979e-01 2.995059013366699219e+00
5.145137220000000067e-01 2.925033807754516602e+00
5.173472409999999577e-01 2.770388841629028320e+00
5.201808159999999903e-01 2.891128778457641602e+00
5.230144469999999934e-01 3.014433145523071289e+00
5.258481339999999671e-01 3.024047851562500000e+00
5.286818779999999940e-01 3.065320014953613281e+00
5.315156779999999914e-01 3.152981519699096680e+00
5.343495339999999594e-01 3.156908035278320312e+00
5.371834460000000089e-01 3.192215919494628906e+00
5.400174150000000006e-01 3.139856338500976562e+00
5.428514389999999912e-01 3.164733409881591797e+00
5.456855200000000350e-01 3.224360227584838867e+00
5.485196580000000210e-01 3.224543094635009766e+00
5.513538510000000059e-01 3.260532855987548828e+00
5.541881010000000440e-01 3.279034614562988281e+00
5.570224070000000527e-01 3.250672578811645508e+00
5.598567690000000319e-01 3.205087423324584961e+00
5.626911869999999816e-01 3.258138656616210938e+00
5.655256619999999845e-01 3.249025821685791016e+00
5.683601929999999580e-01 3.211699724197387695e+00
5.711947800000000131e-01 3.184907913208007812e+00
5.740294230000000386e-01 3.222858190536499023e+00
5.768641230000000064e-01 3.203093051910400391e+00
5.796988789999999447e-01 3.206448078155517578e+00
5.825336909999999646e-01 3.276830673217773438e+00
5.853685589999999550e-01 3.236988306045532227e+00
5.882034839999999987e-01 3.010588884353637695e+00
5.910384650000000129e-01 2.882845401763916016e+00
5.938735019999999976e-01 2.933281660079956055e+00
5.967085949999999528e-01 2.910303831100463867e+00
5.995437449999999613e-01 2.872083663940429688e+00
6.023789510000000513e-01 2.823145627975463867e+00
6.052142130000000009e-01 2.842664718627929688e+00
6.080495310000000320e-01 2.792210340499877930e+00
6.108849060000000053e-01 2.688583135604858398e+00
6.137203359999999774e-01 2.625179529190063477e+00
6.165558230000000028e-01 2.609532833099365234e+00
6.193913669999999705e-01 2.674503803253173828e+00
6.222269660000000480e-01 2.655805826187133789e+00
6.250626219999999567e-01 2.586024761199951172e+00
6.278983339999999469e-01 2.525642633438110352e+00
6.307341020000000187e-01 2.501441717147827148e+00
6.335699259999999500e-01 2.528964281082153320e+00
6.364058070000000455e-01 2.555799007415771484e+00
6.392417440000000006e-01 2.567495346069335938e+00
6.420777370000000372e-01 2.530526638031005859e+00
6.449137860000000444e-01 2.492127180099487305e+00
6.477498919999999938e-01 2.381232976913452148e+00
6.505860540000000247e-01 2.363122701644897461e+00
6.534222720000000262e-01 2.353641986846923828e+00
6.562585459999999982e-01 2.164472103118896484e+00
6.590948770000000234e-01 2.271472215652465820e+00
6.619312640000000192e-01 2.324900150299072266e+00
6.647677069999999855e-01 2.304583072662353516e+00
6.676042060000000333e-01 2.284120798110961914e+00
6.704407620000000234e-01 2.250848770141601562e+00
6.732773739999999840e-01 2.237619638442993164e+00
6.761140420000000262e-01 2.226547241210937500e+00
6.789507660000000389e-01 2.208689212799072266e+00
6.817875469999999938e-01 2.176877737045288086e+00
6.846243829999999475e-01 2.095289230346679688e+00
6.874612759999999545e-01 1.754636526107788086e+00
6.902982260000000148e-01 1.767032623291015625e+00
6.931352309999999628e-01 1.798857212066650391e+00
6.959722929999999641e-01 1.801899790763854980e+00
6.988094110000000470e-01 1.776145696640014648e+00
7.016465849999999893e-01 1.672389626502990723e+00
7.044838150000000132e-01 1.667044758796691895e+00
7.073211019999999793e-01 1.626597046852111816e+00
7.101584450000000270e-01 1.575108289718627930e+00
7.129958440000000452e-01 1.464000344276428223e+00
7.158332990000000340e-01 1.236832261085510254e+00
7.186708109999999650e-01 9.047174453735351562e-01
7.215083789999999775e-01 9.152310490608215332e-01
7.243460029999999605e-01 8.390038609504699707e-01
7.271836830000000251e-01 7.545289397239685059e-01
7.300214200000000320e-01 7.052274346351623535e-01
7.328592130000000093e-01 7.204898595809936523e-01
7.356970619999999572e-01 7.140461802482604980e-01
7.385349669999999866e-01 6.902695894241333008e-01
7.413729289999999583e-01 6.929599642753601074e-01
7.442109470000000115e-01 7.053498625755310059e-01
7.470490210000000353e-01 7.039597034454345703e-01
7.498871510000000296e-01 6.856570243835449219e-01
7.527253379999999661e-01 6.840182542800903320e-01
7.555635800000000124e-01 6.728633046150207520e-01
7.584018790000000010e-01 5.504804849624633789e-01
7.612402350000000428e-01 2.602331042289733887e-01
7.640786459999999725e-01 3.160931169986724854e-01
7.669171139999999554e-01 5.059260129928588867e-01
7.697556380000000198e-01 6.212215423583984375e-01
7.725942180000000548e-01 6.394942998886108398e-01
7.754328539999999492e-01 6.396116614341735840e-01
7.782715470000000080e-01 6.388282179832458496e-01
7.811102960000000373e-01 6.374802589416503906e-01
7.839491010000000371e-01 6.363080143928527832e-01
7.867879620000000074e-01 6.362100839614868164e-01
7.896268800000000310e-01 6.120544672012329102e-01
7.924658540000000251e-01 6.064437627792358398e-01
7.953048839999999897e-01 6.164047718048095703e-01
7.981439700000000359e-01 6.255600452423095703e-01
8.009831130000000243e-01 6.242777109146118164e-01
8.038223119999999833e-01 6.185684800148010254e-01
8.066615670000000238e-01 6.305333375930786133e-01
8.095008780000000348e-01 6.060109138488769531e-01
8.123402459999999881e-01 5.409535169601440430e-01
8.151796700000000229e-01 4.496240019798278809e-01
8.180191500000000282e-01 4.231524765491485596e-01
8.208586860000000041e-01 4.516747891902923584e-01
8.236982790000000332e-01 4.124794602394104004e-01
8.265379269999999501e-01 4.263899326324462891e-01
8.293776320000000313e-01 3.828287124633789062e-01
8.322173940000000547e-01 3.646497130393981934e-01
8.350572109999999659e-01 3.741750717163085938e-01
8.378970850000000414e-01 3.784845471382141113e-01
8.407370149999999764e-01 3.809066712856292725e-01
8.435770009999999930e-01 3.803158700466156006e-01
8.464170429999999801e-01 3.721663951873779297e-01
8.492571420000000204e-01 3.524448871612548828e-01
8.520972970000000313e-01 3.442682027816772461e-01
8.549375080000000127e-01 3.176002204418182373e-01
8.577777749999999646e-01 3.428610861301422119e-01
8.606180989999999698e-01 3.358265757560729980e-01
8.634584789999999455e-01 3.291020691394805908e-01
8.662989150000000027e-01 3.065358996391296387e-01
8.691394070000000305e-01 3.041820526123046875e-01
8.719799560000000005e-01 3.102585673332214355e-01
8.748205610000000521e-01 2.995258271694183350e-01
8.776612219999999631e-01 2.912796735763549805e-01
8.805019389999999557e-01 2.812617719173431396e-01
8.833427130000000016e-01 2.750717401504516602e-01
8.861835430000000180e-01 2.673770785331726074e-01
8.890244290000000049e-01 2.620292305946350098e-01
8.918653709999999624e-01 2.452880889177322388e-01
8.947063699999999731e-01 2.117554545402526855e-01
8.975474239999999826e-01 1.661072969436645508e-01
9.003885350000000454e-01 1.521677672863006592e-01
9.032297030000000504e-01 1.740062683820724487e-01
9.060709260000000542e-01 1.726946979761123657e-01
9.089122060000000003e-01 1.474347412586212158e-01
9.117535420000000279e-01 1.431155204772949219e-01
9.145949340000000261e-01 1.288615167140960693e-01
9.174363819999999947e-01 1.302222311496734619e-01
9.202778870000000166e-01 1.487818062305450439e-01
9.231194480000000091e-01 1.387496888637542725e-01
9.259610649999999721e-01 1.330707967281341553e-01
9.288027380000000166e-01 9.287520498037338257e-02
9.316444680000000034e-01 4.822293668985366821e-02
9.344862539999999607e-01 2.899114228785037994e-02
9.373280959999999995e-01 3.163319081068038940e-02
9.401699940000000089e-01 4.777913540601730347e-02
9.430119489999999605e-01 4.087847098708152771e-02
9.458539599999999936e-01 3.559881821274757385e-02
9.486960269999999973e-01 3.934438154101371765e-02
9.515381499999999715e-01 4.000849649310112000e-02
9.543803299999999989e-01 4.139844700694084167e-02
9.572225659999999969e-01 4.696011170744895935e-02
9.600648579999999654e-01 4.907772690057754517e-02
9.629072060000000155e-01 5.564684420824050903e-02
9.657496110000000078e-01 6.312940269708633423e-02
9.685920709999999989e-01 8.522903174161911011e-02
9.714345880000000433e-01 8.988473564386367798e-02
9.742771620000000299e-01 7.832536846399307251e-02
9.771197910000000153e-01 7.866129279136657715e-02
9.799624770000000540e-01 8.444010466337203979e-02
9.828052189999999522e-01 9.033960103988647461e-02
9.856480170000000429e-01 9.872689098119735718e-02
9.884908709999999932e-01 9.778136759996414185e-02
9.913337819999999967e-01 1.065738797187805176e-01
9.941767489999999707e-01 1.026540473103523254e-01
9.970197720000000263e-01 1.027332320809364319e-01
9.998628510000000524e-01 1.008354201912879944e-01
1.002705986999999910e+00 9.782022237777709961e-02
1.005549178999999960e+00 1.008654385805130005e-01
1.008392426999999980e+00 1.016578227281570435e-01
1.011235730999999971e+00 9.910838305950164795e-02
1.014079092000000015e+00 1.044618934392929077e-01
1.016922509000000030e+00 9.931379556655883789e-02
1.019765982000000015e+00 1.019049212336540222e-01
1.022609510999999971e+00 1.051357686519622803e-01
1.025453096999999980e+00 1.044244170188903809e-01
1.028296738999999960e+00 1.033541336655616760e-01
1.031140436999999910e+00 9.973076730966567993e-02
1.033984191000000052e+00 1.017007976770401001e-01
1.036828002000000026e+00 9.429744631052017212e-02
1.039671868000000110e+00 1.115217134356498718e-01
1.042515791000000025e+00 1.057843863964080811e-01
1.045359770999999993e+00 1.132056117057800293e-01
