3.615872339999999796e-01 1.264702558517456055e+00
3.644177160000000026e-01 1.478279471397399902e+00
3.672482539999999962e-01 1.540309906005859375e+00
3.700788480000000158e-01 1.559656143188476562e+00
3.729094980000000059e-01 1.436180114746093750e+00
3.757402049999999938e-01 1.483415007591247559e+00
3.785709680000000077e-01 1.694460630416870117e+00
3.814017869999999921e-01 1.397067904472351074e+00
3.842326620000000026e-01 1.306076407432556152e+00
3.870635940000000108e-01 1.411088943481445312e+00
3.898945819999999896e-01 1.615418910980224609e+00
3.927256259999999943e-01 1.389330625534057617e+00
3.955567260000000251e-01 1.436608433723449707e+00
3.983878829999999982e-01 1.832888484001159668e+00
4.012190950000000256e-01 2.253675937652587891e+00
4.040503639999999952e-01 2.233340263366699219e+00
4.068816900000000181e-01 2.214343547821044922e+00
4.097130709999999842e-01 2.236584424972534180e+00
4.125445090000000037e-01 2.334357023239135742e+00
4.153760029999999936e-01 2.369374990463256836e+00
4.182075530000000096e-01 2.276152610778808594e+00
4.210391589999999962e-01 2.299929380416870117e+00
4.238708219999999804e-01 2.280095577239990234e+00
4.267025409999999908e-01 2.215927839279174805e+00
4.295343160000000271e-01 2.019781827926635742e+00
4.323661469999999785e-01 2.129982233047485352e+00
4.351980349999999831e-01 2.334465026855468750e+00
4.380299790000000137e-01 2.364972591400146484e+00
4.408619790000000149e-01 2.452745437622070312e+00
4.436940349999999866e-01 2.586879491806030273e+00
4.465261480000000116e-01 2.613856077194213867e+00
4.493583170000000071e-01 2.748620986938476562e+00
4.521905419999999731e-01 2.772680997848510742e+00
4.550228230000000207e-01 2.742879390716552734e+00
4.578551610000000105e-01 2.810623884201049805e+00
4.606875550000000263e-01 2.815242528915405273e+00
4.635200050000000127e-01 2.847530126571655273e+00
4.663525110000000251e-01 2.781070470809936523e+00
4.691850739999999798e-01 2.774598360061645508e+00
4.720176919999999887e-01 2.816403865814208984e+00
4.748503669999999954e-01 2.852729082107543945e+00
4.776830989999999999e-01 2.885615587234497070e+00
4.805158860000000032e-01 2.957175731658935547e+00
4.833487300000000042e-01 2.930072546005249023e+00
4.861816299999999758e-01 2.692818641662597656e+00
4.890145859999999733e-01 2.803958415985107422e+00
4.918475979999999970e-01 2.887259483337402344e+00
4.946806670000000183e-01 2.950009346008300781e+00
4.975137920000000102e-01 2.954413175582885742e+00
5.003469729999999727e-01 2.876529455184936523e+00
5.031802100000000166e-01 2.865211248397827148e+00
5.060135040000000028e-01 2.953431606292724609e+00
5.088468539999999596e-01 2.953660726547241211e+00
5.116802599999999979e-01 2.984433412551879883e+00
5.145137220000000067e-01 2.923327207565307617e+00
5.173472409999999577e-01 2.758157491683959961e+00
5.201808159999999903e-01 2.893953323364257812e+00
5.230144469999999934e-01 3.014963626861572266e+00
5.258481339999999671e-01 3.010373592376708984e+00
5.286818779999999940e-01 3.056285381317138672e+00
5.315156779999999914e-01 3.150617837905883789e+00
5.343495339999999594e-01 3.140450000762939453e+00
5.371834460000000089e-01 3.182474851608276367e+00
5.400174150000000006e-01 3.136876821517944336e+00
5.428514389999999912e-01 3.156375408172607422e+00
5.456855200000000350e-01 3.208343267440795898e+00
5.485196580000000210e-01 3.216211080551147461e+00
5.513538510000000059e-01 3.232833862304687500e+00
5.541881010000000440e-01 3.272989034652709961e+00
5.570224070000000527e-01 3.236200094223022461e+00
5.598567690000000319e-01 3.196750640869140625e+00
5.626911869999999816e-01 3.246129035949707031e+00
5.655256619999999845e-01 3.232100486755371094e+00
5.683601929999999580e-01 3.193181037902832031e+00
5.711947800000000131e-01 3.171270608901977539e+00
5.740294230000000386e-01 3.206352233886718750e+00
5.768641230000000064e-01 3.182251930236816406e+00
5.796988789999999447e-01 3.193688154220581055e+00
5.825336909999999646e-01 3.250937938690185547e+00
5.853685589999999550e-01 3.213377952575683594e+00
5.882034839999999987e-01 2.990251302719116211e+00
5.910384650000000129e-01 2.857849597930908203e+00
5.938735019999999976e-01 2.903931617736816406e+00
5.967085949999999528e-01 2.878758668899536133e+00
5.995437449999999613e-01 2.838654994964599609e+00
6.023789510000000513e-01 2.795889139175415039e+00
6.052142130000000009e-01 2.800142049789428711e+00
6.080495310000000320e-01 2.751712799072265625e+00
6.108849060000000053e-01 2.645934581756591797e+00
6.137203359999999774e-01 2.578535795211791992e+00
6.165558230000000028e-01 2.562913417816162109e+00
6.193913669999999705e-01 2.625115394592285156e+00
6.222269660000000480e-01 2.612630844116210938e+00
6.250626219999999567e-01 2.542578458786010742e+00
6.278983339999999469e-01 2.474165916442871094e+00
6.307341020000000187e-01 2.452277660369873047e+00
6.335699259999999500e-01 2.480574607849121094e+00
6.364058070000000455e-01 2.502537250518798828e+00
6.392417440000000006e-01 2.507186412811279297e+00
6.420777370000000372e-01 2.478881359100341797e+00
6.449137860000000444e-01 2.445100307464599609e+00
6.477498919999999938e-01 2.322106361389160156e+00
6.505860540000000247e-01 2.316686868667602539e+00
6.534222720000000262e-01 2.308373689651489258e+00
6.562585459999999982e-01 2.115027189254760742e+00
6.590948770000000234e-01 2.204239130020141602e+00
6.619312640000000192e-01 2.256240367889404297e+00
6.647677069999999855e-01 2.238782167434692383e+00
6.676042060000000333e-01 2.225694894790649414e+00
6.704407620000000234e-01 2.193615674972534180e+00
6.732773739999999840e-01 2.176747322082519531e+00
6.761140420000000262e-01 2.160753965377807617e+00
6.789507660000000389e-01 2.142035007476806641e+00
6.817875469999999938e-01 2.116604328155517578e+00
6.846243829999999475e-01 2.027831554412841797e+00
6.874612759999999545e-01 1.703836441040039062e+00
6.902982260000000148e-01 1.716037750244140625e+00
6.931352309999999628e-01 1.741609454154968262e+00
6.959722929999999641e-01 1.747250318527221680e+00
6.988094110000000470e-01 1.716100692749023438e+00
7.016465849999999893e-01 1.614732265472412109e+00
7.044838150000000132e-01 1.613757729530334473e+00
7.073211019999999793e-01 1.565080881118774414e+00
7.101584450000000270e-01 1.507936954498291016e+00
7.129958440000000452e-01 1.408565998077392578e+00
7.158332990000000340e-01 1.181667923927307129e+00
7.186708109999999650e-01 8.600022792816162109e-01
7.215083789999999775e-01 8.781040310859680176e-01
7.243460029999999605e-01 8.004240989685058594e-01
7.271836830000000251e-01 7.235087752342224121e-01
7.300214200000000320e-01 6.755148172378540039e-01
7.328592130000000093e-01 6.910694241523742676e-01
7.356970619999999572e-01 6.749278306961059570e-01
7.385349669999999866e-01 6.623888015747070312e-01
7.413729289999999583e-01 6.641955971717834473e-01
7.442109470000000115e-01 6.755813956260681152e-01
7.470490210000000353e-01 6.668755412101745605e-01
7.498871510000000296e-01 6.567811965942382812e-01
7.527253379999999661e-01 6.472710371017456055e-01
7.555635800000000124e-01 6.403317451477050781e-01
7.584018790000000010e-01 5.255969166755676270e-01
7.612402350000000428e-01 2.507724463939666748e-01
7.640786459999999725e-01 2.982437610626220703e-01
7.669171139999999554e-01 4.827065765857696533e-01
7.697556380000000198e-01 5.880730152130126953e-01
7.725942180000000548e-01 6.078149676322937012e-01
7.754328539999999492e-01 6.061505079269409180e-01
7.782715470000000080e-01 6.137727499008178711e-01
7.811102960000000373e-01 6.161181330680847168e-01
7.839491010000000371e-01 6.100687384605407715e-01
7.867879620000000074e-01 6.025543212890625000e-01
7.896268800000000310e-01 5.852411389350891113e-01
7.924658540000000251e-01 5.872045159339904785e-01
7.953048839999999897e-01 5.964229702949523926e-01
7.981439700000000359e-01 5.976314544677734375e-01
8.009831130000000243e-01 5.859367847442626953e-01
8.038223119999999833e-01 5.885131359100341797e-01
8.066615670000000238e-01 5.997015833854675293e-01
8.095008780000000348e-01 5.768500566482543945e-01
8.123402459999999881e-01 5.137801170349121094e-01
8.151796700000000229e-01 4.237406253814697266e-01
8.180191500000000282e-01 3.997599184513092041e-01
8.208586860000000041e-01 4.272564351558685303e-01
8.236982790000000332e-01 3.969997763633728027e-01
8.265379269999999501e-01 4.113702774047851562e-01
8.293776320000000313e-01 3.628897666931152344e-01
8.322173940000000547e-01 3.488277196884155273e-01
8.350572109999999659e-01 3.577106297016143799e-01
8.378970850000000414e-01 3.647862076759338379e-01
8.407370149999999764e-01 3.629634678363800049e-01
8.435770009999999930e-01 3.631890118122100830e-01
8.464170429999999801e-01 3.573877215385437012e-01
8.492571420000000204e-01 3.395746946334838867e-01
8.520972970000000313e-01 3.270477056503295898e-01
8.549375080000000127e-01 3.124096393585205078e-01
8.577777749999999646e-01 3.328019678592681885e-01
8.606180989999999698e-01 3.237973153591156006e-01
8.634584789999999455e-01 3.106832802295684814e-01
8.662989150000000027e-01 2.900149524211883545e-01
8.691394070000000305e-01 2.992883324623107910e-01
8.719799560000000005e-01 2.931469082832336426e-01
8.748205610000000521e-01 2.898810803890228271e-01
8.776612219999999631e-01 2.836432158946990967e-01
8.805019389999999557e-01 2.742564976215362549e-01
8.833427130000000016e-01 2.671675682067871094e-01
8.861835430000000180e-01 2.560262680053710938e-01
8.890244290000000049e-01 2.519614696502685547e-01
8.918653709999999624e-01 2.393124699592590332e-01
8.947063699999999731e-01 2.007212936878204346e-01
8.975474239999999826e-01 1.648430973291397095e-01
9.003885350000000454e-01 1.471698582172393799e-01
9.032297030000000504e-01 1.702360361814498901e-01
9.060709260000000542e-01 1.690214276313781738e-01
9.089122060000000003e-01 1.383361220359802246e-01
9.117535420000000279e-01 1.380468904972076416e-01
9.145949340000000261e-01 1.278822571039199829e-01
9.174363819999999947e-01 1.268271952867507935e-01
9.202778870000000166e-01 1.469912827014923096e-01
9.231194480000000091e-01 1.373596042394638062e-01
9.259610649999999721e-01 1.237348690629005432e-01
9.288027380000000166e-01 9.257543832063674927e-02
9.316444680000000034e-01 4.612778499722480774e-02
9.344862539999999607e-01 3.047684580087661743e-02
9.373280959999999995e-01 3.367074206471443176e-02
9.401699940000000089e-01 4.999442026019096375e-02
9.430119489999999605e-01 4.332636296749114990e-02
9.458539599999999936e-01 3.720222786068916321e-02
9.486960269999999973e-01 4.199653118848800659e-02
9.515381499999999715e-01 4.191239178180694580e-02
9.543803299999999989e-01 4.542860761284828186e-02
9.572225659999999969e-01 4.754218086600303650e-02
9.600648579999999654e-01 5.010971054434776306e-02
9.629072060000000155e-01 5.415895953774452209e-02
9.657496110000000078e-01 6.313350796699523926e-02
9.685920709999999989e-01 7.886431366205215454e-02
9.714345880000000433e-01 8.567820489406585693e-02
9.742771620000000299e-01 7.496599853038787842e-02
9.771197910000000153e-01 7.891239970922470093e-02
9.799624770000000540e-01 8.643741905689239502e-02
9.828052189999999522e-01 9.074626117944717407e-02
9.856480170000000429e-01 9.463398903608322144e-02
9.884908709999999932e-01 1.017417609691619873e-01
9.913337819999999967e-01 1.058217510581016541e-01
9.941767489999999707e-01 1.044058874249458313e-01
9.970197720000000263e-01 1.059479415416717529e-01
9.998628510000000524e-01 1.060904115438461304e-01
1.002705986999999910e+00 1.087042763829231262e-01
1.005549178999999960e+00 1.006839498877525330e-01
1.008392426999999980e+00 1.060657426714897156e-01
1.011235730999999971e+00 1.067746728658676147e-01
1.014079092000000015e+00 1.113238409161567688e-01
1.016922509000000030e+00 1.090568676590919495e-01
1.019765982000000015e+00 1.038368940353393555e-01
1.022609510999999971e+00 1.075399592518806458e-01
1.025453096999999980e+00 1.148102954030036926e-01
1.028296738999999960e+00 1.041616722941398621e-01
1.031140436999999910e+00 1.117643564939498901e-01
1.033984191000000052e+00 1.025748476386070251e-01
1.036828002000000026e+00 1.141291335225105286e-01
1.039671868000000110e+00 1.070517301559448242e-01
1.042515791000000025e+00 9.415107220411300659e-02
1.045359770999999993e+00 1.095674261450767517e-01
