3.615872339999999796e-01 1.345971345901489258e+00
3.644177160000000026e-01 1.519696354866027832e+00
3.672482539999999962e-01 1.605203151702880859e+00
3.700788480000000158e-01 1.580400109291076660e+00
3.729094980000000059e-01 1.390735983848571777e+00
3.757402049999999938e-01 1.495247006416320801e+00
3.785709680000000077e-01 1.664626955986022949e+00
3.814017869999999921e-01 1.453567981719970703e+00
3.842326620000000026e-01 1.312195301055908203e+00
3.870635940000000108e-01 1.421774506568908691e+00
3.898945819999999896e-01 1.620154857635498047e+00
3.927256259999999943e-01 1.411356091499328613e+00
3.955567260000000251e-01 1.444426894187927246e+00
3.983878829999999982e-01 1.812941670417785645e+00
4.012190950000000256e-01 2.298354625701904297e+00
4.040503639999999952e-01 2.250148534774780273e+00
4.068816900000000181e-01 2.199429750442504883e+00
4.097130709999999842e-01 2.260655879974365234e+00
4.125445090000000037e-01 2.341433763504028320e+00
4.153760029999999936e-01 2.365066051483154297e+00
4.182075530000000096e-01 2.302691698074340820e+00
4.210391589999999962e-01 2.321227073669433594e+00
4.238708219999999804e-01 2.282535552978515625e+00
4.267025409999999908e-01 2.210353851318359375e+00
4.295343160000000271e-01 2.014466285705566406e+00
4.323661469999999785e-01 2.157869100570678711e+00
4.351980349999999831e-01 2.371405363082885742e+00
4.380299790000000137e-01 2.389988183975219727e+00
4.408619790000000149e-01 2.459795713424682617e+00
4.436940349999999866e-01 2.611465692520141602e+00
4.465261480000000116e-01 2.653141736984252930e+00
4.493583170000000071e-01 2.796609640121459961e+00
4.521905419999999731e-01 2.813773393630981445e+00
4.550228230000000207e-01 2.782566308975219727e+00
4.578551610000000105e-01 2.849871635437011719e+00
4.606875550000000263e-01 2.870893478393554688e+00
4.635200050000000127e-01 2.884901285171508789e+00
4.663525110000000251e-01 2.841854810714721680e+00
4.691850739999999798e-01 2.833405017852783203e+00
4.720176919999999887e-01 2.873418331146240234e+00
4.748503669999999954e-01 2.903135538101196289e+00
4.776830989999999999e-01 2.953835725784301758e+00
4.805158860000000032e-01 3.015330791473388672e+00
4.833487300000000042e-01 2.987406730651855469e+00
4.861816299999999758e-01 2.756697654724121094e+00
4.890145859999999733e-01 2.873259544372558594e+00
4.918475979999999970e-01 2.948174715042114258e+00
4.946806670000000183e-01 3.005607604980468750e+00
4.975137920000000102e-01 3.017681598663330078e+00
5.003469729999999727e-01 2.943026304244995117e+00
5.031802100000000166e-01 2.927216053009033203e+00
5.060135040000000028e-01 3.022009849548339844e+00
5.088468539999999596e-01 3.041127443313598633e+00
5.116802599999999979e-01 3.093444824218750000e+00
5.145137220000000067e-01 3.019078731536865234e+00
5.173472409999999577e-01 2.851748466491699219e+00
5.201808159999999903e-01 2.992345809936523438e+00
5.230144469999999934e-01 3.120017290115356445e+00
5.258481339999999671e-01 3.122917652130126953e+00
5.286818779999999940e-01 3.165925025939941406e+00
5.315156779999999914e-01 3.276659727096557617e+00
5.343495339999999594e-01 3.269315004348754883e+00
5.371834460000000089e-01 3.306462764739990234e+00
5.400174150000000006e-01 3.247026443481445312e+00
5.428514389999999912e-01 3.277095794677734375e+00
5.456855200000000350e-01 3.333155632019042969e+00
5.485196580000000210e-01 3.349215984344482422e+00
5.513538510000000059e-01 3.378520488739013672e+00
5.541881010000000440e-01 3.407981634140014648e+00
5.570224070000000527e-01 3.379359006881713867e+00
5.598567690000000319e-01 3.335775375366210938e+00
5.626911869999999816e-01 3.381666183471679688e+00
5.655256619999999845e-01 3.364657878875732422e+00
5.683601929999999580e-01 3.352779865264892578e+00
5.711947800000000131e-01 3.310410499572753906e+00
5.740294230000000386e-01 3.367933034896850586e+00
5.768641230000000064e-01 3.324589967727661133e+00
5.796988789999999447e-01 3.347201108932495117e+00
5.825336909999999646e-01 3.417631864547729492e+00
5.853685589999999550e-01 3.376806020736694336e+00
5.882034839999999987e-01 3.158777713775634766e+00
5.910384650000000129e-01 3.020732402801513672e+00
5.938735019999999976e-01 3.067786455154418945e+00
5.967085949999999528e-01 3.067764520645141602e+00
5.995437449999999613e-01 3.032578468322753906e+00
6.023789510000000513e-01 3.000097274780273438e+00
6.052142130000000009e-01 3.013763427734375000e+00
6.080495310000000320e-01 2.960539340972900391e+00
6.108849060000000053e-01 2.845965385437011719e+00
6.137203359999999774e-01 2.758091926574707031e+00
6.165558230000000028e-01 2.764426231384277344e+00
6.193913669999999705e-01 2.834240198135375977e+00
6.222269660000000480e-01 2.809047698974609375e+00
6.250626219999999567e-01 2.743739128112792969e+00
6.278983339999999469e-01 2.673655271530151367e+00
6.307341020000000187e-01 2.645422458648681641e+00
6.335699259999999500e-01 2.681287288665771484e+00
6.364058070000000455e-01 2.709212303161621094e+00
6.392417440000000006e-01 2.717966794967651367e+00
6.420777370000000372e-01 2.685842990875244141e+00
6.449137860000000444e-01 2.643858194351196289e+00
6.477498919999999938e-01 2.520977735519409180e+00
6.505860540000000247e-01 2.509966373443603516e+00
6.534222720000000262e-01 2.500352382659912109e+00
6.562585459999999982e-01 2.296687364578247070e+00
6.590948770000000234e-01 2.401702880859375000e+00
6.619312640000000192e-01 2.456760168075561523e+00
6.647677069999999855e-01 2.423868894577026367e+00
6.676042060000000333e-01 2.399488925933837891e+00
6.704407620000000234e-01 2.370188236236572266e+00
6.732773739999999840e-01 2.342433452606201172e+00
6.761140420000000262e-01 2.325485706329345703e+00
6.789507660000000389e-01 2.319354534149169922e+00
6.817875469999999938e-01 2.306104421615600586e+00
6.846243829999999475e-01 2.213209867477416992e+00
6.874612759999999545e-01 1.865289807319641113e+00
6.902982260000000148e-01 1.903596758842468262e+00
6.931352309999999628e-01 1.944947361946105957e+00
6.959722929999999641e-01 1.970490574836730957e+00
6.988094110000000470e-01 1.944745421409606934e+00
7.016465849999999893e-01 1.846281170845031738e+00
7.044838150000000132e-01 1.850799441337585449e+00
7.073211019999999793e-01 1.815893650054931641e+00
7.101584450000000270e-01 1.748237729072570801e+00
7.129958440000000452e-01 1.643395304679870605e+00
7.158332990000000340e-01 1.387655258178710938e+00
7.186708109999999650e-01 1.008249044418334961e+00
7.215083789999999775e-01 1.033148050308227539e+00
7.243460029999999605e-01 9.371141791343688965e-01
7.271836830000000251e-01 8.524696230888366699e-01
7.300214200000000320e-01 8.023251891136169434e-01
7.328592130000000093e-01 8.200103640556335449e-01
7.356970619999999572e-01 8.003715276718139648e-01
7.385349669999999866e-01 7.868676185607910156e-01
7.413729289999999583e-01 7.843218445777893066e-01
7.442109470000000115e-01 8.043422102928161621e-01
7.470490210000000353e-01 7.912805080413818359e-01
7.498871510000000296e-01 7.862102985382080078e-01
7.527253379999999661e-01 7.774230241775512695e-01
7.555635800000000124e-01 7.681805491447448730e-01
7.584018790000000010e-01 6.275492906570434570e-01
7.612402350000000428e-01 2.910449802875518799e-01
7.640786459999999725e-01 3.561196923255920410e-01
7.669171139999999554e-01 5.799056887626647949e-01
7.697556380000000198e-01 7.022588253021240234e-01
7.725942180000000548e-01 7.196771502494812012e-01
7.754328539999999492e-01 7.316228747367858887e-01
7.782715470000000080e-01 7.290515303611755371e-01
7.811102960000000373e-01 7.326889634132385254e-01
7.839491010000000371e-01 7.336271405220031738e-01
7.867879620000000074e-01 7.240571379661560059e-01
7.896268800000000310e-01 7.020859718322753906e-01
7.924658540000000251e-01 7.067251801490783691e-01
7.953048839999999897e-01 7.117049098014831543e-01
7.981439700000000359e-01 7.207745909690856934e-01
8.009831130000000243e-01 7.171456217765808105e-01
8.038223119999999833e-01 7.176845669746398926e-01
8.066615670000000238e-01 7.300667762756347656e-01
8.095008780000000348e-01 7.027814984321594238e-01
8.123402459999999881e-01 6.244104504585266113e-01
8.151796700000000229e-01 5.108486413955688477e-01
8.180191500000000282e-01 4.858535826206207275e-01
8.208586860000000041e-01 5.150054097175598145e-01
8.236982790000000332e-01 4.775272011756896973e-01
8.265379269999999501e-01 4.942001700401306152e-01
8.293776320000000313e-01 4.415495693683624268e-01
8.322173940000000547e-01 4.188863039016723633e-01
8.350572109999999659e-01 4.245267510414123535e-01
8.378970850000000414e-01 4.351686835289001465e-01
8.407370149999999764e-01 4.388690590858459473e-01
8.435770009999999930e-01 4.315588474273681641e-01
8.464170429999999801e-01 4.289685189723968506e-01
8.492571420000000204e-01 4.058679640293121338e-01
8.520972970000000313e-01 3.944443464279174805e-01
8.549375080000000127e-01 3.729928135871887207e-01
8.577777749999999646e-01 3.881007730960845947e-01
8.606180989999999698e-01 3.826735615730285645e-01
8.634584789999999455e-01 3.812370300292968750e-01
8.662989150000000027e-01 3.456812500953674316e-01
8.691394070000000305e-01 3.538174331188201904e-01
8.719799560000000005e-01 3.514161109924316406e-01
8.748205610000000521e-01 3.399242460727691650e-01
8.776612219999999631e-01 3.319433331489562988e-01
8.805019389999999557e-01 3.207036852836608887e-01
8.833427130000000016e-01 3.209528326988220215e-01
8.861835430000000180e-01 3.050947189331054688e-01
8.890244290000000049e-01 2.971105277538299561e-01
8.918653709999999624e-01 2.823338210582733154e-01
8.947063699999999731e-01 2.374902367591857910e-01
8.975474239999999826e-01 1.909809857606887817e-01
9.003885350000000454e-01 1.694597899913787842e-01
9.032297030000000504e-01 1.946979165077209473e-01
9.060709260000000542e-01 1.923684626817703247e-01
9.089122060000000003e-01 1.607316881418228149e-01
9.117535420000000279e-01 1.590675711631774902e-01
9.145949340000000261e-01 1.483966112136840820e-01
9.174363819999999947e-01 1.450611054897308350e-01
9.202778870000000166e-01 1.678146123886108398e-01
9.231194480000000091e-01 1.570631265640258789e-01
9.259610649999999721e-01 1.459879577159881592e-01
9.288027380000000166e-01 1.009255498647689819e-01
9.316444680000000034e-01 5.144438147544860840e-02
9.344862539999999607e-01 2.990384027361869812e-02
9.373280959999999995e-01 3.457250073552131653e-02
9.401699940000000089e-01 5.284105613827705383e-02
9.430119489999999605e-01 4.643918201327323914e-02
9.458539599999999936e-01 3.938384726643562317e-02
9.486960269999999973e-01 4.245955869555473328e-02
9.515381499999999715e-01 4.360665008425712585e-02
9.543803299999999989e-01 4.520112276077270508e-02
9.572225659999999969e-01 4.947706684470176697e-02
9.600648579999999654e-01 5.278092995285987854e-02
9.629072060000000155e-01 6.016073375940322876e-02
9.657496110000000078e-01 6.519091874361038208e-02
9.685920709999999989e-01 8.844311535358428955e-02
9.714345880000000433e-01 9.596684575080871582e-02
9.742771620000000299e-01 8.387169986963272095e-02
9.771197910000000153e-01 9.117736667394638062e-02
9.799624770000000540e-01 9.421245753765106201e-02
9.828052189999999522e-01 1.016906872391700745e-01
9.856480170000000429e-01 1.088989004492759705e-01
9.884908709999999932e-01 1.142812743782997131e-01
9.913337819999999967e-01 1.131334900856018066e-01
9.941767489999999707e-01 1.216776147484779358e-01
9.970197720000000263e-01 1.193611919879913330e-01
9.998628510000000524e-01 1.158712878823280334e-01
1.002705986999999910e+00 1.150153055787086487e-01
1.005549178999999960e+00 1.127845197916030884e-01
1.008392426999999980e+00 1.092727854847908020e-01
1.011235730999999971e+00 1.156692653894424438e-01
1.014079092000000015e+00 1.112946495413780212e-01
1.016922509000000030e+00 1.187393516302108765e-01
1.019765982000000015e+00 1.143387928605079651e-01
1.022609510999999971e+00 1.139515936374664307e-01
1.025453096999999980e+00 1.186385303735733032e-01
1.028296738999999960e+00 1.112006232142448425e-01
1.031140436999999910e+00 1.177403107285499573e-01
1.033984191000000052e+00 1.145619824528694153e-01
1.036828002000000026e+00 1.278745085000991821e-01
1.039671868000000110e+00 1.251103579998016357e-01
1.042515791000000025e+00 1.171786636114120483e-01
1.045359770999999993e+00 1.276850104331970215e-01
