3.615872339999999796e-01 1.337452054023742676e+00
3.644177160000000026e-01 1.438307762145996094e+00
3.672482539999999962e-01 1.578981399536132812e+00
3.700788480000000158e-01 1.616750717163085938e+00
3.729094980000000059e-01 1.444053292274475098e+00
3.757402049999999938e-01 1.489414572715759277e+00
3.785709680000000077e-01 1.666682243347167969e+00
3.814017869999999921e-01 1.393329381942749023e+00
3.842326620000000026e-01 1.306979894638061523e+00
3.870635940000000108e-01 1.431716203689575195e+00
3.898945819999999896e-01 1.610413908958435059e+00
3.927256259999999943e-01 1.410962700843811035e+00
3.955567260000000251e-01 1.449659705162048340e+00
3.983878829999999982e-01 1.851515531539916992e+00
4.012190950000000256e-01 2.278984308242797852e+00
4.040503639999999952e-01 2.251590251922607422e+00
4.068816900000000181e-01 2.234875917434692383e+00
4.097130709999999842e-01 2.287173986434936523e+00
4.125445090000000037e-01 2.364768743515014648e+00
4.153760029999999936e-01 2.365984201431274414e+00
4.182075530000000096e-01 2.341451168060302734e+00
4.210391589999999962e-01 2.348707199096679688e+00
4.238708219999999804e-01 2.300005197525024414e+00
4.267025409999999908e-01 2.231591463088989258e+00
4.295343160000000271e-01 2.032183408737182617e+00
4.323661469999999785e-01 2.164229393005371094e+00
4.351980349999999831e-01 2.348671674728393555e+00
4.380299790000000137e-01 2.396333217620849609e+00
4.408619790000000149e-01 2.448997259140014648e+00
4.436940349999999866e-01 2.620124340057373047e+00
4.465261480000000116e-01 2.633631467819213867e+00
4.493583170000000071e-01 2.787504673004150391e+00
4.521905419999999731e-01 2.806636571884155273e+00
4.550228230000000207e-01 2.786247968673706055e+00
4.578551610000000105e-01 2.821529388427734375e+00
4.606875550000000263e-01 2.858237504959106445e+00
4.635200050000000127e-01 2.882414102554321289e+00
4.663525110000000251e-01 2.811835050582885742e+00
4.691850739999999798e-01 2.803324937820434570e+00
4.720176919999999887e-01 2.862283468246459961e+00
4.748503669999999954e-01 2.893852949142456055e+00
4.776830989999999999e-01 2.916381120681762695e+00
4.805158860000000032e-01 2.980993032455444336e+00
4.833487300000000042e-01 2.957256317138671875e+00
4.861816299999999758e-01 2.728177547454833984e+00
4.890145859999999733e-01 2.842932701110839844e+00
4.918475979999999970e-01 2.922191381454467773e+00
4.946806670000000183e-01 2.977487325668334961e+00
4.975137920000000102e-01 2.987996578216552734e+00
5.003469729999999727e-01 2.910595655441284180e+00
5.031802100000000166e-01 2.898935794830322266e+00
5.060135040000000028e-01 2.985221862792968750e+00
5.088468539999999596e-01 3.008258104324340820e+00
5.116802599999999979e-01 3.035900354385375977e+00
5.145137220000000067e-01 2.961096525192260742e+00
5.173472409999999577e-01 2.795525550842285156e+00
5.201808159999999903e-01 2.930629730224609375e+00
5.230144469999999934e-01 3.058343410491943359e+00
5.258481339999999671e-01 3.065491676330566406e+00
5.286818779999999940e-01 3.091296434402465820e+00
5.315156779999999914e-01 3.203124046325683594e+00
5.343495339999999594e-01 3.195376157760620117e+00
5.371834460000000089e-01 3.230720996856689453e+00
5.400174150000000006e-01 3.160454988479614258e+00
5.428514389999999912e-01 3.203591823577880859e+00
5.456855200000000350e-01 3.248045682907104492e+00
5.485196580000000210e-01 3.259649515151977539e+00
5.513538510000000059e-01 3.290603160858154297e+00
5.541881010000000440e-01 3.320638895034790039e+00
5.570224070000000527e-01 3.294964075088500977e+00
5.598567690000000319e-01 3.232557773590087891e+00
5.626911869999999816e-01 3.300532579421997070e+00
5.655256619999999845e-01 3.290724039077758789e+00
5.683601929999999580e-01 3.258581876754760742e+00
5.711947800000000131e-01 3.218839645385742188e+00
5.740294230000000386e-01 3.265375375747680664e+00
5.768641230000000064e-01 3.228431940078735352e+00
5.796988789999999447e-01 3.243727445602416992e+00
5.825336909999999646e-01 3.305609226226806641e+00
5.853685589999999550e-01 3.262053251266479492e+00
5.882034839999999987e-01 3.044807672500610352e+00
5.910384650000000129e-01 2.911382675170898438e+00
5.938735019999999976e-01 2.952756881713867188e+00
5.967085949999999528e-01 2.946386337280273438e+00
5.995437449999999613e-01 2.902533054351806641e+00
6.023789510000000513e-01 2.866623401641845703e+00
6.052142130000000009e-01 2.863268613815307617e+00
6.080495310000000320e-01 2.819833993911743164e+00
6.108849060000000053e-01 2.709107398986816406e+00
6.137203359999999774e-01 2.632118225097656250e+00
6.165558230000000028e-01 2.624907255172729492e+00
6.193913669999999705e-01 2.699278593063354492e+00
6.222269660000000480e-01 2.669048070907592773e+00
6.250626219999999567e-01 2.603804826736450195e+00
6.278983339999999469e-01 2.545378208160400391e+00
6.307341020000000187e-01 2.528804779052734375e+00
6.335699259999999500e-01 2.553075313568115234e+00
6.364058070000000455e-01 2.573580503463745117e+00
6.392417440000000006e-01 2.582872152328491211e+00
6.420777370000000372e-01 2.555363655090332031e+00
6.449137860000000444e-01 2.514423847198486328e+00
6.477498919999999938e-01 2.398862600326538086e+00
6.505860540000000247e-01 2.386954307556152344e+00
6.534222720000000262e-01 2.368242263793945312e+00
6.562585459999999982e-01 2.181772470474243164e+00
6.590948770000000234e-01 2.284684658050537109e+00
6.619312640000000192e-01 2.339572191238403320e+00
6.647677069999999855e-01 2.321819067001342773e+00
6.676042060000000333e-01 2.298228025436401367e+00
6.704407620000000234e-01 2.270276784896850586e+00
6.732773739999999840e-01 2.249502420425415039e+00
6.761140420000000262e-01 2.243710279464721680e+00
6.789507660000000389e-01 2.222186565399169922e+00
6.817875469999999938e-01 2.198649644851684570e+00
6.846243829999999475e-01 2.111933231353759766e+00
6.874612759999999545e-01 1.761042594909667969e+00
6.902982260000000148e-01 1.784014940261840820e+00
6.931352309999999628e-01 1.813484311103820801e+00
6.959722929999999641e-01 1.823966979980468750e+00
6.988094110000000470e-01 1.791817069053649902e+00
7.016465849999999893e-01 1.685175538063049316e+00
7.044838150000000132e-01 1.683244109153747559e+00
7.073211019999999793e-01 1.638786554336547852e+00
7.101584450000000270e-01 1.576421380043029785e+00
7.129958440000000452e-01 1.479227781295776367e+00
7.158332990000000340e-01 1.247792601585388184e+00
7.186708109999999650e-01 9.076905250549316406e-01
7.215083789999999775e-01 9.231296181678771973e-01
7.243460029999999605e-01 8.443863987922668457e-01
7.271836830000000251e-01 7.613016963005065918e-01
7.300214200000000320e-01 7.150111794471740723e-01
7.328592130000000093e-01 7.339282035827636719e-01
7.356970619999999572e-01 7.254825830459594727e-01
7.385349669999999866e-01 7.023446559906005859e-01
7.413729289999999583e-01 7.098581194877624512e-01
7.442109470000000115e-01 7.175033092498779297e-01
7.470490210000000353e-01 7.187132239341735840e-01
7.498871510000000296e-01 7.053090333938598633e-01
7.527253379999999661e-01 7.019227743148803711e-01
7.555635800000000124e-01 6.958655118942260742e-01
7.584018790000000010e-01 5.613676309585571289e-01
7.612402350000000428e-01 2.651199996471405029e-01
7.640786459999999725e-01 3.230081200599670410e-01
7.669171139999999554e-01 5.117565393447875977e-01
7.697556380000000198e-01 6.263596415519714355e-01
7.725942180000000548e-01 6.548482179641723633e-01
7.754328539999999492e-01 6.534197926521301270e-01
7.782715470000000080e-01 6.620009541511535645e-01
7.811102960000000373e-01 6.565877795219421387e-01
7.839491010000000371e-01 6.575187444686889648e-01
7.867879620000000074e-01 6.461030244827270508e-01
7.896268800000000310e-01 6.215050220489501953e-01
7.924658540000000251e-01 6.324995756149291992e-01
7.953048839999999897e-01 6.345115303993225098e-01
7.981439700000000359e-01 6.373081207275390625e-01
8.009831130000000243e-01 6.276721358299255371e-01
8.038223119999999833e-01 6.373076438903808594e-01
8.066615670000000238e-01 6.501896381378173828e-01
8.095008780000000348e-01 6.243909597396850586e-01
8.123402459999999881e-01 5.480517148971557617e-01
8.151796700000000229e-01 4.525215923786163330e-01
8.180191500000000282e-01 4.275691807270050049e-01
8.208586860000000041e-01 4.608639776706695557e-01
8.236982790000000332e-01 4.220388531684875488e-01
8.265379269999999501e-01 4.346264302730560303e-01
8.293776320000000313e-01 3.942937552928924561e-01
8.322173940000000547e-01 3.830539882183074951e-01
8.350572109999999659e-01 3.780401051044464111e-01
8.378970850000000414e-01 3.939547538757324219e-01
8.407370149999999764e-01 3.952011168003082275e-01
8.435770009999999930e-01 3.887542486190795898e-01
8.464170429999999801e-01 3.877792060375213623e-01
8.492571420000000204e-01 3.753976821899414062e-01
8.520972970000000313e-01 3.578007221221923828e-01
8.549375080000000127e-01 3.418215811252593994e-01
8.577777749999999646e-01 3.629759550094604492e-01
8.606180989999999698e-01 3.552722334861755371e-01
8.634584789999999455e-01 3.462717831134796143e-01
8.662989150000000027e-01 3.224050998687744141e-01
8.691394070000000305e-01 3.238294124603271484e-01
8.719799560000000005e-01 3.259961307048797607e-01
8.748205610000000521e-01 3.097218871116638184e-01
8.776612219999999631e-01 3.118250370025634766e-01
8.805019389999999557e-01 2.987245917320251465e-01
8.833427130000000016e-01 2.973780333995819092e-01
8.861835430000000180e-01 2.823289930820465088e-01
8.890244290000000049e-01 2.766268849372863770e-01
8.918653709999999624e-01 2.633389830589294434e-01
8.947063699999999731e-01 2.198612689971923828e-01
8.975474239999999826e-01 1.752203106880187988e-01
9.003885350000000454e-01 1.629065722227096558e-01
9.032297030000000504e-01 1.853633224964141846e-01
9.060709260000000542e-01 1.829284876585006714e-01
9.089122060000000003e-01 1.474828720092773438e-01
9.117535420000000279e-01 1.512583941221237183e-01
9.145949340000000261e-01 1.402369141578674316e-01
9.174363819999999947e-01 1.390187591314315796e-01
9.202778870000000166e-01 1.596762686967849731e-01
9.231194480000000091e-01 1.524088531732559204e-01
9.259610649999999721e-01 1.389822363853454590e-01
9.288027380000000166e-01 9.606306999921798706e-02
9.316444680000000034e-01 5.166697874665260315e-02
9.344862539999999607e-01 2.822771109640598297e-02
9.373280959999999995e-01 3.501226380467414856e-02
9.401699940000000089e-01 5.559501796960830688e-02
9.430119489999999605e-01 4.679366573691368103e-02
9.458539599999999936e-01 4.460231959819793701e-02
9.486960269999999973e-01 4.319515824317932129e-02
9.515381499999999715e-01 4.518746584653854370e-02
9.543803299999999989e-01 4.687241092324256897e-02
9.572225659999999969e-01 5.529100075364112854e-02
9.600648579999999654e-01 4.993063583970069885e-02
9.629072060000000155e-01 6.330187618732452393e-02
9.657496110000000078e-01 6.831961125135421753e-02
9.685920709999999989e-01 9.334802627563476562e-02
9.714345880000000433e-01 9.391953051090240479e-02
9.742771620000000299e-01 8.287300914525985718e-02
9.771197910000000153e-01 8.826067298650741577e-02
9.799624770000000540e-01 9.205416589975357056e-02
9.828052189999999522e-01 1.075985282659530640e-01
9.856480170000000429e-01 1.150571852922439575e-01
9.884908709999999932e-01 1.121014133095741272e-01
9.913337819999999967e-01 1.183037310838699341e-01
9.941767489999999707e-01 1.155353188514709473e-01
9.970197720000000263e-01 1.193533018231391907e-01
9.998628510000000524e-01 1.145117282867431641e-01
1.002705986999999910e+00 1.136318668723106384e-01
1.005549178999999960e+00 1.114174798130989075e-01
1.008392426999999980e+00 1.168419346213340759e-01
1.011235730999999971e+00 1.142371892929077148e-01
1.014079092000000015e+00 1.141687333583831787e-01
1.016922509000000030e+00 1.121043264865875244e-01
1.019765982000000015e+00 1.168281584978103638e-01
1.022609510999999971e+00 1.134780943393707275e-01
1.025453096999999980e+00 1.087767630815505981e-01
1.028296738999999960e+00 1.087517887353897095e-01
1.031140436999999910e+00 1.105022728443145752e-01
1.033984191000000052e+00 1.095518767833709717e-01
1.036828002000000026e+00 1.157169565558433533e-01
1.039671868000000110e+00 1.043835058808326721e-01
1.042515791000000025e+00 1.142619699239730835e-01
1.045359770999999993e+00 1.119361519813537598e-01
