3.615872339999999796e-01 1.259549856185913086e+00
3.644177160000000026e-01 1.477255702018737793e+00
3.672482539999999962e-01 1.533981680870056152e+00
3.700788480000000158e-01 1.538281083106994629e+00
3.729094980000000059e-01 1.402751564979553223e+00
3.757402049999999938e-01 1.496121883392333984e+00
3.785709680000000077e-01 1.643298983573913574e+00
3.814017869999999921e-01 1.411612749099731445e+00
3.842326620000000026e-01 1.311767458915710449e+00
3.870635940000000108e-01 1.416640162467956543e+00
3.898945819999999896e-01 1.612384438514709473e+00
3.927256259999999943e-01 1.430688023567199707e+00
3.955567260000000251e-01 1.448565125465393066e+00
3.983878829999999982e-01 1.821163535118103027e+00
4.012190950000000256e-01 2.264198064804077148e+00
4.040503639999999952e-01 2.272476673126220703e+00
4.068816900000000181e-01 2.228751659393310547e+00
4.097130709999999842e-01 2.268603801727294922e+00
4.125445090000000037e-01 2.355944633483886719e+00
4.153760029999999936e-01 2.392909288406372070e+00
4.182075530000000096e-01 2.346320867538452148e+00
4.210391589999999962e-01 2.338789939880371094e+00
4.238708219999999804e-01 2.303903341293334961e+00
4.267025409999999908e-01 2.242118358612060547e+00
4.295343160000000271e-01 2.057763099670410156e+00
4.323661469999999785e-01 2.188049554824829102e+00
4.351980349999999831e-01 2.380796194076538086e+00
4.380299790000000137e-01 2.423348188400268555e+00
4.408619790000000149e-01 2.507600069046020508e+00
4.436940349999999866e-01 2.659690618515014648e+00
4.465261480000000116e-01 2.674720525741577148e+00
4.493583170000000071e-01 2.838211536407470703e+00
4.521905419999999731e-01 2.841147899627685547e+00
4.550228230000000207e-01 2.832145452499389648e+00
4.578551610000000105e-01 2.894353389739990234e+00
4.606875550000000263e-01 2.905713558197021484e+00
4.635200050000000127e-01 2.946038007736206055e+00
4.663525110000000251e-01 2.878801107406616211e+00
4.691850739999999798e-01 2.868566036224365234e+00
4.720176919999999887e-01 2.919790029525756836e+00
4.748503669999999954e-01 2.966380834579467773e+00
4.776830989999999999e-01 2.987354993820190430e+00
4.805158860000000032e-01 3.058635711669921875e+00
4.833487300000000042e-01 3.029037952423095703e+00
4.861816299999999758e-01 2.798209190368652344e+00
4.890145859999999733e-01 2.913239717483520508e+00
4.918475979999999970e-01 2.994154453277587891e+00
4.946806670000000183e-01 3.060987472534179688e+00
4.975137920000000102e-01 3.078346014022827148e+00
5.003469729999999727e-01 3.003168821334838867e+00
5.031802100000000166e-01 2.992829561233520508e+00
5.060135040000000028e-01 3.074331998825073242e+00
5.088468539999999596e-01 3.100235223770141602e+00
5.116802599999999979e-01 3.130308151245117188e+00
5.145137220000000067e-01 3.057079076766967773e+00
5.173472409999999577e-01 2.904467344284057617e+00
5.201808159999999903e-01 3.029723882675170898e+00
5.230144469999999934e-01 3.162069797515869141e+00
5.258481339999999671e-01 3.173358440399169922e+00
5.286818779999999940e-01 3.221663951873779297e+00
5.315156779999999914e-01 3.327183008193969727e+00
5.343495339999999594e-01 3.313384294509887695e+00
5.371834460000000089e-01 3.372911691665649414e+00
5.400174150000000006e-01 3.305432081222534180e+00
5.428514389999999912e-01 3.327950000762939453e+00
5.456855200000000350e-01 3.402203321456909180e+00
5.485196580000000210e-01 3.399649620056152344e+00
5.513538510000000059e-01 3.428900957107543945e+00
5.541881010000000440e-01 3.466123819351196289e+00
5.570224070000000527e-01 3.433739662170410156e+00
5.598567690000000319e-01 3.377757310867309570e+00
5.626911869999999816e-01 3.445609807968139648e+00
5.655256619999999845e-01 3.415757417678833008e+00
5.683601929999999580e-01 3.397750377655029297e+00
5.711947800000000131e-01 3.354597806930541992e+00
5.740294230000000386e-01 3.417203903198242188e+00
5.768641230000000064e-01 3.382831811904907227e+00
5.796988789999999447e-01 3.402943611145019531e+00
5.825336909999999646e-01 3.485784769058227539e+00
5.853685589999999550e-01 3.440255165100097656e+00
5.882034839999999987e-01 3.216745138168334961e+00
5.910384650000000129e-01 3.088719367980957031e+00
5.938735019999999976e-01 3.155473470687866211e+00
5.967085949999999528e-01 3.142783880233764648e+00
5.995437449999999613e-01 3.119979381561279297e+00
6.023789510000000513e-01 3.090079545974731445e+00
6.052142130000000009e-01 3.099496126174926758e+00
6.080495310000000320e-01 3.053130865097045898e+00
6.108849060000000053e-01 2.946389198303222656e+00
6.137203359999999774e-01 2.883156061172485352e+00
6.165558230000000028e-01 2.865555286407470703e+00
6.193913669999999705e-01 2.933386087417602539e+00
6.222269660000000480e-01 2.928711175918579102e+00
6.250626219999999567e-01 2.858803272247314453e+00
6.278983339999999469e-01 2.784469366073608398e+00
6.307341020000000187e-01 2.774135589599609375e+00
6.335699259999999500e-01 2.807898044586181641e+00
6.364058070000000455e-01 2.831251621246337891e+00
6.392417440000000006e-01 2.841367721557617188e+00
6.420777370000000372e-01 2.802537679672241211e+00
6.449137860000000444e-01 2.775592803955078125e+00
6.477498919999999938e-01 2.645743370056152344e+00
6.505860540000000247e-01 2.638876914978027344e+00
6.534222720000000262e-01 2.632750511169433594e+00
6.562585459999999982e-01 2.427615642547607422e+00
6.590948770000000234e-01 2.544907569885253906e+00
6.619312640000000192e-01 2.619413375854492188e+00
6.647677069999999855e-01 2.593527793884277344e+00
6.676042060000000333e-01 2.579330921173095703e+00
6.704407620000000234e-01 2.548320293426513672e+00
6.732773739999999840e-01 2.523117065429687500e+00
6.761140420000000262e-01 2.508328437805175781e+00
6.789507660000000389e-01 2.500295639038085938e+00
6.817875469999999938e-01 2.470893621444702148e+00
6.846243829999999475e-01 2.379376173019409180e+00
6.874612759999999545e-01 2.000813961029052734e+00
6.902982260000000148e-01 2.026267528533935547e+00
6.931352309999999628e-01 2.073716163635253906e+00
6.959722929999999641e-01 2.092113256454467773e+00
6.988094110000000470e-01 2.078246116638183594e+00
7.016465849999999893e-01 1.968055129051208496e+00
7.044838150000000132e-01 1.981647849082946777e+00
7.073211019999999793e-01 1.942743897438049316e+00
7.101584450000000270e-01 1.887483239173889160e+00
7.129958440000000452e-01 1.781457066535949707e+00
7.158332990000000340e-01 1.517281651496887207e+00
7.186708109999999650e-01 1.114531159400939941e+00
7.215083789999999775e-01 1.146423935890197754e+00
7.243460029999999605e-01 1.061975359916687012e+00
7.271836830000000251e-01 9.608690142631530762e-01
7.300214200000000320e-01 9.067965149879455566e-01
7.328592130000000093e-01 9.278360009193420410e-01
7.356970619999999572e-01 9.251490831375122070e-01
7.385349669999999866e-01 8.983681797981262207e-01
7.413729289999999583e-01 9.018794894218444824e-01
7.442109470000000115e-01 9.155552387237548828e-01
7.470490210000000353e-01 9.146599769592285156e-01
7.498871510000000296e-01 9.022747874259948730e-01
7.527253379999999661e-01 8.960525989532470703e-01
7.555635800000000124e-01 8.812666535377502441e-01
7.584018790000000010e-01 7.214469313621520996e-01
7.612402350000000428e-01 3.387753665447235107e-01
7.640786459999999725e-01 4.127686023712158203e-01
7.669171139999999554e-01 6.626809239387512207e-01
7.697556380000000198e-01 8.148784637451171875e-01
7.725942180000000548e-01 8.447020053863525391e-01
7.754328539999999492e-01 8.491756319999694824e-01
7.782715470000000080e-01 8.548689484596252441e-01
7.811102960000000373e-01 8.587921261787414551e-01
7.839491010000000371e-01 8.547465801239013672e-01
7.867879620000000074e-01 8.469167351722717285e-01
7.896268800000000310e-01 8.203689455986022949e-01
7.924658540000000251e-01 8.182103037834167480e-01
7.953048839999999897e-01 8.267258405685424805e-01
7.981439700000000359e-01 8.360681533813476562e-01
8.009831130000000243e-01 8.297798633575439453e-01
8.038223119999999833e-01 8.341154456138610840e-01
8.066615670000000238e-01 8.532428741455078125e-01
8.095008780000000348e-01 8.114827871322631836e-01
8.123402459999999881e-01 7.308765053749084473e-01
8.151796700000000229e-01 5.987077951431274414e-01
8.180191500000000282e-01 5.672416687011718750e-01
8.208586860000000041e-01 5.998567938804626465e-01
8.236982790000000332e-01 5.507318973541259766e-01
8.265379269999999501e-01 5.775567889213562012e-01
8.293776320000000313e-01 5.122798681259155273e-01
8.322173940000000547e-01 4.940855205059051514e-01
8.350572109999999659e-01 5.000247955322265625e-01
8.378970850000000414e-01 5.132521390914916992e-01
8.407370149999999764e-01 5.076958537101745605e-01
8.435770009999999930e-01 5.033674836158752441e-01
8.464170429999999801e-01 5.038297176361083984e-01
8.492571420000000204e-01 4.768091142177581787e-01
8.520972970000000313e-01 4.610319435596466064e-01
8.549375080000000127e-01 4.362867474555969238e-01
8.577777749999999646e-01 4.611816704273223877e-01
8.606180989999999698e-01 4.564349949359893799e-01
8.634584789999999455e-01 4.411580860614776611e-01
8.662989150000000027e-01 4.070717990398406982e-01
8.691394070000000305e-01 4.198643267154693604e-01
8.719799560000000005e-01 4.175253510475158691e-01
8.748205610000000521e-01 4.084702134132385254e-01
8.776612219999999631e-01 3.948754966259002686e-01
8.805019389999999557e-01 3.788589835166931152e-01
8.833427130000000016e-01 3.777279257774353027e-01
8.861835430000000180e-01 3.637687563896179199e-01
8.890244290000000049e-01 3.519155383110046387e-01
8.918653709999999624e-01 3.345038294792175293e-01
8.947063699999999731e-01 2.816350460052490234e-01
8.975474239999999826e-01 2.245173901319503784e-01
9.003885350000000454e-01 2.019839584827423096e-01
9.032297030000000504e-01 2.325471341609954834e-01
9.060709260000000542e-01 2.320651113986968994e-01
9.089122060000000003e-01 1.914878189563751221e-01
9.117535420000000279e-01 1.880783140659332275e-01
9.145949340000000261e-01 1.720361858606338501e-01
9.174363819999999947e-01 1.724731624126434326e-01
9.202778870000000166e-01 1.985675692558288574e-01
9.231194480000000091e-01 1.869636625051498413e-01
9.259610649999999721e-01 1.711505055427551270e-01
9.288027380000000166e-01 1.228222548961639404e-01
9.316444680000000034e-01 6.643496453762054443e-02
9.344862539999999607e-01 3.917480632662773132e-02
9.373280959999999995e-01 4.280636832118034363e-02
9.401699940000000089e-01 6.468784809112548828e-02
9.430119489999999605e-01 5.314357206225395203e-02
9.458539599999999936e-01 4.912077635526657104e-02
9.486960269999999973e-01 5.465542897582054138e-02
9.515381499999999715e-01 5.323316156864166260e-02
9.543803299999999989e-01 5.497996881604194641e-02
9.572225659999999969e-01 6.093769893050193787e-02
9.600648579999999654e-01 6.123098358511924744e-02
9.629072060000000155e-01 7.054484635591506958e-02
9.657496110000000078e-01 7.976921647787094116e-02
9.685920709999999989e-01 1.015968546271324158e-01
9.714345880000000433e-01 1.086795330047607422e-01
9.742771620000000299e-01 1.013806834816932678e-01
9.771197910000000153e-01 1.016777977347373962e-01
9.799624770000000540e-01 1.083277612924575806e-01
9.828052189999999522e-01 1.178928464651107788e-01
9.856480170000000429e-01 1.284220516681671143e-01
9.884908709999999932e-01 1.332044899463653564e-01
9.913337819999999967e-01 1.351634114980697632e-01
9.941767489999999707e-01 1.367724388837814331e-01
9.970197720000000263e-01 1.407598108053207397e-01
9.998628510000000524e-01 1.342784315347671509e-01
1.002705986999999910e+00 1.345991492271423340e-01
1.005549178999999960e+00 1.316654086112976074e-01
1.008392426999999980e+00 1.305007487535476685e-01
1.011235730999999971e+00 1.362885087728500366e-01
1.014079092000000015e+00 1.365044116973876953e-01
1.016922509000000030e+00 1.328846663236618042e-01
1.019765982000000015e+00 1.323425024747848511e-01
1.022609510999999971e+00 1.354220062494277954e-01
1.025453096999999980e+00 1.433019638061523438e-01
1.028296738999999960e+00 1.425328403711318970e-01
1.031140436999999910e+00 1.480241715908050537e-01
1.033984191000000052e+00 1.438172906637191772e-01
1.036828002000000026e+00 1.384929120540618896e-01
1.039671868000000110e+00 1.481694728136062622e-01
1.042515791000000025e+00 1.582819223403930664e-01
1.045359770999999993e+00 1.440337002277374268e-01
