3.615872339999999796e-01 1.273176908493041992e+00
3.644177160000000026e-01 1.486656188964843750e+00
3.672482539999999962e-01 1.596786856651306152e+00
3.700788480000000158e-01 1.584460735321044922e+00
3.729094980000000059e-01 1.383535981178283691e+00
3.757402049999999938e-01 1.493711590766906738e+00
3.785709680000000077e-01 1.661226749420166016e+00
3.814017869999999921e-01 1.411818265914916992e+00
3.842326620000000026e-01 1.296913623809814453e+00
3.870635940000000108e-01 1.397437572479248047e+00
3.898945819999999896e-01 1.627892255783081055e+00
3.927256259999999943e-01 1.407465815544128418e+00
3.955567260000000251e-01 1.450201869010925293e+00
3.983878829999999982e-01 1.820247411727905273e+00
4.012190950000000256e-01 2.233659267425537109e+00
4.040503639999999952e-01 2.243874788284301758e+00
4.068816900000000181e-01 2.189014673233032227e+00
4.097130709999999842e-01 2.257034778594970703e+00
4.125445090000000037e-01 2.336290121078491211e+00
4.153760029999999936e-01 2.347781181335449219e+00
4.182075530000000096e-01 2.294676303863525391e+00
4.210391589999999962e-01 2.281453371047973633e+00
4.238708219999999804e-01 2.263254165649414062e+00
4.267025409999999908e-01 2.214757919311523438e+00
4.295343160000000271e-01 2.003310203552246094e+00
4.323661469999999785e-01 2.152047634124755859e+00
4.351980349999999831e-01 2.338095426559448242e+00
4.380299790000000137e-01 2.357740879058837891e+00
4.408619790000000149e-01 2.449317932128906250e+00
4.436940349999999866e-01 2.572831630706787109e+00
4.465261480000000116e-01 2.603998899459838867e+00
4.493583170000000071e-01 2.733979225158691406e+00
4.521905419999999731e-01 2.764177322387695312e+00
4.550228230000000207e-01 2.737593412399291992e+00
4.578551610000000105e-01 2.778456449508666992e+00
4.606875550000000263e-01 2.812379121780395508e+00
4.635200050000000127e-01 2.846462488174438477e+00
4.663525110000000251e-01 2.798573255538940430e+00
4.691850739999999798e-01 2.777899742126464844e+00
4.720176919999999887e-01 2.818818330764770508e+00
4.748503669999999954e-01 2.859289407730102539e+00
4.776830989999999999e-01 2.885826587677001953e+00
4.805158860000000032e-01 2.946706533432006836e+00
4.833487300000000042e-01 2.909588098526000977e+00
4.861816299999999758e-01 2.694657802581787109e+00
4.890145859999999733e-01 2.817678928375244141e+00
4.918475979999999970e-01 2.895882844924926758e+00
4.946806670000000183e-01 2.943029880523681641e+00
4.975137920000000102e-01 2.956463098526000977e+00
5.003469729999999727e-01 2.874763965606689453e+00
5.031802100000000166e-01 2.870027065277099609e+00
5.060135040000000028e-01 2.931004047393798828e+00
5.088468539999999596e-01 2.966255664825439453e+00
5.116802599999999979e-01 2.983879566192626953e+00
5.145137220000000067e-01 2.926898479461669922e+00
5.173472409999999577e-01 2.767858266830444336e+00
5.201808159999999903e-01 2.899281501770019531e+00
5.230144469999999934e-01 3.026226282119750977e+00
5.258481339999999671e-01 3.020123720169067383e+00
5.286818779999999940e-01 3.075116634368896484e+00
5.315156779999999914e-01 3.164019346237182617e+00
5.343495339999999594e-01 3.154154777526855469e+00
5.371834460000000089e-01 3.196287155151367188e+00
5.400174150000000006e-01 3.133244037628173828e+00
5.428514389999999912e-01 3.162778139114379883e+00
5.456855200000000350e-01 3.208819150924682617e+00
5.485196580000000210e-01 3.234048366546630859e+00
5.513538510000000059e-01 3.248034000396728516e+00
5.541881010000000440e-01 3.282839298248291016e+00
5.570224070000000527e-01 3.241732358932495117e+00
5.598567690000000319e-01 3.196361541748046875e+00
5.626911869999999816e-01 3.253393411636352539e+00
5.655256619999999845e-01 3.241849184036254883e+00
5.683601929999999580e-01 3.209290027618408203e+00
5.711947800000000131e-01 3.182630300521850586e+00
5.740294230000000386e-01 3.221997499465942383e+00
5.768641230000000064e-01 3.189323186874389648e+00
5.796988789999999447e-01 3.207289457321166992e+00
5.825336909999999646e-01 3.268453836441040039e+00
5.853685589999999550e-01 3.219661712646484375e+00
5.882034839999999987e-01 3.004709243774414062e+00
5.910384650000000129e-01 2.875399351119995117e+00
5.938735019999999976e-01 2.918313264846801758e+00
5.967085949999999528e-01 2.906691312789916992e+00
5.995437449999999613e-01 2.868809938430786133e+00
6.023789510000000513e-01 2.821938753128051758e+00
6.052142130000000009e-01 2.825113534927368164e+00
6.080495310000000320e-01 2.779089450836181641e+00
6.108849060000000053e-01 2.687273263931274414e+00
6.137203359999999774e-01 2.602391242980957031e+00
6.165558230000000028e-01 2.585315704345703125e+00
6.193913669999999705e-01 2.662575244903564453e+00
6.222269660000000480e-01 2.639230012893676758e+00
6.250626219999999567e-01 2.563777685165405273e+00
6.278983339999999469e-01 2.507213830947875977e+00
6.307341020000000187e-01 2.479889392852783203e+00
6.335699259999999500e-01 2.506177902221679688e+00
6.364058070000000455e-01 2.536753892898559570e+00
6.392417440000000006e-01 2.540104389190673828e+00
6.420777370000000372e-01 2.507861137390136719e+00
6.449137860000000444e-01 2.478452205657958984e+00
6.477498919999999938e-01 2.364042282104492188e+00
6.505860540000000247e-01 2.349288225173950195e+00
6.534222720000000262e-01 2.335390806198120117e+00
6.562585459999999982e-01 2.143469572067260742e+00
6.590948770000000234e-01 2.239915609359741211e+00
6.619312640000000192e-01 2.289910078048706055e+00
6.647677069999999855e-01 2.281671524047851562e+00
6.676042060000000333e-01 2.259918689727783203e+00
6.704407620000000234e-01 2.231597900390625000e+00
6.732773739999999840e-01 2.212211132049560547e+00
6.761140420000000262e-01 2.193674802780151367e+00
6.789507660000000389e-01 2.176413536071777344e+00
6.817875469999999938e-01 2.154474020004272461e+00
6.846243829999999475e-01 2.072922706604003906e+00
6.874612759999999545e-01 1.738609790802001953e+00
6.902982260000000148e-01 1.751560330390930176e+00
6.931352309999999628e-01 1.779465317726135254e+00
6.959722929999999641e-01 1.779745817184448242e+00
6.988094110000000470e-01 1.754781603813171387e+00
7.016465849999999893e-01 1.657295823097229004e+00
7.044838150000000132e-01 1.647871255874633789e+00
7.073211019999999793e-01 1.611393213272094727e+00
7.101584450000000270e-01 1.544652938842773438e+00
7.129958440000000452e-01 1.449338912963867188e+00
7.158332990000000340e-01 1.219372391700744629e+00
7.186708109999999650e-01 8.850547671318054199e-01
7.215083789999999775e-01 9.058710932731628418e-01
7.243460029999999605e-01 8.307715654373168945e-01
7.271836830000000251e-01 7.458848953247070312e-01
7.300214200000000320e-01 7.004274129867553711e-01
7.328592130000000093e-01 7.080208063125610352e-01
7.356970619999999572e-01 7.056193947792053223e-01
7.385349669999999866e-01 6.865578889846801758e-01
7.413729289999999583e-01 6.918338537216186523e-01
7.442109470000000115e-01 6.982660293579101562e-01
7.470490210000000353e-01 6.917765736579895020e-01
7.498871510000000296e-01 6.841935515403747559e-01
7.527253379999999661e-01 6.774495244026184082e-01
7.555635800000000124e-01 6.660803556442260742e-01
7.584018790000000010e-01 5.491730570793151855e-01
7.612402350000000428e-01 2.565194070339202881e-01
7.640786459999999725e-01 3.115333616733551025e-01
7.669171139999999554e-01 5.034428834915161133e-01
7.697556380000000198e-01 6.120899915695190430e-01
7.725942180000000548e-01 6.278221011161804199e-01
7.754328539999999492e-01 6.306772828102111816e-01
7.782715470000000080e-01 6.344441175460815430e-01
7.811102960000000373e-01 6.379954814910888672e-01
7.839491010000000371e-01 6.352754831314086914e-01
7.867879620000000074e-01 6.270736455917358398e-01
7.896268800000000310e-01 6.080947518348693848e-01
7.924658540000000251e-01 6.081115007400512695e-01
7.953048839999999897e-01 6.151732206344604492e-01
7.981439700000000359e-01 6.194736957550048828e-01
8.009831130000000243e-01 6.110178232192993164e-01
8.038223119999999833e-01 6.147123575210571289e-01
8.066615670000000238e-01 6.308529973030090332e-01
8.095008780000000348e-01 6.019681096076965332e-01
8.123402459999999881e-01 5.377268195152282715e-01
8.151796700000000229e-01 4.425497949123382568e-01
8.180191500000000282e-01 4.132941365242004395e-01
8.208586860000000041e-01 4.417307376861572266e-01
8.236982790000000332e-01 4.069619476795196533e-01
8.265379269999999501e-01 4.183124601840972900e-01
8.293776320000000313e-01 3.784341216087341309e-01
8.322173940000000547e-01 3.599144518375396729e-01
8.350572109999999659e-01 3.686072230339050293e-01
8.378970850000000414e-01 3.723871707916259766e-01
8.407370149999999764e-01 3.787531554698944092e-01
8.435770009999999930e-01 3.758207857608795166e-01
8.464170429999999801e-01 3.759014904499053955e-01
8.492571420000000204e-01 3.584061563014984131e-01
8.520972970000000313e-01 3.403631150722503662e-01
8.549375080000000127e-01 3.194381296634674072e-01
8.577777749999999646e-01 3.405876755714416504e-01
8.606180989999999698e-01 3.364226818084716797e-01
8.634584789999999455e-01 3.245800435543060303e-01
8.662989150000000027e-01 3.038701713085174561e-01
8.691394070000000305e-01 3.096264302730560303e-01
8.719799560000000005e-01 3.067105412483215332e-01
8.748205610000000521e-01 3.005237281322479248e-01
8.776612219999999631e-01 2.918484508991241455e-01
8.805019389999999557e-01 2.858324646949768066e-01
8.833427130000000016e-01 2.750706672668457031e-01
8.861835430000000180e-01 2.699360251426696777e-01
8.890244290000000049e-01 2.596384286880493164e-01
8.918653709999999624e-01 2.519493401050567627e-01
8.947063699999999731e-01 2.097875624895095825e-01
8.975474239999999826e-01 1.643004715442657471e-01
9.003885350000000454e-01 1.546467095613479614e-01
9.032297030000000504e-01 1.738673299551010132e-01
9.060709260000000542e-01 1.773927658796310425e-01
9.089122060000000003e-01 1.445122361183166504e-01
9.117535420000000279e-01 1.411181241273880005e-01
9.145949340000000261e-01 1.330330222845077515e-01
9.174363819999999947e-01 1.316635012626647949e-01
9.202778870000000166e-01 1.504444926977157593e-01
9.231194480000000091e-01 1.407505124807357788e-01
9.259610649999999721e-01 1.281788945198059082e-01
9.288027380000000166e-01 9.546908736228942871e-02
9.316444680000000034e-01 4.895896092057228088e-02
9.344862539999999607e-01 3.004243969917297363e-02
9.373280959999999995e-01 3.414496034383773804e-02
9.401699940000000089e-01 5.277618393301963806e-02
9.430119489999999605e-01 4.373300820589065552e-02
9.458539599999999936e-01 3.683511540293693542e-02
9.486960269999999973e-01 4.346666112542152405e-02
9.515381499999999715e-01 4.422623664140701294e-02
9.543803299999999989e-01 3.991704434156417847e-02
9.572225659999999969e-01 4.731849208474159241e-02
9.600648579999999654e-01 5.176809430122375488e-02
9.629072060000000155e-01 5.918579921126365662e-02
9.657496110000000078e-01 6.500890851020812988e-02
9.685920709999999989e-01 8.536892384290695190e-02
9.714345880000000433e-01 8.892330527305603027e-02
9.742771620000000299e-01 7.790335267782211304e-02
9.771197910000000153e-01 8.057982474565505981e-02
9.799624770000000540e-01 8.448695391416549683e-02
9.828052189999999522e-01 9.766671806573867798e-02
9.856480170000000429e-01 1.025846675038337708e-01
9.884908709999999932e-01 1.095808967947959900e-01
9.913337819999999967e-01 1.087878495454788208e-01
9.941767489999999707e-01 1.115601882338523865e-01
9.970197720000000263e-01 1.146191805601119995e-01
9.998628510000000524e-01 1.066972985863685608e-01
1.002705986999999910e+00 1.004010811448097229e-01
1.005549178999999960e+00 1.050620004534721375e-01
1.008392426999999980e+00 1.032464802265167236e-01
1.011235730999999971e+00 1.015437543392181396e-01
1.014079092000000015e+00 1.040821895003318787e-01
1.016922509000000030e+00 1.071470528841018677e-01
1.019765982000000015e+00 1.052417531609535217e-01
1.022609510999999971e+00 1.079748049378395081e-01
1.025453096999999980e+00 1.011831238865852356e-01
1.028296738999999960e+00 1.068632155656814575e-01
1.031140436999999910e+00 1.037411168217658997e-01
1.033984191000000052e+00 1.070652976632118225e-01
1.036828002000000026e+00 1.069227084517478943e-01
1.039671868000000110e+00 1.095990687608718872e-01
1.042515791000000025e+00 1.082047373056411743e-01
1.045359770999999993e+00 1.118419766426086426e-01
