3.615872339999999796e-01 1.309198141098022461e+00
3.644177160000000026e-01 1.469027876853942871e+00
3.672482539999999962e-01 1.600350141525268555e+00
3.700788480000000158e-01 1.578354358673095703e+00
3.729094980000000059e-01 1.409570097923278809e+00
3.757402049999999938e-01 1.497164130210876465e+00
3.785709680000000077e-01 1.657636046409606934e+00
3.814017869999999921e-01 1.433908700942993164e+00
3.842326620000000026e-01 1.331498622894287109e+00
3.870635940000000108e-01 1.441080808639526367e+00
3.898945819999999896e-01 1.628392219543457031e+00
3.927256259999999943e-01 1.443552851676940918e+00
3.955567260000000251e-01 1.470243334770202637e+00
3.983878829999999982e-01 1.854726076126098633e+00
4.012190950000000256e-01 2.304649353027343750e+00
4.040503639999999952e-01 2.271053314208984375e+00
4.068816900000000181e-01 2.248976945877075195e+00
4.097130709999999842e-01 2.279729127883911133e+00
4.125445090000000037e-01 2.389613628387451172e+00
4.153760029999999936e-01 2.411875724792480469e+00
4.182075530000000096e-01 2.369155645370483398e+00
4.210391589999999962e-01 2.367564439773559570e+00
4.238708219999999804e-01 2.345687866210937500e+00
4.267025409999999908e-01 2.281766176223754883e+00
4.295343160000000271e-01 2.089034080505371094e+00
4.323661469999999785e-01 2.193719625473022461e+00
4.351980349999999831e-01 2.413215398788452148e+00
4.380299790000000137e-01 2.452955484390258789e+00
4.408619790000000149e-01 2.530855655670166016e+00
4.436940349999999866e-01 2.674192428588867188e+00
4.465261480000000116e-01 2.692699670791625977e+00
4.493583170000000071e-01 2.868950128555297852e+00
4.521905419999999731e-01 2.880698919296264648e+00
4.550228230000000207e-01 2.861578702926635742e+00
4.578551610000000105e-01 2.906983613967895508e+00
4.606875550000000263e-01 2.943536281585693359e+00
4.635200050000000127e-01 2.974979162216186523e+00
4.663525110000000251e-01 2.920222043991088867e+00
4.691850739999999798e-01 2.899198770523071289e+00
4.720176919999999887e-01 2.930225610733032227e+00
4.748503669999999954e-01 2.979910135269165039e+00
4.776830989999999999e-01 3.016256332397460938e+00
4.805158860000000032e-01 3.084857463836669922e+00
4.833487300000000042e-01 3.046408891677856445e+00
4.861816299999999758e-01 2.823121309280395508e+00
4.890145859999999733e-01 2.943655967712402344e+00
4.918475979999999970e-01 3.030297040939331055e+00
4.946806670000000183e-01 3.078187704086303711e+00
4.975137920000000102e-01 3.100320339202880859e+00
5.003469729999999727e-01 3.029839754104614258e+00
5.031802100000000166e-01 3.002898216247558594e+00
5.060135040000000028e-01 3.098245382308959961e+00
5.088468539999999596e-01 3.119098186492919922e+00
5.116802599999999979e-01 3.143024444580078125e+00
5.145137220000000067e-01 3.080030679702758789e+00
5.173472409999999577e-01 2.915917873382568359e+00
5.201808159999999903e-01 3.059193134307861328e+00
5.230144469999999934e-01 3.181545257568359375e+00
5.258481339999999671e-01 3.197659254074096680e+00
5.286818779999999940e-01 3.232230901718139648e+00
5.315156779999999914e-01 3.348732709884643555e+00
5.343495339999999594e-01 3.343134403228759766e+00
5.371834460000000089e-01 3.388072729110717773e+00
5.400174150000000006e-01 3.317077636718750000e+00
5.428514389999999912e-01 3.342869520187377930e+00
5.456855200000000350e-01 3.405860424041748047e+00
5.485196580000000210e-01 3.415705680847167969e+00
5.513538510000000059e-01 3.461840152740478516e+00
5.541881010000000440e-01 3.480035543441772461e+00
5.570224070000000527e-01 3.442426443099975586e+00
5.598567690000000319e-01 3.396655321121215820e+00
5.626911869999999816e-01 3.453476905822753906e+00
5.655256619999999845e-01 3.438260555267333984e+00
5.683601929999999580e-01 3.408005237579345703e+00
5.711947800000000131e-01 3.378857612609863281e+00
5.740294230000000386e-01 3.421761274337768555e+00
5.768641230000000064e-01 3.398966789245605469e+00
5.796988789999999447e-01 3.412569522857666016e+00
5.825336909999999646e-01 3.498548507690429688e+00
5.853685589999999550e-01 3.460917472839355469e+00
5.882034839999999987e-01 3.217327594757080078e+00
5.910384650000000129e-01 3.096213340759277344e+00
5.938735019999999976e-01 3.157953262329101562e+00
5.967085949999999528e-01 3.152970314025878906e+00
5.995437449999999613e-01 3.124879837036132812e+00
6.023789510000000513e-01 3.079921007156372070e+00
6.052142130000000009e-01 3.104947805404663086e+00
6.080495310000000320e-01 3.065940618515014648e+00
6.108849060000000053e-01 2.972464561462402344e+00
6.137203359999999774e-01 2.883043766021728516e+00
6.165558230000000028e-01 2.871028423309326172e+00
6.193913669999999705e-01 2.931954383850097656e+00
6.222269660000000480e-01 2.927378177642822266e+00
6.250626219999999567e-01 2.854530096054077148e+00
6.278983339999999469e-01 2.779797077178955078e+00
6.307341020000000187e-01 2.763155460357666016e+00
6.335699259999999500e-01 2.801660776138305664e+00
6.364058070000000455e-01 2.838239669799804688e+00
6.392417440000000006e-01 2.839720010757446289e+00
6.420777370000000372e-01 2.802144527435302734e+00
6.449137860000000444e-01 2.764123916625976562e+00
6.477498919999999938e-01 2.650555133819580078e+00
6.505860540000000247e-01 2.634473562240600586e+00
6.534222720000000262e-01 2.635974407196044922e+00
6.562585459999999982e-01 2.414693832397460938e+00
6.590948770000000234e-01 2.538875341415405273e+00
6.619312640000000192e-01 2.611375093460083008e+00
6.647677069999999855e-01 2.596627712249755859e+00
6.676042060000000333e-01 2.569288253784179688e+00
6.704407620000000234e-01 2.533906698226928711e+00
6.732773739999999840e-01 2.517992734909057617e+00
6.761140420000000262e-01 2.504938840866088867e+00
6.789507660000000389e-01 2.486581563949584961e+00
6.817875469999999938e-01 2.455187797546386719e+00
6.846243829999999475e-01 2.374683618545532227e+00
6.874612759999999545e-01 1.995547533035278320e+00
6.902982260000000148e-01 2.022832155227661133e+00
6.931352309999999628e-01 2.061091423034667969e+00
6.959722929999999641e-01 2.086892366409301758e+00
6.988094110000000470e-01 2.062754392623901367e+00
7.016465849999999893e-01 1.960428595542907715e+00
7.044838150000000132e-01 1.962520241737365723e+00
7.073211019999999793e-01 1.933548569679260254e+00
7.101584450000000270e-01 1.876452088356018066e+00
7.129958440000000452e-01 1.772039175033569336e+00
7.158332990000000340e-01 1.503462791442871094e+00
7.186708109999999650e-01 1.100409030914306641e+00
7.215083789999999775e-01 1.135966181755065918e+00
7.243460029999999605e-01 1.043188929557800293e+00
7.271836830000000251e-01 9.523029327392578125e-01
7.300214200000000320e-01 9.009389281272888184e-01
7.328592130000000093e-01 9.182804226875305176e-01
7.356970619999999572e-01 9.172643423080444336e-01
7.385349669999999866e-01 8.953154087066650391e-01
7.413729289999999583e-01 9.018228650093078613e-01
7.442109470000000115e-01 9.152920246124267578e-01
7.470490210000000353e-01 9.115201830863952637e-01
7.498871510000000296e-01 8.990024328231811523e-01
7.527253379999999661e-01 8.929049372673034668e-01
7.555635800000000124e-01 8.822511434555053711e-01
7.584018790000000010e-01 7.216203808784484863e-01
7.612402350000000428e-01 3.414230644702911377e-01
7.640786459999999725e-01 4.101870059967041016e-01
7.669171139999999554e-01 6.668156981468200684e-01
7.697556380000000198e-01 8.102261424064636230e-01
7.725942180000000548e-01 8.404858112335205078e-01
7.754328539999999492e-01 8.452013731002807617e-01
7.782715470000000080e-01 8.456340432167053223e-01
7.811102960000000373e-01 8.481933474540710449e-01
7.839491010000000371e-01 8.464501500129699707e-01
7.867879620000000074e-01 8.385416865348815918e-01
7.896268800000000310e-01 8.146483302116394043e-01
7.924658540000000251e-01 8.192188143730163574e-01
7.953048839999999897e-01 8.251029849052429199e-01
7.981439700000000359e-01 8.325017094612121582e-01
8.009831130000000243e-01 8.232234120368957520e-01
8.038223119999999833e-01 8.310048580169677734e-01
8.066615670000000238e-01 8.439384698867797852e-01
8.095008780000000348e-01 8.076435923576354980e-01
8.123402459999999881e-01 7.235728502273559570e-01
8.151796700000000229e-01 5.876962542533874512e-01
8.180191500000000282e-01 5.604266524314880371e-01
8.208586860000000041e-01 6.016918420791625977e-01
8.236982790000000332e-01 5.549302697181701660e-01
8.265379269999999501e-01 5.711954236030578613e-01
8.293776320000000313e-01 5.142978429794311523e-01
8.322173940000000547e-01 4.931510090827941895e-01
8.350572109999999659e-01 5.041691064834594727e-01
8.378970850000000414e-01 5.156619548797607422e-01
8.407370149999999764e-01 5.159080624580383301e-01
8.435770009999999930e-01 5.112197399139404297e-01
8.464170429999999801e-01 5.100342631340026855e-01
8.492571420000000204e-01 4.865885376930236816e-01
8.520972970000000313e-01 4.622238576412200928e-01
8.549375080000000127e-01 4.383294284343719482e-01
8.577777749999999646e-01 4.711693823337554932e-01
8.606180989999999698e-01 4.596632719039916992e-01
8.634584789999999455e-01 4.553281068801879883e-01
8.662989150000000027e-01 4.165914654731750488e-01
8.691394070000000305e-01 4.260454177856445312e-01
8.719799560000000005e-01 4.264096319675445557e-01
8.748205610000000521e-01 4.143480658531188965e-01
8.776612219999999631e-01 4.016098082065582275e-01
8.805019389999999557e-01 3.893814682960510254e-01
8.833427130000000016e-01 3.836143910884857178e-01
8.861835430000000180e-01 3.698001801967620850e-01
8.890244290000000049e-01 3.620985448360443115e-01
8.918653709999999624e-01 3.408370614051818848e-01
8.947063699999999731e-01 2.876580059528350830e-01
8.975474239999999826e-01 2.287057340145111084e-01
9.003885350000000454e-01 2.091638743877410889e-01
9.032297030000000504e-01 2.411604821681976318e-01
9.060709260000000542e-01 2.385773807764053345e-01
9.089122060000000003e-01 1.974893212318420410e-01
9.117535420000000279e-01 1.905231773853302002e-01
9.145949340000000261e-01 1.781651526689529419e-01
9.174363819999999947e-01 1.795947104692459106e-01
9.202778870000000166e-01 2.058598697185516357e-01
9.231194480000000091e-01 1.941234469413757324e-01
9.259610649999999721e-01 1.769722253084182739e-01
9.288027380000000166e-01 1.281595230102539062e-01
9.316444680000000034e-01 7.359948754310607910e-02
9.344862539999999607e-01 4.442913830280303955e-02
9.373280959999999995e-01 4.129279777407646179e-02
9.401699940000000089e-01 7.114490121603012085e-02
9.430119489999999605e-01 5.886768177151679993e-02
9.458539599999999936e-01 5.343357473611831665e-02
9.486960269999999973e-01 6.205689162015914917e-02
9.515381499999999715e-01 5.757737904787063599e-02
9.543803299999999989e-01 6.243369728326797485e-02
9.572225659999999969e-01 6.536307930946350098e-02
9.600648579999999654e-01 6.850530952215194702e-02
9.629072060000000155e-01 8.116748929023742676e-02
9.657496110000000078e-01 8.642832934856414795e-02
9.685920709999999989e-01 1.144827157258987427e-01
9.714345880000000433e-01 1.224971860647201538e-01
9.742771620000000299e-01 1.101771593093872070e-01
9.771197910000000153e-01 1.104581728577613831e-01
9.799624770000000540e-01 1.184564381837844849e-01
9.828052189999999522e-01 1.302013099193572998e-01
9.856480170000000429e-01 1.363982409238815308e-01
9.884908709999999932e-01 1.486959755420684814e-01
9.913337819999999967e-01 1.489399522542953491e-01
9.941767489999999707e-01 1.480798125267028809e-01
9.970197720000000263e-01 1.511502265930175781e-01
9.998628510000000524e-01 1.543284207582473755e-01
1.002705986999999910e+00 1.509571522474288940e-01
1.005549178999999960e+00 1.441839933395385742e-01
1.008392426999999980e+00 1.510331630706787109e-01
1.011235730999999971e+00 1.538932472467422485e-01
1.014079092000000015e+00 1.504238694906234741e-01
1.016922509000000030e+00 1.537414193153381348e-01
1.019765982000000015e+00 1.467496007680892944e-01
1.022609510999999971e+00 1.544981598854064941e-01
1.025453096999999980e+00 1.502267420291900635e-01
1.028296738999999960e+00 1.538777798414230347e-01
1.031140436999999910e+00 1.600327938795089722e-01
1.033984191000000052e+00 1.550693660974502563e-01
1.036828002000000026e+00 1.677556931972503662e-01
1.039671868000000110e+00 1.681316047906875610e-01
1.042515791000000025e+00 1.784023493528366089e-01
1.045359770999999993e+00 1.643307805061340332e-01
