3.615872339999999796e-01 1.327407121658325195e+00
3.644177160000000026e-01 1.411716461181640625e+00
3.672482539999999962e-01 1.585356235504150391e+00
3.700788480000000158e-01 1.605180144309997559e+00
3.729094980000000059e-01 1.434667348861694336e+00
3.757402049999999938e-01 1.513677120208740234e+00
3.785709680000000077e-01 1.695654988288879395e+00
3.814017869999999921e-01 1.460587263107299805e+00
3.842326620000000026e-01 1.327773809432983398e+00
3.870635940000000108e-01 1.476108431816101074e+00
3.898945819999999896e-01 1.642903447151184082e+00
3.927256259999999943e-01 1.425638198852539062e+00
3.955567260000000251e-01 1.505720973014831543e+00
3.983878829999999982e-01 1.870590329170227051e+00
4.012190950000000256e-01 2.354547262191772461e+00
4.040503639999999952e-01 2.316928625106811523e+00
4.068816900000000181e-01 2.276913166046142578e+00
4.097130709999999842e-01 2.323780059814453125e+00
4.125445090000000037e-01 2.407245874404907227e+00
4.153760029999999936e-01 2.440740108489990234e+00
4.182075530000000096e-01 2.398919105529785156e+00
4.210391589999999962e-01 2.412860393524169922e+00
4.238708219999999804e-01 2.374399423599243164e+00
4.267025409999999908e-01 2.301082372665405273e+00
4.295343160000000271e-01 2.095312356948852539e+00
4.323661469999999785e-01 2.199801683425903320e+00
4.351980349999999831e-01 2.425311565399169922e+00
4.380299790000000137e-01 2.448794841766357422e+00
4.408619790000000149e-01 2.537223100662231445e+00
4.436940349999999866e-01 2.693417310714721680e+00
4.465261480000000116e-01 2.704175233840942383e+00
4.493583170000000071e-01 2.885246992111206055e+00
4.521905419999999731e-01 2.873635768890380859e+00
4.550228230000000207e-01 2.835179328918457031e+00
4.578551610000000105e-01 2.927854776382446289e+00
4.606875550000000263e-01 2.945440769195556641e+00
4.635200050000000127e-01 2.961307764053344727e+00
4.663525110000000251e-01 2.893776893615722656e+00
4.691850739999999798e-01 2.880991458892822266e+00
4.720176919999999887e-01 2.928847789764404297e+00
4.748503669999999954e-01 2.973779916763305664e+00
4.776830989999999999e-01 3.005700826644897461e+00
4.805158860000000032e-01 3.066308021545410156e+00
4.833487300000000042e-01 3.038067340850830078e+00
4.861816299999999758e-01 2.791359901428222656e+00
4.890145859999999733e-01 2.912679910659790039e+00
4.918475979999999970e-01 2.997040748596191406e+00
4.946806670000000183e-01 3.052680015563964844e+00
4.975137920000000102e-01 3.062580585479736328e+00
5.003469729999999727e-01 2.994286298751831055e+00
5.031802100000000166e-01 2.964558124542236328e+00
5.060135040000000028e-01 3.050258398056030273e+00
5.088468539999999596e-01 3.071584939956665039e+00
5.116802599999999979e-01 3.097972393035888672e+00
5.145137220000000067e-01 3.036266565322875977e+00
5.173472409999999577e-01 2.884040355682373047e+00
5.201808159999999903e-01 3.001647949218750000e+00
5.230144469999999934e-01 3.140040636062622070e+00
5.258481339999999671e-01 3.142897844314575195e+00
5.286818779999999940e-01 3.181720495223999023e+00
5.315156779999999914e-01 3.286695957183837891e+00
5.343495339999999594e-01 3.277988433837890625e+00
5.371834460000000089e-01 3.306285619735717773e+00
5.400174150000000006e-01 3.252903938293457031e+00
5.428514389999999912e-01 3.269081592559814453e+00
5.456855200000000350e-01 3.326773405075073242e+00
5.485196580000000210e-01 3.341007471084594727e+00
5.513538510000000059e-01 3.367156028747558594e+00
5.541881010000000440e-01 3.401551723480224609e+00
5.570224070000000527e-01 3.357399463653564453e+00
5.598567690000000319e-01 3.325907468795776367e+00
5.626911869999999816e-01 3.364962339401245117e+00
5.655256619999999845e-01 3.361390829086303711e+00
5.683601929999999580e-01 3.325104475021362305e+00
5.711947800000000131e-01 3.288406610488891602e+00
5.740294230000000386e-01 3.333237171173095703e+00
5.768641230000000064e-01 3.293692350387573242e+00
5.796988789999999447e-01 3.327814340591430664e+00
5.825336909999999646e-01 3.384092569351196289e+00
5.853685589999999550e-01 3.345970869064331055e+00
5.882034839999999987e-01 3.120063066482543945e+00
5.910384650000000129e-01 2.978394031524658203e+00
5.938735019999999976e-01 3.033479452133178711e+00
5.967085949999999528e-01 3.007301330566406250e+00
5.995437449999999613e-01 2.982190132141113281e+00
6.023789510000000513e-01 2.934821128845214844e+00
6.052142130000000009e-01 2.935814142227172852e+00
6.080495310000000320e-01 2.890562295913696289e+00
6.108849060000000053e-01 2.776485443115234375e+00
6.137203359999999774e-01 2.707401275634765625e+00
6.165558230000000028e-01 2.697074174880981445e+00
6.193913669999999705e-01 2.756366252899169922e+00
6.222269660000000480e-01 2.736583709716796875e+00
6.250626219999999567e-01 2.672664403915405273e+00
6.278983339999999469e-01 2.601715326309204102e+00
6.307341020000000187e-01 2.582374334335327148e+00
6.335699259999999500e-01 2.611603736877441406e+00
6.364058070000000455e-01 2.639039278030395508e+00
6.392417440000000006e-01 2.644267797470092773e+00
6.420777370000000372e-01 2.609930753707885742e+00
6.449137860000000444e-01 2.577253580093383789e+00
6.477498919999999938e-01 2.452417135238647461e+00
6.505860540000000247e-01 2.444643020629882812e+00
6.534222720000000262e-01 2.434530019760131836e+00
6.562585459999999982e-01 2.225486516952514648e+00
6.590948770000000234e-01 2.335593461990356445e+00
6.619312640000000192e-01 2.390202999114990234e+00
6.647677069999999855e-01 2.368895769119262695e+00
6.676042060000000333e-01 2.352986574172973633e+00
6.704407620000000234e-01 2.313776493072509766e+00
6.732773739999999840e-01 2.300620317459106445e+00
6.761140420000000262e-01 2.278476715087890625e+00
6.789507660000000389e-01 2.268427133560180664e+00
6.817875469999999938e-01 2.244491100311279297e+00
6.846243829999999475e-01 2.157517433166503906e+00
6.874612759999999545e-01 1.804116845130920410e+00
6.902982260000000148e-01 1.831027150154113770e+00
6.931352309999999628e-01 1.862146615982055664e+00
6.959722929999999641e-01 1.868774771690368652e+00
6.988094110000000470e-01 1.843232750892639160e+00
7.016465849999999893e-01 1.740477204322814941e+00
7.044838150000000132e-01 1.741584777832031250e+00
7.073211019999999793e-01 1.704377651214599609e+00
7.101584450000000270e-01 1.633453488349914551e+00
7.129958440000000452e-01 1.532711267471313477e+00
7.158332990000000340e-01 1.301977753639221191e+00
7.186708109999999650e-01 9.405683875083923340e-01
7.215083789999999775e-01 9.739842414855957031e-01
7.243460029999999605e-01 8.894484639167785645e-01
7.271836830000000251e-01 8.078342080116271973e-01
7.300214200000000320e-01 7.590069770812988281e-01
7.328592130000000093e-01 7.781131863594055176e-01
7.356970619999999572e-01 7.704396247863769531e-01
7.385349669999999866e-01 7.540155053138732910e-01
7.413729289999999583e-01 7.549800276756286621e-01
7.442109470000000115e-01 7.718873023986816406e-01
7.470490210000000353e-01 7.605195641517639160e-01
7.498871510000000296e-01 7.563406229019165039e-01
7.527253379999999661e-01 7.459250092506408691e-01
7.555635800000000124e-01 7.406849265098571777e-01
7.584018790000000010e-01 6.097945570945739746e-01
7.612402350000000428e-01 2.792951464653015137e-01
7.640786459999999725e-01 3.454150855541229248e-01
7.669171139999999554e-01 5.538790225982666016e-01
7.697556380000000198e-01 6.818317770957946777e-01
7.725942180000000548e-01 6.997282505035400391e-01
7.754328539999999492e-01 7.028297781944274902e-01
7.782715470000000080e-01 7.050475478172302246e-01
7.811102960000000373e-01 7.065876722335815430e-01
7.839491010000000371e-01 7.051371932029724121e-01
7.867879620000000074e-01 6.924861669540405273e-01
7.896268800000000310e-01 6.725647449493408203e-01
7.924658540000000251e-01 6.696248054504394531e-01
7.953048839999999897e-01 6.749600768089294434e-01
7.981439700000000359e-01 6.814628839492797852e-01
8.009831130000000243e-01 6.783406138420104980e-01
8.038223119999999833e-01 6.773877739906311035e-01
8.066615670000000238e-01 6.951770186424255371e-01
8.095008780000000348e-01 6.656633615493774414e-01
8.123402459999999881e-01 5.959225296974182129e-01
8.151796700000000229e-01 4.793577194213867188e-01
8.180191500000000282e-01 4.591628611087799072e-01
8.208586860000000041e-01 4.936213493347167969e-01
8.236982790000000332e-01 4.518592357635498047e-01
8.265379269999999501e-01 4.742383956909179688e-01
8.293776320000000313e-01 4.254504740238189697e-01
8.322173940000000547e-01 4.066592156887054443e-01
8.350572109999999659e-01 4.197101891040802002e-01
8.378970850000000414e-01 4.307500422000885010e-01
8.407370149999999764e-01 4.305875301361083984e-01
8.435770009999999930e-01 4.260924160480499268e-01
8.464170429999999801e-01 4.290245175361633301e-01
8.492571420000000204e-01 4.017757177352905273e-01
8.520972970000000313e-01 3.914960324764251709e-01
8.549375080000000127e-01 3.671712577342987061e-01
8.577777749999999646e-01 3.901705145835876465e-01
8.606180989999999698e-01 3.885909616947174072e-01
8.634584789999999455e-01 3.788600564002990723e-01
8.662989150000000027e-01 3.495551347732543945e-01
8.691394070000000305e-01 3.589855134487152100e-01
8.719799560000000005e-01 3.616358041763305664e-01
8.748205610000000521e-01 3.496583998203277588e-01
8.776612219999999631e-01 3.398375809192657471e-01
8.805019389999999557e-01 3.301238119602203369e-01
8.833427130000000016e-01 3.302761316299438477e-01
8.861835430000000180e-01 3.154054880142211914e-01
8.890244290000000049e-01 3.085443973541259766e-01
8.918653709999999624e-01 2.939449846744537354e-01
8.947063699999999731e-01 2.484326958656311035e-01
8.975474239999999826e-01 1.965518891811370850e-01
9.003885350000000454e-01 1.755678206682205200e-01
9.032297030000000504e-01 2.079351991415023804e-01
9.060709260000000542e-01 2.063565403223037720e-01
9.089122060000000003e-01 1.665536016225814819e-01
9.117535420000000279e-01 1.714088916778564453e-01
9.145949340000000261e-01 1.521925032138824463e-01
9.174363819999999947e-01 1.551750600337982178e-01
9.202778870000000166e-01 1.829431802034378052e-01
9.231194480000000091e-01 1.691035479307174683e-01
9.259610649999999721e-01 1.550188809633255005e-01
9.288027380000000166e-01 1.119081899523735046e-01
9.316444680000000034e-01 6.473499536514282227e-02
9.344862539999999607e-01 3.364276140928268433e-02
9.373280959999999995e-01 3.836057707667350769e-02
9.401699940000000089e-01 6.320908665657043457e-02
9.430119489999999605e-01 4.926118627190589905e-02
9.458539599999999936e-01 4.817926511168479919e-02
9.486960269999999973e-01 4.803670570254325867e-02
9.515381499999999715e-01 5.176539719104766846e-02
9.543803299999999989e-01 5.349826440215110779e-02
9.572225659999999969e-01 6.131501868367195129e-02
9.600648579999999654e-01 6.128943338990211487e-02
9.629072060000000155e-01 7.163268327713012695e-02
9.657496110000000078e-01 7.680135965347290039e-02
9.685920709999999989e-01 1.041985079646110535e-01
9.714345880000000433e-01 1.074099093675613403e-01
9.742771620000000299e-01 9.764534235000610352e-02
9.771197910000000153e-01 9.961262345314025879e-02
9.799624770000000540e-01 1.120144501328468323e-01
9.828052189999999522e-01 1.162938103079795837e-01
9.856480170000000429e-01 1.277512907981872559e-01
9.884908709999999932e-01 1.411747485399246216e-01
9.913337819999999967e-01 1.381925642490386963e-01
9.941767489999999707e-01 1.404190212488174438e-01
9.970197720000000263e-01 1.314011514186859131e-01
9.998628510000000524e-01 1.330703496932983398e-01
1.002705986999999910e+00 1.391027867794036865e-01
1.005549178999999960e+00 1.314121633768081665e-01
1.008392426999999980e+00 1.345251351594924927e-01
1.011235730999999971e+00 1.321544945240020752e-01
1.014079092000000015e+00 1.338062435388565063e-01
1.016922509000000030e+00 1.363614946603775024e-01
1.019765982000000015e+00 1.361218690872192383e-01
1.022609510999999971e+00 1.437982767820358276e-01
1.025453096999999980e+00 1.333910971879959106e-01
1.028296738999999960e+00 1.311264336109161377e-01
1.031140436999999910e+00 1.342218071222305298e-01
1.033984191000000052e+00 1.329876929521560669e-01
1.036828002000000026e+00 1.297727823257446289e-01
1.039671868000000110e+00 1.460661590099334717e-01
1.042515791000000025e+00 1.374583393335342407e-01
1.045359770999999993e+00 1.324430555105209351e-01
