3.615872339999999796e-01 1.291780710220336914e+00
3.644177160000000026e-01 1.446757316589355469e+00
3.672482539999999962e-01 1.600766181945800781e+00
3.700788480000000158e-01 1.563102960586547852e+00
3.729094980000000059e-01 1.400537252426147461e+00
3.757402049999999938e-01 1.498291492462158203e+00
3.785709680000000077e-01 1.641594409942626953e+00
3.814017869999999921e-01 1.395792245864868164e+00
3.842326620000000026e-01 1.278610944747924805e+00
3.870635940000000108e-01 1.447658658027648926e+00
3.898945819999999896e-01 1.623496770858764648e+00
3.927256259999999943e-01 1.419507145881652832e+00
3.955567260000000251e-01 1.457486271858215332e+00
3.983878829999999982e-01 1.839252948760986328e+00
4.012190950000000256e-01 2.272871017456054688e+00
4.040503639999999952e-01 2.286509037017822266e+00
4.068816900000000181e-01 2.236392498016357422e+00
4.097130709999999842e-01 2.275411844253540039e+00
4.125445090000000037e-01 2.367039203643798828e+00
4.153760029999999936e-01 2.392208576202392578e+00
4.182075530000000096e-01 2.350083589553833008e+00
4.210391589999999962e-01 2.349619150161743164e+00
4.238708219999999804e-01 2.319016695022583008e+00
4.267025409999999908e-01 2.268360376358032227e+00
4.295343160000000271e-01 2.067098140716552734e+00
4.323661469999999785e-01 2.207482576370239258e+00
4.351980349999999831e-01 2.407916307449340820e+00
4.380299790000000137e-01 2.441581487655639648e+00
4.408619790000000149e-01 2.518755435943603516e+00
4.436940349999999866e-01 2.676679372787475586e+00
4.465261480000000116e-01 2.699912786483764648e+00
4.493583170000000071e-01 2.860555171966552734e+00
4.521905419999999731e-01 2.874488115310668945e+00
4.550228230000000207e-01 2.846458196640014648e+00
4.578551610000000105e-01 2.920636653900146484e+00
4.606875550000000263e-01 2.924807310104370117e+00
4.635200050000000127e-01 2.959066152572631836e+00
4.663525110000000251e-01 2.909829378128051758e+00
4.691850739999999798e-01 2.898841142654418945e+00
4.720176919999999887e-01 2.947891712188720703e+00
4.748503669999999954e-01 2.999846935272216797e+00
4.776830989999999999e-01 3.028774261474609375e+00
4.805158860000000032e-01 3.091333627700805664e+00
4.833487300000000042e-01 3.061473369598388672e+00
4.861816299999999758e-01 2.821439981460571289e+00
4.890145859999999733e-01 2.942228317260742188e+00
4.918475979999999970e-01 3.016927480697631836e+00
4.946806670000000183e-01 3.092693567276000977e+00
4.975137920000000102e-01 3.102788925170898438e+00
5.003469729999999727e-01 3.032449960708618164e+00
5.031802100000000166e-01 3.008992910385131836e+00
5.060135040000000028e-01 3.104348897933959961e+00
5.088468539999999596e-01 3.111333608627319336e+00
5.116802599999999979e-01 3.147296667098999023e+00
5.145137220000000067e-01 3.077504158020019531e+00
5.173472409999999577e-01 2.918487071990966797e+00
5.201808159999999903e-01 3.060146808624267578e+00
5.230144469999999934e-01 3.190336227416992188e+00
5.258481339999999671e-01 3.199611902236938477e+00
5.286818779999999940e-01 3.232752799987792969e+00
5.315156779999999914e-01 3.347174167633056641e+00
5.343495339999999594e-01 3.342451810836791992e+00
5.371834460000000089e-01 3.384847879409790039e+00
5.400174150000000006e-01 3.321827888488769531e+00
5.428514389999999912e-01 3.349115371704101562e+00
5.456855200000000350e-01 3.415599346160888672e+00
5.485196580000000210e-01 3.414442062377929688e+00
5.513538510000000059e-01 3.465424776077270508e+00
5.541881010000000440e-01 3.481113195419311523e+00
5.570224070000000527e-01 3.453140258789062500e+00
5.598567690000000319e-01 3.402266502380371094e+00
5.626911869999999816e-01 3.462664842605590820e+00
5.655256619999999845e-01 3.453289747238159180e+00
5.683601929999999580e-01 3.423333883285522461e+00
5.711947800000000131e-01 3.381195068359375000e+00
5.740294230000000386e-01 3.443150520324707031e+00
5.768641230000000064e-01 3.406414031982421875e+00
5.796988789999999447e-01 3.424510240554809570e+00
5.825336909999999646e-01 3.509398937225341797e+00
5.853685589999999550e-01 3.467436075210571289e+00
5.882034839999999987e-01 3.241953611373901367e+00
5.910384650000000129e-01 3.107387542724609375e+00
5.938735019999999976e-01 3.175667047500610352e+00
5.967085949999999528e-01 3.169910907745361328e+00
5.995437449999999613e-01 3.147166728973388672e+00
6.023789510000000513e-01 3.111489772796630859e+00
6.052142130000000009e-01 3.124064922332763672e+00
6.080495310000000320e-01 3.074300765991210938e+00
6.108849060000000053e-01 2.963825941085815430e+00
6.137203359999999774e-01 2.897468805313110352e+00
6.165558230000000028e-01 2.880279541015625000e+00
6.193913669999999705e-01 2.966768264770507812e+00
6.222269660000000480e-01 2.950357913970947266e+00
6.250626219999999567e-01 2.870988130569458008e+00
6.278983339999999469e-01 2.810919523239135742e+00
6.307341020000000187e-01 2.795674562454223633e+00
6.335699259999999500e-01 2.826978445053100586e+00
6.364058070000000455e-01 2.861508369445800781e+00
6.392417440000000006e-01 2.864378929138183594e+00
6.420777370000000372e-01 2.830953598022460938e+00
6.449137860000000444e-01 2.805078506469726562e+00
6.477498919999999938e-01 2.668895483016967773e+00
6.505860540000000247e-01 2.658996820449829102e+00
6.534222720000000262e-01 2.652243137359619141e+00
6.562585459999999982e-01 2.450312852859497070e+00
6.590948770000000234e-01 2.573496818542480469e+00
6.619312640000000192e-01 2.633177518844604492e+00
6.647677069999999855e-01 2.619076728820800781e+00
6.676042060000000333e-01 2.601638317108154297e+00
6.704407620000000234e-01 2.579074382781982422e+00
6.732773739999999840e-01 2.554064750671386719e+00
6.761140420000000262e-01 2.534810781478881836e+00
6.789507660000000389e-01 2.519741296768188477e+00
6.817875469999999938e-01 2.499942779541015625e+00
6.846243829999999475e-01 2.408603906631469727e+00
6.874612759999999545e-01 2.017294406890869141e+00
6.902982260000000148e-01 2.049879074096679688e+00
6.931352309999999628e-01 2.097563982009887695e+00
6.959722929999999641e-01 2.114308595657348633e+00
6.988094110000000470e-01 2.101101875305175781e+00
7.016465849999999893e-01 1.998000621795654297e+00
7.044838150000000132e-01 2.002803802490234375e+00
7.073211019999999793e-01 1.970738768577575684e+00
7.101584450000000270e-01 1.917874932289123535e+00
7.129958440000000452e-01 1.811440348625183105e+00
7.158332990000000340e-01 1.538381576538085938e+00
7.186708109999999650e-01 1.135429143905639648e+00
7.215083789999999775e-01 1.173274755477905273e+00
7.243460029999999605e-01 1.075308322906494141e+00
7.271836830000000251e-01 9.869692921638488770e-01
7.300214200000000320e-01 9.197327494621276855e-01
7.328592130000000093e-01 9.441031813621520996e-01
7.356970619999999572e-01 9.427514672279357910e-01
7.385349669999999866e-01 9.198286533355712891e-01
7.413729289999999583e-01 9.253458380699157715e-01
7.442109470000000115e-01 9.412243366241455078e-01
7.470490210000000353e-01 9.440247416496276855e-01
7.498871510000000296e-01 9.309031367301940918e-01
7.527253379999999661e-01 9.201396107673645020e-01
7.555635800000000124e-01 9.112519025802612305e-01
7.584018790000000010e-01 7.423126101493835449e-01
7.612402350000000428e-01 3.516415953636169434e-01
7.640786459999999725e-01 4.242150485515594482e-01
7.669171139999999554e-01 6.856063604354858398e-01
7.697556380000000198e-01 8.345963954925537109e-01
7.725942180000000548e-01 8.625732064247131348e-01
7.754328539999999492e-01 8.688028454780578613e-01
7.782715470000000080e-01 8.750620484352111816e-01
7.811102960000000373e-01 8.812730908393859863e-01
7.839491010000000371e-01 8.741925358772277832e-01
7.867879620000000074e-01 8.647063374519348145e-01
7.896268800000000310e-01 8.447140455245971680e-01
7.924658540000000251e-01 8.447947502136230469e-01
7.953048839999999897e-01 8.507866263389587402e-01
7.981439700000000359e-01 8.594005703926086426e-01
8.009831130000000243e-01 8.590117096900939941e-01
8.038223119999999833e-01 8.522297739982604980e-01
8.066615670000000238e-01 8.713394999504089355e-01
8.095008780000000348e-01 8.404932618141174316e-01
8.123402459999999881e-01 7.498893737792968750e-01
8.151796700000000229e-01 6.159657835960388184e-01
8.180191500000000282e-01 5.826152563095092773e-01
8.208586860000000041e-01 6.233842968940734863e-01
8.236982790000000332e-01 5.724471211433410645e-01
8.265379269999999501e-01 5.916525721549987793e-01
8.293776320000000313e-01 5.249257683753967285e-01
8.322173940000000547e-01 5.130545496940612793e-01
8.350572109999999659e-01 5.159909129142761230e-01
8.378970850000000414e-01 5.308266878128051758e-01
8.407370149999999764e-01 5.270923972129821777e-01
8.435770009999999930e-01 5.254796147346496582e-01
8.464170429999999801e-01 5.245698094367980957e-01
8.492571420000000204e-01 4.993667006492614746e-01
8.520972970000000313e-01 4.772503077983856201e-01
8.549375080000000127e-01 4.482100307941436768e-01
8.577777749999999646e-01 4.819964468479156494e-01
8.606180989999999698e-01 4.762325882911682129e-01
8.634584789999999455e-01 4.654615819454193115e-01
8.662989150000000027e-01 4.281914532184600830e-01
8.691394070000000305e-01 4.432446360588073730e-01
8.719799560000000005e-01 4.367548823356628418e-01
8.748205610000000521e-01 4.230283796787261963e-01
8.776612219999999631e-01 4.111688435077667236e-01
8.805019389999999557e-01 3.947301506996154785e-01
8.833427130000000016e-01 3.916045427322387695e-01
8.861835430000000180e-01 3.793857395648956299e-01
8.890244290000000049e-01 3.671010136604309082e-01
8.918653709999999624e-01 3.466627597808837891e-01
8.947063699999999731e-01 2.929244935512542725e-01
8.975474239999999826e-01 2.360284030437469482e-01
9.003885350000000454e-01 2.143825590610504150e-01
9.032297030000000504e-01 2.427063286304473877e-01
9.060709260000000542e-01 2.438003867864608765e-01
9.089122060000000003e-01 1.965640485286712646e-01
9.117535420000000279e-01 2.023567110300064087e-01
9.145949340000000261e-01 1.800761818885803223e-01
9.174363819999999947e-01 1.819229573011398315e-01
9.202778870000000166e-01 2.100592851638793945e-01
9.231194480000000091e-01 1.964398175477981567e-01
9.259610649999999721e-01 1.799717545509338379e-01
9.288027380000000166e-01 1.282832324504852295e-01
9.316444680000000034e-01 6.834145635366439819e-02
9.344862539999999607e-01 4.368688538670539856e-02
9.373280959999999995e-01 4.135389998555183411e-02
9.401699940000000089e-01 6.846842169761657715e-02
9.430119489999999605e-01 5.742742121219635010e-02
9.458539599999999936e-01 5.208246782422065735e-02
9.486960269999999973e-01 5.508667230606079102e-02
9.515381499999999715e-01 5.595626309514045715e-02
9.543803299999999989e-01 5.833982303738594055e-02
9.572225659999999969e-01 6.460727751255035400e-02
9.600648579999999654e-01 6.986588239669799805e-02
9.629072060000000155e-01 7.772530615329742432e-02
9.657496110000000078e-01 8.783731609582901001e-02
9.685920709999999989e-01 1.091917231678962708e-01
9.714345880000000433e-01 1.211687177419662476e-01
9.742771620000000299e-01 1.107424572110176086e-01
9.771197910000000153e-01 1.115227863192558289e-01
9.799624770000000540e-01 1.180743128061294556e-01
9.828052189999999522e-01 1.267298161983489990e-01
9.856480170000000429e-01 1.385092586278915405e-01
9.884908709999999932e-01 1.416711062192916870e-01
9.913337819999999967e-01 1.515785753726959229e-01
9.941767489999999707e-01 1.490790247917175293e-01
9.970197720000000263e-01 1.505289673805236816e-01
9.998628510000000524e-01 1.527586579322814941e-01
1.002705986999999910e+00 1.432100683450698853e-01
1.005549178999999960e+00 1.446684002876281738e-01
1.008392426999999980e+00 1.429742723703384399e-01
1.011235730999999971e+00 1.458986699581146240e-01
1.014079092000000015e+00 1.504124104976654053e-01
1.016922509000000030e+00 1.549937427043914795e-01
1.019765982000000015e+00 1.491455882787704468e-01
1.022609510999999971e+00 1.519289165735244751e-01
1.025453096999999980e+00 1.531796902418136597e-01
1.028296738999999960e+00 1.522779613733291626e-01
1.031140436999999910e+00 1.552793383598327637e-01
1.033984191000000052e+00 1.486031413078308105e-01
1.036828002000000026e+00 1.598040908575057983e-01
1.039671868000000110e+00 1.608894914388656616e-01
1.042515791000000025e+00 1.532291173934936523e-01
1.045359770999999993e+00 1.653528809547424316e-01
