3.615872339999999796e-01 1.353197216987609863e+00
3.644177160000000026e-01 1.413760662078857422e+00
3.672482539999999962e-01 1.590813994407653809e+00
3.700788480000000158e-01 1.585456490516662598e+00
3.729094980000000059e-01 1.425718307495117188e+00
3.757402049999999938e-01 1.500855803489685059e+00
3.785709680000000077e-01 1.670433402061462402e+00
3.814017869999999921e-01 1.435324788093566895e+00
3.842326620000000026e-01 1.325089573860168457e+00
3.870635940000000108e-01 1.453227996826171875e+00
3.898945819999999896e-01 1.613067746162414551e+00
3.927256259999999943e-01 1.465634822845458984e+00
3.955567260000000251e-01 1.464343190193176270e+00
3.983878829999999982e-01 1.866689443588256836e+00
4.012190950000000256e-01 2.284131765365600586e+00
4.040503639999999952e-01 2.309307813644409180e+00
4.068816900000000181e-01 2.277369499206542969e+00
4.097130709999999842e-01 2.303903102874755859e+00
4.125445090000000037e-01 2.395521640777587891e+00
4.153760029999999936e-01 2.406378030776977539e+00
4.182075530000000096e-01 2.359913587570190430e+00
4.210391589999999962e-01 2.368027687072753906e+00
4.238708219999999804e-01 2.327115058898925781e+00
4.267025409999999908e-01 2.282756328582763672e+00
4.295343160000000271e-01 2.081138372421264648e+00
4.323661469999999785e-01 2.219071865081787109e+00
4.351980349999999831e-01 2.439938068389892578e+00
4.380299790000000137e-01 2.455569505691528320e+00
4.408619790000000149e-01 2.545051097869873047e+00
4.436940349999999866e-01 2.682135581970214844e+00
4.465261480000000116e-01 2.721662521362304688e+00
4.493583170000000071e-01 2.885936021804809570e+00
4.521905419999999731e-01 2.879434347152709961e+00
4.550228230000000207e-01 2.869011163711547852e+00
4.578551610000000105e-01 2.939575433731079102e+00
4.606875550000000263e-01 2.944376945495605469e+00
4.635200050000000127e-01 2.970683097839355469e+00
4.663525110000000251e-01 2.924134254455566406e+00
4.691850739999999798e-01 2.925593376159667969e+00
4.720176919999999887e-01 2.951236963272094727e+00
4.748503669999999954e-01 3.005647897720336914e+00
4.776830989999999999e-01 3.036665201187133789e+00
4.805158860000000032e-01 3.098460435867309570e+00
4.833487300000000042e-01 3.074642896652221680e+00
4.861816299999999758e-01 2.830466508865356445e+00
4.890145859999999733e-01 2.955553054809570312e+00
4.918475979999999970e-01 3.032418012619018555e+00
4.946806670000000183e-01 3.103217840194702148e+00
4.975137920000000102e-01 3.126312494277954102e+00
5.003469729999999727e-01 3.044700145721435547e+00
5.031802100000000166e-01 3.019194364547729492e+00
5.060135040000000028e-01 3.120859861373901367e+00
5.088468539999999596e-01 3.132652521133422852e+00
5.116802599999999979e-01 3.158197164535522461e+00
5.145137220000000067e-01 3.095020055770874023e+00
5.173472409999999577e-01 2.935742378234863281e+00
5.201808159999999903e-01 3.065983057022094727e+00
5.230144469999999934e-01 3.218571901321411133e+00
5.258481339999999671e-01 3.216750621795654297e+00
5.286818779999999940e-01 3.260440349578857422e+00
5.315156779999999914e-01 3.358636617660522461e+00
5.343495339999999594e-01 3.348495006561279297e+00
5.371834460000000089e-01 3.396594047546386719e+00
5.400174150000000006e-01 3.334133148193359375e+00
5.428514389999999912e-01 3.373853445053100586e+00
5.456855200000000350e-01 3.428016185760498047e+00
5.485196580000000210e-01 3.435299634933471680e+00
5.513538510000000059e-01 3.472541570663452148e+00
5.541881010000000440e-01 3.495946168899536133e+00
5.570224070000000527e-01 3.462017774581909180e+00
5.598567690000000319e-01 3.415987491607666016e+00
5.626911869999999816e-01 3.467752933502197266e+00
5.655256619999999845e-01 3.469967842102050781e+00
5.683601929999999580e-01 3.427288532257080078e+00
5.711947800000000131e-01 3.395410299301147461e+00
5.740294230000000386e-01 3.453708410263061523e+00
5.768641230000000064e-01 3.416489124298095703e+00
5.796988789999999447e-01 3.434442996978759766e+00
5.825336909999999646e-01 3.508366346359252930e+00
5.853685589999999550e-01 3.478457689285278320e+00
5.882034839999999987e-01 3.246120214462280273e+00
5.910384650000000129e-01 3.122210025787353516e+00
5.938735019999999976e-01 3.180968284606933594e+00
5.967085949999999528e-01 3.172988653182983398e+00
5.995437449999999613e-01 3.145130872726440430e+00
6.023789510000000513e-01 3.117948770523071289e+00
6.052142130000000009e-01 3.141671657562255859e+00
6.080495310000000320e-01 3.090677976608276367e+00
6.108849060000000053e-01 2.965333938598632812e+00
6.137203359999999774e-01 2.912798166275024414e+00
6.165558230000000028e-01 2.889725208282470703e+00
6.193913669999999705e-01 2.959272384643554688e+00
6.222269660000000480e-01 2.952667474746704102e+00
6.250626219999999567e-01 2.875006914138793945e+00
6.278983339999999469e-01 2.810217380523681641e+00
6.307341020000000187e-01 2.791192531585693359e+00
6.335699259999999500e-01 2.821854829788208008e+00
6.364058070000000455e-01 2.865685939788818359e+00
6.392417440000000006e-01 2.864575624465942383e+00
6.420777370000000372e-01 2.842030763626098633e+00
6.449137860000000444e-01 2.798293590545654297e+00
6.477498919999999938e-01 2.673225641250610352e+00
6.505860540000000247e-01 2.669592142105102539e+00
6.534222720000000262e-01 2.653141021728515625e+00
6.562585459999999982e-01 2.453907012939453125e+00
6.590948770000000234e-01 2.572335004806518555e+00
6.619312640000000192e-01 2.638874292373657227e+00
6.647677069999999855e-01 2.617878913879394531e+00
6.676042060000000333e-01 2.606147289276123047e+00
6.704407620000000234e-01 2.572005510330200195e+00
6.732773739999999840e-01 2.549401760101318359e+00
6.761140420000000262e-01 2.538893938064575195e+00
6.789507660000000389e-01 2.524293899536132812e+00
6.817875469999999938e-01 2.499214649200439453e+00
6.846243829999999475e-01 2.410727977752685547e+00
6.874612759999999545e-01 2.030386686325073242e+00
6.902982260000000148e-01 2.049109697341918945e+00
6.931352309999999628e-01 2.101653814315795898e+00
6.959722929999999641e-01 2.111629486083984375e+00
6.988094110000000470e-01 2.100936412811279297e+00
7.016465849999999893e-01 1.998447418212890625e+00
7.044838150000000132e-01 2.003919124603271484e+00
7.073211019999999793e-01 1.963026642799377441e+00
7.101584450000000270e-01 1.910940289497375488e+00
7.129958440000000452e-01 1.796995639801025391e+00
7.158332990000000340e-01 1.531694650650024414e+00
7.186708109999999650e-01 1.127713561058044434e+00
7.215083789999999775e-01 1.154975414276123047e+00
7.243460029999999605e-01 1.069086790084838867e+00
7.271836830000000251e-01 9.721964597702026367e-01
7.300214200000000320e-01 9.159458279609680176e-01
7.328592130000000093e-01 9.467890858650207520e-01
7.356970619999999572e-01 9.334475994110107422e-01
7.385349669999999866e-01 9.215677380561828613e-01
7.413729289999999583e-01 9.214320778846740723e-01
7.442109470000000115e-01 9.327300786972045898e-01
7.470490210000000353e-01 9.290232062339782715e-01
7.498871510000000296e-01 9.181236624717712402e-01
7.527253379999999661e-01 9.124491214752197266e-01
7.555635800000000124e-01 9.001756906509399414e-01
7.584018790000000010e-01 7.426742911338806152e-01
7.612402350000000428e-01 3.482802212238311768e-01
7.640786459999999725e-01 4.239476025104522705e-01
7.669171139999999554e-01 6.796392202377319336e-01
7.697556380000000198e-01 8.315871357917785645e-01
7.725942180000000548e-01 8.642936348915100098e-01
7.754328539999999492e-01 8.618307113647460938e-01
7.782715470000000080e-01 8.700890541076660156e-01
7.811102960000000373e-01 8.719432353973388672e-01
7.839491010000000371e-01 8.742622733116149902e-01
7.867879620000000074e-01 8.560123443603515625e-01
7.896268800000000310e-01 8.325033783912658691e-01
7.924658540000000251e-01 8.347085714340209961e-01
7.953048839999999897e-01 8.443984389305114746e-01
7.981439700000000359e-01 8.476926684379577637e-01
8.009831130000000243e-01 8.488444685935974121e-01
8.038223119999999833e-01 8.484833240509033203e-01
8.066615670000000238e-01 8.676797747611999512e-01
8.095008780000000348e-01 8.244631886482238770e-01
8.123402459999999881e-01 7.428991794586181641e-01
8.151796700000000229e-01 6.052751541137695312e-01
8.180191500000000282e-01 5.730557441711425781e-01
8.208586860000000041e-01 6.107401251792907715e-01
8.236982790000000332e-01 5.611472725868225098e-01
8.265379269999999501e-01 5.857802033424377441e-01
8.293776320000000313e-01 5.279951691627502441e-01
8.322173940000000547e-01 5.068325400352478027e-01
8.350572109999999659e-01 5.134094357490539551e-01
8.378970850000000414e-01 5.233334898948669434e-01
8.407370149999999764e-01 5.246897339820861816e-01
8.435770009999999930e-01 5.198864936828613281e-01
8.464170429999999801e-01 5.175499916076660156e-01
8.492571420000000204e-01 4.925625324249267578e-01
8.520972970000000313e-01 4.747295379638671875e-01
8.549375080000000127e-01 4.518463611602783203e-01
8.577777749999999646e-01 4.753325283527374268e-01
8.606180989999999698e-01 4.685455858707427979e-01
8.634584789999999455e-01 4.624132812023162842e-01
8.662989150000000027e-01 4.255695641040802002e-01
8.691394070000000305e-01 4.399623870849609375e-01
8.719799560000000005e-01 4.274665415287017822e-01
8.748205610000000521e-01 4.187932908535003662e-01
8.776612219999999631e-01 4.090446233749389648e-01
8.805019389999999557e-01 3.991050720214843750e-01
8.833427130000000016e-01 3.919395804405212402e-01
8.861835430000000180e-01 3.779298067092895508e-01
8.890244290000000049e-01 3.714940547943115234e-01
8.918653709999999624e-01 3.499628305435180664e-01
8.947063699999999731e-01 2.935295104980468750e-01
8.975474239999999826e-01 2.352808564901351929e-01
9.003885350000000454e-01 2.148979902267456055e-01
9.032297030000000504e-01 2.429779022932052612e-01
9.060709260000000542e-01 2.452086806297302246e-01
9.089122060000000003e-01 1.988586485385894775e-01
9.117535420000000279e-01 2.002208977937698364e-01
9.145949340000000261e-01 1.832780241966247559e-01
9.174363819999999947e-01 1.833258867263793945e-01
9.202778870000000166e-01 2.083167433738708496e-01
9.231194480000000091e-01 1.958651989698410034e-01
9.259610649999999721e-01 1.832896023988723755e-01
9.288027380000000166e-01 1.273470968008041382e-01
9.316444680000000034e-01 7.283492386341094971e-02
9.344862539999999607e-01 4.413531348109245300e-02
9.373280959999999995e-01 4.759465530514717102e-02
9.401699940000000089e-01 6.867928802967071533e-02
9.430119489999999605e-01 6.077424436807632446e-02
9.458539599999999936e-01 5.623022466897964478e-02
9.486960269999999973e-01 6.112971156835556030e-02
9.515381499999999715e-01 6.087876483798027039e-02
9.543803299999999989e-01 6.432398408651351929e-02
9.572225659999999969e-01 6.822633743286132812e-02
9.600648579999999654e-01 7.105874270200729370e-02
9.629072060000000155e-01 8.262552320957183838e-02
9.657496110000000078e-01 9.008217602968215942e-02
9.685920709999999989e-01 1.152887046337127686e-01
9.714345880000000433e-01 1.269485652446746826e-01
9.742771620000000299e-01 1.073455363512039185e-01
9.771197910000000153e-01 1.121037155389785767e-01
9.799624770000000540e-01 1.222255229949951172e-01
9.828052189999999522e-01 1.332474946975708008e-01
9.856480170000000429e-01 1.447306871414184570e-01
9.884908709999999932e-01 1.454024463891983032e-01
9.913337819999999967e-01 1.519958972930908203e-01
9.941767489999999707e-01 1.539624929428100586e-01
9.970197720000000263e-01 1.537775695323944092e-01
9.998628510000000524e-01 1.516358107328414917e-01
1.002705986999999910e+00 1.476391255855560303e-01
1.005549178999999960e+00 1.446256339550018311e-01
1.008392426999999980e+00 1.496614068746566772e-01
1.011235730999999971e+00 1.569976806640625000e-01
1.014079092000000015e+00 1.530419588088989258e-01
1.016922509000000030e+00 1.571634262800216675e-01
1.019765982000000015e+00 1.590201407670974731e-01
1.022609510999999971e+00 1.576808691024780273e-01
1.025453096999999980e+00 1.531723588705062866e-01
1.028296738999999960e+00 1.595690995454788208e-01
1.031140436999999910e+00 1.638947576284408569e-01
1.033984191000000052e+00 1.588802933692932129e-01
1.036828002000000026e+00 1.636467128992080688e-01
1.039671868000000110e+00 1.521120965480804443e-01
1.042515791000000025e+00 1.704407632350921631e-01
1.045359770999999993e+00 1.550885885953903198e-01
