3.615872339999999796e-01 1.313513636589050293e+00
3.644177160000000026e-01 1.474819660186767578e+00
3.672482539999999962e-01 1.530936241149902344e+00
3.700788480000000158e-01 1.541000723838806152e+00
3.729094980000000059e-01 1.394582509994506836e+00
3.757402049999999938e-01 1.481777667999267578e+00
3.785709680000000077e-01 1.640685081481933594e+00
3.814017869999999921e-01 1.377930164337158203e+00
3.842326620000000026e-01 1.276929020881652832e+00
3.870635940000000108e-01 1.461803436279296875e+00
3.898945819999999896e-01 1.609844565391540527e+00
3.927256259999999943e-01 1.418369174003601074e+00
3.955567260000000251e-01 1.454378843307495117e+00
3.983878829999999982e-01 1.851307153701782227e+00
4.012190950000000256e-01 2.291747570037841797e+00
4.040503639999999952e-01 2.254233360290527344e+00
4.068816900000000181e-01 2.229984045028686523e+00
4.097130709999999842e-01 2.248203277587890625e+00
4.125445090000000037e-01 2.377637147903442383e+00
4.153760029999999936e-01 2.374810218811035156e+00
4.182075530000000096e-01 2.303515672683715820e+00
4.210391589999999962e-01 2.339226007461547852e+00
4.238708219999999804e-01 2.291477203369140625e+00
4.267025409999999908e-01 2.237960100173950195e+00
4.295343160000000271e-01 2.049584627151489258e+00
4.323661469999999785e-01 2.189857482910156250e+00
4.351980349999999831e-01 2.378069162368774414e+00
4.380299790000000137e-01 2.400064706802368164e+00
4.408619790000000149e-01 2.490249872207641602e+00
4.436940349999999866e-01 2.614823579788208008e+00
4.465261480000000116e-01 2.635817050933837891e+00
4.493583170000000071e-01 2.800071239471435547e+00
4.521905419999999731e-01 2.804308176040649414e+00
4.550228230000000207e-01 2.792510509490966797e+00
4.578551610000000105e-01 2.846276283264160156e+00
4.606875550000000263e-01 2.876230955123901367e+00
4.635200050000000127e-01 2.880077838897705078e+00
4.663525110000000251e-01 2.844213247299194336e+00
4.691850739999999798e-01 2.821822166442871094e+00
4.720176919999999887e-01 2.863692522048950195e+00
4.748503669999999954e-01 2.920304536819458008e+00
4.776830989999999999e-01 2.947832822799682617e+00
4.805158860000000032e-01 2.993748426437377930e+00
4.833487300000000042e-01 2.971647262573242188e+00
4.861816299999999758e-01 2.726981401443481445e+00
4.890145859999999733e-01 2.865212917327880859e+00
4.918475979999999970e-01 2.939337491989135742e+00
4.946806670000000183e-01 2.997973203659057617e+00
4.975137920000000102e-01 3.004248857498168945e+00
5.003469729999999727e-01 2.933445930480957031e+00
5.031802100000000166e-01 2.915663480758666992e+00
5.060135040000000028e-01 3.010527849197387695e+00
5.088468539999999596e-01 3.015336990356445312e+00
5.116802599999999979e-01 3.045442342758178711e+00
5.145137220000000067e-01 2.967574596405029297e+00
5.173472409999999577e-01 2.828797578811645508e+00
5.201808159999999903e-01 2.943643569946289062e+00
5.230144469999999934e-01 3.078395843505859375e+00
5.258481339999999671e-01 3.075904369354248047e+00
5.286818779999999940e-01 3.121227502822875977e+00
5.315156779999999914e-01 3.217030048370361328e+00
5.343495339999999594e-01 3.212635993957519531e+00
5.371834460000000089e-01 3.254416465759277344e+00
5.400174150000000006e-01 3.188165664672851562e+00
5.428514389999999912e-01 3.226387739181518555e+00
5.456855200000000350e-01 3.274175167083740234e+00
5.485196580000000210e-01 3.287190675735473633e+00
5.513538510000000059e-01 3.313606739044189453e+00
5.541881010000000440e-01 3.342379093170166016e+00
5.570224070000000527e-01 3.299876451492309570e+00
5.598567690000000319e-01 3.259872913360595703e+00
5.626911869999999816e-01 3.313606262207031250e+00
5.655256619999999845e-01 3.298736095428466797e+00
5.683601929999999580e-01 3.277136564254760742e+00
5.711947800000000131e-01 3.240894556045532227e+00
5.740294230000000386e-01 3.286275148391723633e+00
5.768641230000000064e-01 3.254144430160522461e+00
5.796988789999999447e-01 3.266337633132934570e+00
5.825336909999999646e-01 3.333078622817993164e+00
5.853685589999999550e-01 3.289796113967895508e+00
5.882034839999999987e-01 3.068312883377075195e+00
5.910384650000000129e-01 2.935626983642578125e+00
5.938735019999999976e-01 2.985990524291992188e+00
5.967085949999999528e-01 2.976827144622802734e+00
5.995437449999999613e-01 2.923129320144653320e+00
6.023789510000000513e-01 2.881344318389892578e+00
6.052142130000000009e-01 2.886711120605468750e+00
6.080495310000000320e-01 2.845580339431762695e+00
6.108849060000000053e-01 2.711293220520019531e+00
6.137203359999999774e-01 2.656655073165893555e+00
6.165558230000000028e-01 2.644360065460205078e+00
6.193913669999999705e-01 2.719353199005126953e+00
6.222269660000000480e-01 2.708951711654663086e+00
6.250626219999999567e-01 2.623794078826904297e+00
6.278983339999999469e-01 2.579729318618774414e+00
6.307341020000000187e-01 2.548403501510620117e+00
6.335699259999999500e-01 2.580183982849121094e+00
6.364058070000000455e-01 2.605936765670776367e+00
6.392417440000000006e-01 2.604145288467407227e+00
6.420777370000000372e-01 2.576822757720947266e+00
6.449137860000000444e-01 2.535581111907958984e+00
6.477498919999999938e-01 2.410444021224975586e+00
6.505860540000000247e-01 2.407739162445068359e+00
6.534222720000000262e-01 2.402461767196655273e+00
6.562585459999999982e-01 2.199939250946044922e+00
6.590948770000000234e-01 2.309380054473876953e+00
6.619312640000000192e-01 2.356992721557617188e+00
6.647677069999999855e-01 2.338135242462158203e+00
6.676042060000000333e-01 2.330770492553710938e+00
6.704407620000000234e-01 2.304764509201049805e+00
6.732773739999999840e-01 2.284433603286743164e+00
6.761140420000000262e-01 2.271308183670043945e+00
6.789507660000000389e-01 2.240088462829589844e+00
6.817875469999999938e-01 2.218300819396972656e+00
6.846243829999999475e-01 2.125972509384155273e+00
6.874612759999999545e-01 1.782536983489990234e+00
6.902982260000000148e-01 1.804835438728332520e+00
6.931352309999999628e-01 1.829993486404418945e+00
6.959722929999999641e-01 1.838714122772216797e+00
6.988094110000000470e-01 1.812174320220947266e+00
7.016465849999999893e-01 1.712718009948730469e+00
7.044838150000000132e-01 1.709778428077697754e+00
7.073211019999999793e-01 1.662025809288024902e+00
7.101584450000000270e-01 1.603682160377502441e+00
7.129958440000000452e-01 1.510222315788269043e+00
7.158332990000000340e-01 1.276158571243286133e+00
7.186708109999999650e-01 9.253178834915161133e-01
7.215083789999999775e-01 9.545739889144897461e-01
7.243460029999999605e-01 8.603177070617675781e-01
7.271836830000000251e-01 7.865529060363769531e-01
7.300214200000000320e-01 7.335147857666015625e-01
7.328592130000000093e-01 7.556149959564208984e-01
7.356970619999999572e-01 7.486936450004577637e-01
7.385349669999999866e-01 7.279883623123168945e-01
7.413729289999999583e-01 7.274974584579467773e-01
7.442109470000000115e-01 7.399833798408508301e-01
7.470490210000000353e-01 7.424159646034240723e-01
7.498871510000000296e-01 7.306188344955444336e-01
7.527253379999999661e-01 7.190197706222534180e-01
7.555635800000000124e-01 7.125878334045410156e-01
7.584018790000000010e-01 5.850819945335388184e-01
7.612402350000000428e-01 2.718666195869445801e-01
7.640786459999999725e-01 3.319644331932067871e-01
7.669171139999999554e-01 5.367891192436218262e-01
7.697556380000000198e-01 6.543392539024353027e-01
7.725942180000000548e-01 6.823031902313232422e-01
7.754328539999999492e-01 6.741649508476257324e-01
7.782715470000000080e-01 6.810103654861450195e-01
7.811102960000000373e-01 6.805219650268554688e-01
7.839491010000000371e-01 6.814835071563720703e-01
7.867879620000000074e-01 6.706248521804809570e-01
7.896268800000000310e-01 6.500158309936523438e-01
7.924658540000000251e-01 6.474701166152954102e-01
7.953048839999999897e-01 6.530714035034179688e-01
7.981439700000000359e-01 6.571028232574462891e-01
8.009831130000000243e-01 6.568696498870849609e-01
8.038223119999999833e-01 6.518329381942749023e-01
8.066615670000000238e-01 6.673206686973571777e-01
8.095008780000000348e-01 6.404703259468078613e-01
8.123402459999999881e-01 5.799150466918945312e-01
8.151796700000000229e-01 4.698492288589477539e-01
8.180191500000000282e-01 4.421899020671844482e-01
8.208586860000000041e-01 4.796564579010009766e-01
8.236982790000000332e-01 4.345942139625549316e-01
8.265379269999999501e-01 4.562604427337646484e-01
8.293776320000000313e-01 4.107865989208221436e-01
8.322173940000000547e-01 3.981659710407257080e-01
8.350572109999999659e-01 4.024098217487335205e-01
8.378970850000000414e-01 4.057051837444305420e-01
8.407370149999999764e-01 4.124103486537933350e-01
8.435770009999999930e-01 4.099678695201873779e-01
8.464170429999999801e-01 4.085482954978942871e-01
8.492571420000000204e-01 3.905908465385437012e-01
8.520972970000000313e-01 3.718205690383911133e-01
8.549375080000000127e-01 3.506661951541900635e-01
8.577777749999999646e-01 3.749329447746276855e-01
8.606180989999999698e-01 3.666176795959472656e-01
8.634584789999999455e-01 3.671559691429138184e-01
8.662989150000000027e-01 3.330807983875274658e-01
8.691394070000000305e-01 3.392888903617858887e-01
8.719799560000000005e-01 3.416178822517395020e-01
8.748205610000000521e-01 3.282217681407928467e-01
8.776612219999999631e-01 3.207294642925262451e-01
8.805019389999999557e-01 3.154253363609313965e-01
8.833427130000000016e-01 3.079682588577270508e-01
8.861835430000000180e-01 2.987503409385681152e-01
8.890244290000000049e-01 2.953133881092071533e-01
8.918653709999999624e-01 2.769158780574798584e-01
8.947063699999999731e-01 2.353765517473220825e-01
8.975474239999999826e-01 1.850899606943130493e-01
9.003885350000000454e-01 1.703483760356903076e-01
9.032297030000000504e-01 1.933212578296661377e-01
9.060709260000000542e-01 1.952513754367828369e-01
9.089122060000000003e-01 1.598494350910186768e-01
9.117535420000000279e-01 1.569200903177261353e-01
9.145949340000000261e-01 1.517143696546554565e-01
9.174363819999999947e-01 1.486580967903137207e-01
9.202778870000000166e-01 1.706370264291763306e-01
9.231194480000000091e-01 1.641884595155715942e-01
9.259610649999999721e-01 1.488088667392730713e-01
9.288027380000000166e-01 1.053838133811950684e-01
9.316444680000000034e-01 5.630233511328697205e-02
9.344862539999999607e-01 3.254921734333038330e-02
9.373280959999999995e-01 3.627176210284233093e-02
9.401699940000000089e-01 5.468948557972908020e-02
9.430119489999999605e-01 5.018252879381179810e-02
9.458539599999999936e-01 4.711814224720001221e-02
9.486960269999999973e-01 5.065537616610527039e-02
9.515381499999999715e-01 5.098860338330268860e-02
9.543803299999999989e-01 5.138034000992774963e-02
9.572225659999999969e-01 5.436572059988975525e-02
9.600648579999999654e-01 5.882864817976951599e-02
9.629072060000000155e-01 6.670002639293670654e-02
9.657496110000000078e-01 7.370612770318984985e-02
9.685920709999999989e-01 1.030671074986457825e-01
9.714345880000000433e-01 1.089083328843116760e-01
9.742771620000000299e-01 9.535656869411468506e-02
9.771197910000000153e-01 9.900946915149688721e-02
9.799624770000000540e-01 1.050905883312225342e-01
9.828052189999999522e-01 1.114531606435775757e-01
9.856480170000000429e-01 1.200966015458106995e-01
9.884908709999999932e-01 1.267087757587432861e-01
9.913337819999999967e-01 1.292634159326553345e-01
9.941767489999999707e-01 1.271540522575378418e-01
9.970197720000000263e-01 1.303203403949737549e-01
9.998628510000000524e-01 1.259766221046447754e-01
1.002705986999999910e+00 1.247422993183135986e-01
1.005549178999999960e+00 1.230862736701965332e-01
1.008392426999999980e+00 1.209871843457221985e-01
1.011235730999999971e+00 1.281535625457763672e-01
1.014079092000000015e+00 1.238132417201995850e-01
1.016922509000000030e+00 1.314979940652847290e-01
1.019765982000000015e+00 1.289578825235366821e-01
1.022609510999999971e+00 1.252531409263610840e-01
1.025453096999999980e+00 1.297038048505783081e-01
1.028296738999999960e+00 1.315686553716659546e-01
1.031140436999999910e+00 1.290654838085174561e-01
1.033984191000000052e+00 1.297341883182525635e-01
1.036828002000000026e+00 1.308185458183288574e-01
1.039671868000000110e+00 1.322928518056869507e-01
1.042515791000000025e+00 1.217956095933914185e-01
1.045359770999999993e+00 1.245786547660827637e-01
