3.615872339999999796e-01 1.287515401840209961e+00
3.644177160000000026e-01 1.466431856155395508e+00
3.672482539999999962e-01 1.559221506118774414e+00
3.700788480000000158e-01 1.613048553466796875e+00
3.729094980000000059e-01 1.387444138526916504e+00
3.757402049999999938e-01 1.489709496498107910e+00
3.785709680000000077e-01 1.661510944366455078e+00
3.814017869999999921e-01 1.440588355064392090e+00
3.842326620000000026e-01 1.309283614158630371e+00
3.870635940000000108e-01 1.422268271446228027e+00
3.898945819999999896e-01 1.621244311332702637e+00
3.927256259999999943e-01 1.423717498779296875e+00
3.955567260000000251e-01 1.468698382377624512e+00
3.983878829999999982e-01 1.847322463989257812e+00
4.012190950000000256e-01 2.274891853332519531e+00
4.040503639999999952e-01 2.270744323730468750e+00
4.068816900000000181e-01 2.257722616195678711e+00
4.097130709999999842e-01 2.300420522689819336e+00
4.125445090000000037e-01 2.371250867843627930e+00
4.153760029999999936e-01 2.372372150421142578e+00
4.182075530000000096e-01 2.344861507415771484e+00
4.210391589999999962e-01 2.368871688842773438e+00
4.238708219999999804e-01 2.317682981491088867e+00
4.267025409999999908e-01 2.266055107116699219e+00
4.295343160000000271e-01 2.051297187805175781e+00
4.323661469999999785e-01 2.196163654327392578e+00
4.351980349999999831e-01 2.395568609237670898e+00
4.380299790000000137e-01 2.414941072463989258e+00
4.408619790000000149e-01 2.497780799865722656e+00
4.436940349999999866e-01 2.668873071670532227e+00
4.465261480000000116e-01 2.691918611526489258e+00
4.493583170000000071e-01 2.824887990951538086e+00
4.521905419999999731e-01 2.850995540618896484e+00
4.550228230000000207e-01 2.825507402420043945e+00
4.578551610000000105e-01 2.888691186904907227e+00
4.606875550000000263e-01 2.924580097198486328e+00
4.635200050000000127e-01 2.925886392593383789e+00
4.663525110000000251e-01 2.869504213333129883e+00
4.691850739999999798e-01 2.877519369125366211e+00
4.720176919999999887e-01 2.911360979080200195e+00
4.748503669999999954e-01 2.973724842071533203e+00
4.776830989999999999e-01 2.984588384628295898e+00
4.805158860000000032e-01 3.053478002548217773e+00
4.833487300000000042e-01 3.026189565658569336e+00
4.861816299999999758e-01 2.793619394302368164e+00
4.890145859999999733e-01 2.912768840789794922e+00
4.918475979999999970e-01 2.992822408676147461e+00
4.946806670000000183e-01 3.045724391937255859e+00
4.975137920000000102e-01 3.067370176315307617e+00
5.003469729999999727e-01 2.995858192443847656e+00
5.031802100000000166e-01 2.972116470336914062e+00
5.060135040000000028e-01 3.065188884735107422e+00
5.088468539999999596e-01 3.082709312438964844e+00
5.116802599999999979e-01 3.111230373382568359e+00
5.145137220000000067e-01 3.046285152435302734e+00
5.173472409999999577e-01 2.887052059173583984e+00
5.201808159999999903e-01 3.011605024337768555e+00
5.230144469999999934e-01 3.147800683975219727e+00
5.258481339999999671e-01 3.164468288421630859e+00
5.286818779999999940e-01 3.203698635101318359e+00
5.315156779999999914e-01 3.307652473449707031e+00
5.343495339999999594e-01 3.309412240982055664e+00
5.371834460000000089e-01 3.340260028839111328e+00
5.400174150000000006e-01 3.284476518630981445e+00
5.428514389999999912e-01 3.308597326278686523e+00
5.456855200000000350e-01 3.366277456283569336e+00
5.485196580000000210e-01 3.374263048171997070e+00
5.513538510000000059e-01 3.411535024642944336e+00
5.541881010000000440e-01 3.442509889602661133e+00
5.570224070000000527e-01 3.400252342224121094e+00
5.598567690000000319e-01 3.355465650558471680e+00
5.626911869999999816e-01 3.409188985824584961e+00
5.655256619999999845e-01 3.391048908233642578e+00
5.683601929999999580e-01 3.366531848907470703e+00
5.711947800000000131e-01 3.338510513305664062e+00
5.740294230000000386e-01 3.388576030731201172e+00
5.768641230000000064e-01 3.350342988967895508e+00
5.796988789999999447e-01 3.372139215469360352e+00
5.825336909999999646e-01 3.450122117996215820e+00
5.853685589999999550e-01 3.414571762084960938e+00
5.882034839999999987e-01 3.184408187866210938e+00
5.910384650000000129e-01 3.049554347991943359e+00
5.938735019999999976e-01 3.109016895294189453e+00
5.967085949999999528e-01 3.105300664901733398e+00
5.995437449999999613e-01 3.070716619491577148e+00
6.023789510000000513e-01 3.039168357849121094e+00
6.052142130000000009e-01 3.048255205154418945e+00
6.080495310000000320e-01 3.005239963531494141e+00
6.108849060000000053e-01 2.900914430618286133e+00
6.137203359999999774e-01 2.830643653869628906e+00
6.165558230000000028e-01 2.816513061523437500e+00
6.193913669999999705e-01 2.878495216369628906e+00
6.222269660000000480e-01 2.865612268447875977e+00
6.250626219999999567e-01 2.798511266708374023e+00
6.278983339999999469e-01 2.725130319595336914e+00
6.307341020000000187e-01 2.708931684494018555e+00
6.335699259999999500e-01 2.733484029769897461e+00
6.364058070000000455e-01 2.776130199432373047e+00
6.392417440000000006e-01 2.781413793563842773e+00
6.420777370000000372e-01 2.746274471282958984e+00
6.449137860000000444e-01 2.718824386596679688e+00
6.477498919999999938e-01 2.591145753860473633e+00
6.505860540000000247e-01 2.572031497955322266e+00
6.534222720000000262e-01 2.575616359710693359e+00
6.562585459999999982e-01 2.370407819747924805e+00
6.590948770000000234e-01 2.477774620056152344e+00
6.619312640000000192e-01 2.539470434188842773e+00
6.647677069999999855e-01 2.522863626480102539e+00
6.676042060000000333e-01 2.502912282943725586e+00
6.704407620000000234e-01 2.472207307815551758e+00
6.732773739999999840e-01 2.449235677719116211e+00
6.761140420000000262e-01 2.436401844024658203e+00
6.789507660000000389e-01 2.424690723419189453e+00
6.817875469999999938e-01 2.392543077468872070e+00
6.846243829999999475e-01 2.302650213241577148e+00
6.874612759999999545e-01 1.937105774879455566e+00
6.902982260000000148e-01 1.970438957214355469e+00
6.931352309999999628e-01 2.007912158966064453e+00
6.959722929999999641e-01 2.024754047393798828e+00
6.988094110000000470e-01 2.007699012756347656e+00
7.016465849999999893e-01 1.902631163597106934e+00
7.044838150000000132e-01 1.898546695709228516e+00
7.073211019999999793e-01 1.864890217781066895e+00
7.101584450000000270e-01 1.812486171722412109e+00
7.129958440000000452e-01 1.701782822608947754e+00
7.158332990000000340e-01 1.438841700553894043e+00
7.186708109999999650e-01 1.050324201583862305e+00
7.215083789999999775e-01 1.082666277885437012e+00
7.243460029999999605e-01 9.968780875205993652e-01
7.271836830000000251e-01 9.118095636367797852e-01
7.300214200000000320e-01 8.496128916740417480e-01
7.328592130000000093e-01 8.656713962554931641e-01
7.356970619999999572e-01 8.655152320861816406e-01
7.385349669999999866e-01 8.414645195007324219e-01
7.413729289999999583e-01 8.445029854774475098e-01
7.442109470000000115e-01 8.591895103454589844e-01
7.470490210000000353e-01 8.552312254905700684e-01
7.498871510000000296e-01 8.477005958557128906e-01
7.527253379999999661e-01 8.343533873558044434e-01
7.555635800000000124e-01 8.353095054626464844e-01
7.584018790000000010e-01 6.751580834388732910e-01
7.612402350000000428e-01 3.146137297153472900e-01
7.640786459999999725e-01 3.876637518405914307e-01
7.669171139999999554e-01 6.203302145004272461e-01
7.697556380000000198e-01 7.570959329605102539e-01
7.725942180000000548e-01 7.900295257568359375e-01
7.754328539999999492e-01 7.937620282173156738e-01
7.782715470000000080e-01 7.919714450836181641e-01
7.811102960000000373e-01 7.966528534889221191e-01
7.839491010000000371e-01 7.962824702262878418e-01
7.867879620000000074e-01 7.842361927032470703e-01
7.896268800000000310e-01 7.635681629180908203e-01
7.924658540000000251e-01 7.647613286972045898e-01
7.953048839999999897e-01 7.696970701217651367e-01
7.981439700000000359e-01 7.842266559600830078e-01
8.009831130000000243e-01 7.719890475273132324e-01
8.038223119999999833e-01 7.764940857887268066e-01
8.066615670000000238e-01 7.937422394752502441e-01
8.095008780000000348e-01 7.647445201873779297e-01
8.123402459999999881e-01 6.788152456283569336e-01
8.151796700000000229e-01 5.571549534797668457e-01
8.180191500000000282e-01 5.239881873130798340e-01
8.208586860000000041e-01 5.606448650360107422e-01
8.236982790000000332e-01 5.104815363883972168e-01
8.265379269999999501e-01 5.320474505424499512e-01
8.293776320000000313e-01 4.785657823085784912e-01
8.322173940000000547e-01 4.627740979194641113e-01
8.350572109999999659e-01 4.687557816505432129e-01
8.378970850000000414e-01 4.823174476623535156e-01
8.407370149999999764e-01 4.825041890144348145e-01
8.435770009999999930e-01 4.773882329463958740e-01
8.464170429999999801e-01 4.761514961719512939e-01
8.492571420000000204e-01 4.511515498161315918e-01
8.520972970000000313e-01 4.320487380027770996e-01
8.549375080000000127e-01 4.091042578220367432e-01
8.577777749999999646e-01 4.369874596595764160e-01
8.606180989999999698e-01 4.274190068244934082e-01
8.634584789999999455e-01 4.228434264659881592e-01
8.662989150000000027e-01 3.877560496330261230e-01
8.691394070000000305e-01 3.900551199913024902e-01
8.719799560000000005e-01 3.948227167129516602e-01
8.748205610000000521e-01 3.878858089447021484e-01
8.776612219999999631e-01 3.781926929950714111e-01
8.805019389999999557e-01 3.594232201576232910e-01
8.833427130000000016e-01 3.557654321193695068e-01
8.861835430000000180e-01 3.419930040836334229e-01
8.890244290000000049e-01 3.358983397483825684e-01
8.918653709999999624e-01 3.161399066448211670e-01
8.947063699999999731e-01 2.639605402946472168e-01
8.975474239999999826e-01 2.151505053043365479e-01
9.003885350000000454e-01 1.944657564163208008e-01
9.032297030000000504e-01 2.228910923004150391e-01
9.060709260000000542e-01 2.222020030021667480e-01
9.089122060000000003e-01 1.802330017089843750e-01
9.117535420000000279e-01 1.764339953660964966e-01
9.145949340000000261e-01 1.667433977127075195e-01
9.174363819999999947e-01 1.673726737499237061e-01
9.202778870000000166e-01 1.923764944076538086e-01
9.231194480000000091e-01 1.830338984727859497e-01
9.259610649999999721e-01 1.681707501411437988e-01
9.288027380000000166e-01 1.159728541970252991e-01
9.316444680000000034e-01 6.556095182895660400e-02
9.344862539999999607e-01 3.752800077199935913e-02
9.373280959999999995e-01 3.927188739180564880e-02
9.401699940000000089e-01 6.751105934381484985e-02
9.430119489999999605e-01 5.323648080229759216e-02
9.458539599999999936e-01 4.930757358670234680e-02
9.486960269999999973e-01 5.127879977226257324e-02
9.515381499999999715e-01 4.851093143224716187e-02
9.543803299999999989e-01 5.223809927701950073e-02
9.572225659999999969e-01 6.478261202573776245e-02
9.600648579999999654e-01 6.322897225618362427e-02
9.629072060000000155e-01 7.255460321903228760e-02
9.657496110000000078e-01 8.096650987863540649e-02
9.685920709999999989e-01 1.043602377176284790e-01
9.714345880000000433e-01 1.131189465522766113e-01
9.742771620000000299e-01 1.010458841919898987e-01
9.771197910000000153e-01 1.025934442877769470e-01
9.799624770000000540e-01 1.098528653383255005e-01
9.828052189999999522e-01 1.263994425535202026e-01
9.856480170000000429e-01 1.306716501712799072e-01
9.884908709999999932e-01 1.391460299491882324e-01
9.913337819999999967e-01 1.390102952718734741e-01
9.941767489999999707e-01 1.410016268491744995e-01
9.970197720000000263e-01 1.401140540838241577e-01
9.998628510000000524e-01 1.397173702716827393e-01
1.002705986999999910e+00 1.419108361005783081e-01
1.005549178999999960e+00 1.337771713733673096e-01
1.008392426999999980e+00 1.327006071805953979e-01
1.011235730999999971e+00 1.397846788167953491e-01
1.014079092000000015e+00 1.325929611921310425e-01
1.016922509000000030e+00 1.401583999395370483e-01
1.019765982000000015e+00 1.397011727094650269e-01
1.022609510999999971e+00 1.432007849216461182e-01
1.025453096999999980e+00 1.364741921424865723e-01
1.028296738999999960e+00 1.424713134765625000e-01
1.031140436999999910e+00 1.402246952056884766e-01
1.033984191000000052e+00 1.470895856618881226e-01
1.036828002000000026e+00 1.436114907264709473e-01
1.039671868000000110e+00 1.503227651119232178e-01
1.042515791000000025e+00 1.443172991275787354e-01
1.045359770999999993e+00 1.468621790409088135e-01
