3.615872339999999796e-01 1.337497591972351074e+00
3.644177160000000026e-01 1.445251584053039551e+00
3.672482539999999962e-01 1.620489120483398438e+00
3.700788480000000158e-01 1.592525959014892578e+00
3.729094980000000059e-01 1.383129358291625977e+00
3.757402049999999938e-01 1.530634045600891113e+00
3.785709680000000077e-01 1.621714711189270020e+00
3.814017869999999921e-01 1.436833739280700684e+00
3.842326620000000026e-01 1.323917865753173828e+00
3.870635940000000108e-01 1.436723828315734863e+00
3.898945819999999896e-01 1.600983500480651855e+00
3.927256259999999943e-01 1.431508064270019531e+00
3.955567260000000251e-01 1.444269061088562012e+00
3.983878829999999982e-01 1.839870452880859375e+00
4.012190950000000256e-01 2.278818130493164062e+00
4.040503639999999952e-01 2.276330709457397461e+00
4.068816900000000181e-01 2.193243980407714844e+00
4.097130709999999842e-01 2.273218870162963867e+00
4.125445090000000037e-01 2.344052553176879883e+00
4.153760029999999936e-01 2.358628749847412109e+00
4.182075530000000096e-01 2.300103187561035156e+00
4.210391589999999962e-01 2.328967809677124023e+00
4.238708219999999804e-01 2.269426822662353516e+00
4.267025409999999908e-01 2.239615201950073242e+00
4.295343160000000271e-01 2.021387577056884766e+00
4.323661469999999785e-01 2.171306848526000977e+00
4.351980349999999831e-01 2.371005058288574219e+00
4.380299790000000137e-01 2.398387432098388672e+00
4.408619790000000149e-01 2.484332561492919922e+00
4.436940349999999866e-01 2.606782674789428711e+00
4.465261480000000116e-01 2.640334367752075195e+00
4.493583170000000071e-01 2.793896913528442383e+00
4.521905419999999731e-01 2.810610294342041016e+00
4.550228230000000207e-01 2.786517381668090820e+00
4.578551610000000105e-01 2.839357614517211914e+00
4.606875550000000263e-01 2.860552072525024414e+00
4.635200050000000127e-01 2.892894983291625977e+00
4.663525110000000251e-01 2.818595647811889648e+00
4.691850739999999798e-01 2.815101861953735352e+00
4.720176919999999887e-01 2.869911909103393555e+00
4.748503669999999954e-01 2.907628536224365234e+00
4.776830989999999999e-01 2.928229570388793945e+00
4.805158860000000032e-01 2.999489307403564453e+00
4.833487300000000042e-01 2.973140954971313477e+00
4.861816299999999758e-01 2.757932901382446289e+00
4.890145859999999733e-01 2.848174095153808594e+00
4.918475979999999970e-01 2.932071685791015625e+00
4.946806670000000183e-01 2.994179487228393555e+00
4.975137920000000102e-01 3.009627819061279297e+00
5.003469729999999727e-01 2.916181087493896484e+00
5.031802100000000166e-01 2.911566734313964844e+00
5.060135040000000028e-01 2.999122619628906250e+00
5.088468539999999596e-01 3.015820264816284180e+00
5.116802599999999979e-01 3.042654991149902344e+00
5.145137220000000067e-01 2.982396841049194336e+00
5.173472409999999577e-01 2.829448461532592773e+00
5.201808159999999903e-01 2.952867269515991211e+00
5.230144469999999934e-01 3.090789556503295898e+00
5.258481339999999671e-01 3.081354141235351562e+00
5.286818779999999940e-01 3.126173973083496094e+00
5.315156779999999914e-01 3.229760169982910156e+00
5.343495339999999594e-01 3.224570989608764648e+00
5.371834460000000089e-01 3.267328262329101562e+00
5.400174150000000006e-01 3.199488162994384766e+00
5.428514389999999912e-01 3.246210813522338867e+00
5.456855200000000350e-01 3.288748741149902344e+00
5.485196580000000210e-01 3.302318334579467773e+00
5.513538510000000059e-01 3.334915399551391602e+00
5.541881010000000440e-01 3.357868194580078125e+00
5.570224070000000527e-01 3.327990055084228516e+00
5.598567690000000319e-01 3.289680719375610352e+00
5.626911869999999816e-01 3.329772472381591797e+00
5.655256619999999845e-01 3.311879634857177734e+00
5.683601929999999580e-01 3.292813777923583984e+00
5.711947800000000131e-01 3.265213012695312500e+00
5.740294230000000386e-01 3.305206537246704102e+00
5.768641230000000064e-01 3.269358634948730469e+00
5.796988789999999447e-01 3.294628620147705078e+00
5.825336909999999646e-01 3.363199472427368164e+00
5.853685589999999550e-01 3.329455375671386719e+00
5.882034839999999987e-01 3.110037803649902344e+00
5.910384650000000129e-01 2.981545209884643555e+00
5.938735019999999976e-01 3.030502319335937500e+00
5.967085949999999528e-01 3.023257970809936523e+00
5.995437449999999613e-01 2.989122152328491211e+00
6.023789510000000513e-01 2.953800916671752930e+00
6.052142130000000009e-01 2.967164039611816406e+00
6.080495310000000320e-01 2.939975976943969727e+00
6.108849060000000053e-01 2.816012859344482422e+00
6.137203359999999774e-01 2.744115114212036133e+00
6.165558230000000028e-01 2.740573167800903320e+00
6.193913669999999705e-01 2.800827503204345703e+00
6.222269660000000480e-01 2.791547060012817383e+00
6.250626219999999567e-01 2.714614152908325195e+00
6.278983339999999469e-01 2.650860309600830078e+00
6.307341020000000187e-01 2.637695789337158203e+00
6.335699259999999500e-01 2.660444259643554688e+00
6.364058070000000455e-01 2.694742441177368164e+00
6.392417440000000006e-01 2.699302911758422852e+00
6.420777370000000372e-01 2.668112277984619141e+00
6.449137860000000444e-01 2.627855777740478516e+00
6.477498919999999938e-01 2.509133100509643555e+00
6.505860540000000247e-01 2.500988960266113281e+00
6.534222720000000262e-01 2.490725755691528320e+00
6.562585459999999982e-01 2.291255950927734375e+00
6.590948770000000234e-01 2.416447877883911133e+00
6.619312640000000192e-01 2.467053890228271484e+00
6.647677069999999855e-01 2.448789834976196289e+00
6.676042060000000333e-01 2.437875270843505859e+00
6.704407620000000234e-01 2.400367498397827148e+00
6.732773739999999840e-01 2.372043609619140625e+00
6.761140420000000262e-01 2.362746477127075195e+00
6.789507660000000389e-01 2.348541021347045898e+00
6.817875469999999938e-01 2.326794862747192383e+00
6.846243829999999475e-01 2.239485979080200195e+00
6.874612759999999545e-01 1.877431511878967285e+00
6.902982260000000148e-01 1.909444928169250488e+00
6.931352309999999628e-01 1.946969032287597656e+00
6.959722929999999641e-01 1.963889479637145996e+00
6.988094110000000470e-01 1.944262742996215820e+00
7.016465849999999893e-01 1.835331797599792480e+00
7.044838150000000132e-01 1.837575435638427734e+00
7.073211019999999793e-01 1.802533030509948730e+00
7.101584450000000270e-01 1.744275212287902832e+00
7.129958440000000452e-01 1.639736890792846680e+00
7.158332990000000340e-01 1.396457195281982422e+00
7.186708109999999650e-01 1.016806483268737793e+00
7.215083789999999775e-01 1.045248746871948242e+00
7.243460029999999605e-01 9.562240839004516602e-01
7.271836830000000251e-01 8.680958747863769531e-01
7.300214200000000320e-01 8.105635046958923340e-01
7.328592130000000093e-01 8.319172859191894531e-01
7.356970619999999572e-01 8.205932378768920898e-01
7.385349669999999866e-01 8.085038065910339355e-01
7.413729289999999583e-01 8.066740036010742188e-01
7.442109470000000115e-01 8.177434206008911133e-01
7.470490210000000353e-01 8.153136968612670898e-01
7.498871510000000296e-01 8.042101263999938965e-01
7.527253379999999661e-01 7.932404875755310059e-01
7.555635800000000124e-01 7.897506356239318848e-01
7.584018790000000010e-01 6.472507715225219727e-01
7.612402350000000428e-01 2.999823391437530518e-01
7.640786459999999725e-01 3.672887384891510010e-01
7.669171139999999554e-01 5.896156430244445801e-01
7.697556380000000198e-01 7.226315140724182129e-01
7.725942180000000548e-01 7.481421232223510742e-01
7.754328539999999492e-01 7.508507966995239258e-01
7.782715470000000080e-01 7.503448724746704102e-01
7.811102960000000373e-01 7.552906274795532227e-01
7.839491010000000371e-01 7.522945404052734375e-01
7.867879620000000074e-01 7.438725829124450684e-01
7.896268800000000310e-01 7.207515239715576172e-01
7.924658540000000251e-01 7.224432229995727539e-01
7.953048839999999897e-01 7.303477525711059570e-01
7.981439700000000359e-01 7.410421967506408691e-01
8.009831130000000243e-01 7.315854430198669434e-01
8.038223119999999833e-01 7.367425560951232910e-01
8.066615670000000238e-01 7.504085898399353027e-01
8.095008780000000348e-01 7.230595350265502930e-01
8.123402459999999881e-01 6.393982768058776855e-01
8.151796700000000229e-01 5.254091024398803711e-01
8.180191500000000282e-01 4.951199293136596680e-01
8.208586860000000041e-01 5.314269065856933594e-01
8.236982790000000332e-01 4.906439483165740967e-01
8.265379269999999501e-01 5.090971589088439941e-01
8.293776320000000313e-01 4.557860195636749268e-01
8.322173940000000547e-01 4.334306120872497559e-01
8.350572109999999659e-01 4.381270706653594971e-01
8.378970850000000414e-01 4.496293067932128906e-01
8.407370149999999764e-01 4.533165693283081055e-01
8.435770009999999930e-01 4.498048126697540283e-01
8.464170429999999801e-01 4.439141154289245605e-01
8.492571420000000204e-01 4.213118851184844971e-01
8.520972970000000313e-01 4.063582718372344971e-01
8.549375080000000127e-01 3.774792253971099854e-01
8.577777749999999646e-01 4.039125144481658936e-01
8.606180989999999698e-01 4.033398032188415527e-01
8.634584789999999455e-01 3.901747465133666992e-01
8.662989150000000027e-01 3.550440669059753418e-01
8.691394070000000305e-01 3.680108189582824707e-01
8.719799560000000005e-01 3.704060316085815430e-01
8.748205610000000521e-01 3.534555435180664062e-01
8.776612219999999631e-01 3.450368046760559082e-01
8.805019389999999557e-01 3.361308872699737549e-01
8.833427130000000016e-01 3.307562172412872314e-01
8.861835430000000180e-01 3.170134425163269043e-01
8.890244290000000049e-01 3.094108402729034424e-01
8.918653709999999624e-01 2.940737009048461914e-01
8.947063699999999731e-01 2.458153516054153442e-01
8.975474239999999826e-01 2.001230269670486450e-01
9.003885350000000454e-01 1.790900826454162598e-01
9.032297030000000504e-01 2.028729468584060669e-01
9.060709260000000542e-01 2.026829421520233154e-01
9.089122060000000003e-01 1.618884056806564331e-01
9.117535420000000279e-01 1.696006804704666138e-01
9.145949340000000261e-01 1.499804109334945679e-01
9.174363819999999947e-01 1.528871655464172363e-01
9.202778870000000166e-01 1.774841696023941040e-01
9.231194480000000091e-01 1.640698313713073730e-01
9.259610649999999721e-01 1.517073959112167358e-01
9.288027380000000166e-01 1.074862480163574219e-01
9.316444680000000034e-01 5.549013614654541016e-02
9.344862539999999607e-01 2.968583069741725922e-02
9.373280959999999995e-01 3.331420198082923889e-02
9.401699940000000089e-01 6.081493571400642395e-02
9.430119489999999605e-01 4.625648632645606995e-02
9.458539599999999936e-01 4.407016187906265259e-02
9.486960269999999973e-01 4.775203019380569458e-02
9.515381499999999715e-01 4.763712361454963684e-02
9.543803299999999989e-01 5.082723870873451233e-02
9.572225659999999969e-01 5.553081631660461426e-02
9.600648579999999654e-01 5.795825645327568054e-02
9.629072060000000155e-01 6.290352344512939453e-02
9.657496110000000078e-01 6.951540708541870117e-02
9.685920709999999989e-01 9.333188086748123169e-02
9.714345880000000433e-01 9.761770069599151611e-02
9.742771620000000299e-01 8.653675764799118042e-02
9.771197910000000153e-01 9.202183783054351807e-02
9.799624770000000540e-01 9.742727130651473999e-02
9.828052189999999522e-01 1.121663227677345276e-01
9.856480170000000429e-01 1.170119792222976685e-01
9.884908709999999932e-01 1.226014494895935059e-01
9.913337819999999967e-01 1.242311000823974609e-01
9.941767489999999707e-01 1.241929158568382263e-01
9.970197720000000263e-01 1.210492029786109924e-01
9.998628510000000524e-01 1.242024153470993042e-01
1.002705986999999910e+00 1.194001436233520508e-01
1.005549178999999960e+00 1.192199811339378357e-01
1.008392426999999980e+00 1.173326149582862854e-01
1.011235730999999971e+00 1.231249719858169556e-01
1.014079092000000015e+00 1.216607019305229187e-01
1.016922509000000030e+00 1.228654310107231140e-01
1.019765982000000015e+00 1.152019277215003967e-01
1.022609510999999971e+00 1.210224702954292297e-01
1.025453096999999980e+00 1.296644210815429688e-01
1.028296738999999960e+00 1.299304068088531494e-01
1.031140436999999910e+00 1.252462267875671387e-01
1.033984191000000052e+00 1.280844062566757202e-01
1.036828002000000026e+00 1.219262406229972839e-01
1.039671868000000110e+00 1.358147561550140381e-01
1.042515791000000025e+00 1.123779639601707458e-01
1.045359770999999993e+00 1.211901158094406128e-01
