3.615872339999999796e-01 1.328896522521972656e+00
3.644177160000000026e-01 1.489971041679382324e+00
3.672482539999999962e-01 1.564795613288879395e+00
3.700788480000000158e-01 1.566035628318786621e+00
3.729094980000000059e-01 1.394644498825073242e+00
3.757402049999999938e-01 1.492123484611511230e+00
3.785709680000000077e-01 1.646963238716125488e+00
3.814017869999999921e-01 1.411628842353820801e+00
3.842326620000000026e-01 1.308335781097412109e+00
3.870635940000000108e-01 1.441719055175781250e+00
3.898945819999999896e-01 1.599467515945434570e+00
3.927256259999999943e-01 1.414124488830566406e+00
3.955567260000000251e-01 1.459370732307434082e+00
3.983878829999999982e-01 1.837326526641845703e+00
4.012190950000000256e-01 2.244049072265625000e+00
4.040503639999999952e-01 2.258759498596191406e+00
4.068816900000000181e-01 2.200164794921875000e+00
4.097130709999999842e-01 2.255965232849121094e+00
4.125445090000000037e-01 2.367902278900146484e+00
4.153760029999999936e-01 2.372302532196044922e+00
4.182075530000000096e-01 2.293724060058593750e+00
4.210391589999999962e-01 2.311958789825439453e+00
4.238708219999999804e-01 2.256765365600585938e+00
4.267025409999999908e-01 2.238947629928588867e+00
4.295343160000000271e-01 2.006872415542602539e+00
4.323661469999999785e-01 2.149334192276000977e+00
4.351980349999999831e-01 2.329514026641845703e+00
4.380299790000000137e-01 2.367221593856811523e+00
4.408619790000000149e-01 2.459275484085083008e+00
4.436940349999999866e-01 2.598067283630371094e+00
4.465261480000000116e-01 2.611210346221923828e+00
4.493583170000000071e-01 2.770067930221557617e+00
4.521905419999999731e-01 2.772716283798217773e+00
4.550228230000000207e-01 2.763426303863525391e+00
4.578551610000000105e-01 2.812185049057006836e+00
4.606875550000000263e-01 2.826033115386962891e+00
4.635200050000000127e-01 2.850308179855346680e+00
4.663525110000000251e-01 2.790354728698730469e+00
4.691850739999999798e-01 2.790387868881225586e+00
4.720176919999999887e-01 2.816778898239135742e+00
4.748503669999999954e-01 2.877549409866333008e+00
4.776830989999999999e-01 2.899616241455078125e+00
4.805158860000000032e-01 2.961137771606445312e+00
4.833487300000000042e-01 2.928534746170043945e+00
4.861816299999999758e-01 2.723567247390747070e+00
4.890145859999999733e-01 2.816849946975708008e+00
4.918475979999999970e-01 2.899913072586059570e+00
4.946806670000000183e-01 2.953354120254516602e+00
4.975137920000000102e-01 2.970674037933349609e+00
5.003469729999999727e-01 2.888770341873168945e+00
5.031802100000000166e-01 2.872933149337768555e+00
5.060135040000000028e-01 2.960819959640502930e+00
5.088468539999999596e-01 2.972459793090820312e+00
5.116802599999999979e-01 2.997483015060424805e+00
5.145137220000000067e-01 2.934026956558227539e+00
5.173472409999999577e-01 2.781791448593139648e+00
5.201808159999999903e-01 2.907062292098999023e+00
5.230144469999999934e-01 3.024815082550048828e+00
5.258481339999999671e-01 3.033876419067382812e+00
5.286818779999999940e-01 3.067608356475830078e+00
5.315156779999999914e-01 3.166514396667480469e+00
5.343495339999999594e-01 3.163073539733886719e+00
5.371834460000000089e-01 3.193920135498046875e+00
5.400174150000000006e-01 3.140768051147460938e+00
5.428514389999999912e-01 3.163869857788085938e+00
5.456855200000000350e-01 3.220990896224975586e+00
5.485196580000000210e-01 3.222554922103881836e+00
5.513538510000000059e-01 3.257826328277587891e+00
5.541881010000000440e-01 3.274988651275634766e+00
5.570224070000000527e-01 3.246743440628051758e+00
5.598567690000000319e-01 3.204378843307495117e+00
5.626911869999999816e-01 3.249372243881225586e+00
5.655256619999999845e-01 3.246786832809448242e+00
5.683601929999999580e-01 3.210172414779663086e+00
5.711947800000000131e-01 3.182874917984008789e+00
5.740294230000000386e-01 3.221376419067382812e+00
5.768641230000000064e-01 3.206864595413208008e+00
5.796988789999999447e-01 3.206434726715087891e+00
5.825336909999999646e-01 3.275702238082885742e+00
5.853685589999999550e-01 3.228882551193237305e+00
5.882034839999999987e-01 3.003861427307128906e+00
5.910384650000000129e-01 2.872982740402221680e+00
5.938735019999999976e-01 2.913930892944335938e+00
5.967085949999999528e-01 2.904718637466430664e+00
5.995437449999999613e-01 2.858443260192871094e+00
6.023789510000000513e-01 2.817395448684692383e+00
6.052142130000000009e-01 2.834147930145263672e+00
6.080495310000000320e-01 2.767757892608642578e+00
6.108849060000000053e-01 2.662116050720214844e+00
6.137203359999999774e-01 2.608382701873779297e+00
6.165558230000000028e-01 2.586202144622802734e+00
6.193913669999999705e-01 2.651177644729614258e+00
6.222269660000000480e-01 2.635895252227783203e+00
6.250626219999999567e-01 2.565391302108764648e+00
6.278983339999999469e-01 2.499625682830810547e+00
6.307341020000000187e-01 2.481004476547241211e+00
6.335699259999999500e-01 2.509993553161621094e+00
6.364058070000000455e-01 2.530626535415649414e+00
6.392417440000000006e-01 2.535033226013183594e+00
6.420777370000000372e-01 2.500023841857910156e+00
6.449137860000000444e-01 2.463404417037963867e+00
6.477498919999999938e-01 2.350315093994140625e+00
6.505860540000000247e-01 2.347618341445922852e+00
6.534222720000000262e-01 2.330082893371582031e+00
6.562585459999999982e-01 2.137882232666015625e+00
6.590948770000000234e-01 2.241018056869506836e+00
6.619312640000000192e-01 2.287780523300170898e+00
6.647677069999999855e-01 2.273596525192260742e+00
6.676042060000000333e-01 2.256995439529418945e+00
6.704407620000000234e-01 2.225694417953491211e+00
6.732773739999999840e-01 2.204903364181518555e+00
6.761140420000000262e-01 2.190403699874877930e+00
6.789507660000000389e-01 2.173507928848266602e+00
6.817875469999999938e-01 2.150521278381347656e+00
6.846243829999999475e-01 2.065820693969726562e+00
6.874612759999999545e-01 1.726867794990539551e+00
6.902982260000000148e-01 1.746518850326538086e+00
6.931352309999999628e-01 1.780055403709411621e+00
6.959722929999999641e-01 1.772567510604858398e+00
6.988094110000000470e-01 1.756844639778137207e+00
7.016465849999999893e-01 1.648793935775756836e+00
7.044838150000000132e-01 1.646400809288024902e+00
7.073211019999999793e-01 1.603015303611755371e+00
7.101584450000000270e-01 1.541859626770019531e+00
7.129958440000000452e-01 1.441216111183166504e+00
7.158332990000000340e-01 1.219723939895629883e+00
7.186708109999999650e-01 8.859977722167968750e-01
7.215083789999999775e-01 9.060668349266052246e-01
7.243460029999999605e-01 8.198187947273254395e-01
7.271836830000000251e-01 7.485172748565673828e-01
7.300214200000000320e-01 6.980527043342590332e-01
7.328592130000000093e-01 7.144895195960998535e-01
7.356970619999999572e-01 7.099021077156066895e-01
7.385349669999999866e-01 6.822896003723144531e-01
7.413729289999999583e-01 6.864174604415893555e-01
7.442109470000000115e-01 6.966505050659179688e-01
7.470490210000000353e-01 6.940970420837402344e-01
7.498871510000000296e-01 6.858205795288085938e-01
7.527253379999999661e-01 6.780017018318176270e-01
7.555635800000000124e-01 6.578689813613891602e-01
7.584018790000000010e-01 5.509237051010131836e-01
7.612402350000000428e-01 2.573935985565185547e-01
7.640786459999999725e-01 3.155341446399688721e-01
7.669171139999999554e-01 4.993010759353637695e-01
7.697556380000000198e-01 6.029975414276123047e-01
7.725942180000000548e-01 6.305497884750366211e-01
7.754328539999999492e-01 6.334404349327087402e-01
7.782715470000000080e-01 6.343936324119567871e-01
7.811102960000000373e-01 6.395052075386047363e-01
7.839491010000000371e-01 6.339784860610961914e-01
7.867879620000000074e-01 6.269917488098144531e-01
7.896268800000000310e-01 6.069542765617370605e-01
7.924658540000000251e-01 6.083922982215881348e-01
7.953048839999999897e-01 6.084908246994018555e-01
7.981439700000000359e-01 6.212739944458007812e-01
8.009831130000000243e-01 6.159377694129943848e-01
8.038223119999999833e-01 6.161897182464599609e-01
8.066615670000000238e-01 6.248398423194885254e-01
8.095008780000000348e-01 6.025028824806213379e-01
8.123402459999999881e-01 5.377752184867858887e-01
8.151796700000000229e-01 4.441039562225341797e-01
8.180191500000000282e-01 4.151303768157958984e-01
8.208586860000000041e-01 4.428108334541320801e-01
8.236982790000000332e-01 4.063490927219390869e-01
8.265379269999999501e-01 4.277445971965789795e-01
8.293776320000000313e-01 3.798922300338745117e-01
8.322173940000000547e-01 3.669080436229705811e-01
8.350572109999999659e-01 3.718519806861877441e-01
8.378970850000000414e-01 3.798058629035949707e-01
8.407370149999999764e-01 3.857911527156829834e-01
8.435770009999999930e-01 3.777833878993988037e-01
8.464170429999999801e-01 3.750419616699218750e-01
8.492571420000000204e-01 3.560490310192108154e-01
8.520972970000000313e-01 3.396220803260803223e-01
8.549375080000000127e-01 3.294262886047363281e-01
8.577777749999999646e-01 3.456785976886749268e-01
8.606180989999999698e-01 3.383700251579284668e-01
8.634584789999999455e-01 3.355918526649475098e-01
8.662989150000000027e-01 3.070674240589141846e-01
8.691394070000000305e-01 3.127413988113403320e-01
8.719799560000000005e-01 3.095142245292663574e-01
8.748205610000000521e-01 3.054792284965515137e-01
8.776612219999999631e-01 2.953529655933380127e-01
8.805019389999999557e-01 2.832923233509063721e-01
8.833427130000000016e-01 2.799372673034667969e-01
8.861835430000000180e-01 2.692628204822540283e-01
8.890244290000000049e-01 2.621953189373016357e-01
8.918653709999999624e-01 2.508727610111236572e-01
8.947063699999999731e-01 2.121644765138626099e-01
8.975474239999999826e-01 1.732328534126281738e-01
9.003885350000000454e-01 1.535039097070693970e-01
9.032297030000000504e-01 1.772750616073608398e-01
9.060709260000000542e-01 1.775040477514266968e-01
9.089122060000000003e-01 1.415197700262069702e-01
9.117535420000000279e-01 1.416068226099014282e-01
9.145949340000000261e-01 1.375901252031326294e-01
9.174363819999999947e-01 1.326204985380172729e-01
9.202778870000000166e-01 1.509682983160018921e-01
9.231194480000000091e-01 1.485805809497833252e-01
9.259610649999999721e-01 1.373513936996459961e-01
9.288027380000000166e-01 9.516899287700653076e-02
9.316444680000000034e-01 5.291938036680221558e-02
9.344862539999999607e-01 3.151177987456321716e-02
9.373280959999999995e-01 3.342436999082565308e-02
9.401699940000000089e-01 5.656255036592483521e-02
9.430119489999999605e-01 4.448778182268142700e-02
9.458539599999999936e-01 4.051763564348220825e-02
9.486960269999999973e-01 4.588916152715682983e-02
9.515381499999999715e-01 4.244799539446830750e-02
9.543803299999999989e-01 4.511608555912971497e-02
9.572225659999999969e-01 4.957127198576927185e-02
9.600648579999999654e-01 5.235424637794494629e-02
9.629072060000000155e-01 5.605872347950935364e-02
9.657496110000000078e-01 6.803320348262786865e-02
9.685920709999999989e-01 8.208898454904556274e-02
9.714345880000000433e-01 9.156735241413116455e-02
9.742771620000000299e-01 8.260358124971389771e-02
9.771197910000000153e-01 8.740227669477462769e-02
9.799624770000000540e-01 9.157342463731765747e-02
9.828052189999999522e-01 9.345768392086029053e-02
9.856480170000000429e-01 1.046761199831962585e-01
9.884908709999999932e-01 1.074425801634788513e-01
9.913337819999999967e-01 1.124264076352119446e-01
9.941767489999999707e-01 1.128542199730873108e-01
9.970197720000000263e-01 1.113368421792984009e-01
9.998628510000000524e-01 1.132556274533271790e-01
1.002705986999999910e+00 1.119967475533485413e-01
1.005549178999999960e+00 1.025154888629913330e-01
1.008392426999999980e+00 1.066233590245246887e-01
1.011235730999999971e+00 1.127878502011299133e-01
1.014079092000000015e+00 1.138938441872596741e-01
1.016922509000000030e+00 1.155557110905647278e-01
1.019765982000000015e+00 1.090860068798065186e-01
1.022609510999999971e+00 1.054558679461479187e-01
1.025453096999999980e+00 1.118466407060623169e-01
1.028296738999999960e+00 1.031560897827148438e-01
1.031140436999999910e+00 1.086591035127639771e-01
1.033984191000000052e+00 1.203649640083312988e-01
1.036828002000000026e+00 1.157992556691169739e-01
1.039671868000000110e+00 1.184640452265739441e-01
1.042515791000000025e+00 1.111908033490180969e-01
1.045359770999999993e+00 1.132532581686973572e-01
