3.615872339999999796e-01 1.320108056068420410e+00
3.644177160000000026e-01 1.469576358795166016e+00
3.672482539999999962e-01 1.563071727752685547e+00
3.700788480000000158e-01 1.559426426887512207e+00
3.729094980000000059e-01 1.427218317985534668e+00
3.757402049999999938e-01 1.491721630096435547e+00
3.785709680000000077e-01 1.666990518569946289e+00
3.814017869999999921e-01 1.404361844062805176e+00
3.842326620000000026e-01 1.312256932258605957e+00
3.870635940000000108e-01 1.448697090148925781e+00
3.898945819999999896e-01 1.635424613952636719e+00
3.927256259999999943e-01 1.430773258209228516e+00
3.955567260000000251e-01 1.442943096160888672e+00
3.983878829999999982e-01 1.834629178047180176e+00
4.012190950000000256e-01 2.265193223953247070e+00
4.040503639999999952e-01 2.257464408874511719e+00
4.068816900000000181e-01 2.208064079284667969e+00
4.097130709999999842e-01 2.275396585464477539e+00
4.125445090000000037e-01 2.339387893676757812e+00
4.153760029999999936e-01 2.389838933944702148e+00
4.182075530000000096e-01 2.308341979980468750e+00
4.210391589999999962e-01 2.308737277984619141e+00
4.238708219999999804e-01 2.307821035385131836e+00
4.267025409999999908e-01 2.242194175720214844e+00
4.295343160000000271e-01 2.025803804397583008e+00
4.323661469999999785e-01 2.164400100708007812e+00
4.351980349999999831e-01 2.357380628585815430e+00
4.380299790000000137e-01 2.393859863281250000e+00
4.408619790000000149e-01 2.475565433502197266e+00
4.436940349999999866e-01 2.615942955017089844e+00
4.465261480000000116e-01 2.642938852310180664e+00
4.493583170000000071e-01 2.800200223922729492e+00
4.521905419999999731e-01 2.818472623825073242e+00
4.550228230000000207e-01 2.791739702224731445e+00
4.578551610000000105e-01 2.838177919387817383e+00
4.606875550000000263e-01 2.876233100891113281e+00
4.635200050000000127e-01 2.897548437118530273e+00
4.663525110000000251e-01 2.831994771957397461e+00
4.691850739999999798e-01 2.838621377944946289e+00
4.720176919999999887e-01 2.870692491531372070e+00
4.748503669999999954e-01 2.912826299667358398e+00
4.776830989999999999e-01 2.951469421386718750e+00
4.805158860000000032e-01 3.010675907135009766e+00
4.833487300000000042e-01 2.995646953582763672e+00
4.861816299999999758e-01 2.761105537414550781e+00
4.890145859999999733e-01 2.872037887573242188e+00
4.918475979999999970e-01 2.941901922225952148e+00
4.946806670000000183e-01 2.995409488677978516e+00
4.975137920000000102e-01 3.025987625122070312e+00
5.003469729999999727e-01 2.947543859481811523e+00
5.031802100000000166e-01 2.917078733444213867e+00
5.060135040000000028e-01 3.017948865890502930e+00
5.088468539999999596e-01 3.039701223373413086e+00
5.116802599999999979e-01 3.079647064208984375e+00
5.145137220000000067e-01 3.012860298156738281e+00
5.173472409999999577e-01 2.840817213058471680e+00
5.201808159999999903e-01 2.976515769958496094e+00
5.230144469999999934e-01 3.106304168701171875e+00
5.258481339999999671e-01 3.119448423385620117e+00
5.286818779999999940e-01 3.151814937591552734e+00
5.315156779999999914e-01 3.259121179580688477e+00
5.343495339999999594e-01 3.255087614059448242e+00
5.371834460000000089e-01 3.291621923446655273e+00
5.400174150000000006e-01 3.235308170318603516e+00
5.428514389999999912e-01 3.248651981353759766e+00
5.456855200000000350e-01 3.314399003982543945e+00
5.485196580000000210e-01 3.323834419250488281e+00
5.513538510000000059e-01 3.357686042785644531e+00
5.541881010000000440e-01 3.380550622940063477e+00
5.570224070000000527e-01 3.347289085388183594e+00
5.598567690000000319e-01 3.306642770767211914e+00
5.626911869999999816e-01 3.353281497955322266e+00
5.655256619999999845e-01 3.341118335723876953e+00
5.683601929999999580e-01 3.316277265548706055e+00
5.711947800000000131e-01 3.278196573257446289e+00
5.740294230000000386e-01 3.317591190338134766e+00
5.768641230000000064e-01 3.290587186813354492e+00
5.796988789999999447e-01 3.300202846527099609e+00
5.825336909999999646e-01 3.374787569046020508e+00
5.853685589999999550e-01 3.345239400863647461e+00
5.882034839999999987e-01 3.115624427795410156e+00
5.910384650000000129e-01 2.969385623931884766e+00
5.938735019999999976e-01 3.027047634124755859e+00
5.967085949999999528e-01 3.008836269378662109e+00
5.995437449999999613e-01 2.967777252197265625e+00
6.023789510000000513e-01 2.921957969665527344e+00
6.052142130000000009e-01 2.944588899612426758e+00
6.080495310000000320e-01 2.892669677734375000e+00
6.108849060000000053e-01 2.768230438232421875e+00
6.137203359999999774e-01 2.663823127746582031e+00
6.165558230000000028e-01 2.661500692367553711e+00
6.193913669999999705e-01 2.741217136383056641e+00
6.222269660000000480e-01 2.731919527053833008e+00
6.250626219999999567e-01 2.656357049942016602e+00
6.278983339999999469e-01 2.591613054275512695e+00
6.307341020000000187e-01 2.566252470016479492e+00
6.335699259999999500e-01 2.596553087234497070e+00
6.364058070000000455e-01 2.627377510070800781e+00
6.392417440000000006e-01 2.627381324768066406e+00
6.420777370000000372e-01 2.597470760345458984e+00
6.449137860000000444e-01 2.560858011245727539e+00
6.477498919999999938e-01 2.449185371398925781e+00
6.505860540000000247e-01 2.434064149856567383e+00
6.534222720000000262e-01 2.413373947143554688e+00
6.562585459999999982e-01 2.220457077026367188e+00
6.590948770000000234e-01 2.318845510482788086e+00
6.619312640000000192e-01 2.366831064224243164e+00
6.647677069999999855e-01 2.348963975906372070e+00
6.676042060000000333e-01 2.325005531311035156e+00
6.704407620000000234e-01 2.300259113311767578e+00
6.732773739999999840e-01 2.274506092071533203e+00
6.761140420000000262e-01 2.254188299179077148e+00
6.789507660000000389e-01 2.245366096496582031e+00
6.817875469999999938e-01 2.220221996307373047e+00
6.846243829999999475e-01 2.139006137847900391e+00
6.874612759999999545e-01 1.794903039932250977e+00
6.902982260000000148e-01 1.823881149291992188e+00
6.931352309999999628e-01 1.848486423492431641e+00
6.959722929999999641e-01 1.866899967193603516e+00
6.988094110000000470e-01 1.846338152885437012e+00
7.016465849999999893e-01 1.735060334205627441e+00
7.044838150000000132e-01 1.732324600219726562e+00
7.073211019999999793e-01 1.690189957618713379e+00
7.101584450000000270e-01 1.621355891227722168e+00
7.129958440000000452e-01 1.522696256637573242e+00
7.158332990000000340e-01 1.288460016250610352e+00
7.186708109999999650e-01 9.357318282127380371e-01
7.215083789999999775e-01 9.502651095390319824e-01
7.243460029999999605e-01 8.706230521202087402e-01
7.271836830000000251e-01 7.867782115936279297e-01
7.300214200000000320e-01 7.340862154960632324e-01
7.328592130000000093e-01 7.458083033561706543e-01
7.356970619999999572e-01 7.410809397697448730e-01
7.385349669999999866e-01 7.215067744255065918e-01
7.413729289999999583e-01 7.212782502174377441e-01
7.442109470000000115e-01 7.342147231101989746e-01
7.470490210000000353e-01 7.311524152755737305e-01
7.498871510000000296e-01 7.246927618980407715e-01
7.527253379999999661e-01 7.094068527221679688e-01
7.555635800000000124e-01 7.116265892982482910e-01
7.584018790000000010e-01 5.805922150611877441e-01
7.612402350000000428e-01 2.750619649887084961e-01
7.640786459999999725e-01 3.281317055225372314e-01
7.669171139999999554e-01 5.258345603942871094e-01
7.697556380000000198e-01 6.449393033981323242e-01
7.725942180000000548e-01 6.694068908691406250e-01
7.754328539999999492e-01 6.691480875015258789e-01
7.782715470000000080e-01 6.676483750343322754e-01
7.811102960000000373e-01 6.826897263526916504e-01
7.839491010000000371e-01 6.722502112388610840e-01
7.867879620000000074e-01 6.548194885253906250e-01
7.896268800000000310e-01 6.416923999786376953e-01
7.924658540000000251e-01 6.381735801696777344e-01
7.953048839999999897e-01 6.550308465957641602e-01
7.981439700000000359e-01 6.562777757644653320e-01
8.009831130000000243e-01 6.493385434150695801e-01
8.038223119999999833e-01 6.521108150482177734e-01
8.066615670000000238e-01 6.709969639778137207e-01
8.095008780000000348e-01 6.419060826301574707e-01
8.123402459999999881e-01 5.724281072616577148e-01
8.151796700000000229e-01 4.706078767776489258e-01
8.180191500000000282e-01 4.395992755889892578e-01
8.208586860000000041e-01 4.689842462539672852e-01
8.236982790000000332e-01 4.342923462390899658e-01
8.265379269999999501e-01 4.507094025611877441e-01
8.293776320000000313e-01 4.023848176002502441e-01
8.322173940000000547e-01 3.842104673385620117e-01
8.350572109999999659e-01 3.920156061649322510e-01
8.378970850000000414e-01 4.005113542079925537e-01
8.407370149999999764e-01 4.063519537448883057e-01
8.435770009999999930e-01 4.012187123298645020e-01
8.464170429999999801e-01 3.987174928188323975e-01
8.492571420000000204e-01 3.781191110610961914e-01
8.520972970000000313e-01 3.618479073047637939e-01
8.549375080000000127e-01 3.444522917270660400e-01
8.577777749999999646e-01 3.656536638736724854e-01
8.606180989999999698e-01 3.599074482917785645e-01
8.634584789999999455e-01 3.508523404598236084e-01
8.662989150000000027e-01 3.263171017169952393e-01
8.691394070000000305e-01 3.328660428524017334e-01
8.719799560000000005e-01 3.277854025363922119e-01
8.748205610000000521e-01 3.212135732173919678e-01
8.776612219999999631e-01 3.156133890151977539e-01
8.805019389999999557e-01 3.064686954021453857e-01
8.833427130000000016e-01 3.069761395454406738e-01
8.861835430000000180e-01 2.885374426841735840e-01
8.890244290000000049e-01 2.802411317825317383e-01
8.918653709999999624e-01 2.694585621356964111e-01
8.947063699999999731e-01 2.283303588628768921e-01
8.975474239999999826e-01 1.796320527791976929e-01
9.003885350000000454e-01 1.646186113357543945e-01
9.032297030000000504e-01 1.865981370210647583e-01
9.060709260000000542e-01 1.848127990961074829e-01
9.089122060000000003e-01 1.535287350416183472e-01
9.117535420000000279e-01 1.547111719846725464e-01
9.145949340000000261e-01 1.422272622585296631e-01
9.174363819999999947e-01 1.421164274215698242e-01
9.202778870000000166e-01 1.600598245859146118e-01
9.231194480000000091e-01 1.576442867517471313e-01
9.259610649999999721e-01 1.430967748165130615e-01
9.288027380000000166e-01 1.032124087214469910e-01
9.316444680000000034e-01 5.565287545323371887e-02
9.344862539999999607e-01 3.310836479067802429e-02
9.373280959999999995e-01 3.518321365118026733e-02
9.401699940000000089e-01 5.501493811607360840e-02
9.430119489999999605e-01 4.705450683832168579e-02
9.458539599999999936e-01 4.037645086646080017e-02
9.486960269999999973e-01 4.602216184139251709e-02
9.515381499999999715e-01 4.715601727366447449e-02
9.543803299999999989e-01 4.626520350575447083e-02
9.572225659999999969e-01 4.968323558568954468e-02
9.600648579999999654e-01 5.211704596877098083e-02
9.629072060000000155e-01 6.217796728014945984e-02
9.657496110000000078e-01 7.030390202999114990e-02
9.685920709999999989e-01 9.162124246358871460e-02
9.714345880000000433e-01 1.028218343853950500e-01
9.742771620000000299e-01 8.975452184677124023e-02
9.771197910000000153e-01 9.294787049293518066e-02
9.799624770000000540e-01 9.784445911645889282e-02
9.828052189999999522e-01 1.090137436985969543e-01
9.856480170000000429e-01 1.119113340973854065e-01
9.884908709999999932e-01 1.195561364293098450e-01
9.913337819999999967e-01 1.170436516404151917e-01
9.941767489999999707e-01 1.200528070330619812e-01
9.970197720000000263e-01 1.204313710331916809e-01
9.998628510000000524e-01 1.171673312783241272e-01
1.002705986999999910e+00 1.168580055236816406e-01
1.005549178999999960e+00 1.160541176795959473e-01
1.008392426999999980e+00 1.158511340618133545e-01
1.011235730999999971e+00 1.199032142758369446e-01
1.014079092000000015e+00 1.135933250188827515e-01
1.016922509000000030e+00 1.238742545247077942e-01
1.019765982000000015e+00 1.151128560304641724e-01
1.022609510999999971e+00 1.155587434768676758e-01
1.025453096999999980e+00 1.180201843380928040e-01
1.028296738999999960e+00 1.212595775723457336e-01
1.031140436999999910e+00 1.164624094963073730e-01
1.033984191000000052e+00 1.179623603820800781e-01
1.036828002000000026e+00 1.209270879626274109e-01
1.039671868000000110e+00 1.209662780165672302e-01
1.042515791000000025e+00 1.090558990836143494e-01
1.045359770999999993e+00 1.277457028627395630e-01
