3.615872339999999796e-01 1.320920825004577637e+00
3.644177160000000026e-01 1.415631055831909180e+00
3.672482539999999962e-01 1.569988012313842773e+00
3.700788480000000158e-01 1.566453695297241211e+00
3.729094980000000059e-01 1.402058124542236328e+00
3.757402049999999938e-01 1.483284831047058105e+00
3.785709680000000077e-01 1.655705332756042480e+00
3.814017869999999921e-01 1.419903278350830078e+00
3.842326620000000026e-01 1.307795405387878418e+00
3.870635940000000108e-01 1.422380447387695312e+00
3.898945819999999896e-01 1.618865966796875000e+00
3.927256259999999943e-01 1.410832047462463379e+00
3.955567260000000251e-01 1.448452711105346680e+00
3.983878829999999982e-01 1.820152044296264648e+00
4.012190950000000256e-01 2.287314891815185547e+00
4.040503639999999952e-01 2.256921768188476562e+00
4.068816900000000181e-01 2.227366447448730469e+00
4.097130709999999842e-01 2.255527019500732422e+00
4.125445090000000037e-01 2.326434612274169922e+00
4.153760029999999936e-01 2.345357179641723633e+00
4.182075530000000096e-01 2.299083709716796875e+00
4.210391589999999962e-01 2.304814577102661133e+00
4.238708219999999804e-01 2.265787124633789062e+00
4.267025409999999908e-01 2.204587936401367188e+00
4.295343160000000271e-01 2.019043207168579102e+00
4.323661469999999785e-01 2.129757642745971680e+00
4.351980349999999831e-01 2.344940423965454102e+00
4.380299790000000137e-01 2.366881370544433594e+00
4.408619790000000149e-01 2.448899269104003906e+00
4.436940349999999866e-01 2.555219411849975586e+00
4.465261480000000116e-01 2.589253902435302734e+00
4.493583170000000071e-01 2.732357501983642578e+00
4.521905419999999731e-01 2.752336263656616211e+00
4.550228230000000207e-01 2.726560354232788086e+00
4.578551610000000105e-01 2.775969028472900391e+00
4.606875550000000263e-01 2.805205345153808594e+00
4.635200050000000127e-01 2.820735216140747070e+00
4.663525110000000251e-01 2.755990982055664062e+00
4.691850739999999798e-01 2.749929904937744141e+00
4.720176919999999887e-01 2.779625892639160156e+00
4.748503669999999954e-01 2.828479051589965820e+00
4.776830989999999999e-01 2.858857154846191406e+00
4.805158860000000032e-01 2.933805227279663086e+00
4.833487300000000042e-01 2.887035131454467773e+00
4.861816299999999758e-01 2.674755334854125977e+00
4.890145859999999733e-01 2.779142141342163086e+00
4.918475979999999970e-01 2.850593805313110352e+00
4.946806670000000183e-01 2.915698289871215820e+00
4.975137920000000102e-01 2.925425529479980469e+00
5.003469729999999727e-01 2.856450080871582031e+00
5.031802100000000166e-01 2.835201978683471680e+00
5.060135040000000028e-01 2.922227621078491211e+00
5.088468539999999596e-01 2.925373792648315430e+00
5.116802599999999979e-01 2.960426807403564453e+00
5.145137220000000067e-01 2.894008398056030273e+00
5.173472409999999577e-01 2.744092464447021484e+00
5.201808159999999903e-01 2.851266145706176758e+00
5.230144469999999934e-01 2.992670297622680664e+00
5.258481339999999671e-01 2.997886657714843750e+00
5.286818779999999940e-01 3.030464410781860352e+00
5.315156779999999914e-01 3.129314184188842773e+00
5.343495339999999594e-01 3.119859933853149414e+00
5.371834460000000089e-01 3.155599832534790039e+00
5.400174150000000006e-01 3.102291345596313477e+00
5.428514389999999912e-01 3.131395339965820312e+00
5.456855200000000350e-01 3.173061370849609375e+00
5.485196580000000210e-01 3.184273958206176758e+00
5.513538510000000059e-01 3.224043846130371094e+00
5.541881010000000440e-01 3.235018253326416016e+00
5.570224070000000527e-01 3.217130184173583984e+00
5.598567690000000319e-01 3.169266223907470703e+00
5.626911869999999816e-01 3.213724374771118164e+00
5.655256619999999845e-01 3.202119588851928711e+00
5.683601929999999580e-01 3.179924488067626953e+00
5.711947800000000131e-01 3.141183376312255859e+00
5.740294230000000386e-01 3.187539815902709961e+00
5.768641230000000064e-01 3.154657125473022461e+00
5.796988789999999447e-01 3.172291040420532227e+00
5.825336909999999646e-01 3.230899572372436523e+00
5.853685589999999550e-01 3.199777364730834961e+00
5.882034839999999987e-01 2.988281726837158203e+00
5.910384650000000129e-01 2.849922180175781250e+00
5.938735019999999976e-01 2.892822504043579102e+00
5.967085949999999528e-01 2.890671253204345703e+00
5.995437449999999613e-01 2.841556787490844727e+00
6.023789510000000513e-01 2.789048671722412109e+00
6.052142130000000009e-01 2.806197166442871094e+00
6.080495310000000320e-01 2.769281864166259766e+00
6.108849060000000053e-01 2.657457590103149414e+00
6.137203359999999774e-01 2.607381582260131836e+00
6.165558230000000028e-01 2.563128709793090820e+00
6.193913669999999705e-01 2.628761768341064453e+00
6.222269660000000480e-01 2.618575096130371094e+00
6.250626219999999567e-01 2.546769142150878906e+00
6.278983339999999469e-01 2.482653379440307617e+00
6.307341020000000187e-01 2.462862014770507812e+00
6.335699259999999500e-01 2.492792606353759766e+00
6.364058070000000455e-01 2.522606372833251953e+00
6.392417440000000006e-01 2.521090745925903320e+00
6.420777370000000372e-01 2.488819599151611328e+00
6.449137860000000444e-01 2.455886125564575195e+00
6.477498919999999938e-01 2.335244417190551758e+00
6.505860540000000247e-01 2.324330091476440430e+00
6.534222720000000262e-01 2.319482803344726562e+00
6.562585459999999982e-01 2.127552747726440430e+00
6.590948770000000234e-01 2.220469236373901367e+00
6.619312640000000192e-01 2.270729541778564453e+00
6.647677069999999855e-01 2.254772424697875977e+00
6.676042060000000333e-01 2.239066600799560547e+00
6.704407620000000234e-01 2.206898212432861328e+00
6.732773739999999840e-01 2.181227684020996094e+00
6.761140420000000262e-01 2.170908451080322266e+00
6.789507660000000389e-01 2.156274080276489258e+00
6.817875469999999938e-01 2.123619318008422852e+00
6.846243829999999475e-01 2.049928188323974609e+00
6.874612759999999545e-01 1.717599868774414062e+00
6.902982260000000148e-01 1.734466791152954102e+00
6.931352309999999628e-01 1.773385405540466309e+00
6.959722929999999641e-01 1.776222586631774902e+00
6.988094110000000470e-01 1.757809042930603027e+00
7.016465849999999893e-01 1.656100273132324219e+00
7.044838150000000132e-01 1.651673674583435059e+00
7.073211019999999793e-01 1.609480261802673340e+00
7.101584450000000270e-01 1.542927980422973633e+00
7.129958440000000452e-01 1.450136899948120117e+00
7.158332990000000340e-01 1.220246315002441406e+00
7.186708109999999650e-01 8.875502347946166992e-01
7.215083789999999775e-01 9.031194448471069336e-01
7.243460029999999605e-01 8.281930685043334961e-01
7.271836830000000251e-01 7.490047216415405273e-01
7.300214200000000320e-01 6.947869658470153809e-01
7.328592130000000093e-01 7.116181254386901855e-01
7.356970619999999572e-01 6.974219083786010742e-01
7.385349669999999866e-01 6.835091710090637207e-01
7.413729289999999583e-01 6.791324615478515625e-01
7.442109470000000115e-01 6.956168413162231445e-01
7.470490210000000353e-01 6.951110363006591797e-01
7.498871510000000296e-01 6.827749013900756836e-01
7.527253379999999661e-01 6.711055040359497070e-01
7.555635800000000124e-01 6.636809110641479492e-01
7.584018790000000010e-01 5.506801009178161621e-01
7.612402350000000428e-01 2.553107440471649170e-01
7.640786459999999725e-01 3.117635846138000488e-01
7.669171139999999554e-01 4.991255700588226318e-01
7.697556380000000198e-01 6.086673736572265625e-01
7.725942180000000548e-01 6.264217495918273926e-01
7.754328539999999492e-01 6.314539313316345215e-01
7.782715470000000080e-01 6.318422555923461914e-01
7.811102960000000373e-01 6.325342655181884766e-01
7.839491010000000371e-01 6.319639682769775391e-01
7.867879620000000074e-01 6.255605220794677734e-01
7.896268800000000310e-01 6.054899692535400391e-01
7.924658540000000251e-01 6.043262481689453125e-01
7.953048839999999897e-01 6.096423864364624023e-01
7.981439700000000359e-01 6.224259138107299805e-01
8.009831130000000243e-01 6.098674535751342773e-01
8.038223119999999833e-01 6.142178177833557129e-01
8.066615670000000238e-01 6.287842392921447754e-01
8.095008780000000348e-01 6.065158843994140625e-01
8.123402459999999881e-01 5.380950570106506348e-01
8.151796700000000229e-01 4.418332874774932861e-01
8.180191500000000282e-01 4.153169393539428711e-01
8.208586860000000041e-01 4.420766830444335938e-01
8.236982790000000332e-01 4.071272611618041992e-01
8.265379269999999501e-01 4.254037439823150635e-01
8.293776320000000313e-01 3.840126991271972656e-01
8.322173940000000547e-01 3.623956441879272461e-01
8.350572109999999659e-01 3.707004785537719727e-01
8.378970850000000414e-01 3.758593201637268066e-01
8.407370149999999764e-01 3.783595561981201172e-01
8.435770009999999930e-01 3.731750845909118652e-01
8.464170429999999801e-01 3.714223802089691162e-01
8.492571420000000204e-01 3.520093858242034912e-01
8.520972970000000313e-01 3.399788737297058105e-01
8.549375080000000127e-01 3.275475800037384033e-01
8.577777749999999646e-01 3.372460901737213135e-01
8.606180989999999698e-01 3.382123410701751709e-01
8.634584789999999455e-01 3.290377557277679443e-01
8.662989150000000027e-01 3.014007508754730225e-01
8.691394070000000305e-01 3.108854293823242188e-01
8.719799560000000005e-01 3.114959001541137695e-01
8.748205610000000521e-01 3.041849434375762939e-01
8.776612219999999631e-01 2.959946990013122559e-01
8.805019389999999557e-01 2.821877002716064453e-01
8.833427130000000016e-01 2.803991138935089111e-01
8.861835430000000180e-01 2.720459103584289551e-01
8.890244290000000049e-01 2.646240592002868652e-01
8.918653709999999624e-01 2.461684048175811768e-01
8.947063699999999731e-01 2.117532938718795776e-01
8.975474239999999826e-01 1.706101447343826294e-01
9.003885350000000454e-01 1.525300741195678711e-01
9.032297030000000504e-01 1.740632951259613037e-01
9.060709260000000542e-01 1.742834746837615967e-01
9.089122060000000003e-01 1.414791345596313477e-01
9.117535420000000279e-01 1.422942429780960083e-01
9.145949340000000261e-01 1.338478624820709229e-01
9.174363819999999947e-01 1.354519426822662354e-01
9.202778870000000166e-01 1.499518305063247681e-01
9.231194480000000091e-01 1.439998596906661987e-01
9.259610649999999721e-01 1.303432136774063110e-01
9.288027380000000166e-01 9.526389837265014648e-02
9.316444680000000034e-01 5.472112819552421570e-02
9.344862539999999607e-01 2.920683287084102631e-02
9.373280959999999995e-01 3.387331590056419373e-02
9.401699940000000089e-01 5.218517780303955078e-02
9.430119489999999605e-01 5.060096830129623413e-02
9.458539599999999936e-01 3.941935673356056213e-02
9.486960269999999973e-01 4.265892133116722107e-02
9.515381499999999715e-01 4.372212663292884827e-02
9.543803299999999989e-01 4.859389737248420715e-02
9.572225659999999969e-01 4.909924790263175964e-02
9.600648579999999654e-01 5.421270802617073059e-02
9.629072060000000155e-01 6.131595373153686523e-02
9.657496110000000078e-01 6.449967622756958008e-02
9.685920709999999989e-01 8.586955815553665161e-02
9.714345880000000433e-01 8.899171650409698486e-02
9.742771620000000299e-01 7.973181456327438354e-02
9.771197910000000153e-01 8.319421112537384033e-02
9.799624770000000540e-01 8.773896843194961548e-02
9.828052189999999522e-01 9.526599198579788208e-02
9.856480170000000429e-01 1.029258966445922852e-01
9.884908709999999932e-01 1.117340624332427979e-01
9.913337819999999967e-01 1.056578755378723145e-01
9.941767489999999707e-01 1.067679971456527710e-01
9.970197720000000263e-01 1.089916601777076721e-01
9.998628510000000524e-01 1.064566597342491150e-01
1.002705986999999910e+00 1.078879609704017639e-01
1.005549178999999960e+00 1.025620475411415100e-01
1.008392426999999980e+00 1.076218783855438232e-01
1.011235730999999971e+00 1.051588729023933411e-01
1.014079092000000015e+00 1.032838225364685059e-01
1.016922509000000030e+00 1.109566614031791687e-01
1.019765982000000015e+00 1.074661538004875183e-01
1.022609510999999971e+00 1.108631640672683716e-01
1.025453096999999980e+00 1.075601428747177124e-01
1.028296738999999960e+00 1.098544299602508545e-01
1.031140436999999910e+00 1.087568327784538269e-01
1.033984191000000052e+00 1.113056093454360962e-01
1.036828002000000026e+00 1.045091673731803894e-01
1.039671868000000110e+00 1.269799470901489258e-01
1.042515791000000025e+00 1.126658320426940918e-01
1.045359770999999993e+00 1.056264638900756836e-01
