3.615872339999999796e-01 1.332752704620361328e+00
3.644177160000000026e-01 1.437233090400695801e+00
3.672482539999999962e-01 1.586176514625549316e+00
3.700788480000000158e-01 1.581951975822448730e+00
3.729094980000000059e-01 1.414547681808471680e+00
3.757402049999999938e-01 1.498497605323791504e+00
3.785709680000000077e-01 1.677279353141784668e+00
3.814017869999999921e-01 1.412164449691772461e+00
3.842326620000000026e-01 1.288701534271240234e+00
3.870635940000000108e-01 1.415657877922058105e+00
3.898945819999999896e-01 1.597393631935119629e+00
3.927256259999999943e-01 1.397866129875183105e+00
3.955567260000000251e-01 1.459312081336975098e+00
3.983878829999999982e-01 1.845725893974304199e+00
4.012190950000000256e-01 2.253222942352294922e+00
4.040503639999999952e-01 2.267803430557250977e+00
4.068816900000000181e-01 2.232355356216430664e+00
4.097130709999999842e-01 2.287192583084106445e+00
4.125445090000000037e-01 2.364375591278076172e+00
4.153760029999999936e-01 2.367016792297363281e+00
4.182075530000000096e-01 2.332457780838012695e+00
4.210391589999999962e-01 2.340102672576904297e+00
4.238708219999999804e-01 2.306731700897216797e+00
4.267025409999999908e-01 2.250453472137451172e+00
4.295343160000000271e-01 2.057031631469726562e+00
4.323661469999999785e-01 2.181032896041870117e+00
4.351980349999999831e-01 2.358451843261718750e+00
4.380299790000000137e-01 2.412639856338500977e+00
4.408619790000000149e-01 2.497919321060180664e+00
4.436940349999999866e-01 2.640002727508544922e+00
4.465261480000000116e-01 2.641964673995971680e+00
4.493583170000000071e-01 2.825577259063720703e+00
4.521905419999999731e-01 2.849509239196777344e+00
4.550228230000000207e-01 2.811264753341674805e+00
4.578551610000000105e-01 2.864411592483520508e+00
4.606875550000000263e-01 2.895479202270507812e+00
4.635200050000000127e-01 2.920613527297973633e+00
4.663525110000000251e-01 2.861599922180175781e+00
4.691850739999999798e-01 2.853171825408935547e+00
4.720176919999999887e-01 2.888049840927124023e+00
4.748503669999999954e-01 2.933369874954223633e+00
4.776830989999999999e-01 2.970534563064575195e+00
4.805158860000000032e-01 3.033032417297363281e+00
4.833487300000000042e-01 3.016566038131713867e+00
4.861816299999999758e-01 2.781251668930053711e+00
4.890145859999999733e-01 2.899670362472534180e+00
4.918475979999999970e-01 2.972303152084350586e+00
4.946806670000000183e-01 3.032903671264648438e+00
4.975137920000000102e-01 3.055427551269531250e+00
5.003469729999999727e-01 2.975692272186279297e+00
5.031802100000000166e-01 2.966365098953247070e+00
5.060135040000000028e-01 3.049710035324096680e+00
5.088468539999999596e-01 3.072807788848876953e+00
5.116802599999999979e-01 3.112332820892333984e+00
5.145137220000000067e-01 3.035424470901489258e+00
5.173472409999999577e-01 2.875630617141723633e+00
5.201808159999999903e-01 3.008757114410400391e+00
5.230144469999999934e-01 3.145025253295898438e+00
5.258481339999999671e-01 3.153810501098632812e+00
5.286818779999999940e-01 3.186154842376708984e+00
5.315156779999999914e-01 3.295827150344848633e+00
5.343495339999999594e-01 3.287082195281982422e+00
5.371834460000000089e-01 3.335531234741210938e+00
5.400174150000000006e-01 3.284641265869140625e+00
5.428514389999999912e-01 3.292514324188232422e+00
5.456855200000000350e-01 3.359436750411987305e+00
5.485196580000000210e-01 3.368478536605834961e+00
5.513538510000000059e-01 3.405245304107666016e+00
5.541881010000000440e-01 3.429484605789184570e+00
5.570224070000000527e-01 3.396477937698364258e+00
5.598567690000000319e-01 3.354259252548217773e+00
5.626911869999999816e-01 3.406224966049194336e+00
5.655256619999999845e-01 3.395512342453002930e+00
5.683601929999999580e-01 3.369976043701171875e+00
5.711947800000000131e-01 3.323195934295654297e+00
5.740294230000000386e-01 3.379418373107910156e+00
5.768641230000000064e-01 3.339799642562866211e+00
5.796988789999999447e-01 3.368459224700927734e+00
5.825336909999999646e-01 3.439820528030395508e+00
5.853685589999999550e-01 3.403855323791503906e+00
5.882034839999999987e-01 3.176673173904418945e+00
5.910384650000000129e-01 3.042666912078857422e+00
5.938735019999999976e-01 3.100342988967895508e+00
5.967085949999999528e-01 3.101391077041625977e+00
5.995437449999999613e-01 3.061562061309814453e+00
6.023789510000000513e-01 3.026120185852050781e+00
6.052142130000000009e-01 3.047563552856445312e+00
6.080495310000000320e-01 3.005275726318359375e+00
6.108849060000000053e-01 2.913239240646362305e+00
6.137203359999999774e-01 2.827590465545654297e+00
6.165558230000000028e-01 2.804605722427368164e+00
6.193913669999999705e-01 2.867732048034667969e+00
6.222269660000000480e-01 2.863950014114379883e+00
6.250626219999999567e-01 2.789633274078369141e+00
6.278983339999999469e-01 2.714511394500732422e+00
6.307341020000000187e-01 2.698669672012329102e+00
6.335699259999999500e-01 2.729930162429809570e+00
6.364058070000000455e-01 2.764577388763427734e+00
6.392417440000000006e-01 2.766735076904296875e+00
6.420777370000000372e-01 2.739310026168823242e+00
6.449137860000000444e-01 2.706580638885498047e+00
6.477498919999999938e-01 2.583400011062622070e+00
6.505860540000000247e-01 2.565219879150390625e+00
6.534222720000000262e-01 2.569370508193969727e+00
6.562585459999999982e-01 2.360786914825439453e+00
6.590948770000000234e-01 2.471545457839965820e+00
6.619312640000000192e-01 2.534045696258544922e+00
6.647677069999999855e-01 2.514886379241943359e+00
6.676042060000000333e-01 2.499013423919677734e+00
6.704407620000000234e-01 2.470469951629638672e+00
6.732773739999999840e-01 2.443588733673095703e+00
6.761140420000000262e-01 2.433503150939941406e+00
6.789507660000000389e-01 2.417592287063598633e+00
6.817875469999999938e-01 2.394850969314575195e+00
6.846243829999999475e-01 2.308514833450317383e+00
6.874612759999999545e-01 1.933081626892089844e+00
6.902982260000000148e-01 1.966215729713439941e+00
6.931352309999999628e-01 1.996904850006103516e+00
6.959722929999999641e-01 2.018893718719482422e+00
6.988094110000000470e-01 2.000241279602050781e+00
7.016465849999999893e-01 1.894767880439758301e+00
7.044838150000000132e-01 1.897207617759704590e+00
7.073211019999999793e-01 1.853734016418457031e+00
7.101584450000000270e-01 1.797700285911560059e+00
7.129958440000000452e-01 1.690518379211425781e+00
7.158332990000000340e-01 1.434734225273132324e+00
7.186708109999999650e-01 1.043700695037841797e+00
7.215083789999999775e-01 1.083067059516906738e+00
7.243460029999999605e-01 9.935108423233032227e-01
7.271836830000000251e-01 8.979009389877319336e-01
7.300214200000000320e-01 8.431026339530944824e-01
7.328592130000000093e-01 8.675247430801391602e-01
7.356970619999999572e-01 8.578702807426452637e-01
7.385349669999999866e-01 8.404558897018432617e-01
7.413729289999999583e-01 8.362897038459777832e-01
7.442109470000000115e-01 8.510850667953491211e-01
7.470490210000000353e-01 8.522950410842895508e-01
7.498871510000000296e-01 8.404430747032165527e-01
7.527253379999999661e-01 8.308237791061401367e-01
7.555635800000000124e-01 8.192414641380310059e-01
7.584018790000000010e-01 6.722308993339538574e-01
7.612402350000000428e-01 3.179406821727752686e-01
7.640786459999999725e-01 3.893719911575317383e-01
7.669171139999999554e-01 6.193419098854064941e-01
7.697556380000000198e-01 7.564398050308227539e-01
7.725942180000000548e-01 7.849114537239074707e-01
7.754328539999999492e-01 7.912853956222534180e-01
7.782715470000000080e-01 7.838838100433349609e-01
7.811102960000000373e-01 7.903695702552795410e-01
7.839491010000000371e-01 7.890759110450744629e-01
7.867879620000000074e-01 7.856818437576293945e-01
7.896268800000000310e-01 7.638188004493713379e-01
7.924658540000000251e-01 7.628568410873413086e-01
7.953048839999999897e-01 7.698484063148498535e-01
7.981439700000000359e-01 7.786182165145874023e-01
8.009831130000000243e-01 7.694426178932189941e-01
8.038223119999999833e-01 7.765621542930603027e-01
8.066615670000000238e-01 7.883750796318054199e-01
8.095008780000000348e-01 7.543119788169860840e-01
8.123402459999999881e-01 6.772543191909790039e-01
8.151796700000000229e-01 5.547412037849426270e-01
8.180191500000000282e-01 5.254108309745788574e-01
8.208586860000000041e-01 5.630338191986083984e-01
8.236982790000000332e-01 5.136525034904479980e-01
8.265379269999999501e-01 5.322714447975158691e-01
8.293776320000000313e-01 4.774193167686462402e-01
8.322173940000000547e-01 4.583150446414947510e-01
8.350572109999999659e-01 4.642364978790283203e-01
8.378970850000000414e-01 4.747374057769775391e-01
8.407370149999999764e-01 4.814412295818328857e-01
8.435770009999999930e-01 4.719677865505218506e-01
8.464170429999999801e-01 4.729551672935485840e-01
8.492571420000000204e-01 4.444332420825958252e-01
8.520972970000000313e-01 4.320674836635589600e-01
8.549375080000000127e-01 4.018371105194091797e-01
8.577777749999999646e-01 4.274191260337829590e-01
8.606180989999999698e-01 4.252765178680419922e-01
8.634584789999999455e-01 4.128867685794830322e-01
8.662989150000000027e-01 3.831921815872192383e-01
8.691394070000000305e-01 3.885104060173034668e-01
8.719799560000000005e-01 3.904005885124206543e-01
8.748205610000000521e-01 3.793759346008300781e-01
8.776612219999999631e-01 3.697804510593414307e-01
8.805019389999999557e-01 3.527705073356628418e-01
8.833427130000000016e-01 3.519486486911773682e-01
8.861835430000000180e-01 3.374997675418853760e-01
8.890244290000000049e-01 3.304402530193328857e-01
8.918653709999999624e-01 3.128483295440673828e-01
8.947063699999999731e-01 2.643106579780578613e-01
8.975474239999999826e-01 2.098585665225982666e-01
9.003885350000000454e-01 1.884446442127227783e-01
9.032297030000000504e-01 2.216252684593200684e-01
9.060709260000000542e-01 2.190259099006652832e-01
9.089122060000000003e-01 1.793128103017807007e-01
9.117535420000000279e-01 1.773654818534851074e-01
9.145949340000000261e-01 1.636732518672943115e-01
9.174363819999999947e-01 1.624814718961715698e-01
9.202778870000000166e-01 1.926354616880416870e-01
9.231194480000000091e-01 1.784969866275787354e-01
9.259610649999999721e-01 1.617040634155273438e-01
9.288027380000000166e-01 1.194140613079071045e-01
9.316444680000000034e-01 6.690900027751922607e-02
9.344862539999999607e-01 3.891685232520103455e-02
9.373280959999999995e-01 4.330713301897048950e-02
9.401699940000000089e-01 6.507442146539688110e-02
9.430119489999999605e-01 5.519882589578628540e-02
9.458539599999999936e-01 4.842735826969146729e-02
9.486960269999999973e-01 4.809056967496871948e-02
9.515381499999999715e-01 5.314966291189193726e-02
9.543803299999999989e-01 5.395667254924774170e-02
9.572225659999999969e-01 6.221517175436019897e-02
9.600648579999999654e-01 6.511566787958145142e-02
9.629072060000000155e-01 6.937504559755325317e-02
9.657496110000000078e-01 7.814056426286697388e-02
9.685920709999999989e-01 1.034518256783485413e-01
9.714345880000000433e-01 1.094088479876518250e-01
9.742771620000000299e-01 9.567539393901824951e-02
9.771197910000000153e-01 9.871390461921691895e-02
9.799624770000000540e-01 1.065846607089042664e-01
9.828052189999999522e-01 1.166418567299842834e-01
9.856480170000000429e-01 1.248212307691574097e-01
9.884908709999999932e-01 1.319153606891632080e-01
9.913337819999999967e-01 1.322556883096694946e-01
9.941767489999999707e-01 1.334233582019805908e-01
9.970197720000000263e-01 1.307895928621292114e-01
9.998628510000000524e-01 1.330753266811370850e-01
1.002705986999999910e+00 1.329563409090042114e-01
1.005549178999999960e+00 1.252281069755554199e-01
1.008392426999999980e+00 1.316248178482055664e-01
1.011235730999999971e+00 1.390573680400848389e-01
1.014079092000000015e+00 1.337909996509552002e-01
1.016922509000000030e+00 1.340873241424560547e-01
1.019765982000000015e+00 1.351249366998672485e-01
1.022609510999999971e+00 1.356745511293411255e-01
1.025453096999999980e+00 1.366358101367950439e-01
1.028296738999999960e+00 1.360778361558914185e-01
1.031140436999999910e+00 1.338102817535400391e-01
1.033984191000000052e+00 1.417347639799118042e-01
1.036828002000000026e+00 1.466364413499832153e-01
1.039671868000000110e+00 1.436096280813217163e-01
1.042515791000000025e+00 1.455575227737426758e-01
1.045359770999999993e+00 1.445734649896621704e-01
