3.615872339999999796e-01 1.289614677429199219e+00
3.644177160000000026e-01 1.471022129058837891e+00
3.672482539999999962e-01 1.567116856575012207e+00
3.700788480000000158e-01 1.566799521446228027e+00
3.729094980000000059e-01 1.406965851783752441e+00
3.757402049999999938e-01 1.511362552642822266e+00
3.785709680000000077e-01 1.656997084617614746e+00
3.814017869999999921e-01 1.393164277076721191e+00
3.842326620000000026e-01 1.287583351135253906e+00
3.870635940000000108e-01 1.395637869834899902e+00
3.898945819999999896e-01 1.615743756294250488e+00
3.927256259999999943e-01 1.400248050689697266e+00
3.955567260000000251e-01 1.445667624473571777e+00
3.983878829999999982e-01 1.815072059631347656e+00
4.012190950000000256e-01 2.246946573257446289e+00
4.040503639999999952e-01 2.246644973754882812e+00
4.068816900000000181e-01 2.192937612533569336e+00
4.097130709999999842e-01 2.258334159851074219e+00
4.125445090000000037e-01 2.363908767700195312e+00
4.153760029999999936e-01 2.351395130157470703e+00
4.182075530000000096e-01 2.298168897628784180e+00
4.210391589999999962e-01 2.297110319137573242e+00
4.238708219999999804e-01 2.261606693267822266e+00
4.267025409999999908e-01 2.229421615600585938e+00
4.295343160000000271e-01 2.015721082687377930e+00
4.323661469999999785e-01 2.169883728027343750e+00
4.351980349999999831e-01 2.349035024642944336e+00
4.380299790000000137e-01 2.363535165786743164e+00
4.408619790000000149e-01 2.447898387908935547e+00
4.436940349999999866e-01 2.592419385910034180e+00
4.465261480000000116e-01 2.625324964523315430e+00
4.493583170000000071e-01 2.771274805068969727e+00
4.521905419999999731e-01 2.785056829452514648e+00
4.550228230000000207e-01 2.758192777633666992e+00
4.578551610000000105e-01 2.812031745910644531e+00
4.606875550000000263e-01 2.832851648330688477e+00
4.635200050000000127e-01 2.869050264358520508e+00
4.663525110000000251e-01 2.803670167922973633e+00
4.691850739999999798e-01 2.806040048599243164e+00
4.720176919999999887e-01 2.834520101547241211e+00
4.748503669999999954e-01 2.888759136199951172e+00
4.776830989999999999e-01 2.902487039566040039e+00
4.805158860000000032e-01 2.962870121002197266e+00
4.833487300000000042e-01 2.935420751571655273e+00
4.861816299999999758e-01 2.705749750137329102e+00
4.890145859999999733e-01 2.826653480529785156e+00
4.918475979999999970e-01 2.902034521102905273e+00
4.946806670000000183e-01 2.954964399337768555e+00
4.975137920000000102e-01 2.970875740051269531e+00
5.003469729999999727e-01 2.903236150741577148e+00
5.031802100000000166e-01 2.881211042404174805e+00
5.060135040000000028e-01 2.968362808227539062e+00
5.088468539999999596e-01 2.986560344696044922e+00
5.116802599999999979e-01 3.018952846527099609e+00
5.145137220000000067e-01 2.950650215148925781e+00
5.173472409999999577e-01 2.799301385879516602e+00
5.201808159999999903e-01 2.918448448181152344e+00
5.230144469999999934e-01 3.042466640472412109e+00
5.258481339999999671e-01 3.045557975769042969e+00
5.286818779999999940e-01 3.088219642639160156e+00
5.315156779999999914e-01 3.180988311767578125e+00
5.343495339999999594e-01 3.189702749252319336e+00
5.371834460000000089e-01 3.218705177307128906e+00
5.400174150000000006e-01 3.151816606521606445e+00
5.428514389999999912e-01 3.186167240142822266e+00
5.456855200000000350e-01 3.251658201217651367e+00
5.485196580000000210e-01 3.255625486373901367e+00
5.513538510000000059e-01 3.291487693786621094e+00
5.541881010000000440e-01 3.311756372451782227e+00
5.570224070000000527e-01 3.269734144210815430e+00
5.598567690000000319e-01 3.233216285705566406e+00
5.626911869999999816e-01 3.282974243164062500e+00
5.655256619999999845e-01 3.271533250808715820e+00
5.683601929999999580e-01 3.235872983932495117e+00
5.711947800000000131e-01 3.209243297576904297e+00
5.740294230000000386e-01 3.254200935363769531e+00
5.768641230000000064e-01 3.223979711532592773e+00
5.796988789999999447e-01 3.242980003356933594e+00
5.825336909999999646e-01 3.301085472106933594e+00
5.853685589999999550e-01 3.254527568817138672e+00
5.882034839999999987e-01 3.035565376281738281e+00
5.910384650000000129e-01 2.911873817443847656e+00
5.938735019999999976e-01 2.953127145767211914e+00
5.967085949999999528e-01 2.938961267471313477e+00
5.995437449999999613e-01 2.891037464141845703e+00
6.023789510000000513e-01 2.848621129989624023e+00
6.052142130000000009e-01 2.853386163711547852e+00
6.080495310000000320e-01 2.805204629898071289e+00
6.108849060000000053e-01 2.707513570785522461e+00
6.137203359999999774e-01 2.639820337295532227e+00
6.165558230000000028e-01 2.622390508651733398e+00
6.193913669999999705e-01 2.690290689468383789e+00
6.222269660000000480e-01 2.672096252441406250e+00
6.250626219999999567e-01 2.604903697967529297e+00
6.278983339999999469e-01 2.538379669189453125e+00
6.307341020000000187e-01 2.508517265319824219e+00
6.335699259999999500e-01 2.534095525741577148e+00
6.364058070000000455e-01 2.568363904953002930e+00
6.392417440000000006e-01 2.570809364318847656e+00
6.420777370000000372e-01 2.542422533035278320e+00
6.449137860000000444e-01 2.504944086074829102e+00
6.477498919999999938e-01 2.392336845397949219e+00
6.505860540000000247e-01 2.379632949829101562e+00
6.534222720000000262e-01 2.360858201980590820e+00
6.562585459999999982e-01 2.167428731918334961e+00
6.590948770000000234e-01 2.273110866546630859e+00
6.619312640000000192e-01 2.324752092361450195e+00
6.647677069999999855e-01 2.309271574020385742e+00
6.676042060000000333e-01 2.293194055557250977e+00
6.704407620000000234e-01 2.265795707702636719e+00
6.732773739999999840e-01 2.243944168090820312e+00
6.761140420000000262e-01 2.229000329971313477e+00
6.789507660000000389e-01 2.202910184860229492e+00
6.817875469999999938e-01 2.189095973968505859e+00
6.846243829999999475e-01 2.095395326614379883e+00
6.874612759999999545e-01 1.762362360954284668e+00
6.902982260000000148e-01 1.770190119743347168e+00
6.931352309999999628e-01 1.801471829414367676e+00
6.959722929999999641e-01 1.814614892005920410e+00
6.988094110000000470e-01 1.776496529579162598e+00
7.016465849999999893e-01 1.678948163986206055e+00
7.044838150000000132e-01 1.668515920639038086e+00
7.073211019999999793e-01 1.629052281379699707e+00
7.101584450000000270e-01 1.568950414657592773e+00
7.129958440000000452e-01 1.471679806709289551e+00
7.158332990000000340e-01 1.237392663955688477e+00
7.186708109999999650e-01 9.065948724746704102e-01
7.215083789999999775e-01 9.217391014099121094e-01
7.243460029999999605e-01 8.400217294692993164e-01
7.271836830000000251e-01 7.618768215179443359e-01
7.300214200000000320e-01 7.051177620887756348e-01
7.328592130000000093e-01 7.187405228614807129e-01
7.356970619999999572e-01 7.165957093238830566e-01
7.385349669999999866e-01 6.944675445556640625e-01
7.413729289999999583e-01 6.971741914749145508e-01
7.442109470000000115e-01 7.095535993576049805e-01
7.470490210000000353e-01 7.034396529197692871e-01
7.498871510000000296e-01 6.940368413925170898e-01
7.527253379999999661e-01 6.847413778305053711e-01
7.555635800000000124e-01 6.756429672241210938e-01
7.584018790000000010e-01 5.503861308097839355e-01
7.612402350000000428e-01 2.587410807609558105e-01
7.640786459999999725e-01 3.122303187847137451e-01
7.669171139999999554e-01 5.074233412742614746e-01
7.697556380000000198e-01 6.237947344779968262e-01
7.725942180000000548e-01 6.381085515022277832e-01
7.754328539999999492e-01 6.398931741714477539e-01
7.782715470000000080e-01 6.478172540664672852e-01
7.811102960000000373e-01 6.436026692390441895e-01
7.839491010000000371e-01 6.468323469161987305e-01
7.867879620000000074e-01 6.382901668548583984e-01
7.896268800000000310e-01 6.159557700157165527e-01
7.924658540000000251e-01 6.151437163352966309e-01
7.953048839999999897e-01 6.255314350128173828e-01
7.981439700000000359e-01 6.317404508590698242e-01
8.009831130000000243e-01 6.283241510391235352e-01
8.038223119999999833e-01 6.242154836654663086e-01
8.066615670000000238e-01 6.382478475570678711e-01
8.095008780000000348e-01 6.161423325538635254e-01
8.123402459999999881e-01 5.410909056663513184e-01
8.151796700000000229e-01 4.474630951881408691e-01
8.180191500000000282e-01 4.229014813899993896e-01
8.208586860000000041e-01 4.427960216999053955e-01
8.236982790000000332e-01 4.150275588035583496e-01
8.265379269999999501e-01 4.247124791145324707e-01
8.293776320000000313e-01 3.824824690818786621e-01
8.322173940000000547e-01 3.648836910724639893e-01
8.350572109999999659e-01 3.715883195400238037e-01
8.378970850000000414e-01 3.781024813652038574e-01
8.407370149999999764e-01 3.831086456775665283e-01
8.435770009999999930e-01 3.793038427829742432e-01
8.464170429999999801e-01 3.778229057788848877e-01
8.492571420000000204e-01 3.611899018287658691e-01
8.520972970000000313e-01 3.422675132751464844e-01
8.549375080000000127e-01 3.197821676731109619e-01
8.577777749999999646e-01 3.453919291496276855e-01
8.606180989999999698e-01 3.418735563755035400e-01
8.634584789999999455e-01 3.339314758777618408e-01
8.662989150000000027e-01 3.099475800991058350e-01
8.691394070000000305e-01 3.138516843318939209e-01
8.719799560000000005e-01 3.075517714023590088e-01
8.748205610000000521e-01 3.055689036846160889e-01
8.776612219999999631e-01 2.990154922008514404e-01
8.805019389999999557e-01 2.861642539501190186e-01
8.833427130000000016e-01 2.810504436492919922e-01
8.861835430000000180e-01 2.712584435939788818e-01
8.890244290000000049e-01 2.650646865367889404e-01
8.918653709999999624e-01 2.547090947628021240e-01
8.947063699999999731e-01 2.117240726947784424e-01
8.975474239999999826e-01 1.699382364749908447e-01
9.003885350000000454e-01 1.562728583812713623e-01
9.032297030000000504e-01 1.801458746194839478e-01
9.060709260000000542e-01 1.775541752576828003e-01
9.089122060000000003e-01 1.462785005569458008e-01
9.117535420000000279e-01 1.411181241273880005e-01
9.145949340000000261e-01 1.312720477581024170e-01
9.174363819999999947e-01 1.305436342954635620e-01
9.202778870000000166e-01 1.568600386381149292e-01
9.231194480000000091e-01 1.454100608825683594e-01
9.259610649999999721e-01 1.344120353460311890e-01
9.288027380000000166e-01 9.595534950494766235e-02
9.316444680000000034e-01 5.057476833462715149e-02
9.344862539999999607e-01 3.281810134649276733e-02
9.373280959999999995e-01 3.331215679645538330e-02
9.401699940000000089e-01 4.924656823277473450e-02
9.430119489999999605e-01 4.577501863241195679e-02
9.458539599999999936e-01 3.597448021173477173e-02
9.486960269999999973e-01 3.898200392723083496e-02
9.515381499999999715e-01 4.335564002394676208e-02
9.543803299999999989e-01 4.167550429701805115e-02
9.572225659999999969e-01 4.590070992708206177e-02
9.600648579999999654e-01 4.943133890628814697e-02
9.629072060000000155e-01 5.717018246650695801e-02
9.657496110000000078e-01 6.463529169559478760e-02
9.685920709999999989e-01 9.015417098999023438e-02
9.714345880000000433e-01 8.988567441701889038e-02
9.742771620000000299e-01 7.928742468357086182e-02
9.771197910000000153e-01 7.877130061388015747e-02
9.799624770000000540e-01 8.798155188560485840e-02
9.828052189999999522e-01 9.745802730321884155e-02
9.856480170000000429e-01 1.034342274069786072e-01
9.884908709999999932e-01 1.069562062621116638e-01
9.913337819999999967e-01 1.096741035580635071e-01
9.941767489999999707e-01 1.063236892223358154e-01
9.970197720000000263e-01 1.117890775203704834e-01
9.998628510000000524e-01 1.088797450065612793e-01
1.002705986999999910e+00 1.095054671168327332e-01
1.005549178999999960e+00 1.087391749024391174e-01
1.008392426999999980e+00 1.026987507939338684e-01
1.011235730999999971e+00 1.047080084681510925e-01
1.014079092000000015e+00 1.040821895003318787e-01
1.016922509000000030e+00 1.033542305231094360e-01
1.019765982000000015e+00 1.052417531609535217e-01
1.022609510999999971e+00 1.062047258019447327e-01
1.025453096999999980e+00 1.083298847079277039e-01
1.028296738999999960e+00 1.169067472219467163e-01
1.031140436999999910e+00 1.041715815663337708e-01
1.033984191000000052e+00 1.102957203984260559e-01
1.036828002000000026e+00 1.109385862946510315e-01
1.039671868000000110e+00 1.139612272381782532e-01
1.042515791000000025e+00 1.152615696191787720e-01
1.045359770999999993e+00 1.047306358814239502e-01
