3.615872339999999796e-01 1.328076839447021484e+00
3.644177160000000026e-01 1.491714358329772949e+00
3.672482539999999962e-01 1.616349220275878906e+00
3.700788480000000158e-01 1.618588089942932129e+00
3.729094980000000059e-01 1.435747385025024414e+00
3.757402049999999938e-01 1.522566080093383789e+00
3.785709680000000077e-01 1.650982379913330078e+00
3.814017869999999921e-01 1.463654994964599609e+00
3.842326620000000026e-01 1.320826888084411621e+00
3.870635940000000108e-01 1.451022148132324219e+00
3.898945819999999896e-01 1.627047896385192871e+00
3.927256259999999943e-01 1.421778678894042969e+00
3.955567260000000251e-01 1.477663993835449219e+00
3.983878829999999982e-01 1.845327019691467285e+00
4.012190950000000256e-01 2.275811195373535156e+00
4.040503639999999952e-01 2.275019884109497070e+00
4.068816900000000181e-01 2.261976003646850586e+00
4.097130709999999842e-01 2.269624471664428711e+00
4.125445090000000037e-01 2.384384393692016602e+00
4.153760029999999936e-01 2.386308908462524414e+00
4.182075530000000096e-01 2.342111349105834961e+00
4.210391589999999962e-01 2.377217769622802734e+00
4.238708219999999804e-01 2.341366052627563477e+00
4.267025409999999908e-01 2.293134689331054688e+00
4.295343160000000271e-01 2.047685861587524414e+00
4.323661469999999785e-01 2.179226875305175781e+00
4.351980349999999831e-01 2.407176494598388672e+00
4.380299790000000137e-01 2.425781488418579102e+00
4.408619790000000149e-01 2.509479999542236328e+00
4.436940349999999866e-01 2.653751850128173828e+00
4.465261480000000116e-01 2.696614742279052734e+00
4.493583170000000071e-01 2.831960916519165039e+00
4.521905419999999731e-01 2.850662231445312500e+00
4.550228230000000207e-01 2.819255113601684570e+00
4.578551610000000105e-01 2.880343437194824219e+00
4.606875550000000263e-01 2.904440402984619141e+00
4.635200050000000127e-01 2.930475950241088867e+00
4.663525110000000251e-01 2.881920576095581055e+00
4.691850739999999798e-01 2.879534959793090820e+00
4.720176919999999887e-01 2.910588264465332031e+00
4.748503669999999954e-01 2.960936784744262695e+00
4.776830989999999999e-01 2.981606245040893555e+00
4.805158860000000032e-01 3.054982423782348633e+00
4.833487300000000042e-01 3.029811859130859375e+00
4.861816299999999758e-01 2.791441679000854492e+00
4.890145859999999733e-01 2.917336463928222656e+00
4.918475979999999970e-01 2.998891830444335938e+00
4.946806670000000183e-01 3.055128097534179688e+00
4.975137920000000102e-01 3.066949605941772461e+00
5.003469729999999727e-01 2.994767427444458008e+00
5.031802100000000166e-01 2.969424962997436523e+00
5.060135040000000028e-01 3.064387798309326172e+00
5.088468539999999596e-01 3.083419561386108398e+00
5.116802599999999979e-01 3.113439798355102539e+00
5.145137220000000067e-01 3.049854040145874023e+00
5.173472409999999577e-01 2.881645441055297852e+00
5.201808159999999903e-01 3.019264221191406250e+00
5.230144469999999934e-01 3.160480976104736328e+00
5.258481339999999671e-01 3.164744377136230469e+00
5.286818779999999940e-01 3.191159248352050781e+00
5.315156779999999914e-01 3.290367364883422852e+00
5.343495339999999594e-01 3.294029235839843750e+00
5.371834460000000089e-01 3.339207172393798828e+00
5.400174150000000006e-01 3.269783496856689453e+00
5.428514389999999912e-01 3.281190872192382812e+00
5.456855200000000350e-01 3.357745647430419922e+00
5.485196580000000210e-01 3.357528209686279297e+00
5.513538510000000059e-01 3.395221948623657227e+00
5.541881010000000440e-01 3.419523000717163086e+00
5.570224070000000527e-01 3.381625413894653320e+00
5.598567690000000319e-01 3.340494394302368164e+00
5.626911869999999816e-01 3.398955821990966797e+00
5.655256619999999845e-01 3.379768371582031250e+00
5.683601929999999580e-01 3.348697185516357422e+00
5.711947800000000131e-01 3.313704013824462891e+00
5.740294230000000386e-01 3.378849506378173828e+00
5.768641230000000064e-01 3.326872348785400391e+00
5.796988789999999447e-01 3.352686643600463867e+00
5.825336909999999646e-01 3.412308931350708008e+00
5.853685589999999550e-01 3.372214794158935547e+00
5.882034839999999987e-01 3.147697687149047852e+00
5.910384650000000129e-01 3.006927013397216797e+00
5.938735019999999976e-01 3.054401636123657227e+00
5.967085949999999528e-01 3.041927814483642578e+00
5.995437449999999613e-01 2.998980760574340820e+00
6.023789510000000513e-01 2.950872182846069336e+00
6.052142130000000009e-01 2.957967758178710938e+00
6.080495310000000320e-01 2.914175033569335938e+00
6.108849060000000053e-01 2.782103061676025391e+00
6.137203359999999774e-01 2.720280885696411133e+00
6.165558230000000028e-01 2.704582214355468750e+00
6.193913669999999705e-01 2.777218341827392578e+00
6.222269660000000480e-01 2.767315626144409180e+00
6.250626219999999567e-01 2.687168836593627930e+00
6.278983339999999469e-01 2.619634628295898438e+00
6.307341020000000187e-01 2.596966028213500977e+00
6.335699259999999500e-01 2.623800992965698242e+00
6.364058070000000455e-01 2.662209033966064453e+00
6.392417440000000006e-01 2.662889480590820312e+00
6.420777370000000372e-01 2.624773025512695312e+00
6.449137860000000444e-01 2.589876174926757812e+00
6.477498919999999938e-01 2.469114780426025391e+00
6.505860540000000247e-01 2.464376449584960938e+00
6.534222720000000262e-01 2.448136806488037109e+00
6.562585459999999982e-01 2.242346525192260742e+00
6.590948770000000234e-01 2.350771903991699219e+00
6.619312640000000192e-01 2.399737119674682617e+00
6.647677069999999855e-01 2.381235837936401367e+00
6.676042060000000333e-01 2.357424974441528320e+00
6.704407620000000234e-01 2.330598831176757812e+00
6.732773739999999840e-01 2.303033113479614258e+00
6.761140420000000262e-01 2.289450883865356445e+00
6.789507660000000389e-01 2.270181417465209961e+00
6.817875469999999938e-01 2.245225191116333008e+00
6.846243829999999475e-01 2.164311885833740234e+00
6.874612759999999545e-01 1.813799738883972168e+00
6.902982260000000148e-01 1.842157244682312012e+00
6.931352309999999628e-01 1.868274211883544922e+00
6.959722929999999641e-01 1.887999534606933594e+00
6.988094110000000470e-01 1.859612345695495605e+00
7.016465849999999893e-01 1.760189771652221680e+00
7.044838150000000132e-01 1.753678202629089355e+00
7.073211019999999793e-01 1.716673016548156738e+00
7.101584450000000270e-01 1.642666697502136230e+00
7.129958440000000452e-01 1.545800685882568359e+00
7.158332990000000340e-01 1.305014729499816895e+00
7.186708109999999650e-01 9.433647394180297852e-01
7.215083789999999775e-01 9.622153639793395996e-01
7.243460029999999605e-01 8.894672393798828125e-01
7.271836830000000251e-01 8.007998466491699219e-01
7.300214200000000320e-01 7.471013069152832031e-01
7.328592130000000093e-01 7.665222883224487305e-01
7.356970619999999572e-01 7.599823474884033203e-01
7.385349669999999866e-01 7.413509488105773926e-01
7.413729289999999583e-01 7.513644099235534668e-01
7.442109470000000115e-01 7.561891078948974609e-01
7.470490210000000353e-01 7.460111975669860840e-01
7.498871510000000296e-01 7.427024841308593750e-01
7.527253379999999661e-01 7.359843850135803223e-01
7.555635800000000124e-01 7.250379920005798340e-01
7.584018790000000010e-01 5.928911566734313965e-01
7.612402350000000428e-01 2.778332829475402832e-01
7.640786459999999725e-01 3.366019725799560547e-01
7.669171139999999554e-01 5.446783900260925293e-01
7.697556380000000198e-01 6.649717092514038086e-01
7.725942180000000548e-01 6.816834211349487305e-01
7.754328539999999492e-01 6.868024468421936035e-01
7.782715470000000080e-01 6.892558932304382324e-01
7.811102960000000373e-01 6.890524625778198242e-01
7.839491010000000371e-01 6.938850879669189453e-01
7.867879620000000074e-01 6.828098297119140625e-01
7.896268800000000310e-01 6.696444153785705566e-01
7.924658540000000251e-01 6.618475914001464844e-01
7.953048839999999897e-01 6.709483861923217773e-01
7.981439700000000359e-01 6.701668500900268555e-01
8.009831130000000243e-01 6.626293659210205078e-01
8.038223119999999833e-01 6.672551631927490234e-01
8.066615670000000238e-01 6.804356575012207031e-01
8.095008780000000348e-01 6.483942270278930664e-01
8.123402459999999881e-01 5.813191533088684082e-01
8.151796700000000229e-01 4.786469042301177979e-01
8.180191500000000282e-01 4.500061869621276855e-01
8.208586860000000041e-01 4.824700951576232910e-01
8.236982790000000332e-01 4.435125887393951416e-01
8.265379269999999501e-01 4.632463455200195312e-01
8.293776320000000313e-01 4.143064022064208984e-01
8.322173940000000547e-01 4.032707512378692627e-01
8.350572109999999659e-01 4.092784225940704346e-01
8.378970850000000414e-01 4.183364212512969971e-01
8.407370149999999764e-01 4.170857965946197510e-01
8.435770009999999930e-01 4.185281693935394287e-01
8.464170429999999801e-01 4.186785817146301270e-01
8.492571420000000204e-01 4.013630747795104980e-01
8.520972970000000313e-01 3.798300623893737793e-01
8.549375080000000127e-01 3.622952103614807129e-01
8.577777749999999646e-01 3.850536644458770752e-01
8.606180989999999698e-01 3.777680397033691406e-01
8.634584789999999455e-01 3.745258450508117676e-01
8.662989150000000027e-01 3.484567701816558838e-01
8.691394070000000305e-01 3.497872948646545410e-01
8.719799560000000005e-01 3.507078289985656738e-01
8.748205610000000521e-01 3.348756432533264160e-01
8.776612219999999631e-01 3.343926668167114258e-01
8.805019389999999557e-01 3.207249939441680908e-01
8.833427130000000016e-01 3.185683190822601318e-01
8.861835430000000180e-01 3.050498962402343750e-01
8.890244290000000049e-01 3.050298094749450684e-01
8.918653709999999624e-01 2.859503924846649170e-01
8.947063699999999731e-01 2.401909977197647095e-01
8.975474239999999826e-01 1.931613981723785400e-01
9.003885350000000454e-01 1.729183048009872437e-01
9.032297030000000504e-01 2.041406333446502686e-01
9.060709260000000542e-01 1.997798532247543335e-01
9.089122060000000003e-01 1.632768362760543823e-01
9.117535420000000279e-01 1.655659228563308716e-01
9.145949340000000261e-01 1.522846370935440063e-01
9.174363819999999947e-01 1.518968194723129272e-01
9.202778870000000166e-01 1.778953671455383301e-01
9.231194480000000091e-01 1.654294878244400024e-01
9.259610649999999721e-01 1.544028222560882568e-01
9.288027380000000166e-01 1.076301038265228271e-01
9.316444680000000034e-01 6.016484647989273071e-02
9.344862539999999607e-01 3.440468385815620422e-02
9.373280959999999995e-01 3.852970153093338013e-02
9.401699940000000089e-01 6.123708188533782959e-02
9.430119489999999605e-01 4.752812907099723816e-02
9.458539599999999936e-01 4.555963352322578430e-02
9.486960269999999973e-01 5.039460584521293640e-02
9.515381499999999715e-01 5.117877572774887085e-02
9.543803299999999989e-01 5.208064988255500793e-02
9.572225659999999969e-01 5.902004987001419067e-02
9.600648579999999654e-01 5.909594148397445679e-02
9.629072060000000155e-01 7.309660315513610840e-02
9.657496110000000078e-01 7.731965184211730957e-02
9.685920709999999989e-01 1.059432178735733032e-01
9.714345880000000433e-01 1.146228909492492676e-01
9.742771620000000299e-01 9.663193672895431519e-02
9.771197910000000153e-01 1.036824733018875122e-01
9.799624770000000540e-01 1.093285828828811646e-01
9.828052189999999522e-01 1.173292100429534912e-01
9.856480170000000429e-01 1.300202012062072754e-01
9.884908709999999932e-01 1.313237845897674561e-01
9.913337819999999967e-01 1.342535912990570068e-01
9.941767489999999707e-01 1.364957839250564575e-01
9.970197720000000263e-01 1.350672692060470581e-01
9.998628510000000524e-01 1.366463601589202881e-01
1.002705986999999910e+00 1.354427933692932129e-01
1.005549178999999960e+00 1.207791566848754883e-01
1.008392426999999980e+00 1.351656913757324219e-01
1.011235730999999971e+00 1.311301290988922119e-01
1.014079092000000015e+00 1.331893503665924072e-01
1.016922509000000030e+00 1.337867081165313721e-01
1.019765982000000015e+00 1.331944316625595093e-01
1.022609510999999971e+00 1.346950829029083252e-01
1.025453096999999980e+00 1.324689984321594238e-01
1.028296738999999960e+00 1.337292492389678955e-01
1.031140436999999910e+00 1.270690411329269409e-01
1.033984191000000052e+00 1.327439993619918823e-01
1.036828002000000026e+00 1.328134238719940186e-01
1.039671868000000110e+00 1.313401013612747192e-01
1.042515791000000025e+00 1.312258988618850708e-01
1.045359770999999993e+00 1.519615650177001953e-01
