3.615872339999999796e-01 1.326734662055969238e+00
3.644177160000000026e-01 1.449526190757751465e+00
3.672482539999999962e-01 1.582028031349182129e+00
3.700788480000000158e-01 1.577977895736694336e+00
3.729094980000000059e-01 1.393457889556884766e+00
3.757402049999999938e-01 1.497188210487365723e+00
3.785709680000000077e-01 1.636441826820373535e+00
3.814017869999999921e-01 1.407537937164306641e+00
3.842326620000000026e-01 1.278610944747924805e+00
3.870635940000000108e-01 1.449498176574707031e+00
3.898945819999999896e-01 1.629503250122070312e+00
3.927256259999999943e-01 1.429279923439025879e+00
3.955567260000000251e-01 1.465884566307067871e+00
3.983878829999999982e-01 1.828936576843261719e+00
4.012190950000000256e-01 2.276420116424560547e+00
4.040503639999999952e-01 2.272019863128662109e+00
4.068816900000000181e-01 2.247096061706542969e+00
4.097130709999999842e-01 2.277977943420410156e+00
4.125445090000000037e-01 2.362701654434204102e+00
4.153760029999999936e-01 2.392810344696044922e+00
4.182075530000000096e-01 2.353005886077880859e+00
4.210391589999999962e-01 2.349619150161743164e+00
4.238708219999999804e-01 2.320672750473022461e+00
4.267025409999999908e-01 2.265685558319091797e+00
4.295343160000000271e-01 2.062930583953857422e+00
4.323661469999999785e-01 2.203890562057495117e+00
4.351980349999999831e-01 2.407417058944702148e+00
4.380299790000000137e-01 2.440136909484863281e+00
4.408619790000000149e-01 2.517331838607788086e+00
4.436940349999999866e-01 2.672504901885986328e+00
4.465261480000000116e-01 2.690111160278320312e+00
4.493583170000000071e-01 2.864954710006713867e+00
4.521905419999999731e-01 2.877937793731689453e+00
4.550228230000000207e-01 2.852778911590576172e+00
4.578551610000000105e-01 2.928508996963500977e+00
4.606875550000000263e-01 2.918315649032592773e+00
4.635200050000000127e-01 2.963828563690185547e+00
4.663525110000000251e-01 2.905162334442138672e+00
4.691850739999999798e-01 2.895037889480590820e+00
4.720176919999999887e-01 2.935944795608520508e+00
4.748503669999999954e-01 2.980982303619384766e+00
4.776830989999999999e-01 3.028774261474609375e+00
4.805158860000000032e-01 3.084571599960327148e+00
4.833487300000000042e-01 3.057710409164428711e+00
4.861816299999999758e-01 2.825170755386352539e+00
4.890145859999999733e-01 2.948204517364501953e+00
4.918475979999999970e-01 3.022156715393066406e+00
4.946806670000000183e-01 3.092373847961425781e+00
4.975137920000000102e-01 3.107548952102661133e+00
5.003469729999999727e-01 3.023735284805297852e+00
5.031802100000000166e-01 3.016121864318847656e+00
5.060135040000000028e-01 3.099259853363037109e+00
5.088468539999999596e-01 3.122879028320312500e+00
5.116802599999999979e-01 3.153063535690307617e+00
5.145137220000000067e-01 3.084635257720947266e+00
5.173472409999999577e-01 2.920757770538330078e+00
5.201808159999999903e-01 3.062987804412841797e+00
5.230144469999999934e-01 3.190057516098022461e+00
5.258481339999999671e-01 3.192384958267211914e+00
5.286818779999999940e-01 3.232483148574829102e+00
5.315156779999999914e-01 3.340732097625732422e+00
5.343495339999999594e-01 3.334289789199829102e+00
5.371834460000000089e-01 3.388268470764160156e+00
5.400174150000000006e-01 3.317133903503417969e+00
5.428514389999999912e-01 3.355850458145141602e+00
5.456855200000000350e-01 3.426115989685058594e+00
5.485196580000000210e-01 3.417743682861328125e+00
5.513538510000000059e-01 3.455059051513671875e+00
5.541881010000000440e-01 3.486797332763671875e+00
5.570224070000000527e-01 3.450892448425292969e+00
5.598567690000000319e-01 3.406436204910278320e+00
5.626911869999999816e-01 3.464843034744262695e+00
5.655256619999999845e-01 3.455689668655395508e+00
5.683601929999999580e-01 3.422379255294799805e+00
5.711947800000000131e-01 3.390884637832641602e+00
5.740294230000000386e-01 3.435561180114746094e+00
5.768641230000000064e-01 3.410388231277465820e+00
5.796988789999999447e-01 3.422429323196411133e+00
5.825336909999999646e-01 3.503934383392333984e+00
5.853685589999999550e-01 3.465132951736450195e+00
5.882034839999999987e-01 3.240600585937500000e+00
5.910384650000000129e-01 3.116131782531738281e+00
5.938735019999999976e-01 3.171204566955566406e+00
5.967085949999999528e-01 3.161733627319335938e+00
5.995437449999999613e-01 3.133492708206176758e+00
6.023789510000000513e-01 3.107681512832641602e+00
6.052142130000000009e-01 3.134021043777465820e+00
6.080495310000000320e-01 3.090456485748291016e+00
6.108849060000000053e-01 2.967713356018066406e+00
6.137203359999999774e-01 2.896585226058959961e+00
6.165558230000000028e-01 2.881573438644409180e+00
6.193913669999999705e-01 2.965516328811645508e+00
6.222269660000000480e-01 2.950963973999023438e+00
6.250626219999999567e-01 2.881734132766723633e+00
6.278983339999999469e-01 2.812337160110473633e+00
6.307341020000000187e-01 2.799070358276367188e+00
6.335699259999999500e-01 2.826978445053100586e+00
6.364058070000000455e-01 2.856211185455322266e+00
6.392417440000000006e-01 2.871357202529907227e+00
6.420777370000000372e-01 2.836038589477539062e+00
6.449137860000000444e-01 2.801222085952758789e+00
6.477498919999999938e-01 2.675276279449462891e+00
6.505860540000000247e-01 2.666085481643676758e+00
6.534222720000000262e-01 2.665050506591796875e+00
6.562585459999999982e-01 2.450881481170654297e+00
6.590948770000000234e-01 2.569858312606811523e+00
6.619312640000000192e-01 2.637472152709960938e+00
6.647677069999999855e-01 2.621125459671020508e+00
6.676042060000000333e-01 2.601638317108154297e+00
6.704407620000000234e-01 2.582410812377929688e+00
6.732773739999999840e-01 2.556495904922485352e+00
6.761140420000000262e-01 2.540369510650634766e+00
6.789507660000000389e-01 2.523056983947753906e+00
6.817875469999999938e-01 2.501399040222167969e+00
6.846243829999999475e-01 2.411834478378295898e+00
6.874612759999999545e-01 2.024410247802734375e+00
6.902982260000000148e-01 2.054245233535766602e+00
6.931352309999999628e-01 2.110021829605102539e+00
6.959722929999999641e-01 2.121965885162353516e+00
6.988094110000000470e-01 2.099155187606811523e+00
7.016465849999999893e-01 1.989773154258728027e+00
7.044838150000000132e-01 1.997662663459777832e+00
7.073211019999999793e-01 1.974599123001098633e+00
7.101584450000000270e-01 1.919975161552429199e+00
7.129958440000000452e-01 1.811965703964233398e+00
7.158332990000000340e-01 1.544635891914367676e+00
7.186708109999999650e-01 1.136822938919067383e+00
7.215083789999999775e-01 1.168017387390136719e+00
7.243460029999999605e-01 1.073918223381042480e+00
7.271836830000000251e-01 9.829888939857482910e-01
7.300214200000000320e-01 9.197327494621276855e-01
7.328592130000000093e-01 9.477490782737731934e-01
7.356970619999999572e-01 9.436151385307312012e-01
7.385349669999999866e-01 9.203462004661560059e-01
7.413729289999999583e-01 9.249985814094543457e-01
7.442109470000000115e-01 9.357231259346008301e-01
7.470490210000000353e-01 9.393436312675476074e-01
7.498871510000000296e-01 9.257495999336242676e-01
7.527253379999999661e-01 9.156205654144287109e-01
7.555635800000000124e-01 9.100483655929565430e-01
7.584018790000000010e-01 7.409176230430603027e-01
7.612402350000000428e-01 3.491923511028289795e-01
7.640786459999999725e-01 4.233534932136535645e-01
7.669171139999999554e-01 6.850891709327697754e-01
7.697556380000000198e-01 8.302693367004394531e-01
7.725942180000000548e-01 8.617047667503356934e-01
7.754328539999999492e-01 8.663663268089294434e-01
7.782715470000000080e-01 8.665223121643066406e-01
7.811102960000000373e-01 8.791756629943847656e-01
7.839491010000000371e-01 8.738493919372558594e-01
7.867879620000000074e-01 8.634950518608093262e-01
7.896268800000000310e-01 8.422701954841613770e-01
7.924658540000000251e-01 8.399465680122375488e-01
7.953048839999999897e-01 8.495659828186035156e-01
7.981439700000000359e-01 8.566040396690368652e-01
8.009831130000000243e-01 8.537749052047729492e-01
8.038223119999999833e-01 8.456918597221374512e-01
8.066615670000000238e-01 8.723912239074707031e-01
8.095008780000000348e-01 8.418928980827331543e-01
8.123402459999999881e-01 7.398627400398254395e-01
8.151796700000000229e-01 6.123241186141967773e-01
8.180191500000000282e-01 5.827906131744384766e-01
8.208586860000000041e-01 6.200289726257324219e-01
8.236982790000000332e-01 5.736766457557678223e-01
8.265379269999999501e-01 5.920050740242004395e-01
8.293776320000000313e-01 5.219362378120422363e-01
8.322173940000000547e-01 5.102747082710266113e-01
8.350572109999999659e-01 5.193176865577697754e-01
8.378970850000000414e-01 5.303009152412414551e-01
8.407370149999999764e-01 5.303673148155212402e-01
8.435770009999999930e-01 5.260040760040283203e-01
8.464170429999999801e-01 5.218260288238525391e-01
8.492571420000000204e-01 4.935201108455657959e-01
8.520972970000000313e-01 4.760481715202331543e-01
8.549375080000000127e-01 4.494121074676513672e-01
8.577777749999999646e-01 4.753867983818054199e-01
8.606180989999999698e-01 4.690814316272735596e-01
8.634584789999999455e-01 4.627365767955780029e-01
8.662989150000000027e-01 4.250147044658660889e-01
8.691394070000000305e-01 4.372480809688568115e-01
8.719799560000000005e-01 4.297721087932586670e-01
8.748205610000000521e-01 4.195226430892944336e-01
8.776612219999999631e-01 4.083695411682128906e-01
8.805019389999999557e-01 3.922682106494903564e-01
8.833427130000000016e-01 3.873515427112579346e-01
8.861835430000000180e-01 3.756213486194610596e-01
8.890244290000000049e-01 3.654824197292327881e-01
8.918653709999999624e-01 3.453656136989593506e-01
8.947063699999999731e-01 2.911637425422668457e-01
8.975474239999999826e-01 2.302085161209106445e-01
9.003885350000000454e-01 2.091806381940841675e-01
9.032297030000000504e-01 2.407914847135543823e-01
9.060709260000000542e-01 2.355089485645294189e-01
9.089122060000000003e-01 1.959325224161148071e-01
9.117535420000000279e-01 1.980815678834915161e-01
9.145949340000000261e-01 1.785061955451965332e-01
9.174363819999999947e-01 1.781328916549682617e-01
9.202778870000000166e-01 2.064266800880432129e-01
9.231194480000000091e-01 1.943787187337875366e-01
9.259610649999999721e-01 1.769349277019500732e-01
9.288027380000000166e-01 1.239590719342231750e-01
9.316444680000000034e-01 6.494861841201782227e-02
9.344862539999999607e-01 4.270146787166595459e-02
9.373280959999999995e-01 4.302139580249786377e-02
9.401699940000000089e-01 6.577015668153762817e-02
9.430119489999999605e-01 5.673133209347724915e-02
9.458539599999999936e-01 5.017277598381042480e-02
9.486960269999999973e-01 5.370518937706947327e-02
9.515381499999999715e-01 5.280872434377670288e-02
9.543803299999999989e-01 5.431034788489341736e-02
9.572225659999999969e-01 6.285164505243301392e-02
9.600648579999999654e-01 6.617020815610885620e-02
9.629072060000000155e-01 7.808514684438705444e-02
9.657496110000000078e-01 8.474572747945785522e-02
9.685920709999999989e-01 1.095637604594230652e-01
9.714345880000000433e-01 1.168412640690803528e-01
9.742771620000000299e-01 1.087961867451667786e-01
9.771197910000000153e-01 1.050090640783309937e-01
9.799624770000000540e-01 1.190869584679603577e-01
9.828052189999999522e-01 1.242408603429794312e-01
9.856480170000000429e-01 1.387217044830322266e-01
9.884908709999999932e-01 1.414541453123092651e-01
9.913337819999999967e-01 1.478002220392227173e-01
9.941767489999999707e-01 1.477175801992416382e-01
9.970197720000000263e-01 1.444705277681350708e-01
9.998628510000000524e-01 1.453011482954025269e-01
1.002705986999999910e+00 1.377591639757156372e-01
1.005549178999999960e+00 1.403385400772094727e-01
1.008392426999999980e+00 1.386903971433639526e-01
1.011235730999999971e+00 1.453342735767364502e-01
1.014079092000000015e+00 1.416334807872772217e-01
1.016922509000000030e+00 1.509958952665328979e-01
1.019765982000000015e+00 1.468459814786911011e-01
1.022609510999999971e+00 1.456994861364364624e-01
1.025453096999999980e+00 1.454470604658126831e-01
1.028296738999999960e+00 1.534584164619445801e-01
1.031140436999999910e+00 1.527267992496490479e-01
1.033984191000000052e+00 1.490575820207595825e-01
1.036828002000000026e+00 1.470979601144790649e-01
1.039671868000000110e+00 1.496646404266357422e-01
1.042515791000000025e+00 1.467958390712738037e-01
1.045359770999999993e+00 1.471200585365295410e-01
