3.615872339999999796e-01 1.329111456871032715e+00
3.644177160000000026e-01 1.534609556198120117e+00
3.672482539999999962e-01 1.566010355949401855e+00
3.700788480000000158e-01 1.537896990776062012e+00
3.729094980000000059e-01 1.400941252708435059e+00
3.757402049999999938e-01 1.492774724960327148e+00
3.785709680000000077e-01 1.645955204963684082e+00
3.814017869999999921e-01 1.366595625877380371e+00
3.842326620000000026e-01 1.279960513114929199e+00
3.870635940000000108e-01 1.424196243286132812e+00
3.898945819999999896e-01 1.603255152702331543e+00
3.927256259999999943e-01 1.400700211524963379e+00
3.955567260000000251e-01 1.430822253227233887e+00
3.983878829999999982e-01 1.835490703582763672e+00
4.012190950000000256e-01 2.255339622497558594e+00
4.040503639999999952e-01 2.258622169494628906e+00
4.068816900000000181e-01 2.219009160995483398e+00
4.097130709999999842e-01 2.243783235549926758e+00
4.125445090000000037e-01 2.370276451110839844e+00
4.153760029999999936e-01 2.367359161376953125e+00
4.182075530000000096e-01 2.307789564132690430e+00
4.210391589999999962e-01 2.314935445785522461e+00
4.238708219999999804e-01 2.269731760025024414e+00
4.267025409999999908e-01 2.237952947616577148e+00
4.295343160000000271e-01 2.036513566970825195e+00
4.323661469999999785e-01 2.172224521636962891e+00
4.351980349999999831e-01 2.368622541427612305e+00
4.380299790000000137e-01 2.373110055923461914e+00
4.408619790000000149e-01 2.471080541610717773e+00
4.436940349999999866e-01 2.602389097213745117e+00
4.465261480000000116e-01 2.644822835922241211e+00
4.493583170000000071e-01 2.789482831954956055e+00
4.521905419999999731e-01 2.800042390823364258e+00
4.550228230000000207e-01 2.783903121948242188e+00
4.578551610000000105e-01 2.842823505401611328e+00
4.606875550000000263e-01 2.874619245529174805e+00
4.635200050000000127e-01 2.887952327728271484e+00
4.663525110000000251e-01 2.836895465850830078e+00
4.691850739999999798e-01 2.834215879440307617e+00
4.720176919999999887e-01 2.875219583511352539e+00
4.748503669999999954e-01 2.917506933212280273e+00
4.776830989999999999e-01 2.949051380157470703e+00
4.805158860000000032e-01 3.006538391113281250e+00
4.833487300000000042e-01 2.978008747100830078e+00
4.861816299999999758e-01 2.756965160369873047e+00
4.890145859999999733e-01 2.864233493804931641e+00
4.918475979999999970e-01 2.935105562210083008e+00
4.946806670000000183e-01 2.994505643844604492e+00
4.975137920000000102e-01 3.020207881927490234e+00
5.003469729999999727e-01 2.947119474411010742e+00
5.031802100000000166e-01 2.928612470626831055e+00
5.060135040000000028e-01 3.026627302169799805e+00
5.088468539999999596e-01 3.035041809082031250e+00
5.116802599999999979e-01 3.071998119354248047e+00
5.145137220000000067e-01 3.008927822113037109e+00
5.173472409999999577e-01 2.835629463195800781e+00
5.201808159999999903e-01 2.974808454513549805e+00
5.230144469999999934e-01 3.109930515289306641e+00
5.258481339999999671e-01 3.112176656723022461e+00
5.286818779999999940e-01 3.150052547454833984e+00
5.315156779999999914e-01 3.259819030761718750e+00
5.343495339999999594e-01 3.252879858016967773e+00
5.371834460000000089e-01 3.298308134078979492e+00
5.400174150000000006e-01 3.238750457763671875e+00
5.428514389999999912e-01 3.260422706604003906e+00
5.456855200000000350e-01 3.314551591873168945e+00
5.485196580000000210e-01 3.326073884963989258e+00
5.513538510000000059e-01 3.358845949172973633e+00
5.541881010000000440e-01 3.383009195327758789e+00
5.570224070000000527e-01 3.346502065658569336e+00
5.598567690000000319e-01 3.314700126647949219e+00
5.626911869999999816e-01 3.362452268600463867e+00
5.655256619999999845e-01 3.349709749221801758e+00
5.683601929999999580e-01 3.312061309814453125e+00
5.711947800000000131e-01 3.282563209533691406e+00
5.740294230000000386e-01 3.340741872787475586e+00
5.768641230000000064e-01 3.295512437820434570e+00
5.796988789999999447e-01 3.309616327285766602e+00
5.825336909999999646e-01 3.393987417221069336e+00
5.853685589999999550e-01 3.352786064147949219e+00
5.882034839999999987e-01 3.121716260910034180e+00
5.910384650000000129e-01 2.989909887313842773e+00
5.938735019999999976e-01 3.035169363021850586e+00
5.967085949999999528e-01 3.005594015121459961e+00
5.995437449999999613e-01 2.974864721298217773e+00
6.023789510000000513e-01 2.929856061935424805e+00
6.052142130000000009e-01 2.948332309722900391e+00
6.080495310000000320e-01 2.902307271957397461e+00
6.108849060000000053e-01 2.785929203033447266e+00
6.137203359999999774e-01 2.703393697738647461e+00
6.165558230000000028e-01 2.694046258926391602e+00
6.193913669999999705e-01 2.768336296081542969e+00
6.222269660000000480e-01 2.749397993087768555e+00
6.250626219999999567e-01 2.669808626174926758e+00
6.278983339999999469e-01 2.619452476501464844e+00
6.307341020000000187e-01 2.592152833938598633e+00
6.335699259999999500e-01 2.613915205001831055e+00
6.364058070000000455e-01 2.639697790145874023e+00
6.392417440000000006e-01 2.654151201248168945e+00
6.420777370000000372e-01 2.619444847106933594e+00
6.449137860000000444e-01 2.578710794448852539e+00
6.477498919999999938e-01 2.467516660690307617e+00
6.505860540000000247e-01 2.449294328689575195e+00
6.534222720000000262e-01 2.440684556961059570e+00
6.562585459999999982e-01 2.246411085128784180e+00
6.590948770000000234e-01 2.343529462814331055e+00
6.619312640000000192e-01 2.392977952957153320e+00
6.647677069999999855e-01 2.376243829727172852e+00
6.676042060000000333e-01 2.347322702407836914e+00
6.704407620000000234e-01 2.322965383529663086e+00
6.732773739999999840e-01 2.295458793640136719e+00
6.761140420000000262e-01 2.283246994018554688e+00
6.789507660000000389e-01 2.258596897125244141e+00
6.817875469999999938e-01 2.242587327957153320e+00
6.846243829999999475e-01 2.163414716720581055e+00
6.874612759999999545e-01 1.820647358894348145e+00
6.902982260000000148e-01 1.830779910087585449e+00
6.931352309999999628e-01 1.864715814590454102e+00
6.959722929999999641e-01 1.877043724060058594e+00
6.988094110000000470e-01 1.859777450561523438e+00
7.016465849999999893e-01 1.745391368865966797e+00
7.044838150000000132e-01 1.743302345275878906e+00
7.073211019999999793e-01 1.702878236770629883e+00
7.101584450000000270e-01 1.633745074272155762e+00
7.129958440000000452e-01 1.529949188232421875e+00
7.158332990000000340e-01 1.301643252372741699e+00
7.186708109999999650e-01 9.391902089118957520e-01
7.215083789999999775e-01 9.562979936599731445e-01
7.243460029999999605e-01 8.762186169624328613e-01
7.271836830000000251e-01 7.917819619178771973e-01
7.300214200000000320e-01 7.335204482078552246e-01
7.328592130000000093e-01 7.469593286514282227e-01
7.356970619999999572e-01 7.401363253593444824e-01
7.385349669999999866e-01 7.121037840843200684e-01
7.413729289999999583e-01 7.180553078651428223e-01
7.442109470000000115e-01 7.318122386932373047e-01
7.470490210000000353e-01 7.308926582336425781e-01
7.498871510000000296e-01 7.141144871711730957e-01
7.527253379999999661e-01 7.089810967445373535e-01
7.555635800000000124e-01 7.022028565406799316e-01
7.584018790000000010e-01 5.690807700157165527e-01
7.612402350000000428e-01 2.673290073871612549e-01
7.640786459999999725e-01 3.225421011447906494e-01
7.669171139999999554e-01 5.244079828262329102e-01
7.697556380000000198e-01 6.392732262611389160e-01
7.725942180000000548e-01 6.577563881874084473e-01
7.754328539999999492e-01 6.635590791702270508e-01
7.782715470000000080e-01 6.622552275657653809e-01
7.811102960000000373e-01 6.701693534851074219e-01
7.839491010000000371e-01 6.669814586639404297e-01
7.867879620000000074e-01 6.563662290573120117e-01
7.896268800000000310e-01 6.387588977813720703e-01
7.924658540000000251e-01 6.403254866600036621e-01
7.953048839999999897e-01 6.481908559799194336e-01
7.981439700000000359e-01 6.498907208442687988e-01
8.009831130000000243e-01 6.511611342430114746e-01
8.038223119999999833e-01 6.466115713119506836e-01
8.066615670000000238e-01 6.621906757354736328e-01
8.095008780000000348e-01 6.323100328445434570e-01
8.123402459999999881e-01 5.646725296974182129e-01
8.151796700000000229e-01 4.641397595405578613e-01
8.180191500000000282e-01 4.382880330085754395e-01
8.208586860000000041e-01 4.692046642303466797e-01
8.236982790000000332e-01 4.325830936431884766e-01
8.265379269999999501e-01 4.448907673358917236e-01
8.293776320000000313e-01 3.979889154434204102e-01
8.322173940000000547e-01 3.794823884963989258e-01
8.350572109999999659e-01 3.875896930694580078e-01
8.378970850000000414e-01 3.916434049606323242e-01
8.407370149999999764e-01 3.951439559459686279e-01
8.435770009999999930e-01 3.901648819446563721e-01
8.464170429999999801e-01 3.880274295806884766e-01
8.492571420000000204e-01 3.675631880760192871e-01
8.520972970000000313e-01 3.545275330543518066e-01
8.549375080000000127e-01 3.326154649257659912e-01
8.577777749999999646e-01 3.576065301895141602e-01
8.606180989999999698e-01 3.498745858669281006e-01
8.634584789999999455e-01 3.455607593059539795e-01
8.662989150000000027e-01 3.159082531929016113e-01
8.691394070000000305e-01 3.213298916816711426e-01
8.719799560000000005e-01 3.181487619876861572e-01
8.748205610000000521e-01 3.093131184577941895e-01
8.776612219999999631e-01 3.020329475402832031e-01
8.805019389999999557e-01 2.904737293720245361e-01
8.833427130000000016e-01 2.876778542995452881e-01
8.861835430000000180e-01 2.717112004756927490e-01
8.890244290000000049e-01 2.670017778873443604e-01
8.918653709999999624e-01 2.557347118854522705e-01
8.947063699999999731e-01 2.200645506381988525e-01
8.975474239999999826e-01 1.737147867679595947e-01
9.003885350000000454e-01 1.545219123363494873e-01
9.032297030000000504e-01 1.784088909626007080e-01
9.060709260000000542e-01 1.803029477596282959e-01
9.089122060000000003e-01 1.501894742250442505e-01
9.117535420000000279e-01 1.461433321237564087e-01
9.145949340000000261e-01 1.353109776973724365e-01
9.174363819999999947e-01 1.349758356809616089e-01
9.202778870000000166e-01 1.556185632944107056e-01
9.231194480000000091e-01 1.447768658399581909e-01
9.259610649999999721e-01 1.346803456544876099e-01
9.288027380000000166e-01 9.552134573459625244e-02
9.316444680000000034e-01 5.139385163784027100e-02
9.344862539999999607e-01 3.190995007753372192e-02
9.373280959999999995e-01 3.083863109350204468e-02
9.401699940000000089e-01 5.334660038352012634e-02
9.430119489999999605e-01 4.277689382433891296e-02
9.458539599999999936e-01 3.824131563305854797e-02
9.486960269999999973e-01 4.203834012150764465e-02
9.515381499999999715e-01 4.260840639472007751e-02
9.543803299999999989e-01 4.223817586898803711e-02
9.572225659999999969e-01 4.804699122905731201e-02
9.600648579999999654e-01 4.871752113103866577e-02
9.629072060000000155e-01 5.686959996819496155e-02
9.657496110000000078e-01 6.486972421407699585e-02
9.685920709999999989e-01 8.542776107788085938e-02
9.714345880000000433e-01 9.025831520557403564e-02
9.742771620000000299e-01 7.845145463943481445e-02
9.771197910000000153e-01 7.321960479021072388e-02
9.799624770000000540e-01 8.751878142356872559e-02
9.828052189999999522e-01 9.348006546497344971e-02
9.856480170000000429e-01 1.001918688416481018e-01
9.884908709999999932e-01 1.038226410746574402e-01
9.913337819999999967e-01 1.072052493691444397e-01
9.941767489999999707e-01 1.093157157301902771e-01
9.970197720000000263e-01 1.079476997256278992e-01
9.998628510000000524e-01 1.081816926598548889e-01
1.002705986999999910e+00 9.942365437746047974e-02
1.005549178999999960e+00 1.070519760251045227e-01
1.008392426999999980e+00 1.055382117629051208e-01
1.011235730999999971e+00 1.037143021821975708e-01
1.014079092000000015e+00 1.103239282965660095e-01
1.016922509000000030e+00 1.066604182124137878e-01
1.019765982000000015e+00 1.019976064562797546e-01
1.022609510999999971e+00 1.089162826538085938e-01
1.025453096999999980e+00 1.055972874164581299e-01
1.028296738999999960e+00 1.106223016977310181e-01
1.031140436999999910e+00 1.126618236303329468e-01
1.033984191000000052e+00 1.021344661712646484e-01
1.036828002000000026e+00 1.065954118967056274e-01
1.039671868000000110e+00 1.107993498444557190e-01
1.042515791000000025e+00 1.056181266903877258e-01
1.045359770999999993e+00 1.036162227392196655e-01
