3.615872339999999796e-01 1.309525012969970703e+00
3.644177160000000026e-01 1.505330443382263184e+00
3.672482539999999962e-01 1.572440743446350098e+00
3.700788480000000158e-01 1.600300192832946777e+00
3.729094980000000059e-01 1.428780198097229004e+00
3.757402049999999938e-01 1.502938389778137207e+00
3.785709680000000077e-01 1.655382275581359863e+00
3.814017869999999921e-01 1.395302176475524902e+00
3.842326620000000026e-01 1.286121129989624023e+00
3.870635940000000108e-01 1.423016190528869629e+00
3.898945819999999896e-01 1.616371631622314453e+00
3.927256259999999943e-01 1.422341704368591309e+00
3.955567260000000251e-01 1.449023723602294922e+00
3.983878829999999982e-01 1.850705385208129883e+00
4.012190950000000256e-01 2.254770755767822266e+00
4.040503639999999952e-01 2.240010738372802734e+00
4.068816900000000181e-01 2.207221269607543945e+00
4.097130709999999842e-01 2.264383077621459961e+00
4.125445090000000037e-01 2.339222431182861328e+00
4.153760029999999936e-01 2.366302490234375000e+00
4.182075530000000096e-01 2.301620483398437500e+00
4.210391589999999962e-01 2.314801692962646484e+00
4.238708219999999804e-01 2.280418634414672852e+00
4.267025409999999908e-01 2.224411249160766602e+00
4.295343160000000271e-01 2.019637346267700195e+00
4.323661469999999785e-01 2.150338411331176758e+00
4.351980349999999831e-01 2.364185094833374023e+00
4.380299790000000137e-01 2.389224529266357422e+00
4.408619790000000149e-01 2.461181879043579102e+00
4.436940349999999866e-01 2.598145246505737305e+00
4.465261480000000116e-01 2.633240222930908203e+00
4.493583170000000071e-01 2.775304555892944336e+00
4.521905419999999731e-01 2.796468496322631836e+00
4.550228230000000207e-01 2.756896972656250000e+00
4.578551610000000105e-01 2.820067882537841797e+00
4.606875550000000263e-01 2.853083610534667969e+00
4.635200050000000127e-01 2.868904352188110352e+00
4.663525110000000251e-01 2.808265924453735352e+00
4.691850739999999798e-01 2.801638603210449219e+00
4.720176919999999887e-01 2.833310365676879883e+00
4.748503669999999954e-01 2.871007442474365234e+00
4.776830989999999999e-01 2.901247262954711914e+00
4.805158860000000032e-01 2.961265325546264648e+00
4.833487300000000042e-01 2.954824924468994141e+00
4.861816299999999758e-01 2.715770006179809570e+00
4.890145859999999733e-01 2.830186843872070312e+00
4.918475979999999970e-01 2.910263538360595703e+00
4.946806670000000183e-01 2.962440729141235352e+00
4.975137920000000102e-01 2.973782062530517578e+00
5.003469729999999727e-01 2.908242702484130859e+00
5.031802100000000166e-01 2.887256622314453125e+00
5.060135040000000028e-01 2.964562177658081055e+00
5.088468539999999596e-01 2.991688013076782227e+00
5.116802599999999979e-01 3.020135641098022461e+00
5.145137220000000067e-01 2.950823307037353516e+00
5.173472409999999577e-01 2.794260740280151367e+00
5.201808159999999903e-01 2.912490606307983398e+00
5.230144469999999934e-01 3.045170068740844727e+00
5.258481339999999671e-01 3.037329435348510742e+00
5.286818779999999940e-01 3.093146800994873047e+00
5.315156779999999914e-01 3.191471576690673828e+00
5.343495339999999594e-01 3.173350334167480469e+00
5.371834460000000089e-01 3.230745553970336914e+00
5.400174150000000006e-01 3.161089658737182617e+00
5.428514389999999912e-01 3.175020694732666016e+00
5.456855200000000350e-01 3.240587711334228516e+00
5.485196580000000210e-01 3.250826358795166016e+00
5.513538510000000059e-01 3.279208421707153320e+00
5.541881010000000440e-01 3.303551197052001953e+00
5.570224070000000527e-01 3.268931627273559570e+00
5.598567690000000319e-01 3.229902982711791992e+00
5.626911869999999816e-01 3.273694038391113281e+00
5.655256619999999845e-01 3.273105382919311523e+00
5.683601929999999580e-01 3.234131813049316406e+00
5.711947800000000131e-01 3.204936981201171875e+00
5.740294230000000386e-01 3.245852947235107422e+00
5.768641230000000064e-01 3.210279464721679688e+00
5.796988789999999447e-01 3.225256443023681641e+00
5.825336909999999646e-01 3.301860332489013672e+00
5.853685589999999550e-01 3.256381511688232422e+00
5.882034839999999987e-01 3.032258272171020508e+00
5.910384650000000129e-01 2.899209499359130859e+00
5.938735019999999976e-01 2.942754268646240234e+00
5.967085949999999528e-01 2.931957006454467773e+00
5.995437449999999613e-01 2.884260416030883789e+00
6.023789510000000513e-01 2.852879762649536133e+00
6.052142130000000009e-01 2.857601881027221680e+00
6.080495310000000320e-01 2.820308685302734375e+00
6.108849060000000053e-01 2.698905944824218750e+00
6.137203359999999774e-01 2.642557382583618164e+00
6.165558230000000028e-01 2.619108200073242188e+00
6.193913669999999705e-01 2.674650669097900391e+00
6.222269660000000480e-01 2.658685445785522461e+00
6.250626219999999567e-01 2.588804721832275391e+00
6.278983339999999469e-01 2.530892848968505859e+00
6.307341020000000187e-01 2.500322818756103516e+00
6.335699259999999500e-01 2.538686513900756836e+00
6.364058070000000455e-01 2.559394836425781250e+00
6.392417440000000006e-01 2.569570302963256836e+00
6.420777370000000372e-01 2.542211055755615234e+00
6.449137860000000444e-01 2.505683660507202148e+00
6.477498919999999938e-01 2.383581876754760742e+00
6.505860540000000247e-01 2.378452062606811523e+00
6.534222720000000262e-01 2.352505207061767578e+00
6.562585459999999982e-01 2.169712781906127930e+00
6.590948770000000234e-01 2.269531488418579102e+00
6.619312640000000192e-01 2.325597286224365234e+00
6.647677069999999855e-01 2.305742263793945312e+00
6.676042060000000333e-01 2.286138772964477539e+00
6.704407620000000234e-01 2.264083385467529297e+00
6.732773739999999840e-01 2.242043495178222656e+00
6.761140420000000262e-01 2.234397411346435547e+00
6.789507660000000389e-01 2.205925464630126953e+00
6.817875469999999938e-01 2.184012889862060547e+00
6.846243829999999475e-01 2.096991300582885742e+00
6.874612759999999545e-01 1.756717324256896973e+00
6.902982260000000148e-01 1.770295381546020508e+00
6.931352309999999628e-01 1.799798488616943359e+00
6.959722929999999641e-01 1.807742834091186523e+00
6.988094110000000470e-01 1.784659385681152344e+00
7.016465849999999893e-01 1.682702898979187012e+00
7.044838150000000132e-01 1.669239282608032227e+00
7.073211019999999793e-01 1.636926412582397461e+00
7.101584450000000270e-01 1.573059916496276855e+00
7.129958440000000452e-01 1.472031116485595703e+00
7.158332990000000340e-01 1.237017154693603516e+00
7.186708109999999650e-01 9.034259319305419922e-01
7.215083789999999775e-01 9.258854985237121582e-01
7.243460029999999605e-01 8.432759642601013184e-01
7.271836830000000251e-01 7.596892118453979492e-01
7.300214200000000320e-01 7.141622304916381836e-01
7.328592130000000093e-01 7.245547771453857422e-01
7.356970619999999572e-01 7.155688405036926270e-01
7.385349669999999866e-01 6.965354084968566895e-01
7.413729289999999583e-01 7.048989534378051758e-01
7.442109470000000115e-01 7.133209705352783203e-01
7.470490210000000353e-01 7.076727151870727539e-01
7.498871510000000296e-01 6.996684670448303223e-01
7.527253379999999661e-01 6.939607858657836914e-01
7.555635800000000124e-01 6.861552000045776367e-01
7.584018790000000010e-01 5.628434419631958008e-01
7.612402350000000428e-01 2.658401727676391602e-01
7.640786459999999725e-01 3.249715864658355713e-01
7.669171139999999554e-01 5.120576024055480957e-01
7.697556380000000198e-01 6.203504800796508789e-01
7.725942180000000548e-01 6.507429480552673340e-01
7.754328539999999492e-01 6.461184024810791016e-01
7.782715470000000080e-01 6.523239612579345703e-01
7.811102960000000373e-01 6.503300666809082031e-01
7.839491010000000371e-01 6.557530164718627930e-01
7.867879620000000074e-01 6.425054073333740234e-01
7.896268800000000310e-01 6.174534559249877930e-01
7.924658540000000251e-01 6.176412105560302734e-01
7.953048839999999897e-01 6.309736371040344238e-01
7.981439700000000359e-01 6.356785297393798828e-01
8.009831130000000243e-01 6.267235279083251953e-01
8.038223119999999833e-01 6.302917599678039551e-01
8.066615670000000238e-01 6.354965567588806152e-01
8.095008780000000348e-01 6.118903756141662598e-01
8.123402459999999881e-01 5.486564040184020996e-01
8.151796700000000229e-01 4.522648453712463379e-01
8.180191500000000282e-01 4.261897504329681396e-01
8.208586860000000041e-01 4.593996107578277588e-01
8.236982790000000332e-01 4.190254807472229004e-01
8.265379269999999501e-01 4.411517679691314697e-01
8.293776320000000313e-01 3.931881189346313477e-01
8.322173940000000547e-01 3.783643245697021484e-01
8.350572109999999659e-01 3.848145902156829834e-01
8.378970850000000414e-01 3.923887610435485840e-01
8.407370149999999764e-01 3.900849223136901855e-01
8.435770009999999930e-01 3.868389725685119629e-01
8.464170429999999801e-01 3.914905488491058350e-01
8.492571420000000204e-01 3.678071498870849609e-01
8.520972970000000313e-01 3.519810736179351807e-01
8.549375080000000127e-01 3.322257995605468750e-01
8.577777749999999646e-01 3.541995286941528320e-01
8.606180989999999698e-01 3.454475998878479004e-01
8.634584789999999455e-01 3.426158726215362549e-01
8.662989150000000027e-01 3.172057569026947021e-01
8.691394070000000305e-01 3.229389190673828125e-01
8.719799560000000005e-01 3.208195269107818604e-01
8.748205610000000521e-01 3.097509741783142090e-01
8.776612219999999631e-01 3.045864999294281006e-01
8.805019389999999557e-01 2.909124195575714111e-01
8.833427130000000016e-01 2.894966006278991699e-01
8.861835430000000180e-01 2.807575464248657227e-01
8.890244290000000049e-01 2.745581269264221191e-01
8.918653709999999624e-01 2.569022476673126221e-01
8.947063699999999731e-01 2.226028889417648315e-01
8.975474239999999826e-01 1.734959632158279419e-01
9.003885350000000454e-01 1.572415083646774292e-01
9.032297030000000504e-01 1.855127662420272827e-01
9.060709260000000542e-01 1.789973527193069458e-01
9.089122060000000003e-01 1.482824385166168213e-01
9.117535420000000279e-01 1.482246816158294678e-01
9.145949340000000261e-01 1.359848380088806152e-01
9.174363819999999947e-01 1.375700384378433228e-01
9.202778870000000166e-01 1.584072858095169067e-01
9.231194480000000091e-01 1.475029289722442627e-01
9.259610649999999721e-01 1.365217715501785278e-01
9.288027380000000166e-01 1.015286073088645935e-01
9.316444680000000034e-01 5.317377671599388123e-02
9.344862539999999607e-01 2.761669270694255829e-02
9.373280959999999995e-01 3.227450698614120483e-02
9.401699940000000089e-01 5.432323366403579712e-02
9.430119489999999605e-01 4.464067146182060242e-02
9.458539599999999936e-01 4.372515156865119934e-02
9.486960269999999973e-01 4.436858743429183960e-02
9.515381499999999715e-01 4.638966917991638184e-02
9.543803299999999989e-01 4.728991165757179260e-02
9.572225659999999969e-01 5.285383388400077820e-02
9.600648579999999654e-01 5.352123454213142395e-02
9.629072060000000155e-01 6.218064203858375549e-02
9.657496110000000078e-01 6.688703596591949463e-02
9.685920709999999989e-01 8.881811052560806274e-02
9.714345880000000433e-01 9.243418276309967041e-02
9.742771620000000299e-01 8.311848342418670654e-02
9.771197910000000153e-01 8.450946956872940063e-02
9.799624770000000540e-01 8.771194517612457275e-02
9.828052189999999522e-01 1.058010309934616089e-01
9.856480170000000429e-01 1.094267591834068298e-01
9.884908709999999932e-01 1.150347068905830383e-01
9.913337819999999967e-01 1.163950338959693909e-01
9.941767489999999707e-01 1.169808283448219299e-01
9.970197720000000263e-01 1.132545918226242065e-01
9.998628510000000524e-01 1.135056242346763611e-01
1.002705986999999910e+00 1.101141870021820068e-01
1.005549178999999960e+00 1.048601940274238586e-01
1.008392426999999980e+00 1.100501790642738342e-01
1.011235730999999971e+00 1.136521250009536743e-01
1.014079092000000015e+00 1.133614853024482727e-01
1.016922509000000030e+00 1.140347793698310852e-01
1.019765982000000015e+00 1.076761707663536072e-01
1.022609510999999971e+00 1.198720037937164307e-01
1.025453096999999980e+00 1.133245378732681274e-01
1.028296738999999960e+00 1.093298867344856262e-01
1.031140436999999910e+00 1.139007434248924255e-01
1.033984191000000052e+00 1.152238100767135620e-01
1.036828002000000026e+00 1.231694445013999939e-01
1.039671868000000110e+00 1.162829175591468811e-01
1.042515791000000025e+00 1.014501824975013733e-01
1.045359770999999993e+00 1.174014508724212646e-01
