3.615872339999999796e-01 1.321598291397094727e+00
3.644177160000000026e-01 1.411006450653076172e+00
3.672482539999999962e-01 1.567568063735961914e+00
3.700788480000000158e-01 1.600257754325866699e+00
3.729094980000000059e-01 1.400070309638977051e+00
3.757402049999999938e-01 1.492211103439331055e+00
3.785709680000000077e-01 1.652032375335693359e+00
3.814017869999999921e-01 1.400598645210266113e+00
3.842326620000000026e-01 1.281258821487426758e+00
3.870635940000000108e-01 1.405418276786804199e+00
3.898945819999999896e-01 1.608570933341979980e+00
3.927256259999999943e-01 1.429394483566284180e+00
3.955567260000000251e-01 1.436813831329345703e+00
3.983878829999999982e-01 1.817274332046508789e+00
4.012190950000000256e-01 2.250308036804199219e+00
4.040503639999999952e-01 2.253088474273681641e+00
4.068816900000000181e-01 2.191783905029296875e+00
4.097130709999999842e-01 2.267901420593261719e+00
4.125445090000000037e-01 2.342814683914184570e+00
4.153760029999999936e-01 2.379192352294921875e+00
4.182075530000000096e-01 2.316589355468750000e+00
4.210391589999999962e-01 2.328144788742065430e+00
4.238708219999999804e-01 2.262216567993164062e+00
4.267025409999999908e-01 2.236777782440185547e+00
4.295343160000000271e-01 2.029865503311157227e+00
4.323661469999999785e-01 2.150665283203125000e+00
4.351980349999999831e-01 2.345512866973876953e+00
4.380299790000000137e-01 2.378729343414306641e+00
4.408619790000000149e-01 2.450847148895263672e+00
4.436940349999999866e-01 2.593448162078857422e+00
4.465261480000000116e-01 2.616614103317260742e+00
4.493583170000000071e-01 2.761638879776000977e+00
4.521905419999999731e-01 2.782833814620971680e+00
4.550228230000000207e-01 2.759441137313842773e+00
4.578551610000000105e-01 2.818499088287353516e+00
4.606875550000000263e-01 2.834885597229003906e+00
4.635200050000000127e-01 2.836032152175903320e+00
4.663525110000000251e-01 2.788992643356323242e+00
4.691850739999999798e-01 2.785008430480957031e+00
4.720176919999999887e-01 2.823784828186035156e+00
4.748503669999999954e-01 2.873348474502563477e+00
4.776830989999999999e-01 2.898143053054809570e+00
4.805158860000000032e-01 2.955623626708984375e+00
4.833487300000000042e-01 2.943848371505737305e+00
4.861816299999999758e-01 2.705151319503784180e+00
4.890145859999999733e-01 2.834273576736450195e+00
4.918475979999999970e-01 2.887504816055297852e+00
4.946806670000000183e-01 2.951150655746459961e+00
4.975137920000000102e-01 2.983603954315185547e+00
5.003469729999999727e-01 2.888460874557495117e+00
5.031802100000000166e-01 2.873825073242187500e+00
5.060135040000000028e-01 2.949058055877685547e+00
5.088468539999999596e-01 2.961318492889404297e+00
5.116802599999999979e-01 3.001371145248413086e+00
5.145137220000000067e-01 2.931522846221923828e+00
5.173472409999999577e-01 2.771940946578979492e+00
5.201808159999999903e-01 2.896535396575927734e+00
5.230144469999999934e-01 3.034034967422485352e+00
5.258481339999999671e-01 3.030240535736083984e+00
5.286818779999999940e-01 3.062925338745117188e+00
5.315156779999999914e-01 3.163002252578735352e+00
5.343495339999999594e-01 3.160192012786865234e+00
5.371834460000000089e-01 3.196726322174072266e+00
5.400174150000000006e-01 3.142485141754150391e+00
5.428514389999999912e-01 3.163418531417846680e+00
5.456855200000000350e-01 3.223507165908813477e+00
5.485196580000000210e-01 3.236831903457641602e+00
5.513538510000000059e-01 3.261352062225341797e+00
5.541881010000000440e-01 3.290493249893188477e+00
5.570224070000000527e-01 3.249178647994995117e+00
5.598567690000000319e-01 3.206917524337768555e+00
5.626911869999999816e-01 3.262095212936401367e+00
5.655256619999999845e-01 3.247126817703247070e+00
5.683601929999999580e-01 3.226858854293823242e+00
5.711947800000000131e-01 3.184078931808471680e+00
5.740294230000000386e-01 3.230156660079956055e+00
5.768641230000000064e-01 3.192519903182983398e+00
5.796988789999999447e-01 3.206876039505004883e+00
5.825336909999999646e-01 3.265412807464599609e+00
5.853685589999999550e-01 3.230598449707031250e+00
5.882034839999999987e-01 3.014314889907836914e+00
5.910384650000000129e-01 2.885702610015869141e+00
5.938735019999999976e-01 2.920925617218017578e+00
5.967085949999999528e-01 2.905059814453125000e+00
5.995437449999999613e-01 2.853942155838012695e+00
6.023789510000000513e-01 2.815835237503051758e+00
6.052142130000000009e-01 2.818246603012084961e+00
6.080495310000000320e-01 2.774930953979492188e+00
6.108849060000000053e-01 2.644070148468017578e+00
6.137203359999999774e-01 2.599556922912597656e+00
6.165558230000000028e-01 2.570835113525390625e+00
6.193913669999999705e-01 2.644978761672973633e+00
6.222269660000000480e-01 2.627203702926635742e+00
6.250626219999999567e-01 2.560008287429809570e+00
6.278983339999999469e-01 2.502849102020263672e+00
6.307341020000000187e-01 2.474707603454589844e+00
6.335699259999999500e-01 2.507727146148681641e+00
6.364058070000000455e-01 2.527838945388793945e+00
6.392417440000000006e-01 2.535688638687133789e+00
6.420777370000000372e-01 2.504539728164672852e+00
6.449137860000000444e-01 2.466661214828491211e+00
6.477498919999999938e-01 2.350852251052856445e+00
6.505860540000000247e-01 2.343438863754272461e+00
6.534222720000000262e-01 2.325368404388427734e+00
6.562585459999999982e-01 2.142050266265869141e+00
6.590948770000000234e-01 2.234857320785522461e+00
6.619312640000000192e-01 2.297758579254150391e+00
6.647677069999999855e-01 2.272198200225830078e+00
6.676042060000000333e-01 2.251268386840820312e+00
6.704407620000000234e-01 2.227770090103149414e+00
6.732773739999999840e-01 2.203810453414916992e+00
6.761140420000000262e-01 2.192043781280517578e+00
6.789507660000000389e-01 2.172616004943847656e+00
6.817875469999999938e-01 2.148397445678710938e+00
6.846243829999999475e-01 2.056308984756469727e+00
6.874612759999999545e-01 1.731568098068237305e+00
6.902982260000000148e-01 1.740648508071899414e+00
6.931352309999999628e-01 1.762075543403625488e+00
6.959722929999999641e-01 1.770766139030456543e+00
6.988094110000000470e-01 1.750084161758422852e+00
7.016465849999999893e-01 1.643799304962158203e+00
7.044838150000000132e-01 1.634487867355346680e+00
7.073211019999999793e-01 1.602833151817321777e+00
7.101584450000000270e-01 1.534450292587280273e+00
7.129958440000000452e-01 1.441353917121887207e+00
7.158332990000000340e-01 1.211764812469482422e+00
7.186708109999999650e-01 8.785266876220703125e-01
7.215083789999999775e-01 8.994060158729553223e-01
7.243460029999999605e-01 8.146344423294067383e-01
7.271836830000000251e-01 7.386584877967834473e-01
7.300214200000000320e-01 6.920244693756103516e-01
7.328592130000000093e-01 7.034876942634582520e-01
7.356970619999999572e-01 6.953514814376831055e-01
7.385349669999999866e-01 6.697956323623657227e-01
7.413729289999999583e-01 6.803540587425231934e-01
7.442109470000000115e-01 6.926563382148742676e-01
7.470490210000000353e-01 6.945746541023254395e-01
7.498871510000000296e-01 6.769095063209533691e-01
7.527253379999999661e-01 6.779299378395080566e-01
7.555635800000000124e-01 6.635226607322692871e-01
7.584018790000000010e-01 5.432930588722229004e-01
7.612402350000000428e-01 2.556068897247314453e-01
7.640786459999999725e-01 3.064188063144683838e-01
7.669171139999999554e-01 4.982467591762542725e-01
7.697556380000000198e-01 6.050413846969604492e-01
7.725942180000000548e-01 6.256505846977233887e-01
7.754328539999999492e-01 6.284273266792297363e-01
7.782715470000000080e-01 6.235598921775817871e-01
7.811102960000000373e-01 6.288884282112121582e-01
7.839491010000000371e-01 6.244382262229919434e-01
7.867879620000000074e-01 6.164458394050598145e-01
7.896268800000000310e-01 6.012291908264160156e-01
7.924658540000000251e-01 6.041091680526733398e-01
7.953048839999999897e-01 6.120548844337463379e-01
7.981439700000000359e-01 6.115168929100036621e-01
8.009831130000000243e-01 6.060863137245178223e-01
8.038223119999999833e-01 6.126641035079956055e-01
8.066615670000000238e-01 6.183763146400451660e-01
8.095008780000000348e-01 5.996979475021362305e-01
8.123402459999999881e-01 5.302373170852661133e-01
8.151796700000000229e-01 4.362960159778594971e-01
8.180191500000000282e-01 4.104028940200805664e-01
8.208586860000000041e-01 4.346929788589477539e-01
8.236982790000000332e-01 4.030319154262542725e-01
8.265379269999999501e-01 4.168544411659240723e-01
8.293776320000000313e-01 3.738579750061035156e-01
8.322173940000000547e-01 3.625729084014892578e-01
8.350572109999999659e-01 3.662126064300537109e-01
8.378970850000000414e-01 3.731200695037841797e-01
8.407370149999999764e-01 3.818809390068054199e-01
8.435770009999999930e-01 3.751915693283081055e-01
8.464170429999999801e-01 3.697502017021179199e-01
8.492571420000000204e-01 3.513593077659606934e-01
8.520972970000000313e-01 3.382430672645568848e-01
8.549375080000000127e-01 3.194629549980163574e-01
8.577777749999999646e-01 3.393941819667816162e-01
8.606180989999999698e-01 3.344441056251525879e-01
8.634584789999999455e-01 3.264987766742706299e-01
8.662989150000000027e-01 3.018585145473480225e-01
8.691394070000000305e-01 3.094523847103118896e-01
8.719799560000000005e-01 3.035214543342590332e-01
8.748205610000000521e-01 2.991760969161987305e-01
8.776612219999999631e-01 2.918732166290283203e-01
8.805019389999999557e-01 2.757350206375122070e-01
8.833427130000000016e-01 2.758181393146514893e-01
8.861835430000000180e-01 2.706048190593719482e-01
8.890244290000000049e-01 2.649777233600616455e-01
8.918653709999999624e-01 2.465831935405731201e-01
8.947063699999999731e-01 2.085651606321334839e-01
8.975474239999999826e-01 1.697700470685958862e-01
9.003885350000000454e-01 1.514141410589218140e-01
9.032297030000000504e-01 1.707752496004104614e-01
9.060709260000000542e-01 1.738724857568740845e-01
9.089122060000000003e-01 1.448715925216674805e-01
9.117535420000000279e-01 1.433858722448348999e-01
9.145949340000000261e-01 1.288800239562988281e-01
9.174363819999999947e-01 1.294653117656707764e-01
9.202778870000000166e-01 1.500418633222579956e-01
9.231194480000000091e-01 1.469833552837371826e-01
9.259610649999999721e-01 1.296648234128952026e-01
9.288027380000000166e-01 9.513568878173828125e-02
9.316444680000000034e-01 4.685232415795326233e-02
9.344862539999999607e-01 2.787850983440876007e-02
9.373280959999999995e-01 2.860441617667675018e-02
9.401699940000000089e-01 4.969712346792221069e-02
9.430119489999999605e-01 4.347906261682510376e-02
9.458539599999999936e-01 3.615704178810119629e-02
9.486960269999999973e-01 4.248249158263206482e-02
9.515381499999999715e-01 4.359831288456916809e-02
9.543803299999999989e-01 4.600988328456878662e-02
9.572225659999999969e-01 5.181942135095596313e-02
9.600648579999999654e-01 5.572027340531349182e-02
9.629072060000000155e-01 5.904477834701538086e-02
9.657496110000000078e-01 6.135090813040733337e-02
9.685920709999999989e-01 8.602808415889739990e-02
9.714345880000000433e-01 9.124096482992172241e-02
9.742771620000000299e-01 7.954029738903045654e-02
9.771197910000000153e-01 8.349867910146713257e-02
9.799624770000000540e-01 8.884396404027938843e-02
9.828052189999999522e-01 9.537370502948760986e-02
9.856480170000000429e-01 1.047044843435287476e-01
9.884908709999999932e-01 1.108347624540328979e-01
9.913337819999999967e-01 1.101222038269042969e-01
9.941767489999999707e-01 1.071045994758605957e-01
9.970197720000000263e-01 1.124014556407928467e-01
9.998628510000000524e-01 1.071628704667091370e-01
1.002705986999999910e+00 1.084952130913734436e-01
1.005549178999999960e+00 1.014081165194511414e-01
1.008392426999999980e+00 1.008118987083435059e-01
1.011235730999999971e+00 1.113297715783119202e-01
1.014079092000000015e+00 1.025934144854545593e-01
1.016922509000000030e+00 1.042962819337844849e-01
1.019765982000000015e+00 1.075727045536041260e-01
1.022609510999999971e+00 1.086403429508209229e-01
1.025453096999999980e+00 1.143526583909988403e-01
1.028296738999999960e+00 1.113128066062927246e-01
1.031140436999999910e+00 1.130014434456825256e-01
1.033984191000000052e+00 1.136147156357765198e-01
1.036828002000000026e+00 1.056716889142990112e-01
1.039671868000000110e+00 1.052838191390037537e-01
1.042515791000000025e+00 1.048644855618476868e-01
1.045359770999999993e+00 1.125000789761543274e-01
