3.615872339999999796e-01 1.297811985015869141e+00
3.644177160000000026e-01 1.426234960556030273e+00
3.672482539999999962e-01 1.586895704269409180e+00
3.700788480000000158e-01 1.547886371612548828e+00
3.729094980000000059e-01 1.417408585548400879e+00
3.757402049999999938e-01 1.480399489402770996e+00
3.785709680000000077e-01 1.686222076416015625e+00
3.814017869999999921e-01 1.430378794670104980e+00
3.842326620000000026e-01 1.327007174491882324e+00
3.870635940000000108e-01 1.426970243453979492e+00
3.898945819999999896e-01 1.631028652191162109e+00
3.927256259999999943e-01 1.426551222801208496e+00
3.955567260000000251e-01 1.458998918533325195e+00
3.983878829999999982e-01 1.835224270820617676e+00
4.012190950000000256e-01 2.254449367523193359e+00
4.040503639999999952e-01 2.272060871124267578e+00
4.068816900000000181e-01 2.236783981323242188e+00
4.097130709999999842e-01 2.262671470642089844e+00
4.125445090000000037e-01 2.363547801971435547e+00
4.153760029999999936e-01 2.373512268066406250e+00
4.182075530000000096e-01 2.316362142562866211e+00
4.210391589999999962e-01 2.338926553726196289e+00
4.238708219999999804e-01 2.316202640533447266e+00
4.267025409999999908e-01 2.252748250961303711e+00
4.295343160000000271e-01 2.048961162567138672e+00
4.323661469999999785e-01 2.174206495285034180e+00
4.351980349999999831e-01 2.391396999359130859e+00
4.380299790000000137e-01 2.416857719421386719e+00
4.408619790000000149e-01 2.514187574386596680e+00
4.436940349999999866e-01 2.654928684234619141e+00
4.465261480000000116e-01 2.678589582443237305e+00
4.493583170000000071e-01 2.836056947708129883e+00
4.521905419999999731e-01 2.837252616882324219e+00
4.550228230000000207e-01 2.838669061660766602e+00
4.578551610000000105e-01 2.893001317977905273e+00
4.606875550000000263e-01 2.898503065109252930e+00
4.635200050000000127e-01 2.932910203933715820e+00
4.663525110000000251e-01 2.872582197189331055e+00
4.691850739999999798e-01 2.884285449981689453e+00
4.720176919999999887e-01 2.906188488006591797e+00
4.748503669999999954e-01 2.962258338928222656e+00
4.776830989999999999e-01 2.997876167297363281e+00
4.805158860000000032e-01 3.056227922439575195e+00
4.833487300000000042e-01 3.026343107223510742e+00
4.861816299999999758e-01 2.789088487625122070e+00
4.890145859999999733e-01 2.918587684631347656e+00
4.918475979999999970e-01 2.994463682174682617e+00
4.946806670000000183e-01 3.064193725585937500e+00
4.975137920000000102e-01 3.084298133850097656e+00
5.003469729999999727e-01 3.000551462173461914e+00
5.031802100000000166e-01 2.980455875396728516e+00
5.060135040000000028e-01 3.072709560394287109e+00
5.088468539999999596e-01 3.093923091888427734e+00
5.116802599999999979e-01 3.122630596160888672e+00
5.145137220000000067e-01 3.049263715744018555e+00
5.173472409999999577e-01 2.896054744720458984e+00
5.201808159999999903e-01 3.031129598617553711e+00
5.230144469999999934e-01 3.163824081420898438e+00
5.258481339999999671e-01 3.169064521789550781e+00
5.286818779999999940e-01 3.210746526718139648e+00
5.315156779999999914e-01 3.317431211471557617e+00
5.343495339999999594e-01 3.307848930358886719e+00
5.371834460000000089e-01 3.353839635848999023e+00
5.400174150000000006e-01 3.295615673065185547e+00
5.428514389999999912e-01 3.320119857788085938e+00
5.456855200000000350e-01 3.379734277725219727e+00
5.485196580000000210e-01 3.387332677841186523e+00
5.513538510000000059e-01 3.426311492919921875e+00
5.541881010000000440e-01 3.447876453399658203e+00
5.570224070000000527e-01 3.422277927398681641e+00
5.598567690000000319e-01 3.371410846710205078e+00
5.626911869999999816e-01 3.433101654052734375e+00
5.655256619999999845e-01 3.426423788070678711e+00
5.683601929999999580e-01 3.383748531341552734e+00
5.711947800000000131e-01 3.352923631668090820e+00
5.740294230000000386e-01 3.411110401153564453e+00
5.768641230000000064e-01 3.376251697540283203e+00
5.796988789999999447e-01 3.391243934631347656e+00
5.825336909999999646e-01 3.481248855590820312e+00
5.853685589999999550e-01 3.434620380401611328e+00
5.882034839999999987e-01 3.213179588317871094e+00
5.910384650000000129e-01 3.080792427062988281e+00
5.938735019999999976e-01 3.133882761001586914e+00
5.967085949999999528e-01 3.137278079986572266e+00
5.995437449999999613e-01 3.106304645538330078e+00
6.023789510000000513e-01 3.076958894729614258e+00
6.052142130000000009e-01 3.094538688659667969e+00
6.080495310000000320e-01 3.043440341949462891e+00
6.108849060000000053e-01 2.938536405563354492e+00
6.137203359999999774e-01 2.882836341857910156e+00
6.165558230000000028e-01 2.855776786804199219e+00
6.193913669999999705e-01 2.919991970062255859e+00
6.222269660000000480e-01 2.913843154907226562e+00
6.250626219999999567e-01 2.842949628829956055e+00
6.278983339999999469e-01 2.779488325119018555e+00
6.307341020000000187e-01 2.761659145355224609e+00
6.335699259999999500e-01 2.785646677017211914e+00
6.364058070000000455e-01 2.821447372436523438e+00
6.392417440000000006e-01 2.829871416091918945e+00
6.420777370000000372e-01 2.798592090606689453e+00
6.449137860000000444e-01 2.762973308563232422e+00
6.477498919999999938e-01 2.648736000061035156e+00
6.505860540000000247e-01 2.636693477630615234e+00
6.534222720000000262e-01 2.623015403747558594e+00
6.562585459999999982e-01 2.418818712234497070e+00
6.590948770000000234e-01 2.540983200073242188e+00
6.619312640000000192e-01 2.607048988342285156e+00
6.647677069999999855e-01 2.582988739013671875e+00
6.676042060000000333e-01 2.565972089767456055e+00
6.704407620000000234e-01 2.539793491363525391e+00
6.732773739999999840e-01 2.514868736267089844e+00
6.761140420000000262e-01 2.506509304046630859e+00
6.789507660000000389e-01 2.485905647277832031e+00
6.817875469999999938e-01 2.457663774490356445e+00
6.846243829999999475e-01 2.377935171127319336e+00
6.874612759999999545e-01 1.987527966499328613e+00
6.902982260000000148e-01 2.025133848190307617e+00
6.931352309999999628e-01 2.070221424102783203e+00
6.959722929999999641e-01 2.079461812973022461e+00
6.988094110000000470e-01 2.065732240676879883e+00
7.016465849999999893e-01 1.958835721015930176e+00
7.044838150000000132e-01 1.973884105682373047e+00
7.073211019999999793e-01 1.939248442649841309e+00
7.101584450000000270e-01 1.878086924552917480e+00
7.129958440000000452e-01 1.769528388977050781e+00
7.158332990000000340e-01 1.508841276168823242e+00
7.186708109999999650e-01 1.104786872863769531e+00
7.215083789999999775e-01 1.129825472831726074e+00
7.243460029999999605e-01 1.047694802284240723e+00
7.271836830000000251e-01 9.506266117095947266e-01
7.300214200000000320e-01 8.966808319091796875e-01
7.328592130000000093e-01 9.165925979614257812e-01
7.356970619999999572e-01 9.054354429244995117e-01
7.385349669999999866e-01 8.889565467834472656e-01
7.413729289999999583e-01 8.945776224136352539e-01
7.442109470000000115e-01 9.025976061820983887e-01
7.470490210000000353e-01 9.011886119842529297e-01
7.498871510000000296e-01 8.901194930076599121e-01
7.527253379999999661e-01 8.783308863639831543e-01
7.555635800000000124e-01 8.688773512840270996e-01
7.584018790000000010e-01 7.125939130783081055e-01
7.612402350000000428e-01 3.327781260013580322e-01
7.640786459999999725e-01 4.074902832508087158e-01
7.669171139999999554e-01 6.522121429443359375e-01
7.697556380000000198e-01 8.048229813575744629e-01
7.725942180000000548e-01 8.284985423088073730e-01
7.754328539999999492e-01 8.326278924942016602e-01
7.782715470000000080e-01 8.382986783981323242e-01
7.811102960000000373e-01 8.445323705673217773e-01
7.839491010000000371e-01 8.430141210556030273e-01
7.867879620000000074e-01 8.320593833923339844e-01
7.896268800000000310e-01 8.069148063659667969e-01
7.924658540000000251e-01 8.129077553749084473e-01
7.953048839999999897e-01 8.201631903648376465e-01
7.981439700000000359e-01 8.241068124771118164e-01
8.009831130000000243e-01 8.208947181701660156e-01
8.038223119999999833e-01 8.254380822181701660e-01
8.066615670000000238e-01 8.381335735321044922e-01
8.095008780000000348e-01 8.053018450736999512e-01
8.123402459999999881e-01 7.256629467010498047e-01
8.151796700000000229e-01 5.876778960227966309e-01
8.180191500000000282e-01 5.518119931221008301e-01
8.208586860000000041e-01 5.934516787528991699e-01
8.236982790000000332e-01 5.438084602355957031e-01
8.265379269999999501e-01 5.650414824485778809e-01
8.293776320000000313e-01 5.079424977302551270e-01
8.322173940000000547e-01 4.895779490470886230e-01
8.350572109999999659e-01 4.894734323024749756e-01
8.378970850000000414e-01 5.046553611755371094e-01
8.407370149999999764e-01 5.032522678375244141e-01
8.435770009999999930e-01 4.960290193557739258e-01
8.464170429999999801e-01 4.955670833587646484e-01
8.492571420000000204e-01 4.673560559749603271e-01
8.520972970000000313e-01 4.505086541175842285e-01
8.549375080000000127e-01 4.259681999683380127e-01
8.577777749999999646e-01 4.555483162403106689e-01
8.606180989999999698e-01 4.481073915958404541e-01
8.634584789999999455e-01 4.406029284000396729e-01
8.662989150000000027e-01 3.998741507530212402e-01
8.691394070000000305e-01 4.153806865215301514e-01
8.719799560000000005e-01 4.073250293731689453e-01
8.748205610000000521e-01 3.943830728530883789e-01
8.776612219999999631e-01 3.852343261241912842e-01
8.805019389999999557e-01 3.728068172931671143e-01
8.833427130000000016e-01 3.680068552494049072e-01
8.861835430000000180e-01 3.514795899391174316e-01
8.890244290000000049e-01 3.456510007381439209e-01
8.918653709999999624e-01 3.246312737464904785e-01
8.947063699999999731e-01 2.743026614189147949e-01
8.975474239999999826e-01 2.163040041923522949e-01
9.003885350000000454e-01 1.972808092832565308e-01
9.032297030000000504e-01 2.251990288496017456e-01
9.060709260000000542e-01 2.284287363290786743e-01
9.089122060000000003e-01 1.816830635070800781e-01
9.117535420000000279e-01 1.831173896789550781e-01
9.145949340000000261e-01 1.677033156156539917e-01
9.174363819999999947e-01 1.697695404291152954e-01
9.202778870000000166e-01 1.966999769210815430e-01
9.231194480000000091e-01 1.764991134405136108e-01
9.259610649999999721e-01 1.686518937349319458e-01
9.288027380000000166e-01 1.163220629096031189e-01
9.316444680000000034e-01 6.417173892259597778e-02
9.344862539999999607e-01 3.609579429030418396e-02
9.373280959999999995e-01 3.960674256086349487e-02
9.401699940000000089e-01 6.226697191596031189e-02
9.430119489999999605e-01 5.113300681114196777e-02
9.458539599999999936e-01 5.079989135265350342e-02
9.486960269999999973e-01 4.925308004021644592e-02
9.515381499999999715e-01 4.965040460228919983e-02
9.543803299999999989e-01 5.377623438835144043e-02
9.572225659999999969e-01 5.996180698275566101e-02
9.600648579999999654e-01 6.217640265822410583e-02
9.629072060000000155e-01 6.810780614614486694e-02
9.657496110000000078e-01 7.993207126855850220e-02
9.685920709999999989e-01 1.015284359455108643e-01
9.714345880000000433e-01 1.084352284669876099e-01
9.742771620000000299e-01 9.475084394216537476e-02
9.771197910000000153e-01 9.456904232501983643e-02
9.799624770000000540e-01 1.066222637891769409e-01
9.828052189999999522e-01 1.178887560963630676e-01
9.856480170000000429e-01 1.152368113398551941e-01
9.884908709999999932e-01 1.258998811244964600e-01
9.913337819999999967e-01 1.332173347473144531e-01
9.941767489999999707e-01 1.297003626823425293e-01
9.970197720000000263e-01 1.339428275823593140e-01
9.998628510000000524e-01 1.295622438192367554e-01
1.002705986999999910e+00 1.273263543844223022e-01
1.005549178999999960e+00 1.271575242280960083e-01
1.008392426999999980e+00 1.263688504695892334e-01
1.011235730999999971e+00 1.336150467395782471e-01
1.014079092000000015e+00 1.304668039083480835e-01
1.016922509000000030e+00 1.306649446487426758e-01
1.019765982000000015e+00 1.350048482418060303e-01
1.022609510999999971e+00 1.279428154230117798e-01
1.025453096999999980e+00 1.368931680917739868e-01
1.028296738999999960e+00 1.392240524291992188e-01
1.031140436999999910e+00 1.375696957111358643e-01
1.033984191000000052e+00 1.351395547389984131e-01
1.036828002000000026e+00 1.391486972570419312e-01
1.039671868000000110e+00 1.332996487617492676e-01
1.042515791000000025e+00 1.489907205104827881e-01
1.045359770999999993e+00 1.329330801963806152e-01
