3.615872339999999796e-01 1.278197526931762695e+00
3.644177160000000026e-01 1.424059033393859863e+00
3.672482539999999962e-01 1.616548061370849609e+00
3.700788480000000158e-01 1.542478680610656738e+00
3.729094980000000059e-01 1.417806625366210938e+00
3.757402049999999938e-01 1.473666310310363770e+00
3.785709680000000077e-01 1.694573640823364258e+00
3.814017869999999921e-01 1.459366083145141602e+00
3.842326620000000026e-01 1.285701751708984375e+00
3.870635940000000108e-01 1.449219703674316406e+00
3.898945819999999896e-01 1.622686982154846191e+00
3.927256259999999943e-01 1.411121606826782227e+00
3.955567260000000251e-01 1.445115447044372559e+00
3.983878829999999982e-01 1.818889021873474121e+00
4.012190950000000256e-01 2.287131786346435547e+00
4.040503639999999952e-01 2.280536890029907227e+00
4.068816900000000181e-01 2.239982604980468750e+00
4.097130709999999842e-01 2.239221811294555664e+00
4.125445090000000037e-01 2.354422330856323242e+00
4.153760029999999936e-01 2.371508836746215820e+00
4.182075530000000096e-01 2.336286783218383789e+00
4.210391589999999962e-01 2.318206787109375000e+00
4.238708219999999804e-01 2.301298618316650391e+00
4.267025409999999908e-01 2.245760679244995117e+00
4.295343160000000271e-01 2.033077716827392578e+00
4.323661469999999785e-01 2.169295310974121094e+00
4.351980349999999831e-01 2.360496282577514648e+00
4.380299790000000137e-01 2.395372152328491211e+00
4.408619790000000149e-01 2.480414152145385742e+00
4.436940349999999866e-01 2.609118461608886719e+00
4.465261480000000116e-01 2.635996103286743164e+00
4.493583170000000071e-01 2.791180133819580078e+00
4.521905419999999731e-01 2.808985471725463867e+00
4.550228230000000207e-01 2.775155782699584961e+00
4.578551610000000105e-01 2.845491409301757812e+00
4.606875550000000263e-01 2.865116834640502930e+00
4.635200050000000127e-01 2.893614292144775391e+00
4.663525110000000251e-01 2.840101480484008789e+00
4.691850739999999798e-01 2.828401803970336914e+00
4.720176919999999887e-01 2.864552974700927734e+00
4.748503669999999954e-01 2.907872676849365234e+00
4.776830989999999999e-01 2.939358711242675781e+00
4.805158860000000032e-01 3.013279438018798828e+00
4.833487300000000042e-01 2.987411260604858398e+00
4.861816299999999758e-01 2.752381324768066406e+00
4.890145859999999733e-01 2.864312887191772461e+00
4.918475979999999970e-01 2.937743186950683594e+00
4.946806670000000183e-01 2.998847007751464844e+00
4.975137920000000102e-01 3.015577793121337891e+00
5.003469729999999727e-01 2.940104484558105469e+00
5.031802100000000166e-01 2.917425632476806641e+00
5.060135040000000028e-01 3.002020835876464844e+00
5.088468539999999596e-01 3.032353401184082031e+00
5.116802599999999979e-01 3.069848775863647461e+00
5.145137220000000067e-01 3.002838134765625000e+00
5.173472409999999577e-01 2.827928781509399414e+00
5.201808159999999903e-01 2.974248886108398438e+00
5.230144469999999934e-01 3.099157333374023438e+00
5.258481339999999671e-01 3.104749441146850586e+00
5.286818779999999940e-01 3.138082981109619141e+00
5.315156779999999914e-01 3.245829582214355469e+00
5.343495339999999594e-01 3.229171037673950195e+00
5.371834460000000089e-01 3.274962663650512695e+00
5.400174150000000006e-01 3.219944238662719727e+00
5.428514389999999912e-01 3.246693372726440430e+00
5.456855200000000350e-01 3.306844234466552734e+00
5.485196580000000210e-01 3.311471700668334961e+00
5.513538510000000059e-01 3.337284088134765625e+00
5.541881010000000440e-01 3.362446546554565430e+00
5.570224070000000527e-01 3.331380128860473633e+00
5.598567690000000319e-01 3.290663242340087891e+00
5.626911869999999816e-01 3.345846891403198242e+00
5.655256619999999845e-01 3.324364185333251953e+00
5.683601929999999580e-01 3.300379037857055664e+00
5.711947800000000131e-01 3.265038967132568359e+00
5.740294230000000386e-01 3.307855367660522461e+00
5.768641230000000064e-01 3.282486677169799805e+00
5.796988789999999447e-01 3.296031236648559570e+00
5.825336909999999646e-01 3.362988471984863281e+00
5.853685589999999550e-01 3.335933923721313477e+00
5.882034839999999987e-01 3.105026245117187500e+00
5.910384650000000129e-01 2.960095167160034180e+00
5.938735019999999976e-01 3.017519235610961914e+00
5.967085949999999528e-01 2.990473985671997070e+00
5.995437449999999613e-01 2.955494165420532227e+00
6.023789510000000513e-01 2.921627521514892578e+00
6.052142130000000009e-01 2.932540655136108398e+00
6.080495310000000320e-01 2.885826110839843750e+00
6.108849060000000053e-01 2.731622457504272461e+00
6.137203359999999774e-01 2.657003641128540039e+00
6.165558230000000028e-01 2.661231279373168945e+00
6.193913669999999705e-01 2.732514381408691406e+00
6.222269660000000480e-01 2.722378492355346680e+00
6.250626219999999567e-01 2.658872604370117188e+00
6.278983339999999469e-01 2.585449457168579102e+00
6.307341020000000187e-01 2.565845012664794922e+00
6.335699259999999500e-01 2.595796823501586914e+00
6.364058070000000455e-01 2.620410442352294922e+00
6.392417440000000006e-01 2.623938083648681641e+00
6.420777370000000372e-01 2.592523813247680664e+00
6.449137860000000444e-01 2.559836864471435547e+00
6.477498919999999938e-01 2.439508676528930664e+00
6.505860540000000247e-01 2.424363136291503906e+00
6.534222720000000262e-01 2.420030355453491211e+00
6.562585459999999982e-01 2.219716310501098633e+00
6.590948770000000234e-01 2.318198680877685547e+00
6.619312640000000192e-01 2.370516300201416016e+00
6.647677069999999855e-01 2.339497327804565430e+00
6.676042060000000333e-01 2.322574615478515625e+00
6.704407620000000234e-01 2.300821065902709961e+00
6.732773739999999840e-01 2.271846294403076172e+00
6.761140420000000262e-01 2.249282121658325195e+00
6.789507660000000389e-01 2.241993904113769531e+00
6.817875469999999938e-01 2.210633516311645508e+00
6.846243829999999475e-01 2.143098354339599609e+00
6.874612759999999545e-01 1.787593126296997070e+00
6.902982260000000148e-01 1.815980672836303711e+00
6.931352309999999628e-01 1.840729117393493652e+00
6.959722929999999641e-01 1.857203483581542969e+00
6.988094110000000470e-01 1.834592461585998535e+00
7.016465849999999893e-01 1.729485273361206055e+00
7.044838150000000132e-01 1.723242878913879395e+00
7.073211019999999793e-01 1.687003493309020996e+00
7.101584450000000270e-01 1.619142889976501465e+00
7.129958440000000452e-01 1.520316004753112793e+00
7.158332990000000340e-01 1.283365964889526367e+00
7.186708109999999650e-01 9.251490831375122070e-01
7.215083789999999775e-01 9.458186030387878418e-01
7.243460029999999605e-01 8.671962022781372070e-01
7.271836830000000251e-01 7.752348184585571289e-01
7.300214200000000320e-01 7.239271998405456543e-01
7.328592130000000093e-01 7.432464361190795898e-01
7.356970619999999572e-01 7.266982197761535645e-01
7.385349669999999866e-01 7.050855159759521484e-01
7.413729289999999583e-01 7.083759903907775879e-01
7.442109470000000115e-01 7.167775630950927734e-01
7.470490210000000353e-01 7.232106328010559082e-01
7.498871510000000296e-01 7.115026116371154785e-01
7.527253379999999661e-01 7.000877857208251953e-01
7.555635800000000124e-01 6.898918747901916504e-01
7.584018790000000010e-01 5.725933909416198730e-01
7.612402350000000428e-01 2.668966352939605713e-01
7.640786459999999725e-01 3.184966444969177246e-01
7.669171139999999554e-01 5.123666524887084961e-01
7.697556380000000198e-01 6.237638592720031738e-01
7.725942180000000548e-01 6.561134457588195801e-01
7.754328539999999492e-01 6.601848006248474121e-01
7.782715470000000080e-01 6.561167240142822266e-01
7.811102960000000373e-01 6.617903113365173340e-01
7.839491010000000371e-01 6.556251049041748047e-01
7.867879620000000074e-01 6.532956361770629883e-01
7.896268800000000310e-01 6.237067580223083496e-01
7.924658540000000251e-01 6.302868127822875977e-01
7.953048839999999897e-01 6.339057683944702148e-01
7.981439700000000359e-01 6.401410698890686035e-01
8.009831130000000243e-01 6.388214826583862305e-01
8.038223119999999833e-01 6.375516057014465332e-01
8.066615670000000238e-01 6.532619595527648926e-01
8.095008780000000348e-01 6.264279484748840332e-01
8.123402459999999881e-01 5.539373159408569336e-01
8.151796700000000229e-01 4.551971554756164551e-01
8.180191500000000282e-01 4.317851364612579346e-01
8.208586860000000041e-01 4.646132290363311768e-01
8.236982790000000332e-01 4.232540428638458252e-01
8.265379269999999501e-01 4.427195787429809570e-01
8.293776320000000313e-01 3.923400640487670898e-01
8.322173940000000547e-01 3.750418126583099365e-01
8.350572109999999659e-01 3.828042745590209961e-01
8.378970850000000414e-01 3.883583247661590576e-01
8.407370149999999764e-01 3.893531262874603271e-01
8.435770009999999930e-01 3.860200345516204834e-01
8.464170429999999801e-01 3.842319548130035400e-01
8.492571420000000204e-01 3.645924925804138184e-01
8.520972970000000313e-01 3.472226858139038086e-01
8.549375080000000127e-01 3.326997160911560059e-01
8.577777749999999646e-01 3.482374846935272217e-01
8.606180989999999698e-01 3.498647212982177734e-01
8.634584789999999455e-01 3.409267067909240723e-01
8.662989150000000027e-01 3.145898580551147461e-01
8.691394070000000305e-01 3.160568177700042725e-01
8.719799560000000005e-01 3.176684081554412842e-01
8.748205610000000521e-01 3.088831007480621338e-01
8.776612219999999631e-01 3.017801642417907715e-01
8.805019389999999557e-01 2.904190719127655029e-01
8.833427130000000016e-01 2.852725684642791748e-01
8.861835430000000180e-01 2.707725167274475098e-01
8.890244290000000049e-01 2.674646079540252686e-01
8.918653709999999624e-01 2.532857656478881836e-01
8.947063699999999731e-01 2.146610617637634277e-01
8.975474239999999826e-01 1.711745411157608032e-01
9.003885350000000454e-01 1.541913300752639771e-01
9.032297030000000504e-01 1.820550858974456787e-01
9.060709260000000542e-01 1.765698939561843872e-01
9.089122060000000003e-01 1.445012092590332031e-01
9.117535420000000279e-01 1.410862505435943604e-01
9.145949340000000261e-01 1.316359341144561768e-01
9.174363819999999947e-01 1.310224384069442749e-01
9.202778870000000166e-01 1.553331911563873291e-01
9.231194480000000091e-01 1.451731324195861816e-01
9.259610649999999721e-01 1.339159458875656128e-01
9.288027380000000166e-01 9.482154250144958496e-02
9.316444680000000034e-01 5.210636183619499207e-02
9.344862539999999607e-01 3.176864609122276306e-02
9.373280959999999995e-01 3.433100134134292603e-02
9.401699940000000089e-01 5.208329483866691589e-02
9.430119489999999605e-01 4.378399625420570374e-02
9.458539599999999936e-01 3.884888067841529846e-02
9.486960269999999973e-01 4.112372174859046936e-02
9.515381499999999715e-01 4.529945924878120422e-02
9.543803299999999989e-01 4.264196753501892090e-02
9.572225659999999969e-01 4.956477880477905273e-02
9.600648579999999654e-01 4.974190518260002136e-02
9.629072060000000155e-01 5.784040316939353943e-02
9.657496110000000078e-01 6.080785021185874939e-02
9.685920709999999989e-01 8.666333556175231934e-02
9.714345880000000433e-01 9.165610373020172119e-02
9.742771620000000299e-01 7.844252139329910278e-02
9.771197910000000153e-01 8.499215543270111084e-02
9.799624770000000540e-01 8.572763949632644653e-02
9.828052189999999522e-01 9.405586868524551392e-02
9.856480170000000429e-01 1.030979827046394348e-01
9.884908709999999932e-01 1.068510189652442932e-01
9.913337819999999967e-01 1.066081300377845764e-01
9.941767489999999707e-01 1.102281510829925537e-01
9.970197720000000263e-01 1.061627790331840515e-01
9.998628510000000524e-01 1.045264378190040588e-01
1.002705986999999910e+00 1.049707233905792236e-01
1.005549178999999960e+00 9.814997762441635132e-02
1.008392426999999980e+00 1.050989329814910889e-01
1.011235730999999971e+00 1.101261377334594727e-01
1.014079092000000015e+00 1.103179752826690674e-01
1.016922509000000030e+00 1.093965470790863037e-01
1.019765982000000015e+00 1.108087226748466492e-01
1.022609510999999971e+00 1.052014604210853577e-01
1.025453096999999980e+00 1.083189249038696289e-01
1.028296738999999960e+00 1.047467738389968872e-01
1.031140436999999910e+00 1.085249111056327820e-01
1.033984191000000052e+00 1.129165813326835632e-01
1.036828002000000026e+00 1.038585901260375977e-01
1.039671868000000110e+00 1.170841529965400696e-01
1.042515791000000025e+00 1.143891364336013794e-01
1.045359770999999993e+00 1.078663319349288940e-01
