3.615872339999999796e-01 1.307399988174438477e+00
3.644177160000000026e-01 1.450468897819519043e+00
3.672482539999999962e-01 1.585204005241394043e+00
3.700788480000000158e-01 1.593419194221496582e+00
3.729094980000000059e-01 1.394722938537597656e+00
3.757402049999999938e-01 1.514793992042541504e+00
3.785709680000000077e-01 1.652700066566467285e+00
3.814017869999999921e-01 1.431440711021423340e+00
3.842326620000000026e-01 1.298025369644165039e+00
3.870635940000000108e-01 1.402392864227294922e+00
3.898945819999999896e-01 1.597933411598205566e+00
3.927256259999999943e-01 1.409754753112792969e+00
3.955567260000000251e-01 1.437020063400268555e+00
3.983878829999999982e-01 1.804598689079284668e+00
4.012190950000000256e-01 2.231820344924926758e+00
4.040503639999999952e-01 2.239556312561035156e+00
4.068816900000000181e-01 2.204211473464965820e+00
4.097130709999999842e-01 2.220708847045898438e+00
4.125445090000000037e-01 2.321483135223388672e+00
4.153760029999999936e-01 2.323303699493408203e+00
4.182075530000000096e-01 2.285086631774902344e+00
4.210391589999999962e-01 2.298950433731079102e+00
4.238708219999999804e-01 2.226044893264770508e+00
4.267025409999999908e-01 2.203999042510986328e+00
4.295343160000000271e-01 2.000402212142944336e+00
4.323661469999999785e-01 2.133796453475952148e+00
4.351980349999999831e-01 2.311115503311157227e+00
4.380299790000000137e-01 2.349593877792358398e+00
4.408619790000000149e-01 2.406989336013793945e+00
4.436940349999999866e-01 2.564287900924682617e+00
4.465261480000000116e-01 2.582725763320922852e+00
4.493583170000000071e-01 2.719641923904418945e+00
4.521905419999999731e-01 2.757375240325927734e+00
4.550228230000000207e-01 2.706790447235107422e+00
4.578551610000000105e-01 2.770776510238647461e+00
4.606875550000000263e-01 2.781643152236938477e+00
4.635200050000000127e-01 2.809766530990600586e+00
4.663525110000000251e-01 2.742177724838256836e+00
4.691850739999999798e-01 2.744757890701293945e+00
4.720176919999999887e-01 2.779914617538452148e+00
4.748503669999999954e-01 2.827561855316162109e+00
4.776830989999999999e-01 2.852434158325195312e+00
4.805158860000000032e-01 2.919834136962890625e+00
4.833487300000000042e-01 2.874062776565551758e+00
4.861816299999999758e-01 2.659505367279052734e+00
4.890145859999999733e-01 2.765161275863647461e+00
4.918475979999999970e-01 2.845685243606567383e+00
4.946806670000000183e-01 2.902058839797973633e+00
4.975137920000000102e-01 2.907162189483642578e+00
5.003469729999999727e-01 2.841402530670166016e+00
5.031802100000000166e-01 2.817729234695434570e+00
5.060135040000000028e-01 2.891762256622314453e+00
5.088468539999999596e-01 2.921869754791259766e+00
5.116802599999999979e-01 2.935370206832885742e+00
5.145137220000000067e-01 2.885701417922973633e+00
5.173472409999999577e-01 2.719199180603027344e+00
5.201808159999999903e-01 2.848640680313110352e+00
5.230144469999999934e-01 2.975721836090087891e+00
5.258481339999999671e-01 2.983026981353759766e+00
5.286818779999999940e-01 3.021871805191040039e+00
5.315156779999999914e-01 3.127357006072998047e+00
5.343495339999999594e-01 3.112173080444335938e+00
5.371834460000000089e-01 3.147944688796997070e+00
5.400174150000000006e-01 3.089801073074340820e+00
5.428514389999999912e-01 3.109489679336547852e+00
5.456855200000000350e-01 3.170972585678100586e+00
5.485196580000000210e-01 3.173784732818603516e+00
5.513538510000000059e-01 3.196185588836669922e+00
5.541881010000000440e-01 3.224920988082885742e+00
5.570224070000000527e-01 3.190363645553588867e+00
5.598567690000000319e-01 3.150264024734497070e+00
5.626911869999999816e-01 3.187596321105957031e+00
5.655256619999999845e-01 3.189394712448120117e+00
5.683601929999999580e-01 3.154882192611694336e+00
5.711947800000000131e-01 3.125304698944091797e+00
5.740294230000000386e-01 3.166882514953613281e+00
5.768641230000000064e-01 3.135464191436767578e+00
5.796988789999999447e-01 3.149302721023559570e+00
5.825336909999999646e-01 3.218993663787841797e+00
5.853685589999999550e-01 3.163380384445190430e+00
5.882034839999999987e-01 2.955361366271972656e+00
5.910384650000000129e-01 2.817726850509643555e+00
5.938735019999999976e-01 2.861246585845947266e+00
5.967085949999999528e-01 2.841440677642822266e+00
5.995437449999999613e-01 2.799712181091308594e+00
6.023789510000000513e-01 2.754023075103759766e+00
6.052142130000000009e-01 2.757282495498657227e+00
6.080495310000000320e-01 2.720516443252563477e+00
6.108849060000000053e-01 2.612797498703002930e+00
6.137203359999999774e-01 2.538795471191406250e+00
6.165558230000000028e-01 2.518113374710083008e+00
6.193913669999999705e-01 2.578383922576904297e+00
6.222269660000000480e-01 2.571351528167724609e+00
6.250626219999999567e-01 2.492336988449096680e+00
6.278983339999999469e-01 2.433383464813232422e+00
6.307341020000000187e-01 2.407110691070556641e+00
6.335699259999999500e-01 2.437179088592529297e+00
6.364058070000000455e-01 2.458662509918212891e+00
6.392417440000000006e-01 2.462980508804321289e+00
6.420777370000000372e-01 2.432445287704467773e+00
6.449137860000000444e-01 2.400545358657836914e+00
6.477498919999999938e-01 2.283870458602905273e+00
6.505860540000000247e-01 2.276704311370849609e+00
6.534222720000000262e-01 2.260701656341552734e+00
6.562585459999999982e-01 2.072688102722167969e+00
6.590948770000000234e-01 2.155658721923828125e+00
6.619312640000000192e-01 2.212516307830810547e+00
6.647677069999999855e-01 2.185986042022705078e+00
6.676042060000000333e-01 2.175971984863281250e+00
6.704407620000000234e-01 2.140135526657104492e+00
6.732773739999999840e-01 2.119989871978759766e+00
6.761140420000000262e-01 2.104701757431030273e+00
6.789507660000000389e-01 2.091453552246093750e+00
6.817875469999999938e-01 2.060420036315917969e+00
6.846243829999999475e-01 1.983656167984008789e+00
6.874612759999999545e-01 1.665854573249816895e+00
6.902982260000000148e-01 1.679336309432983398e+00
6.931352309999999628e-01 1.714393377304077148e+00
6.959722929999999641e-01 1.713320016860961914e+00
6.988094110000000470e-01 1.694965481758117676e+00
7.016465849999999893e-01 1.596717715263366699e+00
7.044838150000000132e-01 1.585472822189331055e+00
7.073211019999999793e-01 1.539793372154235840e+00
7.101584450000000270e-01 1.485733032226562500e+00
7.129958440000000452e-01 1.387501835823059082e+00
7.158332990000000340e-01 1.170542120933532715e+00
7.186708109999999650e-01 8.526358008384704590e-01
7.215083789999999775e-01 8.655152916908264160e-01
7.243460029999999605e-01 7.903572320938110352e-01
7.271836830000000251e-01 7.101956605911254883e-01
7.300214200000000320e-01 6.674968004226684570e-01
7.328592130000000093e-01 6.819787025451660156e-01
7.356970619999999572e-01 6.778667569160461426e-01
7.385349669999999866e-01 6.595414876937866211e-01
7.413729289999999583e-01 6.612495779991149902e-01
7.442109470000000115e-01 6.677387952804565430e-01
7.470490210000000353e-01 6.686727404594421387e-01
7.498871510000000296e-01 6.612189412117004395e-01
7.527253379999999661e-01 6.537559628486633301e-01
7.555635800000000124e-01 6.460813879966735840e-01
7.584018790000000010e-01 5.286387801170349121e-01
7.612402350000000428e-01 2.511135935783386230e-01
7.640786459999999725e-01 3.008491694927215576e-01
7.669171139999999554e-01 4.841195940971374512e-01
7.697556380000000198e-01 5.853154659271240234e-01
7.725942180000000548e-01 6.062197685241699219e-01
7.754328539999999492e-01 6.101088523864746094e-01
7.782715470000000080e-01 6.086649298667907715e-01
7.811102960000000373e-01 6.126415729522705078e-01
7.839491010000000371e-01 6.096562743186950684e-01
7.867879620000000074e-01 5.974242687225341797e-01
7.896268800000000310e-01 5.849962830543518066e-01
7.924658540000000251e-01 5.789262056350708008e-01
7.953048839999999897e-01 5.893360972404479980e-01
7.981439700000000359e-01 5.977613329887390137e-01
8.009831130000000243e-01 5.900400280952453613e-01
8.038223119999999833e-01 5.925093889236450195e-01
8.066615670000000238e-01 5.989866852760314941e-01
8.095008780000000348e-01 5.778165459632873535e-01
8.123402459999999881e-01 5.098582506179809570e-01
8.151796700000000229e-01 4.208602607250213623e-01
8.180191500000000282e-01 3.977781534194946289e-01
8.208586860000000041e-01 4.286073446273803711e-01
8.236982790000000332e-01 3.954674899578094482e-01
8.265379269999999501e-01 4.076876938343048096e-01
8.293776320000000313e-01 3.673482537269592285e-01
8.322173940000000547e-01 3.574093282222747803e-01
8.350572109999999659e-01 3.639198839664459229e-01
8.378970850000000414e-01 3.675183653831481934e-01
8.407370149999999764e-01 3.678902685642242432e-01
8.435770009999999930e-01 3.650066256523132324e-01
8.464170429999999801e-01 3.641182482242584229e-01
8.492571420000000204e-01 3.471650779247283936e-01
8.520972970000000313e-01 3.321191072463989258e-01
8.549375080000000127e-01 3.165291249752044678e-01
8.577777749999999646e-01 3.335465788841247559e-01
8.606180989999999698e-01 3.317322432994842529e-01
8.634584789999999455e-01 3.265657126903533936e-01
8.662989150000000027e-01 3.016273975372314453e-01
8.691394070000000305e-01 3.052234351634979248e-01
8.719799560000000005e-01 3.045529723167419434e-01
8.748205610000000521e-01 2.984342277050018311e-01
8.776612219999999631e-01 2.891619205474853516e-01
8.805019389999999557e-01 2.813004255294799805e-01
8.833427130000000016e-01 2.772586643695831299e-01
8.861835430000000180e-01 2.679969966411590576e-01
8.890244290000000049e-01 2.589948773384094238e-01
8.918653709999999624e-01 2.463862299919128418e-01
8.947063699999999731e-01 2.056798636913299561e-01
8.975474239999999826e-01 1.705176681280136108e-01
9.003885350000000454e-01 1.507079303264617920e-01
9.032297030000000504e-01 1.746033132076263428e-01
9.060709260000000542e-01 1.710325926542282104e-01
9.089122060000000003e-01 1.427150666713714600e-01
9.117535420000000279e-01 1.445967257022857666e-01
9.145949340000000261e-01 1.314206123352050781e-01
9.174363819999999947e-01 1.323140412569046021e-01
9.202778870000000166e-01 1.511952728033065796e-01
9.231194480000000091e-01 1.486374735832214355e-01
9.259610649999999721e-01 1.307680308818817139e-01
9.288027380000000166e-01 9.704158455133438110e-02
9.316444680000000034e-01 5.160432308912277222e-02
9.344862539999999607e-01 2.986172959208488464e-02
9.373280959999999995e-01 3.572392091155052185e-02
9.401699940000000089e-01 5.458950251340866089e-02
9.430119489999999605e-01 4.315336793661117554e-02
9.458539599999999936e-01 3.832647949457168579e-02
9.486960269999999973e-01 4.599069431424140930e-02
9.515381499999999715e-01 4.472216218709945679e-02
9.543803299999999989e-01 4.591308906674385071e-02
9.572225659999999969e-01 4.820338264107704163e-02
9.600648579999999654e-01 5.248736217617988586e-02
9.629072060000000155e-01 6.310197710990905762e-02
9.657496110000000078e-01 6.945298612117767334e-02
9.685920709999999989e-01 9.066890925168991089e-02
9.714345880000000433e-01 9.487905353307723999e-02
9.742771620000000299e-01 8.120109885931015015e-02
9.771197910000000153e-01 8.903221040964126587e-02
9.799624770000000540e-01 8.807886391878128052e-02
9.828052189999999522e-01 1.020845994353294373e-01
9.856480170000000429e-01 1.036948338150978088e-01
9.884908709999999932e-01 1.048391386866569519e-01
9.913337819999999967e-01 1.090315654873847961e-01
9.941767489999999707e-01 1.170422360301017761e-01
9.970197720000000263e-01 1.108886227011680603e-01
9.998628510000000524e-01 1.113332509994506836e-01
1.002705986999999910e+00 1.123910546302795410e-01
1.005549178999999960e+00 1.073290333151817322e-01
1.008392426999999980e+00 1.100625693798065186e-01
1.011235730999999971e+00 1.116992980241775513e-01
1.014079092000000015e+00 1.154236197471618652e-01
1.016922509000000030e+00 1.139215454459190369e-01
1.019765982000000015e+00 1.122336015105247498e-01
1.022609510999999971e+00 1.145955771207809448e-01
1.025453096999999980e+00 1.135216653347015381e-01
1.028296738999999960e+00 1.116334199905395508e-01
1.031140436999999910e+00 1.091941967606544495e-01
1.033984191000000052e+00 1.173692867159843445e-01
1.036828002000000026e+00 1.087084561586380005e-01
1.039671868000000110e+00 1.073470488190650940e-01
1.042515791000000025e+00 1.140801385045051575e-01
1.045359770999999993e+00 1.108575090765953064e-01
