3.615872339999999796e-01 1.302446484565734863e+00
3.644177160000000026e-01 1.461357831954956055e+00
3.672482539999999962e-01 1.569282293319702148e+00
3.700788480000000158e-01 1.559619665145874023e+00
3.729094980000000059e-01 1.442224860191345215e+00
3.757402049999999938e-01 1.503331661224365234e+00
3.785709680000000077e-01 1.676784873008728027e+00
3.814017869999999921e-01 1.407297015190124512e+00
3.842326620000000026e-01 1.325832962989807129e+00
3.870635940000000108e-01 1.464838147163391113e+00
3.898945819999999896e-01 1.617219328880310059e+00
3.927256259999999943e-01 1.429674983024597168e+00
3.955567260000000251e-01 1.467377066612243652e+00
3.983878829999999982e-01 1.866134762763977051e+00
4.012190950000000256e-01 2.280329942703247070e+00
4.040503639999999952e-01 2.276320219039916992e+00
4.068816900000000181e-01 2.247404575347900391e+00
4.097130709999999842e-01 2.307609796524047852e+00
4.125445090000000037e-01 2.368513822555541992e+00
4.153760029999999936e-01 2.410822153091430664e+00
4.182075530000000096e-01 2.343891620635986328e+00
4.210391589999999962e-01 2.358177185058593750e+00
4.238708219999999804e-01 2.321959972381591797e+00
4.267025409999999908e-01 2.271429061889648438e+00
4.295343160000000271e-01 2.059856891632080078e+00
4.323661469999999785e-01 2.208089113235473633e+00
4.351980349999999831e-01 2.386569976806640625e+00
4.380299790000000137e-01 2.419482469558715820e+00
4.408619790000000149e-01 2.506456613540649414e+00
4.436940349999999866e-01 2.645159006118774414e+00
4.465261480000000116e-01 2.658455848693847656e+00
4.493583170000000071e-01 2.825283288955688477e+00
4.521905419999999731e-01 2.841355800628662109e+00
4.550228230000000207e-01 2.818657398223876953e+00
4.578551610000000105e-01 2.859709024429321289e+00
4.606875550000000263e-01 2.895013809204101562e+00
4.635200050000000127e-01 2.908167600631713867e+00
4.663525110000000251e-01 2.859340429306030273e+00
4.691850739999999798e-01 2.854941844940185547e+00
4.720176919999999887e-01 2.883427143096923828e+00
4.748503669999999954e-01 2.946831703186035156e+00
4.776830989999999999e-01 2.970882177352905273e+00
4.805158860000000032e-01 3.027237176895141602e+00
4.833487300000000042e-01 3.016609907150268555e+00
4.861816299999999758e-01 2.764832019805908203e+00
4.890145859999999733e-01 2.894378900527954102e+00
4.918475979999999970e-01 2.974601745605468750e+00
4.946806670000000183e-01 3.031903982162475586e+00
4.975137920000000102e-01 3.039086818695068359e+00
5.003469729999999727e-01 2.967112779617309570e+00
5.031802100000000166e-01 2.947877168655395508e+00
5.060135040000000028e-01 3.039111614227294922e+00
5.088468539999999596e-01 3.059072256088256836e+00
5.116802599999999979e-01 3.081776380538940430e+00
5.145137220000000067e-01 3.022804498672485352e+00
5.173472409999999577e-01 2.850366115570068359e+00
5.201808159999999903e-01 2.979927062988281250e+00
5.230144469999999934e-01 3.130241870880126953e+00
5.258481339999999671e-01 3.130870342254638672e+00
5.286818779999999940e-01 3.170975923538208008e+00
5.315156779999999914e-01 3.280140876770019531e+00
5.343495339999999594e-01 3.260621070861816406e+00
5.371834460000000089e-01 3.303551435470581055e+00
5.400174150000000006e-01 3.250254869461059570e+00
5.428514389999999912e-01 3.278139591217041016e+00
5.456855200000000350e-01 3.333176136016845703e+00
5.485196580000000210e-01 3.342880725860595703e+00
5.513538510000000059e-01 3.372769355773925781e+00
5.541881010000000440e-01 3.393196821212768555e+00
5.570224070000000527e-01 3.363896608352661133e+00
5.598567690000000319e-01 3.322729587554931641e+00
5.626911869999999816e-01 3.370991945266723633e+00
5.655256619999999845e-01 3.357799053192138672e+00
5.683601929999999580e-01 3.329807281494140625e+00
5.711947800000000131e-01 3.298682212829589844e+00
5.740294230000000386e-01 3.348222494125366211e+00
5.768641230000000064e-01 3.310508012771606445e+00
5.796988789999999447e-01 3.330399274826049805e+00
5.825336909999999646e-01 3.404359102249145508e+00
5.853685589999999550e-01 3.361497640609741211e+00
5.882034839999999987e-01 3.137882947921752930e+00
5.910384650000000129e-01 3.004678726196289062e+00
5.938735019999999976e-01 3.057083606719970703e+00
5.967085949999999528e-01 3.041873693466186523e+00
5.995437449999999613e-01 3.003820657730102539e+00
6.023789510000000513e-01 2.965407133102416992e+00
6.052142130000000009e-01 2.976137161254882812e+00
6.080495310000000320e-01 2.943189144134521484e+00
6.108849060000000053e-01 2.852722883224487305e+00
6.137203359999999774e-01 2.763141155242919922e+00
6.165558230000000028e-01 2.727649688720703125e+00
6.193913669999999705e-01 2.806729316711425781e+00
6.222269660000000480e-01 2.794727802276611328e+00
6.250626219999999567e-01 2.722814083099365234e+00
6.278983339999999469e-01 2.647401571273803711e+00
6.307341020000000187e-01 2.635772466659545898e+00
6.335699259999999500e-01 2.665624380111694336e+00
6.364058070000000455e-01 2.693413019180297852e+00
6.392417440000000006e-01 2.698900461196899414e+00
6.420777370000000372e-01 2.669966697692871094e+00
6.449137860000000444e-01 2.637285947799682617e+00
6.477498919999999938e-01 2.511502504348754883e+00
6.505860540000000247e-01 2.502269744873046875e+00
6.534222720000000262e-01 2.496651411056518555e+00
6.562585459999999982e-01 2.287432909011840820e+00
6.590948770000000234e-01 2.393018007278442383e+00
6.619312640000000192e-01 2.450527191162109375e+00
6.647677069999999855e-01 2.433976888656616211e+00
6.676042060000000333e-01 2.417250871658325195e+00
6.704407620000000234e-01 2.385146617889404297e+00
6.732773739999999840e-01 2.360108375549316406e+00
6.761140420000000262e-01 2.348106145858764648e+00
6.789507660000000389e-01 2.325420618057250977e+00
6.817875469999999938e-01 2.311780691146850586e+00
6.846243829999999475e-01 2.227015256881713867e+00
6.874612759999999545e-01 1.861647009849548340e+00
6.902982260000000148e-01 1.887110352516174316e+00
6.931352309999999628e-01 1.920998930931091309e+00
6.959722929999999641e-01 1.945554733276367188e+00
6.988094110000000470e-01 1.913891792297363281e+00
7.016465849999999893e-01 1.806859374046325684e+00
7.044838150000000132e-01 1.813020467758178711e+00
7.073211019999999793e-01 1.773479700088500977e+00
7.101584450000000270e-01 1.705235719680786133e+00
7.129958440000000452e-01 1.609002113342285156e+00
7.158332990000000340e-01 1.365931749343872070e+00
7.186708109999999650e-01 9.883655309677124023e-01
7.215083789999999775e-01 1.022085547447204590e+00
7.243460029999999605e-01 9.375246763229370117e-01
7.271836830000000251e-01 8.482750654220581055e-01
7.300214200000000320e-01 7.976221442222595215e-01
7.328592130000000093e-01 8.138337135314941406e-01
7.356970619999999572e-01 8.120430111885070801e-01
7.385349669999999866e-01 7.893723845481872559e-01
7.413729289999999583e-01 7.904908061027526855e-01
7.442109470000000115e-01 8.033503293991088867e-01
7.470490210000000353e-01 8.035737276077270508e-01
7.498871510000000296e-01 7.872205376625061035e-01
7.527253379999999661e-01 7.796640396118164062e-01
7.555635800000000124e-01 7.744104266166687012e-01
7.584018790000000010e-01 6.370684504508972168e-01
7.612402350000000428e-01 3.038396537303924561e-01
7.640786459999999725e-01 3.628062307834625244e-01
7.669171139999999554e-01 5.870090723037719727e-01
7.697556380000000198e-01 7.126441597938537598e-01
7.725942180000000548e-01 7.373110055923461914e-01
7.754328539999999492e-01 7.405633330345153809e-01
7.782715470000000080e-01 7.352597713470458984e-01
7.811102960000000373e-01 7.461103796958923340e-01
7.839491010000000371e-01 7.376742959022521973e-01
7.867879620000000074e-01 7.342687845230102539e-01
7.896268800000000310e-01 7.114385366439819336e-01
7.924658540000000251e-01 7.111175060272216797e-01
7.953048839999999897e-01 7.229941487312316895e-01
7.981439700000000359e-01 7.260040044784545898e-01
8.009831130000000243e-01 7.229422330856323242e-01
8.038223119999999833e-01 7.179259657859802246e-01
8.066615670000000238e-01 7.366498112678527832e-01
8.095008780000000348e-01 7.082266807556152344e-01
8.123402459999999881e-01 6.350425481796264648e-01
8.151796700000000229e-01 5.213561654090881348e-01
8.180191500000000282e-01 4.919632375240325928e-01
8.208586860000000041e-01 5.257281661033630371e-01
8.236982790000000332e-01 4.829811751842498779e-01
8.265379269999999501e-01 5.040279626846313477e-01
8.293776320000000313e-01 4.447099268436431885e-01
8.322173940000000547e-01 4.352443516254425049e-01
8.350572109999999659e-01 4.373803734779357910e-01
8.378970850000000414e-01 4.518623352050781250e-01
8.407370149999999764e-01 4.513970315456390381e-01
8.435770009999999930e-01 4.495964944362640381e-01
8.464170429999999801e-01 4.462091028690338135e-01
8.492571420000000204e-01 4.250106215476989746e-01
8.520972970000000313e-01 4.050392508506774902e-01
8.549375080000000127e-01 3.861733078956604004e-01
8.577777749999999646e-01 4.102328419685363770e-01
8.606180989999999698e-01 4.006485044956207275e-01
8.634584789999999455e-01 3.982931673526763916e-01
8.662989150000000027e-01 3.642391264438629150e-01
8.691394070000000305e-01 3.778626918792724609e-01
8.719799560000000005e-01 3.707770109176635742e-01
8.748205610000000521e-01 3.614084124565124512e-01
8.776612219999999631e-01 3.565208613872528076e-01
8.805019389999999557e-01 3.393339514732360840e-01
8.833427130000000016e-01 3.388341069221496582e-01
8.861835430000000180e-01 3.234596848487854004e-01
8.890244290000000049e-01 3.168836236000061035e-01
8.918653709999999624e-01 3.022849261760711670e-01
8.947063699999999731e-01 2.560808062553405762e-01
8.975474239999999826e-01 2.035368233919143677e-01
9.003885350000000454e-01 1.884509474039077759e-01
9.032297030000000504e-01 2.148047983646392822e-01
9.060709260000000542e-01 2.111607640981674194e-01
9.089122060000000003e-01 1.742742657661437988e-01
9.117535420000000279e-01 1.753185391426086426e-01
9.145949340000000261e-01 1.581636369228363037e-01
9.174363819999999947e-01 1.636686325073242188e-01
9.202778870000000166e-01 1.851418167352676392e-01
9.231194480000000091e-01 1.746276021003723145e-01
9.259610649999999721e-01 1.652793586254119873e-01
9.288027380000000166e-01 1.206708997488021851e-01
9.316444680000000034e-01 6.967546790838241577e-02
9.344862539999999607e-01 4.006590694189071655e-02
9.373280959999999995e-01 4.296054691076278687e-02
9.401699940000000089e-01 6.585313379764556885e-02
9.430119489999999605e-01 5.802924558520317078e-02
9.458539599999999936e-01 5.407081171870231628e-02
9.486960269999999973e-01 6.185618042945861816e-02
9.515381499999999715e-01 5.778938531875610352e-02
9.543803299999999989e-01 5.889931693673133850e-02
9.572225659999999969e-01 6.332306563854217529e-02
9.600648579999999654e-01 6.794717162847518921e-02
9.629072060000000155e-01 7.770755887031555176e-02
9.657496110000000078e-01 8.708358556032180786e-02
9.685920709999999989e-01 1.074229702353477478e-01
9.714345880000000433e-01 1.141599193215370178e-01
9.742771620000000299e-01 1.028444617986679077e-01
9.771197910000000153e-01 1.070997789502143860e-01
9.799624770000000540e-01 1.116780266165733337e-01
9.828052189999999522e-01 1.228090226650238037e-01
9.856480170000000429e-01 1.324266642332077026e-01
9.884908709999999932e-01 1.390298455953598022e-01
9.913337819999999967e-01 1.344454586505889893e-01
9.941767489999999707e-01 1.353449225425720215e-01
9.970197720000000263e-01 1.389033347368240356e-01
9.998628510000000524e-01 1.372951865196228027e-01
1.002705986999999910e+00 1.419457197189331055e-01
1.005549178999999960e+00 1.327800899744033813e-01
1.008392426999999980e+00 1.371657103300094604e-01
1.011235730999999971e+00 1.406444460153579712e-01
1.014079092000000015e+00 1.435343772172927856e-01
1.016922509000000030e+00 1.434885859489440918e-01
1.019765982000000015e+00 1.405125856399536133e-01
1.022609510999999971e+00 1.504149734973907471e-01
1.025453096999999980e+00 1.511206775903701782e-01
1.028296738999999960e+00 1.493541896343231201e-01
1.031140436999999910e+00 1.564963459968566895e-01
1.033984191000000052e+00 1.557023674249649048e-01
1.036828002000000026e+00 1.503839939832687378e-01
1.039671868000000110e+00 1.642620265483856201e-01
1.042515791000000025e+00 1.635937094688415527e-01
1.045359770999999993e+00 1.534017920494079590e-01
