3.615872339999999796e-01 1.285918354988098145e+00
3.644177160000000026e-01 1.428408145904541016e+00
3.672482539999999962e-01 1.557178378105163574e+00
3.700788480000000158e-01 1.535003423690795898e+00
3.729094980000000059e-01 1.395748972892761230e+00
3.757402049999999938e-01 1.487532019615173340e+00
3.785709680000000077e-01 1.623959779739379883e+00
3.814017869999999921e-01 1.400897145271301270e+00
3.842326620000000026e-01 1.308222532272338867e+00
3.870635940000000108e-01 1.431088328361511230e+00
3.898945819999999896e-01 1.596152067184448242e+00
3.927256259999999943e-01 1.424226164817810059e+00
3.955567260000000251e-01 1.464596748352050781e+00
3.983878829999999982e-01 1.830104112625122070e+00
4.012190950000000256e-01 2.280099153518676758e+00
4.040503639999999952e-01 2.275792598724365234e+00
4.068816900000000181e-01 2.225579023361206055e+00
4.097130709999999842e-01 2.269968032836914062e+00
4.125445090000000037e-01 2.361095905303955078e+00
4.153760029999999936e-01 2.388667345046997070e+00
4.182075530000000096e-01 2.344094038009643555e+00
4.210391589999999962e-01 2.346773386001586914e+00
4.238708219999999804e-01 2.322312116622924805e+00
4.267025409999999908e-01 2.261726856231689453e+00
4.295343160000000271e-01 2.062162399291992188e+00
4.323661469999999785e-01 2.183090925216674805e+00
4.351980349999999831e-01 2.393065452575683594e+00
4.380299790000000137e-01 2.430977106094360352e+00
4.408619790000000149e-01 2.496206045150756836e+00
4.436940349999999866e-01 2.646900177001953125e+00
4.465261480000000116e-01 2.679170608520507812e+00
4.493583170000000071e-01 2.829871416091918945e+00
4.521905419999999731e-01 2.856782674789428711e+00
4.550228230000000207e-01 2.818750619888305664e+00
4.578551610000000105e-01 2.905054330825805664e+00
4.606875550000000263e-01 2.901987791061401367e+00
4.635200050000000127e-01 2.946425676345825195e+00
4.663525110000000251e-01 2.884608030319213867e+00
4.691850739999999798e-01 2.867447614669799805e+00
4.720176919999999887e-01 2.920194387435913086e+00
4.748503669999999954e-01 2.975596904754638672e+00
4.776830989999999999e-01 2.991437911987304688e+00
4.805158860000000032e-01 3.064330577850341797e+00
4.833487300000000042e-01 3.032805681228637695e+00
4.861816299999999758e-01 2.797712087631225586e+00
4.890145859999999733e-01 2.920344352722167969e+00
4.918475979999999970e-01 3.007316112518310547e+00
4.946806670000000183e-01 3.069878816604614258e+00
4.975137920000000102e-01 3.079297780990600586e+00
5.003469729999999727e-01 3.000184297561645508e+00
5.031802100000000166e-01 2.994210481643676758e+00
5.060135040000000028e-01 3.075451850891113281e+00
5.088468539999999596e-01 3.102909803390502930e+00
5.116802599999999979e-01 3.131810903549194336e+00
5.145137220000000067e-01 3.066118240356445312e+00
5.173472409999999577e-01 2.905788183212280273e+00
5.201808159999999903e-01 3.030929803848266602e+00
5.230144469999999934e-01 3.176121950149536133e+00
5.258481339999999671e-01 3.171110868453979492e+00
5.286818779999999940e-01 3.219665527343750000e+00
5.315156779999999914e-01 3.315883874893188477e+00
5.343495339999999594e-01 3.318554639816284180e+00
5.371834460000000089e-01 3.368536710739135742e+00
5.400174150000000006e-01 3.305258989334106445e+00
5.428514389999999912e-01 3.327289104461669922e+00
5.456855200000000350e-01 3.379678010940551758e+00
5.485196580000000210e-01 3.397817373275756836e+00
5.513538510000000059e-01 3.435469627380371094e+00
5.541881010000000440e-01 3.460772991180419922e+00
5.570224070000000527e-01 3.420835971832275391e+00
5.598567690000000319e-01 3.377619504928588867e+00
5.626911869999999816e-01 3.429304599761962891e+00
5.655256619999999845e-01 3.426161050796508789e+00
5.683601929999999580e-01 3.392857074737548828e+00
5.711947800000000131e-01 3.366701841354370117e+00
5.740294230000000386e-01 3.418063163757324219e+00
5.768641230000000064e-01 3.378398418426513672e+00
5.796988789999999447e-01 3.401886701583862305e+00
5.825336909999999646e-01 3.480551004409790039e+00
5.853685589999999550e-01 3.449922561645507812e+00
5.882034839999999987e-01 3.213665723800659180e+00
5.910384650000000129e-01 3.083677053451538086e+00
5.938735019999999976e-01 3.147321701049804688e+00
5.967085949999999528e-01 3.151420354843139648e+00
5.995437449999999613e-01 3.116348981857299805e+00
6.023789510000000513e-01 3.095206022262573242e+00
6.052142130000000009e-01 3.103913068771362305e+00
6.080495310000000320e-01 3.075180530548095703e+00
6.108849060000000053e-01 2.961158752441406250e+00
6.137203359999999774e-01 2.877798318862915039e+00
6.165558230000000028e-01 2.868111371994018555e+00
6.193913669999999705e-01 2.935229539871215820e+00
6.222269660000000480e-01 2.925011873245239258e+00
6.250626219999999567e-01 2.852450370788574219e+00
6.278983339999999469e-01 2.783016920089721680e+00
6.307341020000000187e-01 2.764528512954711914e+00
6.335699259999999500e-01 2.802245378494262695e+00
6.364058070000000455e-01 2.828240633010864258e+00
6.392417440000000006e-01 2.835639238357543945e+00
6.420777370000000372e-01 2.803386449813842773e+00
6.449137860000000444e-01 2.765924930572509766e+00
6.477498919999999938e-01 2.644183158874511719e+00
6.505860540000000247e-01 2.631308317184448242e+00
6.534222720000000262e-01 2.627074956893920898e+00
6.562585459999999982e-01 2.424743890762329102e+00
6.590948770000000234e-01 2.544979333877563477e+00
6.619312640000000192e-01 2.609529018402099609e+00
6.647677069999999855e-01 2.589122533798217773e+00
6.676042060000000333e-01 2.572997331619262695e+00
6.704407620000000234e-01 2.542578220367431641e+00
6.732773739999999840e-01 2.517597436904907227e+00
6.761140420000000262e-01 2.515362262725830078e+00
6.789507660000000389e-01 2.493720054626464844e+00
6.817875469999999938e-01 2.473688602447509766e+00
6.846243829999999475e-01 2.375870704650878906e+00
6.874612759999999545e-01 2.000335216522216797e+00
6.902982260000000148e-01 2.026204347610473633e+00
6.931352309999999628e-01 2.071356296539306641e+00
6.959722929999999641e-01 2.097245693206787109e+00
6.988094110000000470e-01 2.075230121612548828e+00
7.016465849999999893e-01 1.969207525253295898e+00
7.044838150000000132e-01 1.974720835685729980e+00
7.073211019999999793e-01 1.942675948143005371e+00
7.101584450000000270e-01 1.889877080917358398e+00
7.129958440000000452e-01 1.773419141769409180e+00
7.158332990000000340e-01 1.511406183242797852e+00
7.186708109999999650e-01 1.107521891593933105e+00
7.215083789999999775e-01 1.145874142646789551e+00
7.243460029999999605e-01 1.044261813163757324e+00
7.271836830000000251e-01 9.547182917594909668e-01
7.300214200000000320e-01 8.971931934356689453e-01
7.328592130000000093e-01 9.131555557250976562e-01
7.356970619999999572e-01 9.120846986770629883e-01
7.385349669999999866e-01 8.892889618873596191e-01
7.413729289999999583e-01 8.894888162612915039e-01
7.442109470000000115e-01 9.033614397048950195e-01
7.470490210000000353e-01 9.037767052650451660e-01
7.498871510000000296e-01 8.894864320755004883e-01
7.527253379999999661e-01 8.795171380043029785e-01
7.555635800000000124e-01 8.753693699836730957e-01
7.584018790000000010e-01 7.139149308204650879e-01
7.612402350000000428e-01 3.364542126655578613e-01
7.640786459999999725e-01 4.078838229179382324e-01
7.669171139999999554e-01 6.509552597999572754e-01
7.697556380000000198e-01 8.010045886039733887e-01
7.725942180000000548e-01 8.345919847488403320e-01
7.754328539999999492e-01 8.395242094993591309e-01
7.782715470000000080e-01 8.370419144630432129e-01
7.811102960000000373e-01 8.511964082717895508e-01
7.839491010000000371e-01 8.428330421447753906e-01
7.867879620000000074e-01 8.332691192626953125e-01
7.896268800000000310e-01 8.049080967903137207e-01
7.924658540000000251e-01 8.061512708663940430e-01
7.953048839999999897e-01 8.179182410240173340e-01
7.981439700000000359e-01 8.311594128608703613e-01
8.009831130000000243e-01 8.191894292831420898e-01
8.038223119999999833e-01 8.216707706451416016e-01
8.066615670000000238e-01 8.413569927215576172e-01
8.095008780000000348e-01 8.041467070579528809e-01
8.123402459999999881e-01 7.207090258598327637e-01
8.151796700000000229e-01 5.912693738937377930e-01
8.180191500000000282e-01 5.559367537498474121e-01
8.208586860000000041e-01 5.931985974311828613e-01
8.236982790000000332e-01 5.417422652244567871e-01
8.265379269999999501e-01 5.678887963294982910e-01
8.293776320000000313e-01 5.079917907714843750e-01
8.322173940000000547e-01 4.908568263053894043e-01
8.350572109999999659e-01 4.905858337879180908e-01
8.378970850000000414e-01 5.020145177841186523e-01
8.407370149999999764e-01 5.068866014480590820e-01
8.435770009999999930e-01 4.969795644283294678e-01
8.464170429999999801e-01 4.965655207633972168e-01
8.492571420000000204e-01 4.666785895824432373e-01
8.520972970000000313e-01 4.523158073425292969e-01
8.549375080000000127e-01 4.220312833786010742e-01
8.577777749999999646e-01 4.509254097938537598e-01
8.606180989999999698e-01 4.446953237056732178e-01
8.634584789999999455e-01 4.369626045227050781e-01
8.662989150000000027e-01 4.023166298866271973e-01
8.691394070000000305e-01 4.087817966938018799e-01
8.719799560000000005e-01 4.088736772537231445e-01
8.748205610000000521e-01 3.937898576259613037e-01
8.776612219999999631e-01 3.869989812374114990e-01
8.805019389999999557e-01 3.723424673080444336e-01
8.833427130000000016e-01 3.678252696990966797e-01
8.861835430000000180e-01 3.519094586372375488e-01
8.890244290000000049e-01 3.448387980461120605e-01
8.918653709999999624e-01 3.226144611835479736e-01
8.947063699999999731e-01 2.724780142307281494e-01
8.975474239999999826e-01 2.193477153778076172e-01
9.003885350000000454e-01 1.918053030967712402e-01
9.032297030000000504e-01 2.242852151393890381e-01
9.060709260000000542e-01 2.206168919801712036e-01
9.089122060000000003e-01 1.825138181447982788e-01
9.117535420000000279e-01 1.813425272703170776e-01
9.145949340000000261e-01 1.672094315290451050e-01
9.174363819999999947e-01 1.653523445129394531e-01
9.202778870000000166e-01 1.947089135646820068e-01
9.231194480000000091e-01 1.805211752653121948e-01
9.259610649999999721e-01 1.642182618379592896e-01
9.288027380000000166e-01 1.180292591452598572e-01
9.316444680000000034e-01 6.369026750326156616e-02
9.344862539999999607e-01 3.558291122317314148e-02
9.373280959999999995e-01 4.049463197588920593e-02
9.401699940000000089e-01 6.127940863370895386e-02
9.430119489999999605e-01 5.150929465889930725e-02
9.458539599999999936e-01 4.417789354920387268e-02
9.486960269999999973e-01 5.186950787901878357e-02
9.515381499999999715e-01 4.954499378800392151e-02
9.543803299999999989e-01 5.077636241912841797e-02
9.572225659999999969e-01 6.025188043713569641e-02
9.600648579999999654e-01 5.923238769173622131e-02
9.629072060000000155e-01 6.860096752643585205e-02
9.657496110000000078e-01 7.442387193441390991e-02
9.685920709999999989e-01 9.884493798017501831e-02
9.714345880000000433e-01 1.088168546557426453e-01
9.742771620000000299e-01 9.205563366413116455e-02
9.771197910000000153e-01 9.711727499961853027e-02
9.799624770000000540e-01 9.820285439491271973e-02
9.828052189999999522e-01 1.124861836433410645e-01
9.856480170000000429e-01 1.234552115201950073e-01
9.884908709999999932e-01 1.242607012391090393e-01
9.913337819999999967e-01 1.306892484426498413e-01
9.941767489999999707e-01 1.248807311058044434e-01
9.970197720000000263e-01 1.273633390665054321e-01
9.998628510000000524e-01 1.276397109031677246e-01
1.002705986999999910e+00 1.269320845603942871e-01
1.005549178999999960e+00 1.279615759849548340e-01
1.008392426999999980e+00 1.268248558044433594e-01
1.011235730999999971e+00 1.296170800924301147e-01
1.014079092000000015e+00 1.301276534795761108e-01
1.016922509000000030e+00 1.273431479930877686e-01
1.019765982000000015e+00 1.359305828809738159e-01
1.022609510999999971e+00 1.285400241613388062e-01
1.025453096999999980e+00 1.365848034620285034e-01
1.028296738999999960e+00 1.315754055976867676e-01
1.031140436999999910e+00 1.378175616264343262e-01
1.033984191000000052e+00 1.364309489727020264e-01
1.036828002000000026e+00 1.238377541303634644e-01
1.039671868000000110e+00 1.370913684368133545e-01
1.042515791000000025e+00 1.304181665182113647e-01
1.045359770999999993e+00 1.363412439823150635e-01
