3.615872339999999796e-01 1.335648059844970703e+00
3.644177160000000026e-01 1.485476613044738770e+00
3.672482539999999962e-01 1.631480932235717773e+00
3.700788480000000158e-01 1.567819952964782715e+00
3.729094980000000059e-01 1.441385149955749512e+00
3.757402049999999938e-01 1.507712602615356445e+00
3.785709680000000077e-01 1.669193387031555176e+00
3.814017869999999921e-01 1.430125355720520020e+00
3.842326620000000026e-01 1.308646798133850098e+00
3.870635940000000108e-01 1.418526530265808105e+00
3.898945819999999896e-01 1.623824238777160645e+00
3.927256259999999943e-01 1.404263019561767578e+00
3.955567260000000251e-01 1.433828115463256836e+00
3.983878829999999982e-01 1.849188446998596191e+00
4.012190950000000256e-01 2.269058465957641602e+00
4.040503639999999952e-01 2.290297031402587891e+00
4.068816900000000181e-01 2.249148130416870117e+00
4.097130709999999842e-01 2.300137281417846680e+00
4.125445090000000037e-01 2.379790782928466797e+00
4.153760029999999936e-01 2.386957168579101562e+00
4.182075530000000096e-01 2.366891860961914062e+00
4.210391589999999962e-01 2.362042188644409180e+00
4.238708219999999804e-01 2.323883771896362305e+00
4.267025409999999908e-01 2.269884109497070312e+00
4.295343160000000271e-01 2.054944038391113281e+00
4.323661469999999785e-01 2.183237075805664062e+00
4.351980349999999831e-01 2.394227504730224609e+00
4.380299790000000137e-01 2.412923336029052734e+00
4.408619790000000149e-01 2.504747629165649414e+00
4.436940349999999866e-01 2.649115324020385742e+00
4.465261480000000116e-01 2.686228036880493164e+00
4.493583170000000071e-01 2.813189268112182617e+00
4.521905419999999731e-01 2.857926368713378906e+00
4.550228230000000207e-01 2.832772731781005859e+00
4.578551610000000105e-01 2.881833553314208984e+00
4.606875550000000263e-01 2.916227102279663086e+00
4.635200050000000127e-01 2.929339647293090820e+00
4.663525110000000251e-01 2.875372886657714844e+00
4.691850739999999798e-01 2.866072177886962891e+00
4.720176919999999887e-01 2.910701274871826172e+00
4.748503669999999954e-01 2.950037956237792969e+00
4.776830989999999999e-01 2.992764949798583984e+00
4.805158860000000032e-01 3.042185783386230469e+00
4.833487300000000042e-01 3.025400638580322266e+00
4.861816299999999758e-01 2.786212682723999023e+00
4.890145859999999733e-01 2.901839494705200195e+00
4.918475979999999970e-01 2.973574638366699219e+00
4.946806670000000183e-01 3.036985874176025391e+00
4.975137920000000102e-01 3.059108257293701172e+00
5.003469729999999727e-01 2.975101947784423828e+00
5.031802100000000166e-01 2.955590248107910156e+00
5.060135040000000028e-01 3.049930810928344727e+00
5.088468539999999596e-01 3.077351093292236328e+00
5.116802599999999979e-01 3.101804971694946289e+00
5.145137220000000067e-01 3.045381546020507812e+00
5.173472409999999577e-01 2.885839462280273438e+00
5.201808159999999903e-01 3.006901025772094727e+00
5.230144469999999934e-01 3.139346122741699219e+00
5.258481339999999671e-01 3.148735523223876953e+00
5.286818779999999940e-01 3.179605484008789062e+00
5.315156779999999914e-01 3.300066709518432617e+00
5.343495339999999594e-01 3.279729604721069336e+00
5.371834460000000089e-01 3.322130203247070312e+00
5.400174150000000006e-01 3.258927822113037109e+00
5.428514389999999912e-01 3.275536537170410156e+00
5.456855200000000350e-01 3.345271110534667969e+00
5.485196580000000210e-01 3.361525058746337891e+00
5.513538510000000059e-01 3.380139112472534180e+00
5.541881010000000440e-01 3.411050558090209961e+00
5.570224070000000527e-01 3.373290300369262695e+00
5.598567690000000319e-01 3.329980850219726562e+00
5.626911869999999816e-01 3.376777410507202148e+00
5.655256619999999845e-01 3.371633291244506836e+00
5.683601929999999580e-01 3.335784196853637695e+00
5.711947800000000131e-01 3.305341958999633789e+00
5.740294230000000386e-01 3.351800918579101562e+00
5.768641230000000064e-01 3.306078672409057617e+00
5.796988789999999447e-01 3.326633691787719727e+00
5.825336909999999646e-01 3.392499923706054688e+00
5.853685589999999550e-01 3.366394758224487305e+00
5.882034839999999987e-01 3.137511014938354492e+00
5.910384650000000129e-01 3.000704288482666016e+00
5.938735019999999976e-01 3.048901319503784180e+00
5.967085949999999528e-01 3.033380270004272461e+00
5.995437449999999613e-01 2.994729757308959961e+00
6.023789510000000513e-01 2.949141740798950195e+00
6.052142130000000009e-01 2.958868980407714844e+00
6.080495310000000320e-01 2.896545648574829102e+00
6.108849060000000053e-01 2.776464462280273438e+00
6.137203359999999774e-01 2.719062328338623047e+00
6.165558230000000028e-01 2.697293281555175781e+00
6.193913669999999705e-01 2.769150733947753906e+00
6.222269660000000480e-01 2.758608579635620117e+00
6.250626219999999567e-01 2.692580699920654297e+00
6.278983339999999469e-01 2.627356529235839844e+00
6.307341020000000187e-01 2.601872920989990234e+00
6.335699259999999500e-01 2.631576776504516602e+00
6.364058070000000455e-01 2.657713890075683594e+00
6.392417440000000006e-01 2.666513204574584961e+00
6.420777370000000372e-01 2.630198001861572266e+00
6.449137860000000444e-01 2.590973377227783203e+00
6.477498919999999938e-01 2.477818489074707031e+00
6.505860540000000247e-01 2.454452276229858398e+00
6.534222720000000262e-01 2.442841291427612305e+00
6.562585459999999982e-01 2.250448465347290039e+00
6.590948770000000234e-01 2.348987102508544922e+00
6.619312640000000192e-01 2.404680252075195312e+00
6.647677069999999855e-01 2.387233257293701172e+00
6.676042060000000333e-01 2.359013319015502930e+00
6.704407620000000234e-01 2.339328289031982422e+00
6.732773739999999840e-01 2.311583280563354492e+00
6.761140420000000262e-01 2.288861751556396484e+00
6.789507660000000389e-01 2.276662349700927734e+00
6.817875469999999938e-01 2.252727985382080078e+00
6.846243829999999475e-01 2.167328834533691406e+00
6.874612759999999545e-01 1.825683593750000000e+00
6.902982260000000148e-01 1.838651537895202637e+00
6.931352309999999628e-01 1.886191248893737793e+00
6.959722929999999641e-01 1.895591616630554199e+00
6.988094110000000470e-01 1.869679331779479980e+00
7.016465849999999893e-01 1.764216303825378418e+00
7.044838150000000132e-01 1.751465439796447754e+00
7.073211019999999793e-01 1.718762040138244629e+00
7.101584450000000270e-01 1.643701672554016113e+00
7.129958440000000452e-01 1.544547200202941895e+00
7.158332990000000340e-01 1.314650177955627441e+00
7.186708109999999650e-01 9.561554789543151855e-01
7.215083789999999775e-01 9.762333631515502930e-01
7.243460029999999605e-01 8.894876837730407715e-01
7.271836830000000251e-01 8.069043159484863281e-01
7.300214200000000320e-01 7.591706514358520508e-01
7.328592130000000093e-01 7.804141640663146973e-01
7.356970619999999572e-01 7.713099122047424316e-01
7.385349669999999866e-01 7.518262863159179688e-01
7.413729289999999583e-01 7.549285888671875000e-01
7.442109470000000115e-01 7.636907696723937988e-01
7.470490210000000353e-01 7.629054784774780273e-01
7.498871510000000296e-01 7.523019909858703613e-01
7.527253379999999661e-01 7.518498897552490234e-01
7.555635800000000124e-01 7.360819578170776367e-01
7.584018790000000010e-01 6.062763333320617676e-01
7.612402350000000428e-01 2.877934277057647705e-01
7.640786459999999725e-01 3.397424817085266113e-01
7.669171139999999554e-01 5.429332256317138672e-01
7.697556380000000198e-01 6.762614846229553223e-01
7.725942180000000548e-01 6.926987767219543457e-01
7.754328539999999492e-01 7.000703811645507812e-01
7.782715470000000080e-01 6.996659636497497559e-01
7.811102960000000373e-01 7.020600438117980957e-01
7.839491010000000371e-01 6.992624402046203613e-01
7.867879620000000074e-01 6.966378688812255859e-01
7.896268800000000310e-01 6.723625063896179199e-01
7.924658540000000251e-01 6.685888767242431641e-01
7.953048839999999897e-01 6.814588308334350586e-01
7.981439700000000359e-01 6.776267886161804199e-01
8.009831130000000243e-01 6.777943968772888184e-01
8.038223119999999833e-01 6.792827844619750977e-01
8.066615670000000238e-01 6.872364282608032227e-01
8.095008780000000348e-01 6.610825657844543457e-01
8.123402459999999881e-01 5.901068449020385742e-01
8.151796700000000229e-01 4.813699126243591309e-01
8.180191500000000282e-01 4.587247073650360107e-01
8.208586860000000041e-01 4.924734830856323242e-01
8.236982790000000332e-01 4.506243467330932617e-01
8.265379269999999501e-01 4.676769375801086426e-01
8.293776320000000313e-01 4.199494719505310059e-01
8.322173940000000547e-01 4.079308807849884033e-01
8.350572109999999659e-01 4.141029119491577148e-01
8.378970850000000414e-01 4.254463016986846924e-01
8.407370149999999764e-01 4.309982955455780029e-01
8.435770009999999930e-01 4.258747994899749756e-01
8.464170429999999801e-01 4.215382337570190430e-01
8.492571420000000204e-01 4.036151468753814697e-01
8.520972970000000313e-01 3.862703442573547363e-01
8.549375080000000127e-01 3.712641000747680664e-01
8.577777749999999646e-01 3.912296891212463379e-01
8.606180989999999698e-01 3.828881978988647461e-01
8.634584789999999455e-01 3.755705654621124268e-01
8.662989150000000027e-01 3.523754179477691650e-01
8.691394070000000305e-01 3.582357466220855713e-01
8.719799560000000005e-01 3.569320142269134521e-01
8.748205610000000521e-01 3.462328314781188965e-01
8.776612219999999631e-01 3.409079909324645996e-01
8.805019389999999557e-01 3.272922337055206299e-01
8.833427130000000016e-01 3.288764953613281250e-01
8.861835430000000180e-01 3.153353631496429443e-01
8.890244290000000049e-01 3.038082718849182129e-01
8.918653709999999624e-01 2.907139360904693604e-01
8.947063699999999731e-01 2.470885068178176880e-01
8.975474239999999826e-01 1.980784833431243896e-01
9.003885350000000454e-01 1.769098788499832153e-01
9.032297030000000504e-01 2.018463760614395142e-01
9.060709260000000542e-01 2.081595361232757568e-01
9.089122060000000003e-01 1.717009842395782471e-01
9.117535420000000279e-01 1.646487861871719360e-01
9.145949340000000261e-01 1.548166871070861816e-01
9.174363819999999947e-01 1.582177728414535522e-01
9.202778870000000166e-01 1.762637197971343994e-01
9.231194480000000091e-01 1.685682088136672974e-01
9.259610649999999721e-01 1.559788584709167480e-01
9.288027380000000166e-01 1.147818937897682190e-01
9.316444680000000034e-01 6.131352856755256653e-02
9.344862539999999607e-01 3.058684617280960083e-02
9.373280959999999995e-01 3.928665071725845337e-02
9.401699940000000089e-01 5.861084163188934326e-02
9.430119489999999605e-01 4.782595857977867126e-02
9.458539599999999936e-01 4.678839817643165588e-02
9.486960269999999973e-01 5.121338367462158203e-02
9.515381499999999715e-01 5.453298240900039673e-02
9.543803299999999989e-01 5.185674130916595459e-02
9.572225659999999969e-01 5.975448712706565857e-02
9.600648579999999654e-01 6.400224566459655762e-02
9.629072060000000155e-01 7.198297977447509766e-02
9.657496110000000078e-01 7.877840101718902588e-02
9.685920709999999989e-01 1.014074757695198059e-01
9.714345880000000433e-01 1.138282418251037598e-01
9.742771620000000299e-01 1.028868779540061951e-01
9.771197910000000153e-01 1.054431274533271790e-01
9.799624770000000540e-01 1.087320372462272644e-01
9.828052189999999522e-01 1.229721531271934509e-01
9.856480170000000429e-01 1.297897994518280029e-01
9.884908709999999932e-01 1.347720324993133545e-01
9.913337819999999967e-01 1.435882151126861572e-01
9.941767489999999707e-01 1.369798332452774048e-01
9.970197720000000263e-01 1.432323753833770752e-01
9.998628510000000524e-01 1.378198266029357910e-01
1.002705986999999910e+00 1.397522538900375366e-01
1.005549178999999960e+00 1.340898424386978149e-01
1.008392426999999980e+00 1.357848197221755981e-01
1.011235730999999971e+00 1.389570236206054688e-01
1.014079092000000015e+00 1.367824971675872803e-01
1.016922509000000030e+00 1.403172612190246582e-01
1.019765982000000015e+00 1.343982815742492676e-01
1.022609510999999971e+00 1.389367878437042236e-01
1.025453096999999980e+00 1.373113244771957397e-01
1.028296738999999960e+00 1.315868347883224487e-01
1.031140436999999910e+00 1.511732786893844604e-01
1.033984191000000052e+00 1.354589760303497314e-01
1.036828002000000026e+00 1.438230872154235840e-01
1.039671868000000110e+00 1.328799724578857422e-01
1.042515791000000025e+00 1.419298797845840454e-01
1.045359770999999993e+00 1.376847326755523682e-01
