3.615872339999999796e-01 1.377017498016357422e+00
3.644177160000000026e-01 1.455668210983276367e+00
3.672482539999999962e-01 1.608100891113281250e+00
3.700788480000000158e-01 1.599912881851196289e+00
3.729094980000000059e-01 1.404012084007263184e+00
3.757402049999999938e-01 1.517258763313293457e+00
3.785709680000000077e-01 1.655772209167480469e+00
3.814017869999999921e-01 1.414552211761474609e+00
3.842326620000000026e-01 1.315397620201110840e+00
3.870635940000000108e-01 1.437903761863708496e+00
3.898945819999999896e-01 1.641653418540954590e+00
3.927256259999999943e-01 1.441027045249938965e+00
3.955567260000000251e-01 1.460066080093383789e+00
3.983878829999999982e-01 1.877663016319274902e+00
4.012190950000000256e-01 2.317372560501098633e+00
4.040503639999999952e-01 2.302916765213012695e+00
4.068816900000000181e-01 2.247779607772827148e+00
4.097130709999999842e-01 2.294586420059204102e+00
4.125445090000000037e-01 2.367538690567016602e+00
4.153760029999999936e-01 2.405824661254882812e+00
4.182075530000000096e-01 2.359160661697387695e+00
4.210391589999999962e-01 2.369166851043701172e+00
4.238708219999999804e-01 2.338735103607177734e+00
4.267025409999999908e-01 2.279654741287231445e+00
4.295343160000000271e-01 2.067266941070556641e+00
4.323661469999999785e-01 2.206635475158691406e+00
4.351980349999999831e-01 2.423253059387207031e+00
4.380299790000000137e-01 2.439260959625244141e+00
4.408619790000000149e-01 2.531365394592285156e+00
4.436940349999999866e-01 2.665718078613281250e+00
4.465261480000000116e-01 2.705102443695068359e+00
4.493583170000000071e-01 2.852359294891357422e+00
4.521905419999999731e-01 2.881055593490600586e+00
4.550228230000000207e-01 2.868695020675659180e+00
4.578551610000000105e-01 2.919321060180664062e+00
4.606875550000000263e-01 2.937223672866821289e+00
4.635200050000000127e-01 2.958315610885620117e+00
4.663525110000000251e-01 2.921252965927124023e+00
4.691850739999999798e-01 2.918866157531738281e+00
4.720176919999999887e-01 2.952765941619873047e+00
4.748503669999999954e-01 2.986918687820434570e+00
4.776830989999999999e-01 3.026361227035522461e+00
4.805158860000000032e-01 3.098648548126220703e+00
4.833487300000000042e-01 3.067384719848632812e+00
4.861816299999999758e-01 2.832596540451049805e+00
4.890145859999999733e-01 2.955563545227050781e+00
4.918475979999999970e-01 3.024263858795166016e+00
4.946806670000000183e-01 3.085486888885498047e+00
4.975137920000000102e-01 3.122669219970703125e+00
5.003469729999999727e-01 3.043678760528564453e+00
5.031802100000000166e-01 3.020241260528564453e+00
5.060135040000000028e-01 3.110819816589355469e+00
5.088468539999999596e-01 3.136856555938720703e+00
5.116802599999999979e-01 3.175588846206665039e+00
5.145137220000000067e-01 3.099869966506958008e+00
5.173472409999999577e-01 2.948073387145996094e+00
5.201808159999999903e-01 3.083021879196166992e+00
5.230144469999999934e-01 3.219203710556030273e+00
5.258481339999999671e-01 3.230166673660278320e+00
5.286818779999999940e-01 3.259500980377197266e+00
5.315156779999999914e-01 3.383237838745117188e+00
5.343495339999999594e-01 3.366371393203735352e+00
5.371834460000000089e-01 3.419476509094238281e+00
5.400174150000000006e-01 3.354095458984375000e+00
5.428514389999999912e-01 3.383511781692504883e+00
5.456855200000000350e-01 3.434796333312988281e+00
5.485196580000000210e-01 3.455484151840209961e+00
5.513538510000000059e-01 3.489480733871459961e+00
5.541881010000000440e-01 3.502989053726196289e+00
5.570224070000000527e-01 3.474778413772583008e+00
5.598567690000000319e-01 3.430249929428100586e+00
5.626911869999999816e-01 3.485243082046508789e+00
5.655256619999999845e-01 3.473310708999633789e+00
5.683601929999999580e-01 3.452154159545898438e+00
5.711947800000000131e-01 3.411208868026733398e+00
5.740294230000000386e-01 3.459986209869384766e+00
5.768641230000000064e-01 3.439915180206298828e+00
5.796988789999999447e-01 3.443424463272094727e+00
5.825336909999999646e-01 3.537006616592407227e+00
5.853685589999999550e-01 3.489462614059448242e+00
5.882034839999999987e-01 3.265563726425170898e+00
5.910384650000000129e-01 3.124817848205566406e+00
5.938735019999999976e-01 3.195445775985717773e+00
5.967085949999999528e-01 3.178684949874877930e+00
5.995437449999999613e-01 3.142983198165893555e+00
6.023789510000000513e-01 3.114117860794067383e+00
6.052142130000000009e-01 3.126946687698364258e+00
6.080495310000000320e-01 3.095536231994628906e+00
6.108849060000000053e-01 2.975149869918823242e+00
6.137203359999999774e-01 2.894135236740112305e+00
6.165558230000000028e-01 2.872341394424438477e+00
6.193913669999999705e-01 2.949456214904785156e+00
6.222269660000000480e-01 2.932687759399414062e+00
6.250626219999999567e-01 2.858314990997314453e+00
6.278983339999999469e-01 2.790366411209106445e+00
6.307341020000000187e-01 2.775876998901367188e+00
6.335699259999999500e-01 2.810223340988159180e+00
6.364058070000000455e-01 2.835480690002441406e+00
6.392417440000000006e-01 2.842709541320800781e+00
6.420777370000000372e-01 2.801931381225585938e+00
6.449137860000000444e-01 2.775239944458007812e+00
6.477498919999999938e-01 2.644736289978027344e+00
6.505860540000000247e-01 2.645578861236572266e+00
6.534222720000000262e-01 2.629378318786621094e+00
6.562585459999999982e-01 2.420264720916748047e+00
6.590948770000000234e-01 2.537881374359130859e+00
6.619312640000000192e-01 2.592753648757934570e+00
6.647677069999999855e-01 2.561278581619262695e+00
6.676042060000000333e-01 2.554803133010864258e+00
6.704407620000000234e-01 2.518881559371948242e+00
6.732773739999999840e-01 2.490960597991943359e+00
6.761140420000000262e-01 2.484614610671997070e+00
6.789507660000000389e-01 2.462304830551147461e+00
6.817875469999999938e-01 2.438685655593872070e+00
6.846243829999999475e-01 2.359032630920410156e+00
6.874612759999999545e-01 1.982783555984497070e+00
6.902982260000000148e-01 2.016046762466430664e+00
6.931352309999999628e-01 2.064180850982666016e+00
6.959722929999999641e-01 2.080860614776611328e+00
6.988094110000000470e-01 2.074494838714599609e+00
7.016465849999999893e-01 1.961630225181579590e+00
7.044838150000000132e-01 1.961297392845153809e+00
7.073211019999999793e-01 1.932686448097229004e+00
7.101584450000000270e-01 1.863713860511779785e+00
7.129958440000000452e-01 1.757885575294494629e+00
7.158332990000000340e-01 1.490546703338623047e+00
7.186708109999999650e-01 1.083359360694885254e+00
7.215083789999999775e-01 1.122667551040649414e+00
7.243460029999999605e-01 1.018619298934936523e+00
7.271836830000000251e-01 9.244559407234191895e-01
7.300214200000000320e-01 8.605465292930603027e-01
7.328592130000000093e-01 8.773788213729858398e-01
7.356970619999999572e-01 8.800123929977416992e-01
7.385349669999999866e-01 8.517736196517944336e-01
7.413729289999999583e-01 8.508318066596984863e-01
7.442109470000000115e-01 8.616959452629089355e-01
7.470490210000000353e-01 8.588363528251647949e-01
7.498871510000000296e-01 8.458616733551025391e-01
7.527253379999999661e-01 8.406981825828552246e-01
7.555635800000000124e-01 8.276990056037902832e-01
7.584018790000000010e-01 6.718715429306030273e-01
7.612402350000000428e-01 3.185208737850189209e-01
7.640786459999999725e-01 3.859890103340148926e-01
7.669171139999999554e-01 6.243373751640319824e-01
7.697556380000000198e-01 7.603176236152648926e-01
7.725942180000000548e-01 7.858534455299377441e-01
7.754328539999999492e-01 7.924000620841979980e-01
7.782715470000000080e-01 7.957892417907714844e-01
7.811102960000000373e-01 7.994521260261535645e-01
7.839491010000000371e-01 7.966121435165405273e-01
7.867879620000000074e-01 7.863695621490478516e-01
7.896268800000000310e-01 7.652673721313476562e-01
7.924658540000000251e-01 7.696928381919860840e-01
7.953048839999999897e-01 7.763833403587341309e-01
7.981439700000000359e-01 7.853192687034606934e-01
8.009831130000000243e-01 7.751829028129577637e-01
8.038223119999999833e-01 7.776218056678771973e-01
8.066615670000000238e-01 7.972641587257385254e-01
8.095008780000000348e-01 7.648392319679260254e-01
8.123402459999999881e-01 6.798594594001770020e-01
8.151796700000000229e-01 5.548816919326782227e-01
8.180191500000000282e-01 5.255417227745056152e-01
8.208586860000000041e-01 5.633023977279663086e-01
8.236982790000000332e-01 5.162121057510375977e-01
8.265379269999999501e-01 5.365462899208068848e-01
8.293776320000000313e-01 4.780684709548950195e-01
8.322173940000000547e-01 4.499192535877227783e-01
8.350572109999999659e-01 4.611148238182067871e-01
8.378970850000000414e-01 4.672070741653442383e-01
8.407370149999999764e-01 4.681377410888671875e-01
8.435770009999999930e-01 4.611968696117401123e-01
8.464170429999999801e-01 4.559999704360961914e-01
8.492571420000000204e-01 4.392086267471313477e-01
8.520972970000000313e-01 4.238305985927581787e-01
8.549375080000000127e-01 3.946950137615203857e-01
8.577777749999999646e-01 4.201783537864685059e-01
8.606180989999999698e-01 4.181518852710723877e-01
8.634584789999999455e-01 4.035157859325408936e-01
8.662989150000000027e-01 3.768791556358337402e-01
8.691394070000000305e-01 3.795268833637237549e-01
8.719799560000000005e-01 3.736847043037414551e-01
8.748205610000000521e-01 3.670339882373809814e-01
8.776612219999999631e-01 3.550915718078613281e-01
8.805019389999999557e-01 3.475445508956909180e-01
8.833427130000000016e-01 3.371532261371612549e-01
8.861835430000000180e-01 3.246581256389617920e-01
8.890244290000000049e-01 3.198345303535461426e-01
8.918653709999999624e-01 3.017941117286682129e-01
8.947063699999999731e-01 2.529496252536773682e-01
8.975474239999999826e-01 2.017180174589157104e-01
9.003885350000000454e-01 1.750619411468505859e-01
9.032297030000000504e-01 2.068182379007339478e-01
9.060709260000000542e-01 2.074891030788421631e-01
9.089122060000000003e-01 1.710360944271087646e-01
9.117535420000000279e-01 1.644067317247390747e-01
9.145949340000000261e-01 1.540355831384658813e-01
9.174363819999999947e-01 1.543744951486587524e-01
9.202778870000000166e-01 1.781587302684783936e-01
9.231194480000000091e-01 1.681739091873168945e-01
9.259610649999999721e-01 1.541227251291275024e-01
9.288027380000000166e-01 1.065847352147102356e-01
9.316444680000000034e-01 5.479865521192550659e-02
9.344862539999999607e-01 3.499608486890792847e-02
9.373280959999999995e-01 3.630016371607780457e-02
9.401699940000000089e-01 5.675999447703361511e-02
9.430119489999999605e-01 4.706643521785736084e-02
9.458539599999999936e-01 4.186966642737388611e-02
9.486960269999999973e-01 4.551197588443756104e-02
9.515381499999999715e-01 4.597857967019081116e-02
9.543803299999999989e-01 4.711779952049255371e-02
9.572225659999999969e-01 5.288466438651084900e-02
9.600648579999999654e-01 5.582365021109580994e-02
9.629072060000000155e-01 6.525643914937973022e-02
9.657496110000000078e-01 6.854692846536636353e-02
9.685920709999999989e-01 9.265764802694320679e-02
9.714345880000000433e-01 9.677602350711822510e-02
9.742771620000000299e-01 8.556874841451644897e-02
9.771197910000000153e-01 9.348428994417190552e-02
9.799624770000000540e-01 9.877079725265502930e-02
9.828052189999999522e-01 1.020305380225181580e-01
9.856480170000000429e-01 1.132676377892494202e-01
9.884908709999999932e-01 1.138369739055633545e-01
9.913337819999999967e-01 1.207365840673446655e-01
9.941767489999999707e-01 1.114304661750793457e-01
9.970197720000000263e-01 1.244825869798660278e-01
9.998628510000000524e-01 1.158458292484283447e-01
1.002705986999999910e+00 1.119431853294372559e-01
1.005549178999999960e+00 1.150516271591186523e-01
1.008392426999999980e+00 1.134666502475738525e-01
1.011235730999999971e+00 1.174275055527687073e-01
1.014079092000000015e+00 1.166431158781051636e-01
1.016922509000000030e+00 1.226526796817779541e-01
1.019765982000000015e+00 1.204488128423690796e-01
1.022609510999999971e+00 1.181137263774871826e-01
1.025453096999999980e+00 1.183752045035362244e-01
1.028296738999999960e+00 1.251753419637680054e-01
1.031140436999999910e+00 1.217516809701919556e-01
1.033984191000000052e+00 1.208274662494659424e-01
1.036828002000000026e+00 1.161163151264190674e-01
1.039671868000000110e+00 1.284949183464050293e-01
1.042515791000000025e+00 1.275204420089721680e-01
1.045359770999999993e+00 1.192652806639671326e-01
