3.615872339999999796e-01 1.313243985176086426e+00
3.644177160000000026e-01 1.478979587554931641e+00
3.672482539999999962e-01 1.617489933967590332e+00
3.700788480000000158e-01 1.553432941436767578e+00
3.729094980000000059e-01 1.400063991546630859e+00
3.757402049999999938e-01 1.468264341354370117e+00
3.785709680000000077e-01 1.643960475921630859e+00
3.814017869999999921e-01 1.415654182434082031e+00
3.842326620000000026e-01 1.262296915054321289e+00
3.870635940000000108e-01 1.430681943893432617e+00
3.898945819999999896e-01 1.585960030555725098e+00
3.927256259999999943e-01 1.410175681114196777e+00
3.955567260000000251e-01 1.465201258659362793e+00
3.983878829999999982e-01 1.812848329544067383e+00
4.012190950000000256e-01 2.260690450668334961e+00
4.040503639999999952e-01 2.255353927612304688e+00
4.068816900000000181e-01 2.205512046813964844e+00
4.097130709999999842e-01 2.244734764099121094e+00
4.125445090000000037e-01 2.334576368331909180e+00
4.153760029999999936e-01 2.345481634140014648e+00
4.182075530000000096e-01 2.273951768875122070e+00
4.210391589999999962e-01 2.306339502334594727e+00
4.238708219999999804e-01 2.249160528182983398e+00
4.267025409999999908e-01 2.205361604690551758e+00
4.295343160000000271e-01 2.010231256484985352e+00
4.323661469999999785e-01 2.116016864776611328e+00
4.351980349999999831e-01 2.316377878189086914e+00
4.380299790000000137e-01 2.341315031051635742e+00
4.408619790000000149e-01 2.419745445251464844e+00
4.436940349999999866e-01 2.552855968475341797e+00
4.465261480000000116e-01 2.569089651107788086e+00
4.493583170000000071e-01 2.729573965072631836e+00
4.521905419999999731e-01 2.740216493606567383e+00
4.550228230000000207e-01 2.702511548995971680e+00
4.578551610000000105e-01 2.765986204147338867e+00
4.606875550000000263e-01 2.782243013381958008e+00
4.635200050000000127e-01 2.819683551788330078e+00
4.663525110000000251e-01 2.751130819320678711e+00
4.691850739999999798e-01 2.749360799789428711e+00
4.720176919999999887e-01 2.787637472152709961e+00
4.748503669999999954e-01 2.823158979415893555e+00
4.776830989999999999e-01 2.847237348556518555e+00
4.805158860000000032e-01 2.912229776382446289e+00
4.833487300000000042e-01 2.891227483749389648e+00
4.861816299999999758e-01 2.651483297348022461e+00
4.890145859999999733e-01 2.774577140808105469e+00
4.918475979999999970e-01 2.836650371551513672e+00
4.946806670000000183e-01 2.888458251953125000e+00
4.975137920000000102e-01 2.904034137725830078e+00
5.003469729999999727e-01 2.835027217864990234e+00
5.031802100000000166e-01 2.810362100601196289e+00
5.060135040000000028e-01 2.902279615402221680e+00
5.088468539999999596e-01 2.931308031082153320e+00
5.116802599999999979e-01 2.948724508285522461e+00
5.145137220000000067e-01 2.880784273147583008e+00
5.173472409999999577e-01 2.731465101242065430e+00
5.201808159999999903e-01 2.851004600524902344e+00
5.230144469999999934e-01 2.975669384002685547e+00
5.258481339999999671e-01 2.985770702362060547e+00
5.286818779999999940e-01 3.021125793457031250e+00
5.315156779999999914e-01 3.122003078460693359e+00
5.343495339999999594e-01 3.111553668975830078e+00
5.371834460000000089e-01 3.159672021865844727e+00
5.400174150000000006e-01 3.090179681777954102e+00
5.428514389999999912e-01 3.112371206283569336e+00
5.456855200000000350e-01 3.169090032577514648e+00
5.485196580000000210e-01 3.173269987106323242e+00
5.513538510000000059e-01 3.212071180343627930e+00
5.541881010000000440e-01 3.234490871429443359e+00
5.570224070000000527e-01 3.194287061691284180e+00
5.598567690000000319e-01 3.153867721557617188e+00
5.626911869999999816e-01 3.212129116058349609e+00
5.655256619999999845e-01 3.189689636230468750e+00
5.683601929999999580e-01 3.167015790939331055e+00
5.711947800000000131e-01 3.131083011627197266e+00
5.740294230000000386e-01 3.173974275588989258e+00
5.768641230000000064e-01 3.147475719451904297e+00
5.796988789999999447e-01 3.152790307998657227e+00
5.825336909999999646e-01 3.221993684768676758e+00
5.853685589999999550e-01 3.177279949188232422e+00
5.882034839999999987e-01 2.969360113143920898e+00
5.910384650000000129e-01 2.828753471374511719e+00
5.938735019999999976e-01 2.880232572555541992e+00
5.967085949999999528e-01 2.857752799987792969e+00
5.995437449999999613e-01 2.817908525466918945e+00
6.023789510000000513e-01 2.777753591537475586e+00
6.052142130000000009e-01 2.772702693939208984e+00
6.080495310000000320e-01 2.738799810409545898e+00
6.108849060000000053e-01 2.627709627151489258e+00
6.137203359999999774e-01 2.563067436218261719e+00
6.165558230000000028e-01 2.547622203826904297e+00
6.193913669999999705e-01 2.602157831192016602e+00
6.222269660000000480e-01 2.597380161285400391e+00
6.250626219999999567e-01 2.516954421997070312e+00
6.278983339999999469e-01 2.466053247451782227e+00
6.307341020000000187e-01 2.439859867095947266e+00
6.335699259999999500e-01 2.471557378768920898e+00
6.364058070000000455e-01 2.488662004470825195e+00
6.392417440000000006e-01 2.501233100891113281e+00
6.420777370000000372e-01 2.471813201904296875e+00
6.449137860000000444e-01 2.429279327392578125e+00
6.477498919999999938e-01 2.315445423126220703e+00
6.505860540000000247e-01 2.306541442871093750e+00
6.534222720000000262e-01 2.305441856384277344e+00
6.562585459999999982e-01 2.096532344818115234e+00
6.590948770000000234e-01 2.195006132125854492e+00
6.619312640000000192e-01 2.259252548217773438e+00
6.647677069999999855e-01 2.220008850097656250e+00
6.676042060000000333e-01 2.207725048065185547e+00
6.704407620000000234e-01 2.177248001098632812e+00
6.732773739999999840e-01 2.154241561889648438e+00
6.761140420000000262e-01 2.142431259155273438e+00
6.789507660000000389e-01 2.129472255706787109e+00
6.817875469999999938e-01 2.093019485473632812e+00
6.846243829999999475e-01 2.018546104431152344e+00
6.874612759999999545e-01 1.699316263198852539e+00
6.902982260000000148e-01 1.719140768051147461e+00
6.931352309999999628e-01 1.747712492942810059e+00
6.959722929999999641e-01 1.752050876617431641e+00
6.988094110000000470e-01 1.729736566543579102e+00
7.016465849999999893e-01 1.618977785110473633e+00
7.044838150000000132e-01 1.616502046585083008e+00
7.073211019999999793e-01 1.586274743080139160e+00
7.101584450000000270e-01 1.513614773750305176e+00
7.129958440000000452e-01 1.415408253669738770e+00
7.158332990000000340e-01 1.194622278213500977e+00
7.186708109999999650e-01 8.681614398956298828e-01
7.215083789999999775e-01 8.828164935111999512e-01
7.243460029999999605e-01 8.108760118484497070e-01
7.271836830000000251e-01 7.296519279479980469e-01
7.300214200000000320e-01 6.825806498527526855e-01
7.328592130000000093e-01 6.962171792984008789e-01
7.356970619999999572e-01 6.867243647575378418e-01
7.385349669999999866e-01 6.716156601905822754e-01
7.413729289999999583e-01 6.745895147323608398e-01
7.442109470000000115e-01 6.809538602828979492e-01
7.470490210000000353e-01 6.795911192893981934e-01
7.498871510000000296e-01 6.656257510185241699e-01
7.527253379999999661e-01 6.600481271743774414e-01
7.555635800000000124e-01 6.530209183692932129e-01
7.584018790000000010e-01 5.317599773406982422e-01
7.612402350000000428e-01 2.505008876323699951e-01
7.640786459999999725e-01 3.062441945075988770e-01
7.669171139999999554e-01 4.847896397113800049e-01
7.697556380000000198e-01 5.904142856597900391e-01
7.725942180000000548e-01 6.105629205703735352e-01
7.754328539999999492e-01 6.134770512580871582e-01
7.782715470000000080e-01 6.182560920715332031e-01
7.811102960000000373e-01 6.198327541351318359e-01
7.839491010000000371e-01 6.145399808883666992e-01
7.867879620000000074e-01 6.109902262687683105e-01
7.896268800000000310e-01 5.966499447822570801e-01
7.924658540000000251e-01 5.934823751449584961e-01
7.953048839999999897e-01 5.953201055526733398e-01
7.981439700000000359e-01 6.001223325729370117e-01
8.009831130000000243e-01 5.957131385803222656e-01
8.038223119999999833e-01 5.962366461753845215e-01
8.066615670000000238e-01 6.162407994270324707e-01
8.095008780000000348e-01 5.843570232391357422e-01
8.123402459999999881e-01 5.239225625991821289e-01
8.151796700000000229e-01 4.255234897136688232e-01
8.180191500000000282e-01 4.022358357906341553e-01
8.208586860000000041e-01 4.356795549392700195e-01
8.236982790000000332e-01 3.989956974983215332e-01
8.265379269999999501e-01 4.134236574172973633e-01
8.293776320000000313e-01 3.736469149589538574e-01
8.322173940000000547e-01 3.575778603553771973e-01
8.350572109999999659e-01 3.588241040706634521e-01
8.378970850000000414e-01 3.691819906234741211e-01
8.407370149999999764e-01 3.738575279712677002e-01
8.435770009999999930e-01 3.617512583732604980e-01
8.464170429999999801e-01 3.651977479457855225e-01
8.492571420000000204e-01 3.417634069919586182e-01
8.520972970000000313e-01 3.300516903400421143e-01
8.549375080000000127e-01 3.146618306636810303e-01
8.577777749999999646e-01 3.377456367015838623e-01
8.606180989999999698e-01 3.313869833946228027e-01
8.634584789999999455e-01 3.220502436161041260e-01
8.662989150000000027e-01 2.984295189380645752e-01
8.691394070000000305e-01 3.040994405746459961e-01
8.719799560000000005e-01 2.997977435588836670e-01
8.748205610000000521e-01 2.937536239624023438e-01
8.776612219999999631e-01 2.878483235836029053e-01
8.805019389999999557e-01 2.778836190700531006e-01
8.833427130000000016e-01 2.732367217540740967e-01
8.861835430000000180e-01 2.620149552822113037e-01
8.890244290000000049e-01 2.567057907581329346e-01
8.918653709999999624e-01 2.450013905763626099e-01
8.947063699999999731e-01 2.068064510822296143e-01
8.975474239999999826e-01 1.636908352375030518e-01
9.003885350000000454e-01 1.508814692497253418e-01
9.032297030000000504e-01 1.720265746116638184e-01
9.060709260000000542e-01 1.714314520359039307e-01
9.089122060000000003e-01 1.388995498418807983e-01
9.117535420000000279e-01 1.418550610542297363e-01
9.145949340000000261e-01 1.332946419715881348e-01
9.174363819999999947e-01 1.300441324710845947e-01
9.202778870000000166e-01 1.498519927263259888e-01
9.231194480000000091e-01 1.449095010757446289e-01
9.259610649999999721e-01 1.283206939697265625e-01
9.288027380000000166e-01 9.471406042575836182e-02
9.316444680000000034e-01 5.251695215702056885e-02
9.344862539999999607e-01 2.928508073091506958e-02
9.373280959999999995e-01 3.212836384773254395e-02
9.401699940000000089e-01 5.210289731621742249e-02
9.430119489999999605e-01 4.109901934862136841e-02
9.458539599999999936e-01 4.111896827816963196e-02
9.486960269999999973e-01 4.350537434220314026e-02
9.515381499999999715e-01 4.541537910699844360e-02
9.543803299999999989e-01 4.520805925130844116e-02
9.572225659999999969e-01 5.014153942465782166e-02
9.600648579999999654e-01 4.987085983157157898e-02
9.629072060000000155e-01 5.689406394958496094e-02
9.657496110000000078e-01 6.281311064958572388e-02
9.685920709999999989e-01 8.623566478490829468e-02
9.714345880000000433e-01 8.979247510433197021e-02
9.742771620000000299e-01 8.047225326299667358e-02
9.771197910000000153e-01 8.171225339174270630e-02
9.799624770000000540e-01 8.825708925724029541e-02
9.828052189999999522e-01 9.088633209466934204e-02
9.856480170000000429e-01 1.006097868084907532e-01
9.884908709999999932e-01 1.048679128289222717e-01
9.913337819999999967e-01 1.087086871266365051e-01
9.941767489999999707e-01 1.083944961428642273e-01
9.970197720000000263e-01 1.060211211442947388e-01
9.998628510000000524e-01 1.038056761026382446e-01
1.002705986999999910e+00 1.048503145575523376e-01
1.005549178999999960e+00 1.041095852851867676e-01
1.008392426999999980e+00 1.084159389138221741e-01
1.011235730999999971e+00 1.053055077791213989e-01
1.014079092000000015e+00 1.048082038760185242e-01
1.016922509000000030e+00 1.118279173970222473e-01
1.019765982000000015e+00 1.125507578253746033e-01
1.022609510999999971e+00 1.018170490860939026e-01
1.025453096999999980e+00 9.844495356082916260e-02
1.028296738999999960e+00 1.082625761628150940e-01
1.031140436999999910e+00 1.166716217994689941e-01
1.033984191000000052e+00 1.011695563793182373e-01
1.036828002000000026e+00 9.935124218463897705e-02
1.039671868000000110e+00 1.082212030887603760e-01
1.042515791000000025e+00 1.096855327486991882e-01
1.045359770999999993e+00 1.235779598355293274e-01
