3.615872339999999796e-01 1.288865208625793457e+00
3.644177160000000026e-01 1.411143779754638672e+00
3.672482539999999962e-01 1.544636607170104980e+00
3.700788480000000158e-01 1.560990691184997559e+00
3.729094980000000059e-01 1.415125012397766113e+00
3.757402049999999938e-01 1.504019141197204590e+00
3.785709680000000077e-01 1.624117136001586914e+00
3.814017869999999921e-01 1.412791252136230469e+00
3.842326620000000026e-01 1.291818261146545410e+00
3.870635940000000108e-01 1.443798661231994629e+00
3.898945819999999896e-01 1.615878701210021973e+00
3.927256259999999943e-01 1.417561650276184082e+00
3.955567260000000251e-01 1.460708141326904297e+00
3.983878829999999982e-01 1.826139926910400391e+00
4.012190950000000256e-01 2.276813745498657227e+00
4.040503639999999952e-01 2.251192331314086914e+00
4.068816900000000181e-01 2.223178625106811523e+00
4.097130709999999842e-01 2.254505157470703125e+00
4.125445090000000037e-01 2.361808776855468750e+00
4.153760029999999936e-01 2.342910528182983398e+00
4.182075530000000096e-01 2.325564861297607422e+00
4.210391589999999962e-01 2.321896076202392578e+00
4.238708219999999804e-01 2.277556896209716797e+00
4.267025409999999908e-01 2.219782352447509766e+00
4.295343160000000271e-01 2.019783020019531250e+00
4.323661469999999785e-01 2.146590471267700195e+00
4.351980349999999831e-01 2.355239152908325195e+00
4.380299790000000137e-01 2.370623350143432617e+00
4.408619790000000149e-01 2.453666448593139648e+00
4.436940349999999866e-01 2.584977626800537109e+00
4.465261480000000116e-01 2.621044158935546875e+00
4.493583170000000071e-01 2.763240337371826172e+00
4.521905419999999731e-01 2.776868820190429688e+00
4.550228230000000207e-01 2.763533592224121094e+00
4.578551610000000105e-01 2.805162906646728516e+00
4.606875550000000263e-01 2.825579881668090820e+00
4.635200050000000127e-01 2.853499174118041992e+00
4.663525110000000251e-01 2.785458564758300781e+00
4.691850739999999798e-01 2.787439823150634766e+00
4.720176919999999887e-01 2.836555719375610352e+00
4.748503669999999954e-01 2.867894172668457031e+00
4.776830989999999999e-01 2.909271717071533203e+00
4.805158860000000032e-01 2.959837436676025391e+00
4.833487300000000042e-01 2.938194036483764648e+00
4.861816299999999758e-01 2.700147151947021484e+00
4.890145859999999733e-01 2.823553323745727539e+00
4.918475979999999970e-01 2.889532804489135742e+00
4.946806670000000183e-01 2.955667495727539062e+00
4.975137920000000102e-01 2.969578266143798828e+00
5.003469729999999727e-01 2.888815641403198242e+00
5.031802100000000166e-01 2.875377893447875977e+00
5.060135040000000028e-01 2.961114883422851562e+00
5.088468539999999596e-01 2.963215112686157227e+00
5.116802599999999979e-01 3.001343727111816406e+00
5.145137220000000067e-01 2.929308176040649414e+00
5.173472409999999577e-01 2.776724338531494141e+00
5.201808159999999903e-01 2.898930788040161133e+00
5.230144469999999934e-01 3.028661012649536133e+00
5.258481339999999671e-01 3.027377843856811523e+00
5.286818779999999940e-01 3.063207387924194336e+00
5.315156779999999914e-01 3.170016288757324219e+00
5.343495339999999594e-01 3.157174825668334961e+00
5.371834460000000089e-01 3.198713302612304688e+00
5.400174150000000006e-01 3.138735771179199219e+00
5.428514389999999912e-01 3.162825584411621094e+00
5.456855200000000350e-01 3.215747833251953125e+00
5.485196580000000210e-01 3.233198881149291992e+00
5.513538510000000059e-01 3.258552074432373047e+00
5.541881010000000440e-01 3.278857946395874023e+00
5.570224070000000527e-01 3.253889322280883789e+00
5.598567690000000319e-01 3.203809976577758789e+00
5.626911869999999816e-01 3.257375478744506836e+00
5.655256619999999845e-01 3.243994951248168945e+00
5.683601929999999580e-01 3.203728199005126953e+00
5.711947800000000131e-01 3.174635887145996094e+00
5.740294230000000386e-01 3.223291873931884766e+00
5.768641230000000064e-01 3.184231042861938477e+00
5.796988789999999447e-01 3.203543901443481445e+00
5.825336909999999646e-01 3.272858381271362305e+00
5.853685589999999550e-01 3.222455978393554688e+00
5.882034839999999987e-01 3.006386995315551758e+00
5.910384650000000129e-01 2.874988317489624023e+00
5.938735019999999976e-01 2.920948743820190430e+00
5.967085949999999528e-01 2.903098344802856445e+00
5.995437449999999613e-01 2.855859279632568359e+00
6.023789510000000513e-01 2.818432092666625977e+00
6.052142130000000009e-01 2.817112207412719727e+00
6.080495310000000320e-01 2.761953830718994141e+00
6.108849060000000053e-01 2.666085481643676758e+00
6.137203359999999774e-01 2.587299823760986328e+00
6.165558230000000028e-01 2.577616214752197266e+00
6.193913669999999705e-01 2.637863874435424805e+00
6.222269660000000480e-01 2.619501829147338867e+00
6.250626219999999567e-01 2.548395872116088867e+00
6.278983339999999469e-01 2.496918439865112305e+00
6.307341020000000187e-01 2.469895362854003906e+00
6.335699259999999500e-01 2.495009422302246094e+00
6.364058070000000455e-01 2.524932622909545898e+00
6.392417440000000006e-01 2.525148868560791016e+00
6.420777370000000372e-01 2.493179559707641602e+00
6.449137860000000444e-01 2.461995124816894531e+00
6.477498919999999938e-01 2.344643592834472656e+00
6.505860540000000247e-01 2.330856084823608398e+00
6.534222720000000262e-01 2.324637413024902344e+00
6.562585459999999982e-01 2.131303548812866211e+00
6.590948770000000234e-01 2.219770431518554688e+00
6.619312640000000192e-01 2.278427362442016602e+00
6.647677069999999855e-01 2.254966974258422852e+00
6.676042060000000333e-01 2.239407062530517578e+00
6.704407620000000234e-01 2.214422941207885742e+00
6.732773739999999840e-01 2.186845541000366211e+00
6.761140420000000262e-01 2.174727916717529297e+00
6.789507660000000389e-01 2.158689498901367188e+00
6.817875469999999938e-01 2.129532814025878906e+00
6.846243829999999475e-01 2.046174526214599609e+00
6.874612759999999545e-01 1.712484121322631836e+00
6.902982260000000148e-01 1.727466464042663574e+00
6.931352309999999628e-01 1.762830018997192383e+00
6.959722929999999641e-01 1.761596202850341797e+00
6.988094110000000470e-01 1.740800857543945312e+00
7.016465849999999893e-01 1.635939121246337891e+00
7.044838150000000132e-01 1.632422566413879395e+00
7.073211019999999793e-01 1.601319074630737305e+00
7.101584450000000270e-01 1.536985635757446289e+00
7.129958440000000452e-01 1.429993033409118652e+00
7.158332990000000340e-01 1.214895367622375488e+00
7.186708109999999650e-01 8.817965984344482422e-01
7.215083789999999775e-01 9.020392298698425293e-01
7.243460029999999605e-01 8.244121670722961426e-01
7.271836830000000251e-01 7.476224303245544434e-01
7.300214200000000320e-01 6.980825066566467285e-01
7.328592130000000093e-01 7.180305123329162598e-01
7.356970619999999572e-01 7.113741636276245117e-01
7.385349669999999866e-01 6.939197182655334473e-01
7.413729289999999583e-01 6.977950334548950195e-01
7.442109470000000115e-01 7.052461504936218262e-01
7.470490210000000353e-01 7.083173990249633789e-01
7.498871510000000296e-01 6.931892037391662598e-01
7.527253379999999661e-01 6.897444725036621094e-01
7.555635800000000124e-01 6.770479679107666016e-01
7.584018790000000010e-01 5.602079033851623535e-01
7.612402350000000428e-01 2.599495649337768555e-01
7.640786459999999725e-01 3.144020140171051025e-01
7.669171139999999554e-01 5.109853148460388184e-01
7.697556380000000198e-01 6.169822812080383301e-01
7.725942180000000548e-01 6.412726640701293945e-01
7.754328539999999492e-01 6.433751583099365234e-01
7.782715470000000080e-01 6.404178738594055176e-01
7.811102960000000373e-01 6.449319124221801758e-01
7.839491010000000371e-01 6.448790431022644043e-01
7.867879620000000074e-01 6.321206688880920410e-01
7.896268800000000310e-01 6.146183013916015625e-01
7.924658540000000251e-01 6.144000291824340820e-01
7.953048839999999897e-01 6.180063486099243164e-01
7.981439700000000359e-01 6.215851902961730957e-01
8.009831130000000243e-01 6.203879714012145996e-01
8.038223119999999833e-01 6.214724779129028320e-01
8.066615670000000238e-01 6.324959397315979004e-01
8.095008780000000348e-01 6.044332981109619141e-01
8.123402459999999881e-01 5.441610813140869141e-01
8.151796700000000229e-01 4.469913840293884277e-01
8.180191500000000282e-01 4.239872694015502930e-01
8.208586860000000041e-01 4.474614262580871582e-01
8.236982790000000332e-01 4.161020219326019287e-01
8.265379269999999501e-01 4.357621967792510986e-01
8.293776320000000313e-01 3.875895142555236816e-01
8.322173940000000547e-01 3.749811053276062012e-01
8.350572109999999659e-01 3.832373321056365967e-01
8.378970850000000414e-01 3.893162608146667480e-01
8.407370149999999764e-01 3.934943974018096924e-01
8.435770009999999930e-01 3.908806741237640381e-01
8.464170429999999801e-01 3.850527405738830566e-01
8.492571420000000204e-01 3.756667971611022949e-01
8.520972970000000313e-01 3.566357493400573730e-01
8.549375080000000127e-01 3.345332741737365723e-01
8.577777749999999646e-01 3.595587015151977539e-01
8.606180989999999698e-01 3.545533418655395508e-01
8.634584789999999455e-01 3.452663719654083252e-01
8.662989150000000027e-01 3.218030333518981934e-01
8.691394070000000305e-01 3.272559642791748047e-01
8.719799560000000005e-01 3.243368864059448242e-01
8.748205610000000521e-01 3.220486342906951904e-01
8.776612219999999631e-01 3.113600313663482666e-01
8.805019389999999557e-01 3.025316596031188965e-01
8.833427130000000016e-01 2.915150523185729980e-01
8.861835430000000180e-01 2.853749394416809082e-01
8.890244290000000049e-01 2.800254821777343750e-01
8.918653709999999624e-01 2.657741904258728027e-01
8.947063699999999731e-01 2.236325591802597046e-01
8.975474239999999826e-01 1.819412410259246826e-01
9.003885350000000454e-01 1.647033244371414185e-01
9.032297030000000504e-01 1.869250684976577759e-01
9.060709260000000542e-01 1.878885775804519653e-01
9.089122060000000003e-01 1.531056761741638184e-01
9.117535420000000279e-01 1.542635411024093628e-01
9.145949340000000261e-01 1.410584300756454468e-01
9.174363819999999947e-01 1.428674459457397461e-01
9.202778870000000166e-01 1.655885875225067139e-01
9.231194480000000091e-01 1.574862450361251831e-01
9.259610649999999721e-01 1.445590555667877197e-01
9.288027380000000166e-01 1.015745177865028381e-01
9.316444680000000034e-01 5.332908034324645996e-02
9.344862539999999607e-01 3.298800066113471985e-02
9.373280959999999995e-01 3.604526817798614502e-02
9.401699940000000089e-01 5.689677596092224121e-02
9.430119489999999605e-01 5.009007826447486877e-02
9.458539599999999936e-01 4.374365508556365967e-02
9.486960269999999973e-01 4.568214341998100281e-02
9.515381499999999715e-01 4.433375969529151917e-02
9.543803299999999989e-01 5.354031547904014587e-02
9.572225659999999969e-01 5.122436955571174622e-02
9.600648579999999654e-01 6.097533553838729858e-02
9.629072060000000155e-01 6.781981885433197021e-02
9.657496110000000078e-01 7.362813502550125122e-02
9.685920709999999989e-01 1.014794185757637024e-01
9.714345880000000433e-01 1.110605299472808838e-01
9.742771620000000299e-01 9.203913807868957520e-02
9.771197910000000153e-01 9.426050633192062378e-02
9.799624770000000540e-01 9.911875426769256592e-02
9.828052189999999522e-01 1.111997142434120178e-01
9.856480170000000429e-01 1.208059862256050110e-01
9.884908709999999932e-01 1.289144903421401978e-01
9.913337819999999967e-01 1.234666556119918823e-01
9.941767489999999707e-01 1.272893100976943970e-01
9.970197720000000263e-01 1.279366910457611084e-01
9.998628510000000524e-01 1.258118152618408203e-01
1.002705986999999910e+00 1.200685054063796997e-01
1.005549178999999960e+00 1.239135116338729858e-01
1.008392426999999980e+00 1.256597191095352173e-01
1.011235730999999971e+00 1.269247680902481079e-01
1.014079092000000015e+00 1.275013983249664307e-01
1.016922509000000030e+00 1.176869049668312073e-01
1.019765982000000015e+00 1.246081292629241943e-01
1.022609510999999971e+00 1.275477409362792969e-01
1.025453096999999980e+00 1.231647580862045288e-01
1.028296738999999960e+00 1.250569671392440796e-01
1.031140436999999910e+00 1.234087795019149780e-01
1.033984191000000052e+00 1.234961152076721191e-01
1.036828002000000026e+00 1.276003271341323853e-01
1.039671868000000110e+00 1.267206221818923950e-01
1.042515791000000025e+00 1.231693178415298462e-01
1.045359770999999993e+00 1.237041354179382324e-01
