3.615872339999999796e-01 1.289694070816040039e+00
3.644177160000000026e-01 1.464672446250915527e+00
3.672482539999999962e-01 1.540412306785583496e+00
3.700788480000000158e-01 1.547098040580749512e+00
3.729094980000000059e-01 1.413823723793029785e+00
3.757402049999999938e-01 1.490093111991882324e+00
3.785709680000000077e-01 1.641272187232971191e+00
3.814017869999999921e-01 1.431846022605895996e+00
3.842326620000000026e-01 1.300287246704101562e+00
3.870635940000000108e-01 1.385605812072753906e+00
3.898945819999999896e-01 1.593009471893310547e+00
3.927256259999999943e-01 1.392534136772155762e+00
3.955567260000000251e-01 1.435921788215637207e+00
3.983878829999999982e-01 1.765379190444946289e+00
4.012190950000000256e-01 2.230894327163696289e+00
4.040503639999999952e-01 2.246015310287475586e+00
4.068816900000000181e-01 2.168840169906616211e+00
4.097130709999999842e-01 2.221550226211547852e+00
4.125445090000000037e-01 2.321384429931640625e+00
4.153760029999999936e-01 2.348993301391601562e+00
4.182075530000000096e-01 2.285205125808715820e+00
4.210391589999999962e-01 2.304053544998168945e+00
4.238708219999999804e-01 2.265430927276611328e+00
4.267025409999999908e-01 2.203789949417114258e+00
4.295343160000000271e-01 1.997741341590881348e+00
4.323661469999999785e-01 2.106419801712036133e+00
4.351980349999999831e-01 2.310932397842407227e+00
4.380299790000000137e-01 2.341084957122802734e+00
4.408619790000000149e-01 2.426631927490234375e+00
4.436940349999999866e-01 2.548703908920288086e+00
4.465261480000000116e-01 2.586277008056640625e+00
4.493583170000000071e-01 2.733441591262817383e+00
4.521905419999999731e-01 2.755293130874633789e+00
4.550228230000000207e-01 2.725180864334106445e+00
4.578551610000000105e-01 2.779876470565795898e+00
4.606875550000000263e-01 2.783210754394531250e+00
4.635200050000000127e-01 2.830426931381225586e+00
4.663525110000000251e-01 2.772752285003662109e+00
4.691850739999999798e-01 2.758263349533081055e+00
4.720176919999999887e-01 2.797935724258422852e+00
4.748503669999999954e-01 2.853717088699340820e+00
4.776830989999999999e-01 2.873414993286132812e+00
4.805158860000000032e-01 2.932161808013916016e+00
4.833487300000000042e-01 2.922889232635498047e+00
4.861816299999999758e-01 2.678175210952758789e+00
4.890145859999999733e-01 2.796191692352294922e+00
4.918475979999999970e-01 2.867542028427124023e+00
4.946806670000000183e-01 2.923956155776977539e+00
4.975137920000000102e-01 2.939517498016357422e+00
5.003469729999999727e-01 2.869582176208496094e+00
5.031802100000000166e-01 2.843286752700805664e+00
5.060135040000000028e-01 2.925284147262573242e+00
5.088468539999999596e-01 2.942703247070312500e+00
5.116802599999999979e-01 2.966027498245239258e+00
5.145137220000000067e-01 2.910070896148681641e+00
5.173472409999999577e-01 2.754270792007446289e+00
5.201808159999999903e-01 2.873898506164550781e+00
5.230144469999999934e-01 2.992332696914672852e+00
5.258481339999999671e-01 3.006873130798339844e+00
5.286818779999999940e-01 3.029126405715942383e+00
5.315156779999999914e-01 3.140491962432861328e+00
5.343495339999999594e-01 3.131174564361572266e+00
5.371834460000000089e-01 3.170751333236694336e+00
5.400174150000000006e-01 3.107156515121459961e+00
5.428514389999999912e-01 3.129695892333984375e+00
5.456855200000000350e-01 3.186923742294311523e+00
5.485196580000000210e-01 3.193124294281005859e+00
5.513538510000000059e-01 3.227395772933959961e+00
5.541881010000000440e-01 3.258479833602905273e+00
5.570224070000000527e-01 3.229606151580810547e+00
5.598567690000000319e-01 3.177672386169433594e+00
5.626911869999999816e-01 3.219907999038696289e+00
5.655256619999999845e-01 3.223019838333129883e+00
5.683601929999999580e-01 3.187285184860229492e+00
5.711947800000000131e-01 3.152058124542236328e+00
5.740294230000000386e-01 3.199001789093017578e+00
5.768641230000000064e-01 3.161447286605834961e+00
5.796988789999999447e-01 3.179690837860107422e+00
5.825336909999999646e-01 3.244744300842285156e+00
5.853685589999999550e-01 3.200188636779785156e+00
5.882034839999999987e-01 2.988631248474121094e+00
5.910384650000000129e-01 2.846045970916748047e+00
5.938735019999999976e-01 2.895304679870605469e+00
5.967085949999999528e-01 2.881230115890502930e+00
5.995437449999999613e-01 2.829719781875610352e+00
6.023789510000000513e-01 2.792662620544433594e+00
6.052142130000000009e-01 2.817388534545898438e+00
6.080495310000000320e-01 2.778808593750000000e+00
6.108849060000000053e-01 2.579148292541503906e+00
6.137203359999999774e-01 2.516226530075073242e+00
6.165558230000000028e-01 2.535611867904663086e+00
6.193913669999999705e-01 2.609954595565795898e+00
6.222269660000000480e-01 2.605587959289550781e+00
6.250626219999999567e-01 2.536416053771972656e+00
6.278983339999999469e-01 2.470863342285156250e+00
6.307341020000000187e-01 2.450679779052734375e+00
6.335699259999999500e-01 2.473374843597412109e+00
6.364058070000000455e-01 2.499751567840576172e+00
6.392417440000000006e-01 2.514767408370971680e+00
6.420777370000000372e-01 2.471100330352783203e+00
6.449137860000000444e-01 2.446083784103393555e+00
6.477498919999999938e-01 2.321579933166503906e+00
6.505860540000000247e-01 2.312883377075195312e+00
6.534222720000000262e-01 2.306968927383422852e+00
6.562585459999999982e-01 2.101446628570556641e+00
6.590948770000000234e-01 2.201705694198608398e+00
6.619312640000000192e-01 2.254709720611572266e+00
6.647677069999999855e-01 2.242851257324218750e+00
6.676042060000000333e-01 2.217408418655395508e+00
6.704407620000000234e-01 2.198972702026367188e+00
6.732773739999999840e-01 2.169376611709594727e+00
6.761140420000000262e-01 2.151782512664794922e+00
6.789507660000000389e-01 2.142308473587036133e+00
6.817875469999999938e-01 2.117524623870849609e+00
6.846243829999999475e-01 2.040030717849731445e+00
6.874612759999999545e-01 1.701269984245300293e+00
6.902982260000000148e-01 1.711190700531005859e+00
6.931352309999999628e-01 1.736626505851745605e+00
6.959722929999999641e-01 1.750676393508911133e+00
6.988094110000000470e-01 1.727731227874755859e+00
7.016465849999999893e-01 1.627100825309753418e+00
7.044838150000000132e-01 1.615471720695495605e+00
7.073211019999999793e-01 1.585958361625671387e+00
7.101584450000000270e-01 1.511349916458129883e+00
7.129958440000000452e-01 1.420755386352539062e+00
7.158332990000000340e-01 1.206334471702575684e+00
7.186708109999999650e-01 8.592519164085388184e-01
7.215083789999999775e-01 8.818050026893615723e-01
7.243460029999999605e-01 8.088223338127136230e-01
7.271836830000000251e-01 7.181583642959594727e-01
7.300214200000000320e-01 6.854435801506042480e-01
7.328592130000000093e-01 6.879949569702148438e-01
7.356970619999999572e-01 6.835760474205017090e-01
7.385349669999999866e-01 6.702560782432556152e-01
7.413729289999999583e-01 6.641691327095031738e-01
7.442109470000000115e-01 6.808466315269470215e-01
7.470490210000000353e-01 6.761437654495239258e-01
7.498871510000000296e-01 6.683847308158874512e-01
7.527253379999999661e-01 6.559372544288635254e-01
7.555635800000000124e-01 6.487362384796142578e-01
7.584018790000000010e-01 5.442090630531311035e-01
7.612402350000000428e-01 2.516704201698303223e-01
7.640786459999999725e-01 2.974559664726257324e-01
7.669171139999999554e-01 4.818924069404602051e-01
7.697556380000000198e-01 5.858976840972900391e-01
7.725942180000000548e-01 6.056207418441772461e-01
7.754328539999999492e-01 6.216796636581420898e-01
7.782715470000000080e-01 6.138598918914794922e-01
7.811102960000000373e-01 6.153891086578369141e-01
7.839491010000000371e-01 6.142424345016479492e-01
7.867879620000000074e-01 6.093237996101379395e-01
7.896268800000000310e-01 5.863724350929260254e-01
7.924658540000000251e-01 5.874740481376647949e-01
7.953048839999999897e-01 5.939366817474365234e-01
7.981439700000000359e-01 5.969814658164978027e-01
8.009831130000000243e-01 5.950631499290466309e-01
8.038223119999999833e-01 5.953143835067749023e-01
8.066615670000000238e-01 6.074730157852172852e-01
8.095008780000000348e-01 5.857859253883361816e-01
8.123402459999999881e-01 5.263659358024597168e-01
8.151796700000000229e-01 4.266301095485687256e-01
8.180191500000000282e-01 4.015977084636688232e-01
8.208586860000000041e-01 4.302579760551452637e-01
8.236982790000000332e-01 3.943032026290893555e-01
8.265379269999999501e-01 4.119960665702819824e-01
8.293776320000000313e-01 3.665171861648559570e-01
8.322173940000000547e-01 3.585998117923736572e-01
8.350572109999999659e-01 3.609527945518493652e-01
8.378970850000000414e-01 3.687264919281005859e-01
8.407370149999999764e-01 3.662457764148712158e-01
8.435770009999999930e-01 3.677574694156646729e-01
8.464170429999999801e-01 3.640532195568084717e-01
8.492571420000000204e-01 3.474248647689819336e-01
8.520972970000000313e-01 3.325389027595520020e-01
8.549375080000000127e-01 3.154659569263458252e-01
8.577777749999999646e-01 3.334828019142150879e-01
8.606180989999999698e-01 3.285811543464660645e-01
8.634584789999999455e-01 3.242682218551635742e-01
8.662989150000000027e-01 2.959088087081909180e-01
8.691394070000000305e-01 3.063676059246063232e-01
8.719799560000000005e-01 3.034322857856750488e-01
8.748205610000000521e-01 2.919120490550994873e-01
8.776612219999999631e-01 2.884356081485748291e-01
8.805019389999999557e-01 2.777154147624969482e-01
8.833427130000000016e-01 2.735669314861297607e-01
8.861835430000000180e-01 2.596981525421142578e-01
8.890244290000000049e-01 2.580175995826721191e-01
8.918653709999999624e-01 2.438403815031051636e-01
8.947063699999999731e-01 2.130198329687118530e-01
8.975474239999999826e-01 1.672187000513076782e-01
9.003885350000000454e-01 1.487450748682022095e-01
9.032297030000000504e-01 1.729217022657394409e-01
9.060709260000000542e-01 1.723210215568542480e-01
9.089122060000000003e-01 1.386878192424774170e-01
9.117535420000000279e-01 1.406544148921966553e-01
9.145949340000000261e-01 1.305695623159408569e-01
9.174363819999999947e-01 1.274217814207077026e-01
9.202778870000000166e-01 1.510307043790817261e-01
9.231194480000000091e-01 1.431995928287506104e-01
9.259610649999999721e-01 1.315382868051528931e-01
9.288027380000000166e-01 9.475803375244140625e-02
9.316444680000000034e-01 5.055280029773712158e-02
9.344862539999999607e-01 2.751183509826660156e-02
9.373280959999999995e-01 3.006981499493122101e-02
9.401699940000000089e-01 5.573507025837898254e-02
9.430119489999999605e-01 4.336788877844810486e-02
9.458539599999999936e-01 4.112962633371353149e-02
9.486960269999999973e-01 4.095978662371635437e-02
9.515381499999999715e-01 4.112419486045837402e-02
9.543803299999999989e-01 4.457259178161621094e-02
9.572225659999999969e-01 4.770782962441444397e-02
9.600648579999999654e-01 4.963266476988792419e-02
9.629072060000000155e-01 5.977047607302665710e-02
9.657496110000000078e-01 6.527589261531829834e-02
9.685920709999999989e-01 8.986388146877288818e-02
9.714345880000000433e-01 9.244550019502639771e-02
9.742771620000000299e-01 8.268627524375915527e-02
9.771197910000000153e-01 8.417721092700958252e-02
9.799624770000000540e-01 8.896391093730926514e-02
9.828052189999999522e-01 9.318045526742935181e-02
9.856480170000000429e-01 1.018373817205429077e-01
9.884908709999999932e-01 1.053336039185523987e-01
9.913337819999999967e-01 1.096879020333290100e-01
9.941767489999999707e-01 1.061984598636627197e-01
9.970197720000000263e-01 1.137579530477523804e-01
9.998628510000000524e-01 1.107547208666801453e-01
1.002705986999999910e+00 1.047435030341148376e-01
1.005549178999999960e+00 1.044798642396926880e-01
1.008392426999999980e+00 1.055842489004135132e-01
1.011235730999999971e+00 1.074817478656768799e-01
1.014079092000000015e+00 1.073249951004981995e-01
1.016922509000000030e+00 1.094619929790496826e-01
1.019765982000000015e+00 1.107757985591888428e-01
1.022609510999999971e+00 1.027435585856437683e-01
1.025453096999999980e+00 1.094129681587219238e-01
1.028296738999999960e+00 1.006731763482093811e-01
1.031140436999999910e+00 1.042211428284645081e-01
1.033984191000000052e+00 9.982519596815109253e-02
1.036828002000000026e+00 1.077704578638076782e-01
1.039671868000000110e+00 1.107089519500732422e-01
1.042515791000000025e+00 1.088371276855468750e-01
1.045359770999999993e+00 1.064457446336746216e-01
