3.615872339999999796e-01 1.342379212379455566e+00
3.644177160000000026e-01 1.480962991714477539e+00
3.672482539999999962e-01 1.668581128120422363e+00
3.700788480000000158e-01 1.638354182243347168e+00
3.729094980000000059e-01 1.481221437454223633e+00
3.757402049999999938e-01 1.553721189498901367e+00
3.785709680000000077e-01 1.676505327224731445e+00
3.814017869999999921e-01 1.408708810806274414e+00
3.842326620000000026e-01 1.298279166221618652e+00
3.870635940000000108e-01 1.458060860633850098e+00
3.898945819999999896e-01 1.644506335258483887e+00
3.927256259999999943e-01 1.450437426567077637e+00
3.955567260000000251e-01 1.491228342056274414e+00
3.983878829999999982e-01 1.866436600685119629e+00
4.012190950000000256e-01 2.334864616394042969e+00
4.040503639999999952e-01 2.315756559371948242e+00
4.068816900000000181e-01 2.273575305938720703e+00
4.097130709999999842e-01 2.323783874511718750e+00
4.125445090000000037e-01 2.440398216247558594e+00
4.153760029999999936e-01 2.411563873291015625e+00
4.182075530000000096e-01 2.389040946960449219e+00
4.210391589999999962e-01 2.394930124282836914e+00
4.238708219999999804e-01 2.367182731628417969e+00
4.267025409999999908e-01 2.301844835281372070e+00
4.295343160000000271e-01 2.096315622329711914e+00
4.323661469999999785e-01 2.248257160186767578e+00
4.351980349999999831e-01 2.447313070297241211e+00
4.380299790000000137e-01 2.491083860397338867e+00
4.408619790000000149e-01 2.554593801498413086e+00
4.436940349999999866e-01 2.705802440643310547e+00
4.465261480000000116e-01 2.722267150878906250e+00
4.493583170000000071e-01 2.887791156768798828e+00
4.521905419999999731e-01 2.916690349578857422e+00
4.550228230000000207e-01 2.887048006057739258e+00
4.578551610000000105e-01 2.931578874588012695e+00
4.606875550000000263e-01 2.959627866744995117e+00
4.635200050000000127e-01 2.997426748275756836e+00
4.663525110000000251e-01 2.925150632858276367e+00
4.691850739999999798e-01 2.933893680572509766e+00
4.720176919999999887e-01 2.962372064590454102e+00
4.748503669999999954e-01 3.026808738708496094e+00
4.776830989999999999e-01 3.057740926742553711e+00
4.805158860000000032e-01 3.117766618728637695e+00
4.833487300000000042e-01 3.086241006851196289e+00
4.861816299999999758e-01 2.848846912384033203e+00
4.890145859999999733e-01 2.968477964401245117e+00
4.918475979999999970e-01 3.046303987503051758e+00
4.946806670000000183e-01 3.111905574798583984e+00
4.975137920000000102e-01 3.135123968124389648e+00
5.003469729999999727e-01 3.051898479461669922e+00
5.031802100000000166e-01 3.036254167556762695e+00
5.060135040000000028e-01 3.127599716186523438e+00
5.088468539999999596e-01 3.146977663040161133e+00
5.116802599999999979e-01 3.171342134475708008e+00
5.145137220000000067e-01 3.106279850006103516e+00
5.173472409999999577e-01 2.944252490997314453e+00
5.201808159999999903e-01 3.075481653213500977e+00
5.230144469999999934e-01 3.209342479705810547e+00
5.258481339999999671e-01 3.210588932037353516e+00
5.286818779999999940e-01 3.243227005004882812e+00
5.315156779999999914e-01 3.363850116729736328e+00
5.343495339999999594e-01 3.346070051193237305e+00
5.371834460000000089e-01 3.397156476974487305e+00
5.400174150000000006e-01 3.333120822906494141e+00
5.428514389999999912e-01 3.354580879211425781e+00
5.456855200000000350e-01 3.418812036514282227e+00
5.485196580000000210e-01 3.429175138473510742e+00
5.513538510000000059e-01 3.458210468292236328e+00
5.541881010000000440e-01 3.489861965179443359e+00
5.570224070000000527e-01 3.446513652801513672e+00
5.598567690000000319e-01 3.404386043548583984e+00
5.626911869999999816e-01 3.449904918670654297e+00
5.655256619999999845e-01 3.443112611770629883e+00
5.683601929999999580e-01 3.422877550125122070e+00
5.711947800000000131e-01 3.373713254928588867e+00
5.740294230000000386e-01 3.423248291015625000e+00
5.768641230000000064e-01 3.400726556777954102e+00
5.796988789999999447e-01 3.405870199203491211e+00
5.825336909999999646e-01 3.481240510940551758e+00
5.853685589999999550e-01 3.440738677978515625e+00
5.882034839999999987e-01 3.208483934402465820e+00
5.910384650000000129e-01 3.064241409301757812e+00
5.938735019999999976e-01 3.123671054840087891e+00
5.967085949999999528e-01 3.096585750579833984e+00
5.995437449999999613e-01 3.066454648971557617e+00
6.023789510000000513e-01 3.021304130554199219e+00
6.052142130000000009e-01 3.025192260742187500e+00
6.080495310000000320e-01 2.967088699340820312e+00
6.108849060000000053e-01 2.836883783340454102e+00
6.137203359999999774e-01 2.781407117843627930e+00
6.165558230000000028e-01 2.774595975875854492e+00
6.193913669999999705e-01 2.846083164215087891e+00
6.222269660000000480e-01 2.841601848602294922e+00
6.250626219999999567e-01 2.765904426574707031e+00
6.278983339999999469e-01 2.696951389312744141e+00
6.307341020000000187e-01 2.669944047927856445e+00
6.335699259999999500e-01 2.701086044311523438e+00
6.364058070000000455e-01 2.735021591186523438e+00
6.392417440000000006e-01 2.735494613647460938e+00
6.420777370000000372e-01 2.704420089721679688e+00
6.449137860000000444e-01 2.662695407867431641e+00
6.477498919999999938e-01 2.540975093841552734e+00
6.505860540000000247e-01 2.532734394073486328e+00
6.534222720000000262e-01 2.525199890136718750e+00
6.562585459999999982e-01 2.311547994613647461e+00
6.590948770000000234e-01 2.419324398040771484e+00
6.619312640000000192e-01 2.484707832336425781e+00
6.647677069999999855e-01 2.461423397064208984e+00
6.676042060000000333e-01 2.440459012985229492e+00
6.704407620000000234e-01 2.413616418838500977e+00
6.732773739999999840e-01 2.389156103134155273e+00
6.761140420000000262e-01 2.372653245925903320e+00
6.789507660000000389e-01 2.353337764739990234e+00
6.817875469999999938e-01 2.320825576782226562e+00
6.846243829999999475e-01 2.240869283676147461e+00
6.874612759999999545e-01 1.877622961997985840e+00
6.902982260000000148e-01 1.905811905860900879e+00
6.931352309999999628e-01 1.933966755867004395e+00
6.959722929999999641e-01 1.942108750343322754e+00
6.988094110000000470e-01 1.921235799789428711e+00
7.016465849999999893e-01 1.812066078186035156e+00
7.044838150000000132e-01 1.817705273628234863e+00
7.073211019999999793e-01 1.770368218421936035e+00
7.101584450000000270e-01 1.707833886146545410e+00
7.129958440000000452e-01 1.606216788291931152e+00
7.158332990000000340e-01 1.359360575675964355e+00
7.186708109999999650e-01 9.928443431854248047e-01
7.215083789999999775e-01 1.021450400352478027e+00
7.243460029999999605e-01 9.288769960403442383e-01
7.271836830000000251e-01 8.487894535064697266e-01
7.300214200000000320e-01 7.934782505035400391e-01
7.328592130000000093e-01 8.226268291473388672e-01
7.356970619999999572e-01 8.150510191917419434e-01
7.385349669999999866e-01 8.005598783493041992e-01
7.413729289999999583e-01 8.027009367942810059e-01
7.442109470000000115e-01 8.101054430007934570e-01
7.470490210000000353e-01 8.126146793365478516e-01
7.498871510000000296e-01 7.954783439636230469e-01
7.527253379999999661e-01 7.936278581619262695e-01
7.555635800000000124e-01 7.842735648155212402e-01
7.584018790000000010e-01 6.377367973327636719e-01
7.612402350000000428e-01 2.996547818183898926e-01
7.640786459999999725e-01 3.698513209819793701e-01
7.669171139999999554e-01 5.865200161933898926e-01
7.697556380000000198e-01 7.166448235511779785e-01
7.725942180000000548e-01 7.428528666496276855e-01
7.754328539999999492e-01 7.434355616569519043e-01
7.782715470000000080e-01 7.428126931190490723e-01
7.811102960000000373e-01 7.486041188240051270e-01
7.839491010000000371e-01 7.409638166427612305e-01
7.867879620000000074e-01 7.358891963958740234e-01
7.896268800000000310e-01 7.189327478408813477e-01
7.924658540000000251e-01 7.090951800346374512e-01
7.953048839999999897e-01 7.137620449066162109e-01
7.981439700000000359e-01 7.291272282600402832e-01
8.009831130000000243e-01 7.126352190971374512e-01
8.038223119999999833e-01 7.188611030578613281e-01
8.066615670000000238e-01 7.355154752731323242e-01
8.095008780000000348e-01 7.039604187011718750e-01
8.123402459999999881e-01 6.265195608139038086e-01
8.151796700000000229e-01 5.156170725822448730e-01
8.180191500000000282e-01 4.884833693504333496e-01
8.208586860000000041e-01 5.230530500411987305e-01
8.236982790000000332e-01 4.835045635700225830e-01
8.265379269999999501e-01 5.021870732307434082e-01
8.293776320000000313e-01 4.597163498401641846e-01
8.322173940000000547e-01 4.443893730640411377e-01
8.350572109999999659e-01 4.501973092555999756e-01
8.378970850000000414e-01 4.635210335254669189e-01
8.407370149999999764e-01 4.662472605705261230e-01
8.435770009999999930e-01 4.636173844337463379e-01
8.464170429999999801e-01 4.617598652839660645e-01
8.492571420000000204e-01 4.397985339164733887e-01
8.520972970000000313e-01 4.262401163578033447e-01
8.549375080000000127e-01 4.020096063613891602e-01
8.577777749999999646e-01 4.258220791816711426e-01
8.606180989999999698e-01 4.236230552196502686e-01
8.634584789999999455e-01 4.173471927642822266e-01
8.662989150000000027e-01 3.818040490150451660e-01
8.691394070000000305e-01 3.903220891952514648e-01
8.719799560000000005e-01 3.911125063896179199e-01
8.748205610000000521e-01 3.859935998916625977e-01
8.776612219999999631e-01 3.748299181461334229e-01
8.805019389999999557e-01 3.651343584060668945e-01
8.833427130000000016e-01 3.559087812900543213e-01
8.861835430000000180e-01 3.437364995479583740e-01
8.890244290000000049e-01 3.410990536212921143e-01
8.918653709999999624e-01 3.224501013755798340e-01
8.947063699999999731e-01 2.720586955547332764e-01
8.975474239999999826e-01 2.190425395965576172e-01
9.003885350000000454e-01 1.956122666597366333e-01
9.032297030000000504e-01 2.266552597284317017e-01
9.060709260000000542e-01 2.308948934078216553e-01
9.089122060000000003e-01 1.862480789422988892e-01
9.117535420000000279e-01 1.855035424232482910e-01
9.145949340000000261e-01 1.714098304510116577e-01
9.174363819999999947e-01 1.767007708549499512e-01
9.202778870000000166e-01 2.063775956630706787e-01
9.231194480000000091e-01 1.900044381618499756e-01
9.259610649999999721e-01 1.769788712263107300e-01
9.288027380000000166e-01 1.207865402102470398e-01
9.316444680000000034e-01 6.545379012823104858e-02
9.344862539999999607e-01 3.859682008624076843e-02
9.373280959999999995e-01 4.148911312222480774e-02
9.401699940000000089e-01 6.908733397722244263e-02
9.430119489999999605e-01 5.630699545145034790e-02
9.458539599999999936e-01 5.036885663866996765e-02
9.486960269999999973e-01 5.580421537160873413e-02
9.515381499999999715e-01 5.491835623979568481e-02
9.543803299999999989e-01 6.062638759613037109e-02
9.572225659999999969e-01 6.868802756071090698e-02
9.600648579999999654e-01 7.277602702379226685e-02
9.629072060000000155e-01 8.319520205259323120e-02
9.657496110000000078e-01 9.687034785747528076e-02
9.685920709999999989e-01 1.260098218917846680e-01
9.714345880000000433e-01 1.333924978971481323e-01
9.742771620000000299e-01 1.148574501276016235e-01
9.771197910000000153e-01 1.253736466169357300e-01
9.799624770000000540e-01 1.274686306715011597e-01
9.828052189999999522e-01 1.423458755016326904e-01
9.856480170000000429e-01 1.560006588697433472e-01
9.884908709999999932e-01 1.632832139730453491e-01
9.913337819999999967e-01 1.589609384536743164e-01
9.941767489999999707e-01 1.625365763902664185e-01
9.970197720000000263e-01 1.632766276597976685e-01
9.998628510000000524e-01 1.579807400703430176e-01
1.002705986999999910e+00 1.567732244729995728e-01
1.005549178999999960e+00 1.589024811983108521e-01
1.008392426999999980e+00 1.577145755290985107e-01
1.011235730999999971e+00 1.572633981704711914e-01
1.014079092000000015e+00 1.625906229019165039e-01
1.016922509000000030e+00 1.578993797302246094e-01
1.019765982000000015e+00 1.592303216457366943e-01
1.022609510999999971e+00 1.591117531061172485e-01
1.025453096999999980e+00 1.583951413631439209e-01
1.028296738999999960e+00 1.596977114677429199e-01
1.031140436999999910e+00 1.645691841840744019e-01
1.033984191000000052e+00 1.564832776784896851e-01
1.036828002000000026e+00 1.616089344024658203e-01
1.039671868000000110e+00 1.584907323122024536e-01
1.042515791000000025e+00 1.512202620506286621e-01
1.045359770999999993e+00 1.449680626392364502e-01
