3.615872339999999796e-01 1.278179287910461426e+00
3.644177160000000026e-01 1.449096083641052246e+00
3.672482539999999962e-01 1.534964919090270996e+00
3.700788480000000158e-01 1.543556332588195801e+00
3.729094980000000059e-01 1.384889483451843262e+00
3.757402049999999938e-01 1.486278057098388672e+00
3.785709680000000077e-01 1.627974867820739746e+00
3.814017869999999921e-01 1.379898667335510254e+00
3.842326620000000026e-01 1.278836250305175781e+00
3.870635940000000108e-01 1.426682114601135254e+00
3.898945819999999896e-01 1.588835239410400391e+00
3.927256259999999943e-01 1.404276609420776367e+00
3.955567260000000251e-01 1.479508519172668457e+00
3.983878829999999982e-01 1.844550609588623047e+00
4.012190950000000256e-01 2.258777856826782227e+00
4.040503639999999952e-01 2.245840311050415039e+00
4.068816900000000181e-01 2.197230339050292969e+00
4.097130709999999842e-01 2.226938962936401367e+00
4.125445090000000037e-01 2.359789133071899414e+00
4.153760029999999936e-01 2.364250183105468750e+00
4.182075530000000096e-01 2.299899578094482422e+00
4.210391589999999962e-01 2.328114509582519531e+00
4.238708219999999804e-01 2.274499177932739258e+00
4.267025409999999908e-01 2.228008508682250977e+00
4.295343160000000271e-01 2.027924537658691406e+00
4.323661469999999785e-01 2.184628725051879883e+00
4.351980349999999831e-01 2.358677148818969727e+00
4.380299790000000137e-01 2.387217044830322266e+00
4.408619790000000149e-01 2.480890035629272461e+00
4.436940349999999866e-01 2.605782508850097656e+00
4.465261480000000116e-01 2.631186962127685547e+00
4.493583170000000071e-01 2.786086559295654297e+00
4.521905419999999731e-01 2.799887657165527344e+00
4.550228230000000207e-01 2.776468992233276367e+00
4.578551610000000105e-01 2.846705198287963867e+00
4.606875550000000263e-01 2.864427566528320312e+00
4.635200050000000127e-01 2.878038167953491211e+00
4.663525110000000251e-01 2.813596010208129883e+00
4.691850739999999798e-01 2.822606563568115234e+00
4.720176919999999887e-01 2.852987289428710938e+00
4.748503669999999954e-01 2.909404993057250977e+00
4.776830989999999999e-01 2.943312644958496094e+00
4.805158860000000032e-01 2.989080667495727539e+00
4.833487300000000042e-01 2.969151258468627930e+00
4.861816299999999758e-01 2.730115175247192383e+00
4.890145859999999733e-01 2.865212678909301758e+00
4.918475979999999970e-01 2.927603006362915039e+00
4.946806670000000183e-01 2.982575416564941406e+00
4.975137920000000102e-01 3.008200645446777344e+00
5.003469729999999727e-01 2.924595832824707031e+00
5.031802100000000166e-01 2.920734405517578125e+00
5.060135040000000028e-01 3.001625537872314453e+00
5.088468539999999596e-01 3.011966466903686523e+00
5.116802599999999979e-01 3.051189184188842773e+00
5.145137220000000067e-01 2.972836732864379883e+00
5.173472409999999577e-01 2.824685811996459961e+00
5.201808159999999903e-01 2.950025081634521484e+00
5.230144469999999934e-01 3.083247661590576172e+00
5.258481339999999671e-01 3.083824872970581055e+00
5.286818779999999940e-01 3.125969648361206055e+00
5.315156779999999914e-01 3.232858180999755859e+00
5.343495339999999594e-01 3.217844724655151367e+00
5.371834460000000089e-01 3.255780220031738281e+00
5.400174150000000006e-01 3.197272300720214844e+00
5.428514389999999912e-01 3.228274822235107422e+00
5.456855200000000350e-01 3.288331747055053711e+00
5.485196580000000210e-01 3.286129713058471680e+00
5.513538510000000059e-01 3.320848464965820312e+00
5.541881010000000440e-01 3.345983505249023438e+00
5.570224070000000527e-01 3.312783718109130859e+00
5.598567690000000319e-01 3.268507719039916992e+00
5.626911869999999816e-01 3.328266859054565430e+00
5.655256619999999845e-01 3.304727315902709961e+00
5.683601929999999580e-01 3.279363632202148438e+00
5.711947800000000131e-01 3.252253293991088867e+00
5.740294230000000386e-01 3.298382759094238281e+00
5.768641230000000064e-01 3.255109786987304688e+00
5.796988789999999447e-01 3.277387380599975586e+00
5.825336909999999646e-01 3.343918323516845703e+00
5.853685589999999550e-01 3.292420387268066406e+00
5.882034839999999987e-01 3.067606210708618164e+00
5.910384650000000129e-01 2.945650100708007812e+00
5.938735019999999976e-01 2.996662139892578125e+00
5.967085949999999528e-01 2.974778890609741211e+00
5.995437449999999613e-01 2.930456161499023438e+00
6.023789510000000513e-01 2.893389225006103516e+00
6.052142130000000009e-01 2.908596992492675781e+00
6.080495310000000320e-01 2.867531538009643555e+00
6.108849060000000053e-01 2.752577781677246094e+00
6.137203359999999774e-01 2.687709093093872070e+00
6.165558230000000028e-01 2.662861585617065430e+00
6.193913669999999705e-01 2.727146863937377930e+00
6.222269660000000480e-01 2.718592882156372070e+00
6.250626219999999567e-01 2.635549783706665039e+00
6.278983339999999469e-01 2.571128606796264648e+00
6.307341020000000187e-01 2.559103250503540039e+00
6.335699259999999500e-01 2.585944414138793945e+00
6.364058070000000455e-01 2.617963552474975586e+00
6.392417440000000006e-01 2.609852075576782227e+00
6.420777370000000372e-01 2.580473423004150391e+00
6.449137860000000444e-01 2.541641235351562500e+00
6.477498919999999938e-01 2.425213336944580078e+00
6.505860540000000247e-01 2.418439388275146484e+00
6.534222720000000262e-01 2.407789945602416992e+00
6.562585459999999982e-01 2.210809469223022461e+00
6.590948770000000234e-01 2.314832210540771484e+00
6.619312640000000192e-01 2.365227699279785156e+00
6.647677069999999855e-01 2.347171783447265625e+00
6.676042060000000333e-01 2.333308219909667969e+00
6.704407620000000234e-01 2.305734395980834961e+00
6.732773739999999840e-01 2.284433603286743164e+00
6.761140420000000262e-01 2.272076368331909180e+00
6.789507660000000389e-01 2.247125148773193359e+00
6.817875469999999938e-01 2.217164278030395508e+00
6.846243829999999475e-01 2.138679027557373047e+00
6.874612759999999545e-01 1.790114283561706543e+00
6.902982260000000148e-01 1.824801325798034668e+00
6.931352309999999628e-01 1.836746811866760254e+00
6.959722929999999641e-01 1.855772137641906738e+00
6.988094110000000470e-01 1.823673129081726074e+00
7.016465849999999893e-01 1.724744200706481934e+00
7.044838150000000132e-01 1.727666616439819336e+00
7.073211019999999793e-01 1.677229523658752441e+00
7.101584450000000270e-01 1.617346167564392090e+00
7.129958440000000452e-01 1.504707813262939453e+00
7.158332990000000340e-01 1.271417856216430664e+00
7.186708109999999650e-01 9.315024018287658691e-01
7.215083789999999775e-01 9.500713348388671875e-01
7.243460029999999605e-01 8.681686520576477051e-01
7.271836830000000251e-01 7.847402095794677734e-01
7.300214200000000320e-01 7.358751296997070312e-01
7.328592130000000093e-01 7.486927509307861328e-01
7.356970619999999572e-01 7.431344985961914062e-01
7.385349669999999866e-01 7.171282768249511719e-01
7.413729289999999583e-01 7.256668210029602051e-01
7.442109470000000115e-01 7.344770431518554688e-01
7.470490210000000353e-01 7.316092848777770996e-01
7.498871510000000296e-01 7.219809889793395996e-01
7.527253379999999661e-01 7.121890783309936523e-01
7.555635800000000124e-01 7.046077251434326172e-01
7.584018790000000010e-01 5.733911395072937012e-01
7.612402350000000428e-01 2.682964801788330078e-01
7.640786459999999725e-01 3.348573744297027588e-01
7.669171139999999554e-01 5.375111103057861328e-01
7.697556380000000198e-01 6.443313360214233398e-01
7.725942180000000548e-01 6.717389822006225586e-01
7.754328539999999492e-01 6.703683137893676758e-01
7.782715470000000080e-01 6.777726411819458008e-01
7.811102960000000373e-01 6.698064804077148438e-01
7.839491010000000371e-01 6.728895306587219238e-01
7.867879620000000074e-01 6.675618290901184082e-01
7.896268800000000310e-01 6.402866840362548828e-01
7.924658540000000251e-01 6.461905837059020996e-01
7.953048839999999897e-01 6.501559019088745117e-01
7.981439700000000359e-01 6.550983786582946777e-01
8.009831130000000243e-01 6.488389968872070312e-01
8.038223119999999833e-01 6.459373235702514648e-01
8.066615670000000238e-01 6.629364490509033203e-01
8.095008780000000348e-01 6.362578868865966797e-01
8.123402459999999881e-01 5.682143568992614746e-01
8.151796700000000229e-01 4.665391445159912109e-01
8.180191500000000282e-01 4.416410624980926514e-01
8.208586860000000041e-01 4.739897847175598145e-01
8.236982790000000332e-01 4.347784221172332764e-01
8.265379269999999501e-01 4.498160779476165771e-01
8.293776320000000313e-01 4.011602401733398438e-01
8.322173940000000547e-01 3.923240303993225098e-01
8.350572109999999659e-01 3.978822827339172363e-01
8.378970850000000414e-01 3.933608233928680420e-01
8.407370149999999764e-01 4.056763648986816406e-01
8.435770009999999930e-01 3.988085389137268066e-01
8.464170429999999801e-01 3.982578814029693604e-01
8.492571420000000204e-01 3.748238682746887207e-01
8.520972970000000313e-01 3.605097532272338867e-01
8.549375080000000127e-01 3.413580656051635742e-01
8.577777749999999646e-01 3.650662899017333984e-01
8.606180989999999698e-01 3.552221059799194336e-01
8.634584789999999455e-01 3.542057573795318604e-01
8.662989150000000027e-01 3.232481479644775391e-01
8.691394070000000305e-01 3.313615620136260986e-01
8.719799560000000005e-01 3.285989165306091309e-01
8.748205610000000521e-01 3.191432952880859375e-01
8.776612219999999631e-01 3.116997182369232178e-01
8.805019389999999557e-01 3.036596179008483887e-01
8.833427130000000016e-01 2.964922189712524414e-01
8.861835430000000180e-01 2.852322161197662354e-01
8.890244290000000049e-01 2.797794640064239502e-01
8.918653709999999624e-01 2.647807896137237549e-01
8.947063699999999731e-01 2.244717329740524292e-01
8.975474239999999826e-01 1.757436692714691162e-01
9.003885350000000454e-01 1.653430461883544922e-01
9.032297030000000504e-01 1.877930164337158203e-01
9.060709260000000542e-01 1.851062923669815063e-01
9.089122060000000003e-01 1.538173854351043701e-01
9.117535420000000279e-01 1.505765169858932495e-01
9.145949340000000261e-01 1.419742703437805176e-01
9.174363819999999947e-01 1.407810598611831665e-01
9.202778870000000166e-01 1.627743393182754517e-01
9.231194480000000091e-01 1.519580930471420288e-01
9.259610649999999721e-01 1.368434876203536987e-01
9.288027380000000166e-01 9.982843697071075439e-02
9.316444680000000034e-01 5.257146060466766357e-02
9.344862539999999607e-01 3.237700089812278748e-02
9.373280959999999995e-01 3.316275402903556824e-02
9.401699940000000089e-01 5.326898023486137390e-02
9.430119489999999605e-01 4.929903522133827209e-02
9.458539599999999936e-01 4.444097727537155151e-02
9.486960269999999973e-01 4.257206991314888000e-02
9.515381499999999715e-01 4.757739603519439697e-02
9.543803299999999989e-01 4.680913314223289490e-02
9.572225659999999969e-01 5.399714037775993347e-02
9.600648579999999654e-01 5.417448282241821289e-02
9.629072060000000155e-01 5.970880761742591858e-02
9.657496110000000078e-01 7.140281051397323608e-02
9.685920709999999989e-01 9.543975442647933960e-02
9.714345880000000433e-01 9.747596830129623413e-02
9.742771620000000299e-01 8.444102108478546143e-02
9.771197910000000153e-01 8.736129850149154663e-02
9.799624770000000540e-01 9.610116481781005859e-02
9.828052189999999522e-01 9.858479350805282593e-02
9.856480170000000429e-01 1.098281219601631165e-01
9.884908709999999932e-01 1.120015159249305725e-01
9.913337819999999967e-01 1.100959628820419312e-01
9.941767489999999707e-01 1.170586422085762024e-01
9.970197720000000263e-01 1.146131828427314758e-01
9.998628510000000524e-01 1.156050562858581543e-01
1.002705986999999910e+00 1.129987761378288269e-01
1.005549178999999960e+00 1.133475750684738159e-01
1.008392426999999980e+00 1.164748370647430420e-01
1.011235730999999971e+00 1.170857548713684082e-01
1.014079092000000015e+00 1.179758906364440918e-01
1.016922509000000030e+00 1.221513301134109497e-01
1.019765982000000015e+00 1.179827526211738586e-01
1.022609510999999971e+00 1.173348426818847656e-01
1.025453096999999980e+00 1.177725940942764282e-01
1.028296738999999960e+00 1.181681379675865173e-01
1.031140436999999910e+00 1.207245215773582458e-01
1.033984191000000052e+00 1.155813708901405334e-01
1.036828002000000026e+00 1.151607334613800049e-01
1.039671868000000110e+00 1.250970065593719482e-01
1.042515791000000025e+00 1.128400489687919617e-01
1.045359770999999993e+00 1.154472380876541138e-01
