3.615872339999999796e-01 1.325734615325927734e+00
3.644177160000000026e-01 1.470148921012878418e+00
3.672482539999999962e-01 1.586888432502746582e+00
3.700788480000000158e-01 1.587419271469116211e+00
3.729094980000000059e-01 1.399145364761352539e+00
3.757402049999999938e-01 1.530074596405029297e+00
3.785709680000000077e-01 1.676855564117431641e+00
3.814017869999999921e-01 1.417311906814575195e+00
3.842326620000000026e-01 1.277139186859130859e+00
3.870635940000000108e-01 1.438838601112365723e+00
3.898945819999999896e-01 1.588437080383300781e+00
3.927256259999999943e-01 1.396936058998107910e+00
3.955567260000000251e-01 1.458155870437622070e+00
3.983878829999999982e-01 1.823018431663513184e+00
4.012190950000000256e-01 2.298726558685302734e+00
4.040503639999999952e-01 2.268039226531982422e+00
4.068816900000000181e-01 2.231699466705322266e+00
4.097130709999999842e-01 2.289190769195556641e+00
4.125445090000000037e-01 2.372045993804931641e+00
4.153760029999999936e-01 2.397367000579833984e+00
4.182075530000000096e-01 2.335444450378417969e+00
4.210391589999999962e-01 2.342489242553710938e+00
4.238708219999999804e-01 2.296136140823364258e+00
4.267025409999999908e-01 2.247784614562988281e+00
4.295343160000000271e-01 2.059515237808227539e+00
4.323661469999999785e-01 2.188480615615844727e+00
4.351980349999999831e-01 2.391475915908813477e+00
4.380299790000000137e-01 2.419070243835449219e+00
4.408619790000000149e-01 2.488025665283203125e+00
4.436940349999999866e-01 2.637301206588745117e+00
4.465261480000000116e-01 2.675972461700439453e+00
4.493583170000000071e-01 2.837263822555541992e+00
4.521905419999999731e-01 2.845306396484375000e+00
4.550228230000000207e-01 2.813984155654907227e+00
4.578551610000000105e-01 2.882410049438476562e+00
4.606875550000000263e-01 2.895565032958984375e+00
4.635200050000000127e-01 2.930115938186645508e+00
4.663525110000000251e-01 2.870057821273803711e+00
4.691850739999999798e-01 2.866001605987548828e+00
4.720176919999999887e-01 2.903047084808349609e+00
4.748503669999999954e-01 2.958338022232055664e+00
4.776830989999999999e-01 2.992084264755249023e+00
4.805158860000000032e-01 3.054121732711791992e+00
4.833487300000000042e-01 3.024720907211303711e+00
4.861816299999999758e-01 2.784150600433349609e+00
4.890145859999999733e-01 2.913863182067871094e+00
4.918475979999999970e-01 2.991572856903076172e+00
4.946806670000000183e-01 3.047310590744018555e+00
4.975137920000000102e-01 3.063379287719726562e+00
5.003469729999999727e-01 2.979352235794067383e+00
5.031802100000000166e-01 2.977988481521606445e+00
5.060135040000000028e-01 3.060599803924560547e+00
5.088468539999999596e-01 3.081651449203491211e+00
5.116802599999999979e-01 3.124206542968750000e+00
5.145137220000000067e-01 3.046987771987915039e+00
5.173472409999999577e-01 2.895324468612670898e+00
5.201808159999999903e-01 3.018954992294311523e+00
5.230144469999999934e-01 3.165876626968383789e+00
5.258481339999999671e-01 3.155679941177368164e+00
5.286818779999999940e-01 3.200533390045166016e+00
5.315156779999999914e-01 3.312695741653442383e+00
5.343495339999999594e-01 3.314266920089721680e+00
5.371834460000000089e-01 3.350087642669677734e+00
5.400174150000000006e-01 3.291271209716796875e+00
5.428514389999999912e-01 3.306992292404174805e+00
5.456855200000000350e-01 3.375840425491333008e+00
5.485196580000000210e-01 3.391361951828002930e+00
5.513538510000000059e-01 3.405948638916015625e+00
5.541881010000000440e-01 3.450359106063842773e+00
5.570224070000000527e-01 3.410324811935424805e+00
5.598567690000000319e-01 3.366550207138061523e+00
5.626911869999999816e-01 3.422459363937377930e+00
5.655256619999999845e-01 3.407298564910888672e+00
5.683601929999999580e-01 3.380032062530517578e+00
5.711947800000000131e-01 3.344854116439819336e+00
5.740294230000000386e-01 3.396371603012084961e+00
5.768641230000000064e-01 3.368348836898803711e+00
5.796988789999999447e-01 3.380702733993530273e+00
5.825336909999999646e-01 3.458922863006591797e+00
5.853685589999999550e-01 3.415010213851928711e+00
5.882034839999999987e-01 3.193774700164794922e+00
5.910384650000000129e-01 3.060588121414184570e+00
5.938735019999999976e-01 3.122272014617919922e+00
5.967085949999999528e-01 3.106606721878051758e+00
5.995437449999999613e-01 3.067811489105224609e+00
6.023789510000000513e-01 3.050186157226562500e+00
6.052142130000000009e-01 3.057484149932861328e+00
6.080495310000000320e-01 3.004254102706909180e+00
6.108849060000000053e-01 2.922611713409423828e+00
6.137203359999999774e-01 2.844496965408325195e+00
6.165558230000000028e-01 2.820976495742797852e+00
6.193913669999999705e-01 2.879233360290527344e+00
6.222269660000000480e-01 2.876322507858276367e+00
6.250626219999999567e-01 2.807897329330444336e+00
6.278983339999999469e-01 2.732193946838378906e+00
6.307341020000000187e-01 2.710486888885498047e+00
6.335699259999999500e-01 2.747342586517333984e+00
6.364058070000000455e-01 2.777398347854614258e+00
6.392417440000000006e-01 2.781724929809570312e+00
6.420777370000000372e-01 2.755258798599243164e+00
6.449137860000000444e-01 2.716436624526977539e+00
6.477498919999999938e-01 2.603455781936645508e+00
6.505860540000000247e-01 2.584535360336303711e+00
6.534222720000000262e-01 2.582035064697265625e+00
6.562585459999999982e-01 2.372660875320434570e+00
6.590948770000000234e-01 2.488086700439453125e+00
6.619312640000000192e-01 2.546289682388305664e+00
6.647677069999999855e-01 2.529627323150634766e+00
6.676042060000000333e-01 2.510877847671508789e+00
6.704407620000000234e-01 2.475642442703247070e+00
6.732773739999999840e-01 2.457373380661010742e+00
6.761140420000000262e-01 2.441867351531982422e+00
6.789507660000000389e-01 2.425277709960937500e+00
6.817875469999999938e-01 2.407026767730712891e+00
6.846243829999999475e-01 2.314062118530273438e+00
6.874612759999999545e-01 1.944188117980957031e+00
6.902982260000000148e-01 1.970194816589355469e+00
6.931352309999999628e-01 2.007549047470092773e+00
6.959722929999999641e-01 2.024660587310791016e+00
6.988094110000000470e-01 2.003497362136840820e+00
7.016465849999999893e-01 1.896934151649475098e+00
7.044838150000000132e-01 1.908856034278869629e+00
7.073211019999999793e-01 1.861506223678588867e+00
7.101584450000000270e-01 1.804974794387817383e+00
7.129958440000000452e-01 1.707715034484863281e+00
7.158332990000000340e-01 1.451835870742797852e+00
7.186708109999999650e-01 1.053418993949890137e+00
7.215083789999999775e-01 1.083427071571350098e+00
7.243460029999999605e-01 9.912329316139221191e-01
7.271836830000000251e-01 9.038528203964233398e-01
7.300214200000000320e-01 8.495426774024963379e-01
7.328592130000000093e-01 8.673642873764038086e-01
7.356970619999999572e-01 8.616924881935119629e-01
7.385349669999999866e-01 8.446335792541503906e-01
7.413729289999999583e-01 8.429862260818481445e-01
7.442109470000000115e-01 8.513133525848388672e-01
7.470490210000000353e-01 8.541883230209350586e-01
7.498871510000000296e-01 8.420715928077697754e-01
7.527253379999999661e-01 8.322947621345520020e-01
7.555635800000000124e-01 8.307393193244934082e-01
7.584018790000000010e-01 6.823517680168151855e-01
7.612402350000000428e-01 3.224908113479614258e-01
7.640786459999999725e-01 3.881150484085083008e-01
7.669171139999999554e-01 6.218721866607666016e-01
7.697556380000000198e-01 7.575207948684692383e-01
7.725942180000000548e-01 7.873873114585876465e-01
7.754328539999999492e-01 7.934768795967102051e-01
7.782715470000000080e-01 7.933019399642944336e-01
7.811102960000000373e-01 7.912135124206542969e-01
7.839491010000000371e-01 7.950136661529541016e-01
7.867879620000000074e-01 7.860938906669616699e-01
7.896268800000000310e-01 7.605393528938293457e-01
7.924658540000000251e-01 7.670888304710388184e-01
7.953048839999999897e-01 7.745029330253601074e-01
7.981439700000000359e-01 7.818078398704528809e-01
8.009831130000000243e-01 7.731009721755981445e-01
8.038223119999999833e-01 7.780043482780456543e-01
8.066615670000000238e-01 7.925453186035156250e-01
8.095008780000000348e-01 7.642694115638732910e-01
8.123402459999999881e-01 6.771168708801269531e-01
8.151796700000000229e-01 5.618631839752197266e-01
8.180191500000000282e-01 5.336608886718750000e-01
8.208586860000000041e-01 5.621625781059265137e-01
8.236982790000000332e-01 5.214662551879882812e-01
8.265379269999999501e-01 5.394372940063476562e-01
8.293776320000000313e-01 4.833474159240722656e-01
8.322173940000000547e-01 4.620299339294433594e-01
8.350572109999999659e-01 4.689553081989288330e-01
8.378970850000000414e-01 4.782558977603912354e-01
8.407370149999999764e-01 4.834668636322021484e-01
8.435770009999999930e-01 4.722974002361297607e-01
8.464170429999999801e-01 4.734514951705932617e-01
8.492571420000000204e-01 4.484739303588867188e-01
8.520972970000000313e-01 4.321223497390747070e-01
8.549375080000000127e-01 4.080324769020080566e-01
8.577777749999999646e-01 4.312610328197479248e-01
8.606180989999999698e-01 4.253382980823516846e-01
8.634584789999999455e-01 4.220876991748809814e-01
8.662989150000000027e-01 3.809026181697845459e-01
8.691394070000000305e-01 3.953256905078887939e-01
8.719799560000000005e-01 3.919547796249389648e-01
8.748205610000000521e-01 3.810844123363494873e-01
8.776612219999999631e-01 3.731690645217895508e-01
8.805019389999999557e-01 3.637742996215820312e-01
8.833427130000000016e-01 3.547602295875549316e-01
8.861835430000000180e-01 3.399583399295806885e-01
8.890244290000000049e-01 3.350138366222381592e-01
8.918653709999999624e-01 3.161947727203369141e-01
8.947063699999999731e-01 2.664764225482940674e-01
8.975474239999999826e-01 2.150069773197174072e-01
9.003885350000000454e-01 1.930960267782211304e-01
9.032297030000000504e-01 2.238529920578002930e-01
9.060709260000000542e-01 2.209888845682144165e-01
9.089122060000000003e-01 1.802485734224319458e-01
9.117535420000000279e-01 1.789765805006027222e-01
9.145949340000000261e-01 1.634093672037124634e-01
9.174363819999999947e-01 1.680271029472351074e-01
9.202778870000000166e-01 1.905518770217895508e-01
9.231194480000000091e-01 1.775786727666854858e-01
9.259610649999999721e-01 1.623123586177825928e-01
9.288027380000000166e-01 1.209075823426246643e-01
9.316444680000000034e-01 6.243457645177841187e-02
9.344862539999999607e-01 3.895596042275428772e-02
9.373280959999999995e-01 4.750503972172737122e-02
9.401699940000000089e-01 6.737271696329116821e-02
9.430119489999999605e-01 5.849592015147209167e-02
9.458539599999999936e-01 5.017638951539993286e-02
9.486960269999999973e-01 5.834268406033515930e-02
9.515381499999999715e-01 5.633368715643882751e-02
9.543803299999999989e-01 5.562916025519371033e-02
9.572225659999999969e-01 6.437913328409194946e-02
9.600648579999999654e-01 6.238006055355072021e-02
9.629072060000000155e-01 7.214633375406265259e-02
9.657496110000000078e-01 7.840418070554733276e-02
9.685920709999999989e-01 1.033612042665481567e-01
9.714345880000000433e-01 1.088615655899047852e-01
9.742771620000000299e-01 9.575472772121429443e-02
9.771197910000000153e-01 1.053128987550735474e-01
9.799624770000000540e-01 1.081909760832786560e-01
9.828052189999999522e-01 1.172444745898246765e-01
9.856480170000000429e-01 1.258473396301269531e-01
9.884908709999999932e-01 1.304019540548324585e-01
9.913337819999999967e-01 1.348051577806472778e-01
9.941767489999999707e-01 1.323621422052383423e-01
9.970197720000000263e-01 1.303699463605880737e-01
9.998628510000000524e-01 1.348088085651397705e-01
1.002705986999999910e+00 1.297782361507415771e-01
1.005549178999999960e+00 1.341872066259384155e-01
1.008392426999999980e+00 1.320767998695373535e-01
1.011235730999999971e+00 1.401623487472534180e-01
1.014079092000000015e+00 1.376682519912719727e-01
1.016922509000000030e+00 1.302145272493362427e-01
1.019765982000000015e+00 1.343851536512374878e-01
1.022609510999999971e+00 1.401680856943130493e-01
1.025453096999999980e+00 1.375237107276916504e-01
1.028296738999999960e+00 1.424707174301147461e-01
1.031140436999999910e+00 1.410506218671798706e-01
1.033984191000000052e+00 1.288675069808959961e-01
1.036828002000000026e+00 1.486835628747940063e-01
1.039671868000000110e+00 1.467878073453903198e-01
1.042515791000000025e+00 1.466450989246368408e-01
1.045359770999999993e+00 1.449281126260757446e-01
