3.615872339999999796e-01 1.307514667510986328e+00
3.644177160000000026e-01 1.492346286773681641e+00
3.672482539999999962e-01 1.576055049896240234e+00
3.700788480000000158e-01 1.552813649177551270e+00
3.729094980000000059e-01 1.412647247314453125e+00
3.757402049999999938e-01 1.517441868782043457e+00
3.785709680000000077e-01 1.615890502929687500e+00
3.814017869999999921e-01 1.429292917251586914e+00
3.842326620000000026e-01 1.297822833061218262e+00
3.870635940000000108e-01 1.427392005920410156e+00
3.898945819999999896e-01 1.630339741706848145e+00
3.927256259999999943e-01 1.407415151596069336e+00
3.955567260000000251e-01 1.469836354255676270e+00
3.983878829999999982e-01 1.843745827674865723e+00
4.012190950000000256e-01 2.294442176818847656e+00
4.040503639999999952e-01 2.266773700714111328e+00
4.068816900000000181e-01 2.246284008026123047e+00
4.097130709999999842e-01 2.279865741729736328e+00
4.125445090000000037e-01 2.370082855224609375e+00
4.153760029999999936e-01 2.377794742584228516e+00
4.182075530000000096e-01 2.329096794128417969e+00
4.210391589999999962e-01 2.359040260314941406e+00
4.238708219999999804e-01 2.310971736907958984e+00
4.267025409999999908e-01 2.274105787277221680e+00
4.295343160000000271e-01 2.062053680419921875e+00
4.323661469999999785e-01 2.192192077636718750e+00
4.351980349999999831e-01 2.392807960510253906e+00
4.380299790000000137e-01 2.442086935043334961e+00
4.408619790000000149e-01 2.491257429122924805e+00
4.436940349999999866e-01 2.668574094772338867e+00
4.465261480000000116e-01 2.679590702056884766e+00
4.493583170000000071e-01 2.836366653442382812e+00
4.521905419999999731e-01 2.839388847351074219e+00
4.550228230000000207e-01 2.820291280746459961e+00
4.578551610000000105e-01 2.887501716613769531e+00
4.606875550000000263e-01 2.907416343688964844e+00
4.635200050000000127e-01 2.937911510467529297e+00
4.663525110000000251e-01 2.874625682830810547e+00
4.691850739999999798e-01 2.877949237823486328e+00
4.720176919999999887e-01 2.920988559722900391e+00
4.748503669999999954e-01 2.963620424270629883e+00
4.776830989999999999e-01 2.985436677932739258e+00
4.805158860000000032e-01 3.042196989059448242e+00
4.833487300000000042e-01 3.040326595306396484e+00
4.861816299999999758e-01 2.791905164718627930e+00
4.890145859999999733e-01 2.913768053054809570e+00
4.918475979999999970e-01 2.993941545486450195e+00
4.946806670000000183e-01 3.056296348571777344e+00
4.975137920000000102e-01 3.078946828842163086e+00
5.003469729999999727e-01 2.996428489685058594e+00
5.031802100000000166e-01 2.982991456985473633e+00
5.060135040000000028e-01 3.071258306503295898e+00
5.088468539999999596e-01 3.087450742721557617e+00
5.116802599999999979e-01 3.115643501281738281e+00
5.145137220000000067e-01 3.052789449691772461e+00
5.173472409999999577e-01 2.897321224212646484e+00
5.201808159999999903e-01 3.016059398651123047e+00
5.230144469999999934e-01 3.169551372528076172e+00
5.258481339999999671e-01 3.164788246154785156e+00
5.286818779999999940e-01 3.205738306045532227e+00
5.315156779999999914e-01 3.312016487121582031e+00
5.343495339999999594e-01 3.298589706420898438e+00
5.371834460000000089e-01 3.347911357879638672e+00
5.400174150000000006e-01 3.284462928771972656e+00
5.428514389999999912e-01 3.306199073791503906e+00
5.456855200000000350e-01 3.373773813247680664e+00
5.485196580000000210e-01 3.375474929809570312e+00
5.513538510000000059e-01 3.428531408309936523e+00
5.541881010000000440e-01 3.440579414367675781e+00
5.570224070000000527e-01 3.421729803085327148e+00
5.598567690000000319e-01 3.364055633544921875e+00
5.626911869999999816e-01 3.421393394470214844e+00
5.655256619999999845e-01 3.419372320175170898e+00
5.683601929999999580e-01 3.388101816177368164e+00
5.711947800000000131e-01 3.344647884368896484e+00
5.740294230000000386e-01 3.394975185394287109e+00
5.768641230000000064e-01 3.367383003234863281e+00
5.796988789999999447e-01 3.386538267135620117e+00
5.825336909999999646e-01 3.460486173629760742e+00
5.853685589999999550e-01 3.419180154800415039e+00
5.882034839999999987e-01 3.195167303085327148e+00
5.910384650000000129e-01 3.067604541778564453e+00
5.938735019999999976e-01 3.121566057205200195e+00
5.967085949999999528e-01 3.110110044479370117e+00
5.995437449999999613e-01 3.079352855682373047e+00
6.023789510000000513e-01 3.047759532928466797e+00
6.052142130000000009e-01 3.056234598159790039e+00
6.080495310000000320e-01 3.016146898269653320e+00
6.108849060000000053e-01 2.921377182006835938e+00
6.137203359999999774e-01 2.847402095794677734e+00
6.165558230000000028e-01 2.823507308959960938e+00
6.193913669999999705e-01 2.897690296173095703e+00
6.222269660000000480e-01 2.888393878936767578e+00
6.250626219999999567e-01 2.815387964248657227e+00
6.278983339999999469e-01 2.747084617614746094e+00
6.307341020000000187e-01 2.724925994873046875e+00
6.335699259999999500e-01 2.760624408721923828e+00
6.364058070000000455e-01 2.786778688430786133e+00
6.392417440000000006e-01 2.798137664794921875e+00
6.420777370000000372e-01 2.757426977157592773e+00
6.449137860000000444e-01 2.725269556045532227e+00
6.477498919999999938e-01 2.605880975723266602e+00
6.505860540000000247e-01 2.593949556350708008e+00
6.534222720000000262e-01 2.590717077255249023e+00
6.562585459999999982e-01 2.387670755386352539e+00
6.590948770000000234e-01 2.496760129928588867e+00
6.619312640000000192e-01 2.565006732940673828e+00
6.647677069999999855e-01 2.540302276611328125e+00
6.676042060000000333e-01 2.526394128799438477e+00
6.704407620000000234e-01 2.497984409332275391e+00
6.732773739999999840e-01 2.481413125991821289e+00
6.761140420000000262e-01 2.462190628051757812e+00
6.789507660000000389e-01 2.439202785491943359e+00
6.817875469999999938e-01 2.417217016220092773e+00
6.846243829999999475e-01 2.331699371337890625e+00
6.874612759999999545e-01 1.956210136413574219e+00
6.902982260000000148e-01 1.985486984252929688e+00
6.931352309999999628e-01 2.019781589508056641e+00
6.959722929999999641e-01 2.045081615447998047e+00
6.988094110000000470e-01 2.016920328140258789e+00
7.016465849999999893e-01 1.912508487701416016e+00
7.044838150000000132e-01 1.914555668830871582e+00
7.073211019999999793e-01 1.872600674629211426e+00
7.101584450000000270e-01 1.811101555824279785e+00
7.129958440000000452e-01 1.712508559226989746e+00
7.158332990000000340e-01 1.445915222167968750e+00
7.186708109999999650e-01 1.055419445037841797e+00
7.215083789999999775e-01 1.090795278549194336e+00
7.243460029999999605e-01 9.984433054924011230e-01
7.271836830000000251e-01 9.043489694595336914e-01
7.300214200000000320e-01 8.479110002517700195e-01
7.328592130000000093e-01 8.626768589019775391e-01
7.356970619999999572e-01 8.602868318557739258e-01
7.385349669999999866e-01 8.350843787193298340e-01
7.413729289999999583e-01 8.333849906921386719e-01
7.442109470000000115e-01 8.481234908103942871e-01
7.470490210000000353e-01 8.470868468284606934e-01
7.498871510000000296e-01 8.387724161148071289e-01
7.527253379999999661e-01 8.254979252815246582e-01
7.555635800000000124e-01 8.118361830711364746e-01
7.584018790000000010e-01 6.679437160491943359e-01
7.612402350000000428e-01 3.117935657501220703e-01
7.640786459999999725e-01 3.815098404884338379e-01
7.669171139999999554e-01 6.168183684349060059e-01
7.697556380000000198e-01 7.595289349555969238e-01
7.725942180000000548e-01 7.783480882644653320e-01
7.754328539999999492e-01 7.794713377952575684e-01
7.782715470000000080e-01 7.800464034080505371e-01
7.811102960000000373e-01 7.888567447662353516e-01
7.839491010000000371e-01 7.902982234954833984e-01
7.867879620000000074e-01 7.843154668807983398e-01
7.896268800000000310e-01 7.546174526214599609e-01
7.924658540000000251e-01 7.573496103286743164e-01
7.953048839999999897e-01 7.618560194969177246e-01
7.981439700000000359e-01 7.753471136093139648e-01
8.009831130000000243e-01 7.735164165496826172e-01
8.038223119999999833e-01 7.732547521591186523e-01
8.066615670000000238e-01 7.827162742614746094e-01
8.095008780000000348e-01 7.522637248039245605e-01
8.123402459999999881e-01 6.697367429733276367e-01
8.151796700000000229e-01 5.506082773208618164e-01
8.180191500000000282e-01 5.246614217758178711e-01
8.208586860000000041e-01 5.596784949302673340e-01
8.236982790000000332e-01 5.114060044288635254e-01
8.265379269999999501e-01 5.281082987785339355e-01
8.293776320000000313e-01 4.694169461727142334e-01
8.322173940000000547e-01 4.539819955825805664e-01
8.350572109999999659e-01 4.614690840244293213e-01
8.378970850000000414e-01 4.690371453762054443e-01
8.407370149999999764e-01 4.698445498943328857e-01
8.435770009999999930e-01 4.655387699604034424e-01
8.464170429999999801e-01 4.606107771396636963e-01
8.492571420000000204e-01 4.397420585155487061e-01
8.520972970000000313e-01 4.226447939872741699e-01
8.549375080000000127e-01 4.002999365329742432e-01
8.577777749999999646e-01 4.236722290515899658e-01
8.606180989999999698e-01 4.186177849769592285e-01
8.634584789999999455e-01 4.042410850524902344e-01
8.662989150000000027e-01 3.734182715415954590e-01
8.691394070000000305e-01 3.842523097991943359e-01
8.719799560000000005e-01 3.813723623752593994e-01
8.748205610000000521e-01 3.711289763450622559e-01
8.776612219999999631e-01 3.611353635787963867e-01
8.805019389999999557e-01 3.457671701908111572e-01
8.833427130000000016e-01 3.443612754344940186e-01
8.861835430000000180e-01 3.281515836715698242e-01
8.890244290000000049e-01 3.174389600753784180e-01
8.918653709999999624e-01 3.046180903911590576e-01
8.947063699999999731e-01 2.564325034618377686e-01
8.975474239999999826e-01 2.032587975263595581e-01
9.003885350000000454e-01 1.857129782438278198e-01
9.032297030000000504e-01 2.144189476966857910e-01
9.060709260000000542e-01 2.123646736145019531e-01
9.089122060000000003e-01 1.706341207027435303e-01
9.117535420000000279e-01 1.678977459669113159e-01
9.145949340000000261e-01 1.559883952140808105e-01
9.174363819999999947e-01 1.587855517864227295e-01
9.202778870000000166e-01 1.815316379070281982e-01
9.231194480000000091e-01 1.700498461723327637e-01
9.259610649999999721e-01 1.554740667343139648e-01
9.288027380000000166e-01 1.119165346026420593e-01
9.316444680000000034e-01 6.115916743874549866e-02
9.344862539999999607e-01 3.715793043375015259e-02
9.373280959999999995e-01 4.474641755223274231e-02
9.401699940000000089e-01 5.919219553470611572e-02
9.430119489999999605e-01 5.471270903944969177e-02
9.458539599999999936e-01 4.599297419190406799e-02
9.486960269999999973e-01 5.100792646408081055e-02
9.515381499999999715e-01 4.980676993727684021e-02
9.543803299999999989e-01 5.512723326683044434e-02
9.572225659999999969e-01 5.148754641413688660e-02
9.600648579999999654e-01 5.974349379539489746e-02
9.629072060000000155e-01 6.867492944002151489e-02
9.657496110000000078e-01 7.170753180980682373e-02
9.685920709999999989e-01 9.355791658163070679e-02
9.714345880000000433e-01 1.026104092597961426e-01
9.742771620000000299e-01 9.082188457250595093e-02
9.771197910000000153e-01 9.297323971986770630e-02
9.799624770000000540e-01 1.000443696975708008e-01
9.828052189999999522e-01 1.053102612495422363e-01
9.856480170000000429e-01 1.166854426264762878e-01
9.884908709999999932e-01 1.233773231506347656e-01
9.913337819999999967e-01 1.247488260269165039e-01
9.941767489999999707e-01 1.233037114143371582e-01
9.970197720000000263e-01 1.207812950015068054e-01
9.998628510000000524e-01 1.240342408418655396e-01
1.002705986999999910e+00 1.198795586824417114e-01
1.005549178999999960e+00 1.219144240021705627e-01
1.008392426999999980e+00 1.214000359177589417e-01
1.011235730999999971e+00 1.181424632668495178e-01
1.014079092000000015e+00 1.211343929171562195e-01
1.016922509000000030e+00 1.164831370115280151e-01
1.019765982000000015e+00 1.231764480471611023e-01
1.022609510999999971e+00 1.255767345428466797e-01
1.025453096999999980e+00 1.203617453575134277e-01
1.028296738999999960e+00 1.267418861389160156e-01
1.031140436999999910e+00 1.266288608312606812e-01
1.033984191000000052e+00 1.275645941495895386e-01
1.036828002000000026e+00 1.323396265506744385e-01
1.039671868000000110e+00 1.340900212526321411e-01
1.042515791000000025e+00 1.410438716411590576e-01
1.045359770999999993e+00 1.299062669277191162e-01
