3.615872339999999796e-01 1.330547928810119629e+00
3.644177160000000026e-01 1.486737728118896484e+00
3.672482539999999962e-01 1.586306691169738770e+00
3.700788480000000158e-01 1.556604981422424316e+00
3.729094980000000059e-01 1.422981500625610352e+00
3.757402049999999938e-01 1.520419597625732422e+00
3.785709680000000077e-01 1.648444056510925293e+00
3.814017869999999921e-01 1.413082718849182129e+00
3.842326620000000026e-01 1.304096698760986328e+00
3.870635940000000108e-01 1.417166352272033691e+00
3.898945819999999896e-01 1.591548323631286621e+00
3.927256259999999943e-01 1.412619829177856445e+00
3.955567260000000251e-01 1.457355618476867676e+00
3.983878829999999982e-01 1.830843567848205566e+00
4.012190950000000256e-01 2.284947872161865234e+00
4.040503639999999952e-01 2.246865510940551758e+00
4.068816900000000181e-01 2.223437547683715820e+00
4.097130709999999842e-01 2.279548168182373047e+00
4.125445090000000037e-01 2.373437166213989258e+00
4.153760029999999936e-01 2.372476577758789062e+00
4.182075530000000096e-01 2.336031675338745117e+00
4.210391589999999962e-01 2.322016954421997070e+00
4.238708219999999804e-01 2.284170389175415039e+00
4.267025409999999908e-01 2.266301393508911133e+00
4.295343160000000271e-01 2.054683923721313477e+00
4.323661469999999785e-01 2.191724061965942383e+00
4.351980349999999831e-01 2.380284547805786133e+00
4.380299790000000137e-01 2.411976814270019531e+00
4.408619790000000149e-01 2.474194526672363281e+00
4.436940349999999866e-01 2.655942201614379883e+00
4.465261480000000116e-01 2.642220973968505859e+00
4.493583170000000071e-01 2.814174890518188477e+00
4.521905419999999731e-01 2.828904867172241211e+00
4.550228230000000207e-01 2.810988664627075195e+00
4.578551610000000105e-01 2.862796783447265625e+00
4.606875550000000263e-01 2.894610404968261719e+00
4.635200050000000127e-01 2.917416810989379883e+00
4.663525110000000251e-01 2.870691061019897461e+00
4.691850739999999798e-01 2.862274408340454102e+00
4.720176919999999887e-01 2.910334825515747070e+00
4.748503669999999954e-01 2.938283443450927734e+00
4.776830989999999999e-01 2.979783058166503906e+00
4.805158860000000032e-01 3.036295652389526367e+00
4.833487300000000042e-01 3.016886472702026367e+00
4.861816299999999758e-01 2.778562545776367188e+00
4.890145859999999733e-01 2.892178773880004883e+00
4.918475979999999970e-01 2.972846746444702148e+00
4.946806670000000183e-01 3.048057794570922852e+00
4.975137920000000102e-01 3.060360670089721680e+00
5.003469729999999727e-01 2.990779638290405273e+00
5.031802100000000166e-01 2.956898689270019531e+00
5.060135040000000028e-01 3.058647632598876953e+00
5.088468539999999596e-01 3.077355623245239258e+00
5.116802599999999979e-01 3.109322786331176758e+00
5.145137220000000067e-01 3.048036813735961914e+00
5.173472409999999577e-01 2.873978376388549805e+00
5.201808159999999903e-01 3.013287782669067383e+00
5.230144469999999934e-01 3.153262138366699219e+00
5.258481339999999671e-01 3.149440288543701172e+00
5.286818779999999940e-01 3.190837383270263672e+00
5.315156779999999914e-01 3.297547578811645508e+00
5.343495339999999594e-01 3.288398504257202148e+00
5.371834460000000089e-01 3.333760023117065430e+00
5.400174150000000006e-01 3.279682874679565430e+00
5.428514389999999912e-01 3.301604032516479492e+00
5.456855200000000350e-01 3.365771293640136719e+00
5.485196580000000210e-01 3.371408700942993164e+00
5.513538510000000059e-01 3.403850793838500977e+00
5.541881010000000440e-01 3.425974845886230469e+00
5.570224070000000527e-01 3.395238161087036133e+00
5.598567690000000319e-01 3.349236965179443359e+00
5.626911869999999816e-01 3.400538206100463867e+00
5.655256619999999845e-01 3.386836290359497070e+00
5.683601929999999580e-01 3.369143486022949219e+00
5.711947800000000131e-01 3.338518857955932617e+00
5.740294230000000386e-01 3.391700744628906250e+00
5.768641230000000064e-01 3.353312492370605469e+00
5.796988789999999447e-01 3.368850708007812500e+00
5.825336909999999646e-01 3.442234754562377930e+00
5.853685589999999550e-01 3.406673669815063477e+00
5.882034839999999987e-01 3.180308818817138672e+00
5.910384650000000129e-01 3.045877933502197266e+00
5.938735019999999976e-01 3.094394445419311523e+00
5.967085949999999528e-01 3.093370199203491211e+00
5.995437449999999613e-01 3.059987306594848633e+00
6.023789510000000513e-01 3.023977756500244141e+00
6.052142130000000009e-01 3.034849405288696289e+00
6.080495310000000320e-01 2.990326404571533203e+00
6.108849060000000053e-01 2.893246650695800781e+00
6.137203359999999774e-01 2.803307771682739258e+00
6.165558230000000028e-01 2.791892766952514648e+00
6.193913669999999705e-01 2.862443208694458008e+00
6.222269660000000480e-01 2.846560239791870117e+00
6.250626219999999567e-01 2.776871919631958008e+00
6.278983339999999469e-01 2.710881471633911133e+00
6.307341020000000187e-01 2.692951917648315430e+00
6.335699259999999500e-01 2.725458145141601562e+00
6.364058070000000455e-01 2.763171434402465820e+00
6.392417440000000006e-01 2.763991355895996094e+00
6.420777370000000372e-01 2.732184410095214844e+00
6.449137860000000444e-01 2.690412044525146484e+00
6.477498919999999938e-01 2.581693649291992188e+00
6.505860540000000247e-01 2.562479019165039062e+00
6.534222720000000262e-01 2.563093900680541992e+00
6.562585459999999982e-01 2.352720499038696289e+00
6.590948770000000234e-01 2.455688953399658203e+00
6.619312640000000192e-01 2.527009725570678711e+00
6.647677069999999855e-01 2.497885227203369141e+00
6.676042060000000333e-01 2.476499557495117188e+00
6.704407620000000234e-01 2.456298589706420898e+00
6.732773739999999840e-01 2.430964469909667969e+00
6.761140420000000262e-01 2.408562421798706055e+00
6.789507660000000389e-01 2.400715589523315430e+00
6.817875469999999938e-01 2.377477645874023438e+00
6.846243829999999475e-01 2.281880378723144531e+00
6.874612759999999545e-01 1.925726294517517090e+00
6.902982260000000148e-01 1.954037904739379883e+00
6.931352309999999628e-01 1.989438652992248535e+00
6.959722929999999641e-01 2.006181240081787109e+00
6.988094110000000470e-01 1.992240428924560547e+00
7.016465849999999893e-01 1.886374592781066895e+00
7.044838150000000132e-01 1.888644576072692871e+00
7.073211019999999793e-01 1.848472476005554199e+00
7.101584450000000270e-01 1.782681226730346680e+00
7.129958440000000452e-01 1.680701136589050293e+00
7.158332990000000340e-01 1.427514195442199707e+00
7.186708109999999650e-01 1.034343242645263672e+00
7.215083789999999775e-01 1.070547819137573242e+00
7.243460029999999605e-01 9.817362427711486816e-01
7.271836830000000251e-01 8.849272727966308594e-01
7.300214200000000320e-01 8.333573341369628906e-01
7.328592130000000093e-01 8.519736528396606445e-01
7.356970619999999572e-01 8.494997024536132812e-01
7.385349669999999866e-01 8.244851231575012207e-01
7.413729289999999583e-01 8.299172520637512207e-01
7.442109470000000115e-01 8.364026546478271484e-01
7.470490210000000353e-01 8.334919214248657227e-01
7.498871510000000296e-01 8.252071142196655273e-01
7.527253379999999661e-01 8.154506683349609375e-01
7.555635800000000124e-01 8.149678111076354980e-01
7.584018790000000010e-01 6.644516587257385254e-01
7.612402350000000428e-01 3.180344402790069580e-01
7.640786459999999725e-01 3.788557946681976318e-01
7.669171139999999554e-01 6.146904230117797852e-01
7.697556380000000198e-01 7.465795278549194336e-01
7.725942180000000548e-01 7.659645080566406250e-01
7.754328539999999492e-01 7.737457156181335449e-01
7.782715470000000080e-01 7.802269458770751953e-01
7.811102960000000373e-01 7.768864631652832031e-01
7.839491010000000371e-01 7.828161120414733887e-01
7.867879620000000074e-01 7.732138633728027344e-01
7.896268800000000310e-01 7.477278709411621094e-01
7.924658540000000251e-01 7.507600188255310059e-01
7.953048839999999897e-01 7.589792013168334961e-01
7.981439700000000359e-01 7.675864100456237793e-01
8.009831130000000243e-01 7.630074024200439453e-01
8.038223119999999833e-01 7.656045556068420410e-01
8.066615670000000238e-01 7.801603674888610840e-01
8.095008780000000348e-01 7.499293684959411621e-01
8.123402459999999881e-01 6.610611677169799805e-01
8.151796700000000229e-01 5.497683882713317871e-01
8.180191500000000282e-01 5.197525620460510254e-01
8.208586860000000041e-01 5.509612560272216797e-01
8.236982790000000332e-01 5.046762228012084961e-01
8.265379269999999501e-01 5.246660113334655762e-01
8.293776320000000313e-01 4.701710939407348633e-01
8.322173940000000547e-01 4.511993825435638428e-01
8.350572109999999659e-01 4.576946794986724854e-01
8.378970850000000414e-01 4.681431055068969727e-01
8.407370149999999764e-01 4.672342538833618164e-01
8.435770009999999930e-01 4.660897552967071533e-01
8.464170429999999801e-01 4.623754024505615234e-01
8.492571420000000204e-01 4.425593912601470947e-01
8.520972970000000313e-01 4.256671369075775146e-01
8.549375080000000127e-01 4.013870358467102051e-01
8.577777749999999646e-01 4.237325787544250488e-01
8.606180989999999698e-01 4.189402163028717041e-01
8.634584789999999455e-01 4.105513989925384521e-01
8.662989150000000027e-01 3.760587573051452637e-01
8.691394070000000305e-01 3.887667655944824219e-01
8.719799560000000005e-01 3.896946609020233154e-01
8.748205610000000521e-01 3.740642368793487549e-01
8.776612219999999631e-01 3.582969307899475098e-01
8.805019389999999557e-01 3.525189161300659180e-01
8.833427130000000016e-01 3.465691506862640381e-01
8.861835430000000180e-01 3.372877538204193115e-01
8.890244290000000049e-01 3.279255330562591553e-01
8.918653709999999624e-01 3.121056258678436279e-01
8.947063699999999731e-01 2.600336372852325439e-01
8.975474239999999826e-01 2.104979604482650757e-01
9.003885350000000454e-01 1.886154562234878540e-01
9.032297030000000504e-01 2.189342826604843140e-01
9.060709260000000542e-01 2.159655839204788208e-01
9.089122060000000003e-01 1.796069145202636719e-01
9.117535420000000279e-01 1.759062558412551880e-01
9.145949340000000261e-01 1.621101945638656616e-01
9.174363819999999947e-01 1.617468893527984619e-01
9.202778870000000166e-01 1.870624423027038574e-01
9.231194480000000091e-01 1.795443743467330933e-01
9.259610649999999721e-01 1.633418202400207520e-01
9.288027380000000166e-01 1.187297701835632324e-01
9.316444680000000034e-01 6.598123908042907715e-02
9.344862539999999607e-01 4.209394380450248718e-02
9.373280959999999995e-01 4.399465397000312805e-02
9.401699940000000089e-01 6.735314428806304932e-02
9.430119489999999605e-01 5.399443209171295166e-02
9.458539599999999936e-01 5.396742746233940125e-02
9.486960269999999973e-01 5.642744153738021851e-02
9.515381499999999715e-01 5.589442700147628784e-02
9.543803299999999989e-01 5.436414852738380432e-02
9.572225659999999969e-01 6.019947677850723267e-02
9.600648579999999654e-01 6.499090790748596191e-02
9.629072060000000155e-01 7.682491093873977661e-02
9.657496110000000078e-01 8.073367923498153687e-02
9.685920709999999989e-01 1.020963490009307861e-01
9.714345880000000433e-01 1.099189072847366333e-01
9.742771620000000299e-01 9.937688708305358887e-02
9.771197910000000153e-01 9.851881861686706543e-02
9.799624770000000540e-01 1.059359908103942871e-01
9.828052189999999522e-01 1.160716339945793152e-01
9.856480170000000429e-01 1.251685321331024170e-01
9.884908709999999932e-01 1.322931200265884399e-01
9.913337819999999967e-01 1.320185065269470215e-01
9.941767489999999707e-01 1.334335952997207642e-01
9.970197720000000263e-01 1.368715316057205200e-01
9.998628510000000524e-01 1.347788870334625244e-01
1.002705986999999910e+00 1.343917548656463623e-01
1.005549178999999960e+00 1.262454688549041748e-01
1.008392426999999980e+00 1.302655637264251709e-01
1.011235730999999971e+00 1.329637169837951660e-01
1.014079092000000015e+00 1.347659230232238770e-01
1.016922509000000030e+00 1.430470049381256104e-01
1.019765982000000015e+00 1.346781700849533081e-01
1.022609510999999971e+00 1.323716938495635986e-01
1.025453096999999980e+00 1.402414739131927490e-01
1.028296738999999960e+00 1.458263099193572998e-01
1.031140436999999910e+00 1.396843641996383667e-01
1.033984191000000052e+00 1.422461420297622681e-01
1.036828002000000026e+00 1.416840106248855591e-01
1.039671868000000110e+00 1.471619307994842529e-01
1.042515791000000025e+00 1.447903960943222046e-01
1.045359770999999993e+00 1.528158783912658691e-01
