3403 624
3406 622
3408 619
3411 616
3414 613
3418 611
3420 608
3423 605
3426 603
3429 601
3432 598
3435 596
3438 594
3451 584
3455 582
3459 579
3463 577
3470 573
3473 571
3477 568
3480 567
3484 565
3487 562
3490 560
3494 558
3497 556
3500 554
3504 552
3507 550
3511 548
3514 545
3518 544
3524 540
3528 538
3535 534
3541 531
3544 528
3551 524
3554 523
3562 519
3564 517
3570 514
3577 511
3581 509
3587 506
3594 503
3600 499
3607 496
3610 494
3614 493
3617 491
3627 486
3630 485
3637 482
3641 481
3644 479
3647 477
3651 475
3655 474
3658 472
3661 471
3665 471
3668 469
3671 467
3675 466
3679 465
3683 463
3686 461
3689 459
3693 458
3701 454
3715 449
3719 447
3723 445
3730 442
3738 439
3745 435
3749 433
3753 432
3756 430
3760 428
3763 427
3767 425
3770 424
3773 422
3777 420
3780 418
3783 416
3786 415
3790 413
3793 411
3796 409
3800 407
3804 404
3806 403
3810 400
3813 398
3816 397
3819 394
3822 393
3825 390
3827 388
3830 386
3834 384
3840 379
3842 377
3845 375
3847 374
3848 372
3850 371
3852 371
3853 370
3853 369
3855 369
3855 368
3856 367
3857 366
3857 365
3857 366
3855 367
3856 367
3855 367
3855 368
3855 369
3854 370
3855 370
3855 371
3853 372
3853 373
3852 374
3851 374
3851 375
3850 375
3849 376
3848 376
3848 377
3847 378
3846 377
3846 378
3845 378
3845 379
3844 378
3843 378
3842 379
3841 379
3840 378
3840 379
3839 379
3838 380
3837 380
3836 379
3836 380
3835 380
3834 381
3833 380
3832 381
3831 382
3831 383
3830 382
3829 383
3828 383
3828 384
3827 384
3826 385
3825 385
3825 386
3823 387
3822 388
3821 389
3821 388
3820 389
3819 389
3817 390
3816 391
3815 391
3813 392
3813 393
3812 392
3812 393
3810 393
3809 394
3808 394
3807 394
3806 395
3804 395
3805 394
3804 393
3803 393
3802 392
3801 392
3801 393
3800 393
3799 393
3797 393
3797 394
3796 394
3795 394
3794 394
3793 395
3792 396
3791 396
3788 397
3787 397
3785 398
3784 399
3782 400
3780 400
3779 401
3776 403
3774 404
3772 404
3769 406
3767 407
3763 408
3757 411
3754 413
3751 413
3747 415
3744 416
3740 418
3733 421
3729 421
3725 423
3718 425
3710 428
3707 428
3703 430
3699 432
3694 434
3691 435
3686 436
3682 438
3678 439
3673 439
3669 441
3660 444
3655 445
3651 446
3646 447
3631 451
3618 454
3613 455
3609 456
3599 458
3590 461
3581 463
3576 465
3571 465
3566 467
3562 468
3556 469
3551 470
3546 470
3541 472
3536 472
3531 474
3526 474
3520 474
3516 475
3510 476
3504 477
3499 478
3494 478
3489 478
3483 478
3479 478
3473 478
3468 478
3462 477
3456 476
3451 476
3446 474
3441 474
3435 472
3430 471
3425 471
3420 469
3415 468
3410 466
3405 464
3399 462
3394 460
3390 458
3384 456
3380 454
3375 452
3370 451
3366 448
3355 444
3350 442
3346 440
3342 437
3337 435
3332 433
3327 430
3322 429
3317 427
3313 424
3308 422
3303 420
3298 419
3294 416
3288 414
3284 412
3279 410
3270 405
3265 403
3261 401
3251 397
3246 396
3241 394
3236 392
3232 390
3226 389
3222 386
3217 384
3208 380
3203 378
3195 374
3191 372
3186 371
3182 369
3180 368
3176 367
3174 365
3172 365
3170 363
3169 363
3168 362
3167 362
3164 362
3163 361
3162 361
3162 360
3161 360
3160 359
3160 358
3159 358
3159 357
3159 356
3159 355
3158 355
3157 355
3157 356
3156 358
3156 359
3155 360
3155 361
3155 362
3154 363
3155 363
3155 364
3154 365
3154 366
3153 367
3152 368
3152 369
3151 368
3151 369
3150 369
3150 370
3149 369
3147 371
3146 371
3145 372
3144 371
3144 372
3143 372
3143 373
3142 372
3140 373
3139 374
3138 374
3138 375
3137 375
3136 375
3136 376
3135 376
3134 377
3133 377
3133 378
3132 377
3131 378
3131 377
3130 378
3129 378
3128 377
3129 376
3128 375
3128 374
3128 373
3128 372
3129 371
3129 370
3130 369
3130 368
3129 367
3129 366
3130 366
3130 365
3129 364
3130 363
3130 362
3131 361
3130 360
3130 359
3129 359
3129 358
3128 358
3127 358
3126 359
3126 360
3125 360
3124 361
3124 362
3123 363
3123 364
3124 364
3124 365
3124 366
3125 367
3124 368
3125 369
3125 370
3125 371
3125 372
3125 373
3125 372
3125 371
3125 372
3124 372
3124 373
3123 374
3123 375
3124 376
3125 376
3126 376
3127 376
3126 376
3125 375
3124 374
3124 373
3123 372
3122 371
3121 370
3120 368
3119 368
3119 367
3118 366
3117 365
3118 364
3117 363
3116 362
3115 360
3114 359
3114 358
3114 357
3113 356
3112 355
3111 354
3112 353
3111 352
3110 351
3109 350
3108 349
3109 348
3107 345
3105 343
3106 342
3103 340
3102 339
3101 339
3102 338
3100 337
3100 336
3099 335
3098 334
3097 334
3097 332
3095 331
3095 330
3093 329
3092 327
3092 326
3087 319
3086 319
3084 316
3083 316
3082 314
3081 314
3078 311
3076 310
3071 307
3069 305
3065 304
3062 303
3046 295
3041 294
3037 292
3032 291
3027 289
3023 288
3017 285
3012 284
3007 282
3002 281
2996 279
2991 277
2986 275
2980 273
2975 271
2969 269
2964 268
2957 265
2953 263
2941 259
2909 247
2898 243
2893 241
2888 238
2884 235
2879 234
2875 232
2870 230
2865 228
2861 226
2858 225
2854 222
2851 221
2847 220
2845 218
2842 216
2840 215
2838 214
2837 213
2835 212
2834 212
2833 211
2832 211
2832 210
2831 210
2830 210
2829 209
2825 207
2824 207
2825 206
2824 205
2823 205
2823 204
2823 203
2822 202
2821 199
2820 199
2819 199
2817 201
2815 200
2814 200
2814 199
2813 199
2814 198
2813 198
2813 197
2812 197
2812 198
2810 198
2810 197
2809 196
2809 195
2808 195
2809 194
2808 195
2807 195
2806 195
2806 196
2805 196
2805 197
2804 198
2805 199
2805 200
2806 200
2805 201
2806 201
2806 202
2806 203
2807 204
2806 203
2805 204
2804 204
2805 203
2804 203
2803 202
2803 201
2802 200
2803 199
2803 198
2803 197
2804 196
2803 196
2804 195
2804 194
2805 194
2806 193
2807 194
2807 195
2808 195
2809 195
2810 196
2811 196
2812 196
2813 196
2814 196
2815 196
2820 196
2822 196
2823 197
2828 196
2830 196
2831 195
2833 195
2834 194
2835 193
2839 193
2841 193
2854 191
2858 191
2862 191
2866 190
2870 191
2876 190
2881 189
2886 189
2892 188
2897 187
2902 187
2907 187
2913 187
2918 186
2923 186
2934 185
2940 183
2945 183
2950 183
2956 183
2962 181
2967 180
2978 179
2984 178
2989 177
2995 176
3000 175
3005 174
3011 173
3016 172
3021 170
3026 168
3031 167
3037 164
3042 163
3046 160
3051 158
3056 156
3061 153
3065 151
3070 148
3075 146
3079 143
3083 141
3087 138
3091 135
3095 131
3103 124
3107 121
3110 117
3114 113
3116 110
3120 106
3123 102
3126 98
3129 94
3134 85
3137 81
3139 76
3142 72
3141 70
3139 67
3137 64
3135 61
3134 61
