  0.006563
  0.006500
  0.006417
  0.007851
  0.007608
  0.007506
  0.007423
  0.007335
  0.007124
  0.006978
  0.006894
  0.006819
  0.006743
  0.006595
  0.006544
  0.006375
  0.006171
  0.006036
  0.005936
  0.005719
  0.005658
  0.005583
  0.005500
  0.005330
  0.005194
  0.005162
  0.005035
  0.004902
  0.004859
  0.004627
  0.004581
  0.004573
  0.004509
  0.004328
  0.004271
  0.004158
  0.003994
  0.003927
  0.003880
  0.003729
  0.003637
  0.003549
  0.003395
  0.003347
  0.003282
  0.003243
  0.003091
  0.002984
  0.002938
  0.002779
  0.002736
  0.002709
  0.002660
  0.002592
  0.002443
  0.002350
  0.002324
  0.002304
  0.002201
  0.002092
  0.002054
  0.001917
  0.001837
  0.001824
  0.001809
  0.001743
  0.001624
  0.001609
  0.001581
  0.001450
  0.001495
  0.001398
  0.001370
  0.001209
  0.001172
  0.001249
  0.001157
  0.001199
  0.001284
  0.001048
  0.002039
  0.004449
  0.002891
  0.001383
  0.001213
  0.001355
  0.001379
  0.001352
  0.001336
  0.001413
  0.001493
  0.001468
  0.001439
  0.001301
  0.001206
  0.001194
  0.001157
  0.001150
  0.001128
  0.001102
  0.001045
  0.001176
  0.001135
  0.001204
  0.001183
  0.001040
  0.001213
  0.001249
  0.001287
  0.001322
  0.001338
  0.001283
  0.001270
  0.001313
  0.001202
  0.001101
  0.001212
  0.001664
  0.002605
  0.001449
  0.001558
  0.001277
  0.001228
  0.001328
  0.001301
  0.002841
  0.006235
  0.002678
  0.002269
  0.003175
  0.002141
  0.001768
  0.001774
  0.001912
  0.001955
  0.002067
  0.002148
  0.002091
  0.002067
  0.002059
  0.001922
  0.002109
  0.002208
  0.002106
  0.001976
  0.001925
  0.001939
  0.001986
  0.001960
  0.001939
  0.001772
  0.001671
  0.001694
  0.001644
  0.001769
  0.001723
  0.001622
  0.001620
  0.001575
  0.001564
  0.002578
  0.002285
  0.003179
  0.002525
  0.001845
  0.001586
  0.001633
  0.001562
  0.001709
  0.001676
  0.001750
  0.001830
  0.001803
  0.001751
  0.001774
  0.001786
  0.001808
  0.001753
  0.001756
  0.001833
  0.001832
  0.001739
  0.001822
  0.001840
  0.001842
  0.001783
  0.001768
  0.001808
  0.001604
  0.001686
  0.001775
  0.001853
  0.001689
  0.001779
  0.001701
  0.002058
  0.002208
  0.001629
  0.001593
  0.001564
  0.001779
  0.003800
  0.003822
  0.003567
  0.002034
  0.002499
  0.005105
  0.005585
  0.005024
  0.003486
  0.002327
  0.002030
  0.002040
  0.001720
  0.001678
  0.001661
  0.001584
  0.001509
  0.001506
  0.001461
  0.001490
  0.001636
  0.001673
  0.001688
  0.001685
  0.001693
  0.001689
  0.001653
  0.001598
  0.001686
  0.001697
  0.001700
  0.001697
  0.001699
  0.001663
  0.001555
  0.001557
  0.001643
  0.001706
  0.001708
  0.001684
  0.001569
 10.000000
  1.184186
  0.075230
